Actual,Predicted,Residuals
4,0,4
2,13,-11
2,3,-1
0,0,0
2,3,-1
9,4,5
23,0,23
0,1,-1
15,8,7
8,7,1
0,4,-4
3,0,3
6,12,-6
5,0,5
2,0,2
2,1,1
3,0,3
1,1,0
2,2,0
10,5,5
1,0,1
1,0,1
1,0,1
1,1,0
2,0,2
22,1,21
10,1,9
10,3,7
6,0,6
8,0,8
5,0,5
7,0,7
0,0,0
0,0,0
3,0,3
5,8,-3
8,0,8
0,0,0
2,0,2
11,0,11
3,1,2
1,0,1
4,1,3
0,0,0
8,0,8
3,1,2
0,3,-3
6,0,6
0,0,0
31,5,26
1,0,1
2,0,2
8,0,8
0,4,-4
0,37,-37
0,0,0
7,1,6
1,1,0
4,0,4
1,0,1
2,0,2
6,1,5
1,0,1
4,2,2
7,1,6
8,3,5
5,1,4
0,0,0
2,4,-2
2,0,2
5,0,5
3,0,3
15,15,0
29,0,29
14,0,14
4,1,3
0,0,0
6,0,6
5,0,5
3,0,3
17,4,13
3,2,1
0,0,0
5,0,5
0,0,0
2,3,-1
1,1,0
8,0,8
0,1,-1
2,0,2
20,2,18
0,2,-2
2,0,2
0,0,0
15,0,15
2,0,2
0,0,0
0,0,0
1,0,1
6,0,6
10,17,-7
20,12,8
10,32,-22
22,36,-14
0,0,0
9,2,7
0,6,-6
2,1,1
4,4,0
1,0,1
3,2,1
3,0,3
0,0,0
9,1,8
1,1,0
5,3,2
1,0,1
3,5,-2
10,0,10
7,1,6
1,0,1
2,0,2
2,0,2
3,0,3
37,14,23
0,0,0
12,1,11
9,0,9
0,0,0
0,1,-1
47,47,0
3,0,3
11,4,7
0,0,0
40,0,40
36,10,26
6,3,3
20,0,20
8,0,8
6,1,5
6,0,6
9,0,9
1,0,1
5,1,4
28,11,17
2,0,2
1,7,-6
4,1,3
23,20,3
1,0,1
8,0,8
21,7,14
12,1,11
2,0,2
4,0,4
0,1,-1
4,0,4
2,0,2
5,1,4
5,3,2
6,5,1
11,2,9
2,5,-3
3,1,2
7,6,1
12,0,12
3,0,3
1,2,-1
4,0,4
2,2,0
11,6,5
19,5,14
2,2,0
12,0,12
20,16,4
0,10,-10
8,5,3
0,0,0
5,5,0
2,1,1
2,0,2
3,0,3
2,1,1
15,1,14
1,1,0
0,1,-1
6,0,6
5,0,5
5,1,4
5,3,2
5,0,5
1,1,0
2,2,0
5,1,4
6,1,5
9,1,8
41,0,41
13,2,11
1,1,0
0,1,-1
1,0,1
17,6,11
6,0,6
0,1,-1
15,0,15
6,9,-3
14,1,13
0,0,0
2,0,2
0,0,0
12,18,-6
6,2,4
8,3,5
0,0,0
1,0,1
3,3,0
16,34,-18
0,0,0
6,5,1
21,8,13
4,0,4
1,0,1
58,34,24
13,22,-9
4,4,0
31,29,2
3,70,-67
2,3,-1
0,0,0
7,5,2
3,1,2
4,0,4
3,0,3
9,0,9
1,0,1
17,4,13
3,0,3
4,0,4
13,5,8
0,0,0
0,5,-5
2,4,-2
6,7,-1
8,0,8
9,0,9
0,0,0
1,0,1
3,1,2
36,2,34
13,1,12
7,2,5
8,0,8
8,1,7
0,0,0
2,5,-3
3,0,3
2,2,0
3,0,3
8,21,-13
4,0,4
16,11,5
19,5,14
0,0,0
3,0,3
6,1,5
4,1,3
0,0,0
4,0,4
1,2,-1
11,2,9
10,7,3
1,0,1
6,1,5
13,10,3
4,0,4
17,8,9
5,0,5
8,0,8
2,0,2
0,0,0
7,4,3
26,0,26
1,1,0
11,6,5
9,19,-10
0,2,-2
21,19,2
0,0,0
0,1,-1
8,0,8
2,0,2
0,2,-2
6,1,5
1,9,-8
4,4,0
7,0,7
6,0,6
0,0,0
0,0,0
3,3,0
0,1,-1
1,0,1
29,0,29
3,1,2
4,3,1
0,0,0
2,0,2
9,0,9
0,1,-1
0,0,0
11,3,8
2,0,2
4,0,4
6,2,4
13,0,13
1,0,1
35,2,33
6,8,-2
9,1,8
4,0,4
2,1,1
3,1,2
11,5,6
1,1,0
3,2,1
1,1,0
0,1,-1
2,3,-1
17,3,14
15,1,14
1,0,1
0,1,-1
8,8,0
3,0,3
6,0,6
19,0,19
5,3,2
5,6,-1
23,8,15
7,0,7
0,1,-1
15,0,15
4,1,3
12,0,12
1,0,1
10,5,5
2,0,2
3,0,3
19,66,-47
5,4,1
9,0,9
1,1,0
7,9,-2
9,1,8
1,2,-1
1,0,1
8,0,8
0,0,0
4,0,4
0,0,0
0,0,0
3,13,-10
3,0,3
0,2,-2
0,4,-4
1,1,0
9,2,7
9,6,3
11,10,1
3,1,2
3,4,-1
8,1,7
16,6,10
31,48,-17
2,2,0
1,2,-1
10,1,9
0,1,-1
7,0,7
2,3,-1
0,1,-1
4,4,0
11,0,11
2,1,1
2,0,2
0,4,-4
1,1,0
3,5,-2
5,0,5
18,3,15
1,1,0
3,1,2
3,0,3
7,0,7
9,3,6
0,0,0
7,21,-14
7,4,3
90,0,90
0,1,-1
8,9,-1
6,6,0
3,0,3
20,1,19
3,2,1
1,4,-3
0,0,0
1,0,1
2,0,2
0,0,0
32,0,32
4,0,4
5,0,5
13,3,10
0,0,0
3,0,3
4,6,-2
3,4,-1
3,0,3
0,1,-1
2,3,-1
3,0,3
1,2,-1
12,0,12
0,36,-36
3,0,3
15,1,14
0,1,-1
2,0,2
2,0,2
15,62,-47
34,15,19
22,3,19
5,0,5
0,1,-1
2,0,2
6,4,2
1,3,-2
2,1,1
5,6,-1
4,4,0
0,0,0
3,1,2
0,0,0
9,1,8
0,0,0
4,16,-12
2,1,1
2,0,2
0,0,0
4,1,3
3,0,3
0,0,0
1,1,0
1,1,0
3,0,3
6,1,5
0,0,0
3,5,-2
0,8,-8
12,0,12
1,0,1
12,19,-7
0,1,-1
0,0,0
8,6,2
7,2,5
2,1,1
12,3,9
9,2,7
3,0,3
2,0,2
2,2,0
33,2,31
11,6,5
13,0,13
0,0,0
19,4,15
3,2,1
7,2,5
28,3,25
2,6,-4
23,10,13
6,0,6
1,0,1
0,0,0
3,1,2
0,1,-1
2,0,2
3,0,3
1,1,0
3,0,3
7,1,6
0,1,-1
1,0,1
0,2,-2
15,0,15
1,1,0
1,0,1
6,1,5
0,5,-5
3,0,3
0,0,0
5,0,5
18,94,-76
0,0,0
3,4,-1
5,5,0
6,0,6
2,0,2
1,0,1
0,0,0
4,0,4
1,0,1
17,0,17
6,1,5
0,0,0
8,0,8
4,1,3
24,0,24
29,1,28
0,0,0
4,1,3
9,6,3
19,0,19
1,1,0
9,0,9
1,0,1
0,2,-2
43,2,41
5,0,5
3,1,2
11,1,10
5,0,5
8,0,8
4,1,3
8,4,4
27,2,25
2,0,2
11,0,11
0,1,-1
1,0,1
9,0,9
0,0,0
6,1,5
4,14,-10
0,0,0
10,53,-43
6,1,5
0,0,0
5,0,5
0,0,0
5,0,5
2,0,2
2,0,2
4,0,4
2,1,1
9,1,8
0,1,-1
1,0,1
0,0,0
9,0,9
0,2,-2
5,9,-4
5,0,5
0,0,0
2,1,1
2,6,-4
3,1,2
10,0,10
18,1,17
0,0,0
1,2,-1
13,7,6
0,4,-4
3,0,3
25,0,25
11,1,10
0,5,-5
3,1,2
7,3,4
4,3,1
1,1,0
0,0,0
1,1,0
58,20,38
6,4,2
19,9,10
1,32,-31
5,0,5
11,20,-9
3,4,-1
25,3,22
18,2,16
7,7,0
2,1,1
10,1,9
5,0,5
1,1,0
3,2,1
9,10,-1
0,7,-7
0,0,0
3,1,2
0,0,0
2,0,2
0,4,-4
1,2,-1
9,1,8
3,1,2
3,0,3
10,6,4
2,1,1
1,0,1
1,0,1
0,2,-2
9,14,-5
6,0,6
1,4,-3
2,0,2
0,0,0
0,0,0
7,0,7
1,0,1
12,3,9
2,3,-1
0,1,-1
2,1,1
9,0,9
4,1,3
8,1,7
0,1,-1
0,0,0
6,0,6
9,2,7
1,0,1
11,21,-10
2,0,2
21,0,21
0,0,0
10,5,5
3,1,2
2,0,2
3,0,3
33,14,19
4,1,3
0,5,-5
6,0,6
0,4,-4
8,2,6
6,0,6
0,0,0
2,2,0
6,2,4
9,2,7
5,2,3
2,0,2
4,0,4
1,1,0
2,0,2
3,1,2
3,0,3
5,0,5
1,0,1
0,0,0
1,1,0
15,8,7
8,0,8
10,0,10
7,0,7
2,2,0
0,0,0
32,1,31
6,1,5
12,2,10
6,5,1
23,20,3
2,9,-7
10,4,6
43,0,43
0,0,0
2,4,-2
2,1,1
6,1,5
3,8,-5
17,4,13
15,1,14
5,4,1
18,0,18
5,8,-3
2,1,1
3,0,3
9,2,7
2,0,2
0,0,0
3,3,0
8,1,7
8,2,6
0,0,0
0,0,0
5,2,3
3,2,1
5,8,-3
0,0,0
4,1,3
18,0,18
1,0,1
1,0,1
0,0,0
1,0,1
0,0,0
1,0,1
0,0,0
5,7,-2
105,39,66
0,0,0
12,2,10
7,4,3
0,1,-1
0,0,0
2,0,2
8,0,8
5,8,-3
1,1,0
2,1,1
1,0,1
4,0,4
2,1,1
35,9,26
1,10,-9
1,4,-3
11,19,-8
47,9,38
4,0,4
16,7,9
7,2,5
6,5,1
5,0,5
20,0,20
0,0,0
0,7,-7
0,5,-5
10,4,6
25,0,25
2,0,2
7,4,3
24,1,23
36,74,-38
45,4,41
6,18,-12
4,0,4
2,2,0
5,0,5
31,54,-23
4,0,4
3,5,-2
16,4,12
1,0,1
12,11,1
0,0,0
0,0,0
7,1,6
0,2,-2
0,1,-1
0,3,-3
0,1,-1
15,0,15
0,0,0
0,2,-2
9,0,9
2,1,1
4,7,-3
4,0,4
17,17,0
0,0,0
2,1,1
4,0,4
7,2,5
10,1,9
3,1,2
0,0,0
3,0,3
0,1,-1
0,3,-3
17,1,16
0,0,0
0,2,-2
15,2,13
1,1,0
6,0,6
15,0,15
0,0,0
9,22,-13
5,0,5
6,0,6
0,0,0
11,0,11
16,0,16
1,0,1
1,0,1
1,0,1
2,5,-3
1,0,1
2,1,1
4,2,2
5,1,4
24,8,16
6,4,2
2,0,2
1,1,0
3,1,2
4,10,-6
3,3,0
0,0,0
1,2,-1
5,1,4
0,0,0
0,0,0
13,0,13
0,0,0
10,0,10
0,0,0
2,0,2
7,2,5
2,4,-2
0,0,0
1,1,0
5,0,5
0,0,0
11,0,11
0,1,-1
14,25,-11
0,0,0
29,29,0
3,0,3
7,1,6
6,2,4
1,0,1
2,6,-4
15,1,14
7,0,7
1,0,1
0,0,0
1,1,0
0,3,-3
2,2,0
1,0,1
1,0,1
5,7,-2
2,0,2
18,2,16
1,0,1
5,4,1
2,0,2
6,2,4
0,0,0
4,4,0
2,18,-16
0,8,-8
28,9,19
1,0,1
4,0,4
3,1,2
4,0,4
5,0,5
6,1,5
5,0,5
0,0,0
0,0,0
25,2,23
3,2,1
8,4,4
1,1,0
0,0,0
0,2,-2
18,1,17
0,3,-3
2,2,0
4,0,4
6,2,4
1,3,-2
1,1,0
3,0,3
1,0,1
0,1,-1
0,0,0
4,0,4
27,10,17
3,1,2
14,2,12
8,6,2
5,1,4
25,4,21
2,0,2
10,2,8
1,1,0
11,0,11
6,6,0
1,1,0
10,34,-24
0,0,0
4,0,4
8,3,5
0,0,0
1,0,1
6,1,5
1,10,-9
9,1,8
2,2,0
2,0,2
7,2,5
12,0,12
12,2,10
13,0,13
27,1,26
2,2,0
0,1,-1
2,0,2
7,0,7
8,9,-1
2,0,2
7,2,5
5,0,5
7,2,5
6,6,0
0,0,0
2,0,2
6,4,2
3,4,-1
4,0,4
16,19,-3
7,6,1
10,0,10
7,7,0
4,1,3
64,6,58
2,0,2
7,0,7
3,5,-2
1,1,0
1,2,-1
2,0,2
0,0,0
0,0,0
19,7,12
1,0,1
0,0,0
4,5,-1
3,0,3
10,8,2
0,0,0
3,0,3
7,0,7
10,4,6
47,0,47
0,1,-1
4,7,-3
3,0,3
0,0,0
1,0,1
22,0,22
5,1,4
0,0,0
2,0,2
0,0,0
21,0,21
32,22,10
5,0,5
19,6,13
8,2,6
3,4,-1
13,13,0
6,0,6
11,0,11
22,0,22
5,2,3
3,6,-3
6,11,-5
11,2,9
2,0,2
2,2,0
1,0,1
23,0,23
9,0,9
1,0,1
0,0,0
10,0,10
20,2,18
0,0,0
45,49,-4
2,0,2
0,0,0
29,1,28
0,0,0
0,0,0
11,0,11
0,4,-4
21,0,21
15,0,15
0,0,0
8,29,-21
1,2,-1
4,8,-4
12,0,12
0,0,0
8,0,8
0,1,-1
1,0,1
2,0,2
4,0,4
0,0,0
11,6,5
3,2,1
35,10,25
2,0,2
0,2,-2
10,1,9
6,2,4
2,0,2
3,0,3
1,2,-1
1,2,-1
5,0,5
1,0,1
11,17,-6
1,5,-4
33,1,32
25,25,0
0,2,-2
0,0,0
0,1,-1
5,8,-3
4,0,4
1,0,1
13,5,8
4,1,3
4,1,3
6,0,6
32,2,30
2,1,1
1,37,-36
3,5,-2
1,80,-79
12,0,12
0,0,0
19,0,19
3,0,3
8,1,7
8,5,3
0,0,0
16,4,12
0,1,-1
7,8,-1
4,0,4
7,0,7
1,0,1
11,0,11
19,0,19
6,18,-12
32,0,32
3,2,1
8,5,3
4,0,4
20,1,19
1,1,0
1,4,-3
16,1,15
3,1,2
5,0,5
6,0,6
3,8,-5
3,4,-1
19,19,0
2,1,1
1,0,1
1,0,1
1,1,0
8,2,6
1,0,1
6,1,5
12,0,12
7,0,7
13,39,-26
10,0,10
12,1,11
0,0,0
22,0,22
0,0,0
23,50,-27
2,2,0
10,1,9
6,1,5
9,10,-1
4,3,1
14,42,-28
0,0,0
10,0,10
16,4,12
4,10,-6
0,3,-3
5,2,3
7,7,0
0,0,0
1,0,1
8,55,-47
0,0,0
0,1,-1
0,0,0
12,0,12
1,1,0
0,0,0
13,0,13
6,2,4
9,3,6
0,0,0
1,0,1
2,0,2
29,29,0
5,0,5
10,1,9
0,0,0
17,5,12
7,0,7
6,0,6
4,0,4
0,1,-1
0,0,0
4,1,3
7,8,-1
6,0,6
7,1,6
19,2,17
6,0,6
3,0,3
0,0,0
9,0,9
0,0,0
3,3,0
5,0,5
0,0,0
16,1,15
0,1,-1
29,1,28
1,0,1
1,0,1
4,1,3
0,4,-4
2,3,-1
3,0,3
5,4,1
2,3,-1
6,2,4
3,0,3
6,3,3
0,0,0
2,0,2
11,1,10
3,13,-10
0,0,0
4,5,-1
2,0,2
13,1,12
0,0,0
0,1,-1
0,1,-1
0,0,0
4,0,4
1,1,0
2,2,0
5,4,1
3,0,3
0,0,0
1,0,1
5,5,0
1,0,1
6,55,-49
2,2,0
6,0,6
1,0,1
0,1,-1
5,0,5
1,2,-1
2,0,2
0,1,-1
7,2,5
7,4,3
44,0,44
2,5,-3
0,0,0
5,0,5
1,0,1
11,34,-23
19,19,0
0,0,0
0,0,0
1,0,1
25,50,-25
0,0,0
0,0,0
5,0,5
1,2,-1
1,1,0
4,0,4
21,0,21
8,0,8
2,0,2
8,11,-3
1,0,1
13,2,11
0,0,0
0,0,0
2,10,-8
9,7,2
5,12,-7
16,0,16
0,3,-3
5,0,5
4,0,4
3,0,3
7,1,6
2,0,2
1,0,1
8,0,8
5,0,5
80,80,0
58,19,39
1,0,1
4,0,4
5,1,4
3,0,3
9,0,9
2,6,-4
5,0,5
1,5,-4
21,1,20
8,4,4
1,0,1
8,0,8
13,3,10
13,1,12
10,18,-8
1,1,0
8,5,3
0,1,-1
7,1,6
0,0,0
1,5,-4
3,0,3
3,4,-1
15,0,15
0,6,-6
7,9,-2
2,2,0
1,7,-6
1,19,-18
23,1,22
0,0,0
1,9,-8
6,0,6
5,7,-2
9,5,4
0,1,-1
10,3,7
6,0,6
4,5,-1
25,0,25
1,0,1
1,2,-1
0,0,0
0,1,-1
5,3,2
10,1,9
27,0,27
10,0,10
7,9,-2
0,0,0
12,4,8
3,0,3
2,0,2
5,4,1
12,0,12
12,2,10
0,1,-1
29,29,0
1,0,1
6,21,-15
5,5,0
2,1,1
1,4,-3
2,0,2
3,0,3
6,0,6
3,3,0
19,0,19
9,0,9
3,2,1
0,0,0
0,2,-2
5,0,5
1,0,1
8,13,-5
17,17,0
0,1,-1
2,0,2
0,0,0
7,0,7
9,0,9
13,0,13
7,1,6
1,0,1
2,0,2
2,7,-5
7,0,7
55,1,54
2,1,1
34,0,34
13,0,13
3,6,-3
0,0,0
4,1,3
0,0,0
0,4,-4
1,3,-2
11,4,7
6,0,6
1,0,1
10,5,5
0,1,-1
0,0,0
11,7,4
8,0,8
16,1,15
4,2,2
12,2,10
0,0,0
0,0,0
1,0,1
2,0,2
1,1,0
87,34,53
3,3,0
5,0,5
0,0,0
3,2,1
6,0,6
51,4,47
5,5,0
3,1,2
1,1,0
3,1,2
0,3,-3
0,35,-35
1,0,1
0,0,0
2,2,0
0,2,-2
6,2,4
19,1,18
6,0,6
13,0,13
7,1,6
3,1,2
7,0,7
4,0,4
6,0,6
0,0,0
3,35,-32
4,0,4
8,1,7
27,43,-16
34,5,29
0,1,-1
12,0,12
14,5,9
3,0,3
1,83,-82
1,0,1
0,5,-5
5,1,4
10,5,5
17,1,16
6,1,5
2,0,2
7,5,2
6,0,6
25,1,24
8,11,-3
0,6,-6
0,2,-2
0,0,0
11,0,11
2,14,-12
1,1,0
12,1,11
18,0,18
2,1,1
0,3,-3
10,18,-8
2,1,1
1,1,0
17,0,17
3,0,3
9,0,9
27,0,27
5,0,5
5,2,3
1,2,-1
0,4,-4
6,0,6
2,0,2
31,1,30
0,0,0
6,1,5
5,3,2
0,0,0
5,1,4
0,0,0
3,18,-15
0,0,0
0,0,0
0,7,-7
5,1,4
9,8,1
5,2,3
1,0,1
19,0,19
1,4,-3
13,2,11
0,0,0
0,0,0
5,1,4
12,20,-8
1,1,0
3,0,3
1,4,-3
38,39,-1
7,0,7
12,0,12
10,1,9
2,0,2
2,11,-9
0,1,-1
12,0,12
1,0,1
4,3,1
0,0,0
4,0,4
3,0,3
17,0,17
4,1,3
20,15,5
0,0,0
6,4,2
0,1,-1
57,4,53
8,0,8
5,0,5
7,1,6
3,2,1
9,2,7
8,1,7
1,1,0
0,0,0
14,1,13
5,0,5
10,2,8
3,0,3
3,0,3
2,0,2
2,1,1
10,5,5
0,1,-1
14,1,13
5,0,5
9,1,8
1,0,1
16,4,12
3,4,-1
5,0,5
7,6,1
4,3,1
1,0,1
1,0,1
0,0,0
6,4,2
2,0,2
1,0,1
12,4,8
2,2,0
0,0,0
1,2,-1
3,1,2
17,10,7
0,1,-1
4,0,4
15,1,14
3,0,3
0,0,0
2,0,2
24,0,24
20,5,15
6,0,6
0,0,0
8,7,1
2,0,2
0,0,0
8,0,8
6,1,5
0,0,0
20,0,20
0,0,0
4,2,2
6,0,6
8,0,8
6,1,5
1,1,0
2,0,2
6,1,5
49,18,31
0,0,0
5,10,-5
1,1,0
8,1,7
20,1,19
13,5,8
0,5,-5
18,10,8
11,2,9
2,3,-1
1,1,0
0,0,0
0,0,0
9,2,7
1,0,1
9,17,-8
9,6,3
0,0,0
7,1,6
5,1,4
1,0,1
7,2,5
9,1,8
3,19,-16
18,1,17
18,3,15
15,34,-19
12,1,11
13,0,13
4,0,4
0,0,0
5,6,-1
8,3,5
12,5,7
1,12,-11
5,1,4
0,0,0
2,0,2
0,1,-1
1,2,-1
8,5,3
29,4,25
27,2,25
0,0,0
12,61,-49
0,1,-1
2,0,2
0,3,-3
3,2,1
7,0,7
7,0,7
7,1,6
0,1,-1
1,2,-1
5,3,2
0,0,0
0,0,0
0,0,0
7,5,2
1,0,1
8,8,0
2,0,2
2,0,2
33,8,25
12,9,3
0,4,-4
10,5,5
4,8,-4
2,0,2
11,5,6
8,1,7
11,0,11
0,1,-1
0,0,0
9,1,8
29,67,-38
0,0,0
0,0,0
4,0,4
9,0,9
3,0,3
3,0,3
9,0,9
23,7,16
0,0,0
0,0,0
10,1,9
11,0,11
5,2,3
2,0,2
2,0,2
1,0,1
0,0,0
0,15,-15
4,1,3
0,0,0
1,0,1
24,6,18
0,0,0
3,0,3
7,0,7
36,0,36
1,1,0
6,0,6
3,0,3
5,0,5
0,0,0
34,0,34
10,0,10
13,7,6
26,2,24
33,2,31
5,5,0
6,0,6
2,0,2
14,2,12
3,0,3
14,0,14
1,0,1
4,34,-30
5,2,3
16,4,12
39,1,38
3,0,3
2,1,1
0,0,0
0,25,-25
0,0,0
8,1,7
1,2,-1
5,0,5
0,2,-2
25,1,24
1,0,1
30,2,28
7,5,2
9,3,6
3,1,2
8,2,6
0,0,0
0,0,0
4,3,1
9,2,7
2,0,2
1,0,1
1,0,1
3,4,-1
0,5,-5
14,2,12
3,4,-1
0,0,0
6,1,5
0,0,0
4,0,4
2,0,2
3,0,3
9,33,-24
0,2,-2
1,0,1
1,0,1
5,0,5
18,23,-5
0,15,-15
6,0,6
17,1,16
2,0,2
34,20,14
4,0,4
10,5,5
1,1,0
1,0,1
3,0,3
23,0,23
4,0,4
1,1,0
0,25,-25
0,0,0
2,1,1
9,5,4
2,0,2
1,0,1
4,2,2
2,1,1
1,0,1
0,1,-1
7,7,0
7,2,5
1,0,1
0,1,-1
2,2,0
2,3,-1
4,3,1
1,0,1
12,0,12
6,4,2
3,0,3
0,0,0
2,2,0
0,0,0
1,0,1
19,0,19
10,0,10
11,14,-3
0,0,0
4,9,-5
1,4,-3
2,0,2
9,23,-14
3,2,1
3,2,1
1,1,0
2,5,-3
0,0,0
0,1,-1
0,0,0
2,2,0
2,2,0
0,0,0
72,20,52
2,2,0
4,0,4
13,3,10
0,0,0
0,0,0
7,5,2
1,0,1
11,0,11
8,0,8
5,29,-24
1,0,1
1,1,0
14,15,-1
2,0,2
10,5,5
19,2,17
1,0,1
0,0,0
14,17,-3
3,0,3
10,1,9
3,1,2
22,5,17
4,0,4
1,2,-1
2,13,-11
9,14,-5
31,11,20
6,0,6
31,1,30
0,1,-1
1,1,0
3,2,1
2,0,2
0,0,0
4,54,-50
0,0,0
8,0,8
3,1,2
2,1,1
3,2,1
2,0,2
5,2,3
1,2,-1
7,3,4
0,0,0
2,0,2
1,0,1
6,11,-5
18,24,-6
6,2,4
3,0,3
6,0,6
1,1,0
8,0,8
29,6,23
1,4,-3
4,0,4
3,0,3
3,5,-2
2,4,-2
3,10,-7
3,1,2
0,1,-1
2,2,0
0,0,0
2,0,2
18,0,18
0,0,0
4,0,4
2,4,-2
10,3,7
1,2,-1
2,8,-6
11,1,10
1,0,1
3,0,3
23,1,22
17,3,14
3,0,3
4,1,3
0,0,0
1,1,0
1,0,1
2,1,1
0,0,0
40,17,23
0,0,0
2,0,2
0,0,0
1,0,1
4,0,4
30,1,29
0,0,0
0,0,0
5,1,4
10,3,7
24,7,17
24,1,23
1,0,1
6,3,3
10,2,8
6,1,5
1,0,1
8,0,8
17,2,15
2,3,-1
12,2,10
7,2,5
0,0,0
3,0,3
5,1,4
32,6,26
18,7,11
41,72,-31
0,0,0
0,2,-2
2,0,2
11,0,11
6,5,1
0,1,-1
7,0,7
0,0,0
15,0,15
1,2,-1
16,0,16
0,0,0
6,6,0
36,61,-25
5,0,5
2,1,1
15,1,14
13,5,8
2,1,1
5,0,5
5,0,5
1,0,1
4,3,1
9,4,5
3,0,3
0,0,0
0,0,0
6,0,6
0,1,-1
2,1,1
2,1,1
15,2,13
0,0,0
4,2,2
15,7,8
1,1,0
18,0,18
6,13,-7
14,2,12
6,5,1
3,0,3
1,0,1
0,1,-1
0,0,0
2,0,2
0,2,-2
4,4,0
2,0,2
8,5,3
3,0,3
0,1,-1
0,2,-2
13,17,-4
9,9,0
3,1,2
47,2,45
0,0,0
5,4,1
0,0,0
2,1,1
9,9,0
0,5,-5
34,0,34
4,3,1
2,1,1
0,0,0
0,0,0
11,0,11
5,2,3
1,0,1
2,0,2
20,0,20
3,0,3
0,7,-7
13,8,5
1,4,-3
10,2,8
1,2,-1
12,5,7
0,0,0
0,0,0
6,31,-25
25,2,23
11,3,8
18,11,7
5,2,3
7,0,7
0,1,-1
2,1,1
23,23,0
5,0,5
0,0,0
2,2,0
0,0,0
11,21,-10
0,1,-1
14,1,13
4,0,4
7,1,6
14,1,13
2,0,2
1,0,1
6,4,2
8,1,7
4,0,4
0,0,0
0,0,0
5,1,4
5,4,1
0,0,0
4,0,4
5,2,3
4,0,4
13,0,13
0,5,-5
1,0,1
21,1,20
25,4,21
1,0,1
0,0,0
2,2,0
45,2,43
8,3,5
1,0,1
0,0,0
0,0,0
0,2,-2
39,4,35
9,1,8
75,0,75
1,0,1
1,0,1
1,0,1
8,3,5
1,0,1
0,4,-4
21,4,17
7,2,5
0,0,0
4,27,-23
9,1,8
0,0,0
3,2,1
23,2,21
18,0,18
3,1,2
5,13,-8
4,0,4
0,0,0
3,1,2
0,0,0
0,0,0
5,0,5
3,0,3
1,0,1
12,17,-5
0,0,0
4,1,3
8,2,6
5,0,5
7,11,-4
3,0,3
6,10,-4
0,0,0
16,4,12
3,0,3
6,0,6
2,0,2
7,0,7
11,17,-6
0,0,0
3,0,3
39,13,26
1,0,1
4,5,-1
13,22,-9
0,0,0
0,0,0
0,0,0
7,4,3
5,1,4
3,1,2
19,1,18
0,0,0
0,75,-75
2,0,2
3,0,3
31,4,27
6,1,5
3,0,3
0,1,-1
0,3,-3
35,1,34
0,0,0
1,1,0
2,0,2
17,8,9
3,1,2
0,0,0
3,0,3
10,0,10
7,8,-1
9,1,8
4,1,3
46,13,33
6,0,6
2,0,2
0,0,0
1,1,0
1,1,0
2,6,-4
3,0,3
2,0,2
0,0,0
0,2,-2
1,8,-7
20,1,19
0,0,0
10,12,-2
12,0,12
0,0,0
8,0,8
6,0,6
2,2,0
4,2,2
2,1,1
1,0,1
2,5,-3
1,0,1
6,1,5
2,0,2
12,0,12
0,0,0
20,5,15
14,8,6
0,0,0
16,8,8
4,0,4
4,1,3
1,9,-8
0,0,0
2,1,1
3,1,2
4,2,2
20,2,18
1,0,1
0,0,0
1,1,0
16,6,10
0,0,0
4,7,-3
7,7,0
1,0,1
0,3,-3
37,17,20
3,0,3
3,1,2
4,31,-27
2,0,2
1,0,1
11,0,11
11,14,-3
8,0,8
6,5,1
0,0,0
1,3,-2
3,0,3
0,1,-1
1,0,1
10,0,10
7,0,7
2,1,1
0,0,0
17,7,10
1,4,-3
6,1,5
0,0,0
2,0,2
8,3,5
0,0,0
3,0,3
2,0,2
1,0,1
1,5,-4
6,7,-1
23,17,6
7,14,-7
46,67,-21
1,9,-8
3,1,2
0,0,0
2,2,0
0,0,0
3,0,3
4,0,4
7,11,-4
28,1,27
0,3,-3
42,0,42
2,23,-21
4,6,-2
11,2,9
1,2,-1
0,0,0
1,0,1
22,4,18
0,0,0
0,0,0
12,0,12
6,1,5
22,1,21
5,0,5
1,0,1
2,1,1
6,2,4
6,2,4
0,0,0
11,1,10
4,2,2
7,2,5
10,2,8
0,0,0
6,2,4
6,2,4
17,2,15
2,0,2
60,60,0
24,2,22
0,0,0
6,0,6
0,0,0
5,5,0
1,0,1
3,0,3
31,0,31
7,1,6
0,1,-1
1,0,1
3,0,3
11,0,11
24,40,-16
0,1,-1
1,0,1
0,0,0
0,0,0
9,0,9
0,0,0
0,0,0
2,4,-2
3,2,1
2,2,0
1,4,-3
0,0,0
1,2,-1
2,0,2
11,0,11
3,1,2
2,2,0
17,0,17
9,9,0
14,14,0
2,0,2
0,1,-1
3,2,1
5,2,3
1,0,1
1,0,1
2,0,2
0,0,0
22,2,20
6,13,-7
1,1,0
15,1,14
2,0,2
18,2,16
0,0,0
2,2,0
23,0,23
0,7,-7
2,3,-1
6,0,6
0,0,0
8,8,0
22,2,20
0,0,0
11,1,10
23,13,10
2,5,-3
4,0,4
10,2,8
5,2,3
18,0,18
1,0,1
29,0,29
4,1,3
4,2,2
7,0,7
3,5,-2
9,1,8
2,13,-11
10,0,10
0,0,0
7,0,7
3,1,2
2,4,-2
20,35,-15
2,0,2
2,12,-10
4,4,0
1,0,1
0,0,0
12,1,11
2,1,1
3,0,3
11,4,7
10,22,-12
0,2,-2
0,13,-13
1,0,1
2,0,2
0,2,-2
8,1,7
0,0,0
0,39,-39
1,4,-3
2,3,-1
1,0,1
2,3,-1
7,2,5
0,4,-4
3,4,-1
1,5,-4
0,0,0
0,0,0
6,2,4
0,0,0
16,0,16
10,2,8
12,2,10
7,1,6
6,0,6
13,1,12
1,0,1
12,2,10
0,6,-6
1,0,1
5,2,3
25,13,12
0,0,0
0,0,0
7,8,-1
0,0,0
8,0,8
4,1,3
1,0,1
1,2,-1
3,3,0
0,0,0
3,2,1
2,2,0
0,0,0
2,0,2
5,0,5
0,2,-2
0,1,-1
12,0,12
1,0,1
0,1,-1
0,0,0
2,1,1
35,0,35
0,0,0
0,0,0
1,5,-4
13,4,9
8,8,0
8,5,3
4,4,0
1,2,-1
4,0,4
0,0,0
35,0,35
9,2,7
0,0,0
3,0,3
7,3,4
3,0,3
2,1,1
10,0,10
5,2,3
0,0,0
5,10,-5
0,1,-1
0,0,0
1,1,0
4,5,-1
11,2,9
20,18,2
6,2,4
2,2,0
24,0,24
14,0,14
3,17,-14
13,7,6
2,0,2
9,9,0
4,1,3
24,6,18
0,0,0
1,2,-1
0,3,-3
4,0,4
1,4,-3
4,2,2
5,0,5
14,1,13
2,2,0
4,0,4
15,4,11
28,20,8
0,4,-4
3,0,3
2,0,2
43,45,-2
1,1,0
12,0,12
0,0,0
18,2,16
19,1,18
11,1,10
9,2,7
10,0,10
32,0,32
0,0,0
4,2,2
3,7,-4
3,0,3
5,0,5
4,1,3
39,0,39
2,0,2
3,1,2
7,0,7
0,0,0
6,0,6
32,0,32
1,0,1
7,0,7
3,6,-3
2,1,1
0,0,0
3,0,3
10,13,-3
1,1,0
0,4,-4
20,1,19
0,2,-2
5,2,3
0,0,0
6,6,0
5,3,2
7,1,6
9,0,9
2,6,-4
7,3,4
9,4,5
0,1,-1
9,10,-1
5,0,5
0,0,0
0,0,0
9,3,6
7,0,7
1,0,1
1,0,1
0,0,0
7,1,6
10,0,10
3,2,1
1,1,0
9,0,9
1,0,1
2,2,0
2,0,2
1,0,1
3,0,3
0,0,0
3,0,3
0,0,0
10,16,-6
0,8,-8
5,4,1
4,0,4
18,42,-24
4,3,1
3,3,0
0,35,-35
4,0,4
11,0,11
1,3,-2
5,7,-2
3,0,3
8,4,4
8,76,-68
1,0,1
1,6,-5
7,1,6
6,2,4
8,2,6
3,2,1
35,1,34
1,0,1
0,0,0
1,0,1
0,1,-1
0,0,0
9,4,5
2,3,-1
3,1,2
2,0,2
0,0,0
1,0,1
9,13,-4
48,22,26
1,2,-1
3,0,3
10,0,10
2,0,2
0,0,0
11,4,7
17,2,15
0,0,0
20,0,20
0,4,-4
17,1,16
12,0,12
0,0,0
33,13,20
5,2,3
5,6,-1
2,2,0
1,0,1
1,0,1
6,0,6
13,6,7
1,1,0
21,10,11
1,0,1
4,0,4
3,0,3
12,17,-5
3,4,-1
20,2,18
1,0,1
0,0,0
4,2,2
24,8,16
5,2,3
6,1,5
15,0,15
4,1,3
5,1,4
24,10,14
4,1,3
3,0,3
0,1,-1
20,2,18
1,1,0
2,2,0
7,0,7
1,0,1
3,0,3
0,0,0
2,5,-3
1,4,-3
2,1,1
3,2,1
29,2,27
24,0,24
7,18,-11
1,0,1
1,0,1
3,9,-6
0,0,0
6,2,4
23,2,21
2,2,0
0,3,-3
0,1,-1
5,0,5
18,31,-13
5,11,-6
3,32,-29
0,0,0
1,0,1
8,2,6
6,6,0
1,0,1
8,3,5
0,0,0
5,1,4
2,0,2
2,3,-1
4,6,-2
3,0,3
2,0,2
0,1,-1
7,1,6
1,1,0
1,0,1
0,0,0
0,0,0
0,1,-1
11,22,-11
12,0,12
16,24,-8
31,4,27
0,0,0
0,0,0
2,0,2
5,0,5
3,1,2
6,0,6
1,0,1
6,2,4
0,0,0
0,0,0
5,0,5
10,16,-6
2,4,-2
2,4,-2
0,0,0
5,1,4
4,1,3
6,0,6
5,8,-3
5,2,3
12,4,8
1,1,0
2,1,1
12,0,12
1,0,1
4,0,4
1,0,1
3,1,2
0,0,0
10,0,10
22,1,21
5,3,2
0,0,0
4,1,3
4,1,3
12,3,9
6,0,6
6,0,6
2,1,1
6,1,5
0,0,0
0,1,-1
5,0,5
1,0,1
0,4,-4
6,1,5
6,1,5
11,0,11
4,1,3
15,13,2
4,6,-2
0,6,-6
2,2,0
14,1,13
2,6,-4
2,1,1
0,0,0
0,0,0
0,0,0
3,7,-4
23,7,16
3,0,3
1,0,1
5,0,5
1,2,-1
1,0,1
3,0,3
9,2,7
2,4,-2
1,0,1
1,2,-1
11,7,4
1,1,0
0,0,0
15,5,10
17,1,16
7,5,2
2,0,2
4,3,1
7,2,5
40,17,23
0,0,0
0,0,0
0,1,-1
4,0,4
8,2,6
35,4,31
3,0,3
11,11,0
2,2,0
11,1,10
7,0,7
4,0,4
0,0,0
0,0,0
2,7,-5
10,0,10
17,0,17
3,5,-2
0,0,0
5,0,5
0,0,0
1,0,1
0,2,-2
1,0,1
2,0,2
4,2,2
19,13,6
36,5,31
1,1,0
5,1,4
18,1,17
2,0,2
8,8,0
4,0,4
2,0,2
5,0,5
0,0,0
1,0,1
3,1,2
0,0,0
2,0,2
3,45,-42
3,0,3
0,0,0
4,0,4
0,0,0
0,0,0
1,0,1
4,1,3
1,5,-4
0,1,-1
3,0,3
0,6,-6
6,0,6
10,2,8
0,3,-3
0,0,0
7,0,7
8,4,4
4,3,1
4,0,4
2,16,-14
1,0,1
2,0,2
9,6,3
23,5,18
2,0,2
8,2,6
7,1,6
0,4,-4
10,0,10
11,3,8
8,9,-1
0,0,0
21,43,-22
3,0,3
3,5,-2
14,4,10
14,0,14
16,64,-48
4,1,3
1,1,0
3,0,3
8,9,-1
19,0,19
11,2,9
5,1,4
3,0,3
0,8,-8
18,3,15
9,0,9
2,0,2
0,0,0
7,0,7
15,1,14
2,2,0
1,3,-2
19,1,18
0,2,-2
15,2,13
21,0,21
0,0,0
8,0,8
7,1,6
38,0,38
3,0,3
2,2,0
3,1,2
8,2,6
2,1,1
14,1,13
3,0,3
8,2,6
16,0,16
1,0,1
9,1,8
1,0,1
5,3,2
0,0,0
7,12,-5
4,2,2
4,0,4
7,1,6
0,1,-1
0,0,0
2,4,-2
2,0,2
2,0,2
1,0,1
0,0,0
7,0,7
1,0,1
0,8,-8
2,2,0
3,2,1
0,0,0
3,0,3
0,0,0
18,1,17
2,2,0
12,1,11
2,0,2
0,8,-8
1,1,0
3,0,3
1,1,0
38,0,38
7,2,5
0,0,0
6,0,6
54,0,54
0,1,-1
4,0,4
4,1,3
3,3,0
0,0,0
0,0,0
6,2,4
2,1,1
3,2,1
1,1,0
1,1,0
9,7,2
7,6,1
11,4,7
0,0,0
0,12,-12
1,0,1
10,1,9
9,0,9
8,0,8
23,2,21
0,8,-8
4,2,2
1,0,1
0,1,-1
18,0,18
19,0,19
0,1,-1
1,0,1
1,1,0
9,0,9
5,0,5
24,8,16
7,5,2
4,2,2
12,4,8
13,2,11
1,0,1
1,2,-1
1,1,0
2,0,2
0,1,-1
14,0,14
5,0,5
44,0,44
9,7,2
3,0,3
3,0,3
7,0,7
0,0,0
2,0,2
1,5,-4
0,0,0
3,4,-1
1,0,1
2,2,0
5,0,5
2,2,0
1,1,0
21,1,20
11,4,7
15,1,14
2,0,2
3,1,2
18,2,16
0,0,0
3,0,3
0,0,0
4,0,4
1,3,-2
3,5,-2
6,1,5
6,4,2
0,0,0
0,0,0
3,0,3
1,1,0
7,3,4
0,4,-4
1,0,1
8,2,6
0,0,0
4,3,1
24,0,24
4,2,2
2,0,2
0,0,0
0,2,-2
16,1,15
0,2,-2
0,0,0
1,0,1
3,1,2
8,0,8
8,6,2
8,0,8
21,1,20
18,7,11
18,1,17
10,5,5
2,1,1
5,0,5
0,0,0
1,1,0
0,0,0
6,0,6
0,0,0
17,1,16
58,0,58
2,1,1
15,0,15
9,1,8
1,1,0
0,0,0
6,1,5
0,1,-1
5,0,5
0,0,0
0,0,0
22,0,22
0,0,0
14,0,14
11,0,11
4,48,-44
0,1,-1
11,6,5
0,0,0
0,6,-6
11,1,10
1,2,-1
0,1,-1
2,0,2
12,0,12
1,0,1
9,34,-25
37,21,16
12,3,9
0,0,0
3,1,2
15,20,-5
35,1,34
2,0,2
9,5,4
9,1,8
1,0,1
1,0,1
2,0,2
7,6,1
12,1,11
22,0,22
10,9,1
4,2,2
2,3,-1
0,0,0
1,0,1
5,0,5
0,0,0
9,9,0
1,0,1
8,0,8
1,0,1
15,0,15
3,0,3
3,2,1
5,1,4
17,2,15
2,1,1
3,0,3
3,5,-2
9,13,-4
2,0,2
0,0,0
1,0,1
2,3,-1
6,0,6
29,4,25
7,5,2
15,15,0
0,2,-2
0,0,0
3,3,0
5,1,4
10,0,10
0,2,-2
6,0,6
5,15,-10
0,0,0
13,6,7
6,0,6
10,0,10
1,5,-4
30,38,-8
0,0,0
0,1,-1
6,10,-4
25,0,25
0,0,0
1,1,0
2,0,2
14,1,13
2,3,-1
10,7,3
3,1,2
8,1,7
1,1,0
0,0,0
2,2,0
6,0,6
5,4,1
1,0,1
1,0,1
0,0,0
11,0,11
0,2,-2
5,0,5
1,1,0
6,1,5
5,0,5
4,2,2
3,1,2
1,0,1
0,1,-1
3,0,3
0,0,0
14,1,13
26,6,20
9,1,8
22,13,9
5,1,4
0,1,-1
6,0,6
0,2,-2
1,0,1
1,2,-1
11,0,11
6,1,5
19,3,16
0,0,0
1,0,1
5,1,4
1,0,1
0,0,0
7,0,7
2,0,2
24,1,23
1,2,-1
7,2,5
2,0,2
4,0,4
11,4,7
2,1,1
16,1,15
7,0,7
1,2,-1
4,0,4
0,0,0
0,0,0
11,3,8
1,0,1
0,37,-37
4,0,4
1,1,0
3,8,-5
20,5,15
10,0,10
1,0,1
1,10,-9
11,1,10
6,0,6
14,6,8
2,0,2
0,0,0
6,4,2
7,0,7
1,0,1
0,0,0
0,1,-1
20,5,15
3,0,3
1,0,1
0,0,0
3,2,1
0,0,0
6,0,6
1,5,-4
1,67,-66
11,4,7
0,0,0
0,0,0
6,1,5
1,1,0
4,0,4
1,3,-2
5,5,0
17,1,16
5,5,0
0,0,0
0,2,-2
0,0,0
2,1,1
25,1,24
4,4,0
2,1,1
28,0,28
4,2,2
25,29,-4
11,0,11
0,0,0
1,2,-1
1,5,-4
3,0,3
1,9,-8
6,3,3
1,0,1
9,46,-37
5,3,2
5,0,5
3,3,0
2,10,-8
4,0,4
0,0,0
29,2,27
0,1,-1
6,0,6
0,0,0
0,0,0
1,0,1
0,1,-1
1,0,1
10,0,10
4,2,2
1,4,-3
3,0,3
2,1,1
1,1,0
3,0,3
1,0,1
4,1,3
51,1,50
5,7,-2
12,5,7
9,5,4
0,0,0
7,1,6
0,0,0
10,1,9
0,0,0
5,5,0
8,4,4
0,0,0
0,8,-8
1,5,-4
0,3,-3
5,0,5
2,0,2
1,0,1
0,0,0
7,0,7
2,0,2
0,0,0
1,0,1
8,1,7
14,0,14
17,0,17
49,3,46
4,0,4
1,1,0
0,0,0
12,0,12
9,3,6
3,1,2
2,1,1
27,8,19
9,17,-8
2,0,2
0,0,0
5,2,3
6,1,5
2,4,-2
0,0,0
0,0,0
10,0,10
0,1,-1
8,0,8
0,1,-1
2,0,2
10,2,8
0,3,-3
0,0,0
13,4,9
5,0,5
1,2,-1
0,0,0
0,0,0
0,0,0
0,2,-2
14,0,14
13,10,3
2,0,2
5,5,0
4,2,2
38,2,36
0,0,0
0,0,0
4,1,3
0,1,-1
6,2,4
3,6,-3
2,0,2
7,0,7
5,2,3
16,0,16
0,0,0
8,1,7
0,5,-5
1,2,-1
0,0,0
1,0,1
1,4,-3
3,1,2
27,1,26
7,2,5
6,8,-2
2,2,0
5,2,3
0,10,-10
2,2,0
21,0,21
1,0,1
11,0,11
10,13,-3
3,1,2
8,1,7
9,10,-1
4,0,4
4,6,-2
1,0,1
4,1,3
1,2,-1
2,0,2
1,0,1
4,0,4
0,1,-1
0,1,-1
16,1,15
7,3,4
4,0,4
5,11,-6
17,0,17
0,0,0
6,3,3
0,9,-9
1,1,0
22,0,22
2,0,2
5,0,5
1,1,0
3,4,-1
1,0,1
0,0,0
8,0,8
0,0,0
14,17,-3
3,2,1
1,0,1
7,1,6
4,0,4
6,6,0
4,0,4
18,0,18
0,0,0
4,2,2
0,0,0
6,4,2
3,1,2
0,0,0
1,2,-1
1,2,-1
1,1,0
3,1,2
14,1,13
10,1,9
0,1,-1
1,0,1
3,3,0
20,2,18
10,34,-24
17,8,9
34,2,32
1,1,0
0,0,0
11,0,11
0,0,0
4,0,4
0,0,0
1,0,1
2,3,-1
1,0,1
4,0,4
19,21,-2
0,0,0
3,3,0
4,76,-72
2,0,2
1,0,1
7,1,6
0,13,-13
4,4,0
1,4,-3
0,1,-1
2,14,-12
1,1,0
0,1,-1
31,1,30
5,0,5
1,0,1
26,1,25
10,0,10
11,2,9
8,6,2
7,4,3
0,0,0
3,0,3
20,3,17
0,7,-7
1,2,-1
7,1,6
15,0,15
20,9,11
9,0,9
2,1,1
3,0,3
0,3,-3
19,22,-3
0,0,0
16,8,8
10,0,10
14,1,13
0,0,0
1,0,1
2,0,2
7,2,5
30,1,29
1,0,1
1,0,1
18,1,17
0,1,-1
3,0,3
3,5,-2
2,1,1
28,0,28
7,1,6
2,0,2
3,0,3
4,0,4
4,2,2
3,0,3
0,0,0
2,1,1
2,2,0
18,4,14
4,0,4
1,0,1
20,13,7
0,1,-1
10,0,10
11,0,11
0,44,-44
0,4,-4
10,5,5
8,0,8
2,2,0
55,6,49
3,3,0
25,0,25
11,0,11
0,0,0
5,0,5
2,1,1
38,1,37
17,1,16
3,1,2
0,0,0
11,0,11
2,1,1
2,0,2
13,1,12
3,0,3
10,10,0
28,0,28
3,3,0
1,0,1
8,0,8
6,0,6
25,2,23
3,0,3
1,0,1
0,2,-2
2,3,-1
6,8,-2
0,0,0
29,4,25
2,0,2
2,3,-1
11,0,11
4,0,4
8,2,6
7,0,7
0,0,0
0,2,-2
0,1,-1
0,1,-1
3,1,2
1,1,0
2,1,1
1,1,0
1,0,1
10,1,9
13,0,13
0,0,0
7,3,4
4,4,0
2,0,2
2,0,2
9,20,-11
0,0,0
0,0,0
0,2,-2
14,5,9
0,0,0
1,1,0
3,0,3
0,2,-2
2,13,-11
0,0,0
4,2,2
25,0,25
2,0,2
4,3,1
0,1,-1
1,0,1
6,0,6
6,1,5
5,0,5
8,4,4
1,0,1
2,7,-5
3,3,0
18,0,18
0,0,0
0,0,0
3,0,3
8,4,4
0,0,0
7,5,2
2,2,0
8,0,8
2,14,-12
0,0,0
0,4,-4
0,0,0
1,1,0
0,1,-1
3,2,1
4,7,-3
11,1,10
15,1,14
22,0,22
8,10,-2
2,0,2
10,2,8
2,5,-3
2,0,2
19,8,11
2,0,2
0,0,0
2,2,0
16,1,15
0,0,0
15,0,15
0,0,0
4,0,4
4,4,0
2,0,2
0,0,0
20,0,20
10,1,9
6,1,5
4,0,4
4,6,-2
5,1,4
1,2,-1
4,0,4
3,83,-80
12,0,12
0,1,-1
23,1,22
2,0,2
1,0,1
0,0,0
1,2,-1
28,0,28
1,0,1
3,0,3
1,0,1
4,1,3
3,2,1
0,0,0
0,0,0
7,0,7
2,0,2
45,0,45
5,0,5
2,0,2
32,48,-16
0,0,0
28,0,28
21,1,20
5,0,5
35,2,33
0,1,-1
0,0,0
0,1,-1
3,2,1
10,6,4
3,1,2
4,1,3
5,0,5
2,1,1
1,0,1
1,0,1
0,0,0
11,14,-3
23,6,17
17,3,14
5,0,5
1,0,1
0,1,-1
16,4,12
5,0,5
20,1,19
33,7,26
19,1,18
2,0,2
6,0,6
17,9,8
8,3,5
3,1,2
0,0,0
3,0,3
5,4,1
7,0,7
0,0,0
2,9,-7
9,2,7
0,0,0
14,24,-10
0,0,0
17,1,16
3,4,-1
2,0,2
6,0,6
7,14,-7
0,0,0
2,2,0
1,0,1
0,0,0
1,1,0
28,3,25
40,1,39
2,0,2
3,0,3
2,10,-8
0,0,0
5,2,3
16,0,16
3,0,3
5,5,0
1,0,1
12,17,-5
15,8,7
0,0,0
0,1,-1
2,0,2
1,0,1
1,0,1
14,0,14
8,8,0
5,0,5
2,1,1
0,1,-1
4,4,0
19,2,17
1,5,-4
0,0,0
1,0,1
21,12,9
3,0,3
3,0,3
13,1,12
1,1,0
69,69,0
7,8,-1
2,2,0
3,0,3
0,0,0
27,0,27
0,0,0
1,0,1
11,1,10
3,19,-16
1,1,0
4,4,0
0,15,-15
15,0,15
0,4,-4
7,0,7
66,112,-46
3,0,3
9,14,-5
22,0,22
0,0,0
3,4,-1
5,0,5
26,0,26
11,0,11
0,10,-10
26,2,24
54,0,54
1,2,-1
0,0,0
5,0,5
3,5,-2
62,29,33
1,0,1
20,2,18
9,0,9
1,1,0
3,3,0
9,3,6
0,0,0
4,2,2
1,0,1
0,0,0
4,0,4
0,0,0
1,0,1
4,7,-3
8,1,7
4,3,1
0,0,0
13,0,13
3,0,3
3,2,1
6,3,3
4,1,3
3,2,1
16,0,16
2,0,2
1,0,1
0,2,-2
2,0,2
6,0,6
15,3,12
7,1,6
1,0,1
6,1,5
1,0,1
6,0,6
6,2,4
1,0,1
1,0,1
1,0,1
11,6,5
1,10,-9
2,0,2
0,0,0
0,1,-1
10,0,10
5,1,4
6,1,5
8,8,0
4,1,3
3,0,3
10,5,5
18,1,17
4,8,-4
0,0,0
7,3,4
9,1,8
6,0,6
7,1,6
11,2,9
1,4,-3
0,3,-3
0,1,-1
14,13,1
2,3,-1
1,2,-1
19,1,18
12,2,10
3,2,1
2,1,1
3,0,3
30,0,30
4,0,4
18,0,18
8,2,6
2,5,-3
1,1,0
0,1,-1
0,0,0
22,7,15
12,66,-54
0,9,-9
0,0,0
16,4,12
2,0,2
0,0,0
0,0,0
3,1,2
14,1,13
17,5,12
0,5,-5
1,3,-2
0,0,0
3,2,1
1,0,1
11,3,8
5,2,3
8,1,7
2,2,0
0,1,-1
12,0,12
8,0,8
16,1,15
12,7,5
15,0,15
1,1,0
4,6,-2
2,5,-3
2,2,0
0,0,0
3,10,-7
8,0,8
1,0,1
1,0,1
2,2,0
1,1,0
1,2,-1
3,0,3
0,0,0
0,0,0
4,1,3
6,6,0
11,0,11
7,17,-10
0,0,0
0,1,-1
6,0,6
9,1,8
4,0,4
4,0,4
2,0,2
8,0,8
2,0,2
49,5,44
3,0,3
0,0,0
2,2,0
6,12,-6
27,25,2
0,0,0
0,0,0
6,2,4
11,0,11
0,1,-1
18,8,10
0,3,-3
1,3,-2
47,0,47
0,0,0
5,0,5
6,2,4
19,13,6
11,5,6
6,1,5
7,7,0
5,2,3
0,0,0
2,0,2
6,6,0
2,1,1
0,0,0
23,0,23
13,2,11
1,0,1
0,0,0
42,0,42
3,0,3
4,2,2
1,4,-3
4,0,4
9,0,9
2,2,0
2,9,-7
5,1,4
12,0,12
5,2,3
12,1,11
8,1,7
0,0,0
9,0,9
27,16,11
11,2,9
1,1,0
0,0,0
44,4,40
0,0,0
7,2,5
9,0,9
4,86,-82
0,0,0
2,6,-4
1,0,1
4,0,4
1,0,1
0,0,0
5,5,0
7,1,6
5,1,4
10,1,9
2,1,1
0,0,0
0,0,0
1,0,1
3,1,2
6,1,5
21,10,11
6,6,0
0,0,0
8,2,6
3,2,1
10,3,7
1,5,-4
5,1,4
0,4,-4
10,1,9
8,1,7
2,2,0
4,1,3
7,5,2
1,0,1
2,10,-8
11,1,10
16,1,15
1,7,-6
10,19,-9
0,1,-1
1,0,1
3,0,3
7,2,5
10,41,-31
0,1,-1
4,0,4
13,3,10
4,0,4
0,0,0
15,1,14
53,0,53
0,0,0
1,0,1
2,0,2
1,0,1
4,0,4
35,3,32
15,2,13
1,0,1
31,22,9
3,0,3
48,0,48
10,0,10
17,0,17
0,0,0
5,0,5
18,13,5
3,0,3
3,3,0
11,14,-3
9,4,5
10,2,8
0,0,0
1,14,-13
13,0,13
6,0,6
0,4,-4
12,2,10
0,1,-1
0,1,-1
8,0,8
5,4,1
7,2,5
6,7,-1
0,1,-1
1,6,-5
10,5,5
10,0,10
8,4,4
6,0,6
2,0,2
0,0,0
5,1,4
16,3,13
8,6,2
19,7,12
0,1,-1
21,21,0
16,1,15
5,0,5
12,1,11
3,0,3
2,2,0
0,0,0
7,2,5
18,0,18
3,0,3
3,3,0
1,0,1
0,3,-3
8,1,7
5,0,5
1,1,0
6,3,3
3,2,1
15,2,13
24,1,23
7,4,3
13,0,13
0,0,0
0,2,-2
0,0,0
0,2,-2
14,44,-30
6,6,0
8,0,8
12,8,4
1,0,1
1,4,-3
7,14,-7
0,0,0
9,6,3
2,2,0
0,0,0
15,1,14
1,0,1
5,0,5
0,0,0
17,1,16
6,3,3
1,2,-1
2,2,0
14,74,-60
0,0,0
8,1,7
20,1,19
36,0,36
9,0,9
4,1,3
6,2,4
8,0,8
3,0,3
19,8,11
1,0,1
7,1,6
6,0,6
5,8,-3
3,0,3
3,3,0
22,2,20
5,0,5
2,0,2
23,11,12
12,4,8
6,3,3
0,8,-8
6,21,-15
26,1,25
4,0,4
2,0,2
16,13,3
39,39,0
0,10,-10
0,1,-1
0,0,0
18,1,17
1,0,1
3,0,3
1,1,0
7,0,7
8,4,4
4,0,4
0,1,-1
7,0,7
3,1,2
11,10,1
7,0,7
2,3,-1
7,9,-2
2,0,2
7,4,3
5,0,5
2,0,2
4,7,-3
7,1,6
0,2,-2
24,10,14
3,0,3
3,1,2
8,1,7
6,0,6
26,12,14
9,8,1
0,6,-6
4,0,4
0,4,-4
2,0,2
34,5,29
1,0,1
2,0,2
16,0,16
1,0,1
20,2,18
11,3,8
11,2,9
13,0,13
57,0,57
3,4,-1
4,1,3
5,1,4
2,0,2
25,0,25
0,0,0
0,0,0
1,3,-2
4,15,-11
0,0,0
3,4,-1
4,0,4
7,6,1
6,1,5
1,0,1
10,0,10
1,1,0
4,0,4
20,2,18
0,0,0
5,5,0
30,4,26
5,1,4
0,0,0
31,22,9
0,2,-2
3,0,3
1,1,0
3,0,3
8,6,2
0,1,-1
0,0,0
9,0,9
8,6,2
2,0,2
3,2,1
4,1,3
1,1,0
2,1,1
7,4,3
1,0,1
0,0,0
5,0,5
67,35,32
16,1,15
7,0,7
5,5,0
2,0,2
11,9,2
13,6,7
7,1,6
15,39,-24
1,0,1
0,1,-1
15,0,15
5,0,5
10,0,10
17,8,9
2,2,0
0,0,0
0,0,0
0,0,0
1,1,0
0,1,-1
10,8,2
13,0,13
0,2,-2
1,1,0
29,1,28
1,1,0
0,2,-2
4,0,4
2,0,2
0,19,-19
14,1,13
0,0,0
6,2,4
4,2,2
9,0,9
1,1,0
1,0,1
7,3,4
13,7,6
6,1,5
25,16,9
9,10,-1
1,0,1
1,0,1
2,21,-19
3,0,3
15,66,-51
9,0,9
0,0,0
1,2,-1
0,0,0
1,0,1
4,1,3
3,1,2
0,8,-8
8,1,7
6,1,5
1,0,1
3,1,2
3,5,-2
15,0,15
1,1,0
3,1,2
2,1,1
11,4,7
36,0,36
2,2,0
4,4,0
9,1,8
12,39,-27
2,0,2
5,0,5
1,0,1
2,1,1
4,1,3
3,0,3
0,0,0
0,2,-2
3,0,3
12,6,6
0,0,0
0,0,0
0,0,0
0,0,0
1,0,1
0,0,0
8,2,6
22,12,10
10,4,6
1,0,1
3,0,3
1,0,1
13,0,13
2,0,2
4,0,4
6,0,6
13,1,12
1,0,1
0,0,0
12,16,-4
4,0,4
4,0,4
6,1,5
1,1,0
9,1,8
39,9,30
4,0,4
0,1,-1
17,6,11
0,2,-2
1,1,0
16,0,16
23,6,17
1,1,0
0,0,0
3,7,-4
1,1,0
4,0,4
2,1,1
1,0,1
1,0,1
22,8,14
6,0,6
3,0,3
4,4,0
19,3,16
0,4,-4
19,51,-32
22,2,20
0,0,0
9,3,6
6,2,4
1,0,1
18,21,-3
9,2,7
3,0,3
5,0,5
8,5,3
6,6,0
0,0,0
6,1,5
0,0,0
14,10,4
1,0,1
11,13,-2
3,0,3
0,0,0
16,4,12
0,0,0
14,2,12
1,0,1
4,6,-2
29,54,-25
2,1,1
7,1,6
10,0,10
8,4,4
2,1,1
2,0,2
1,0,1
8,5,3
16,29,-13
9,5,4
10,11,-1
0,4,-4
2,0,2
0,0,0
12,7,5
2,0,2
7,14,-7
8,8,0
2,0,2
7,2,5
6,0,6
7,2,5
9,1,8
4,1,3
7,4,3
9,0,9
1,1,0
11,6,5
1,1,0
9,0,9
0,0,0
5,0,5
13,0,13
0,0,0
14,8,6
0,0,0
1,0,1
1,1,0
14,6,8
11,0,11
4,0,4
16,4,12
1,0,1
1,0,1
0,0,0
3,2,1
6,0,6
13,0,13
2,0,2
0,0,0
9,0,9
2,0,2
11,1,10
8,0,8
2,1,1
1,48,-47
13,9,4
0,0,0
18,11,7
16,0,16
9,2,7
6,0,6
4,3,1
2,0,2
16,1,15
5,5,0
4,0,4
7,0,7
0,1,-1
81,81,0
2,6,-4
0,4,-4
0,0,0
2,0,2
6,5,1
2,1,1
27,1,26
3,1,2
6,0,6
0,1,-1
2,1,1
14,7,7
14,1,13
1,0,1
0,10,-10
9,1,8
20,1,19
16,3,13
7,2,5
0,0,0
10,0,10
24,45,-21
14,0,14
3,0,3
29,12,17
21,1,20
15,2,13
9,0,9
6,4,2
25,0,25
8,0,8
5,5,0
7,10,-3
3,0,3
2,1,1
0,0,0
1,0,1
12,1,11
2,0,2
11,0,11
1,0,1
15,1,14
19,13,6
5,0,5
1,0,1
4,1,3
9,4,5
8,0,8
20,3,17
5,1,4
20,1,19
2,0,2
6,3,3
8,0,8
0,0,0
3,67,-64
2,2,0
6,0,6
15,3,12
3,2,1
2,1,1
3,0,3
33,0,33
0,0,0
2,0,2
1,1,0
1,0,1
17,9,8
1,1,0
2,0,2
26,0,26
8,0,8
2,4,-2
12,0,12
0,0,0
2,0,2
5,1,4
0,0,0
9,0,9
12,0,12
1,0,1
0,5,-5
5,0,5
4,7,-3
9,13,-4
2,0,2
5,0,5
4,3,1
1,0,1
13,1,12
0,1,-1
10,0,10
1,2,-1
1,4,-3
2,0,2
8,2,6
0,0,0
8,2,6
2,3,-1
15,1,14
0,0,0
2,1,1
13,1,12
0,0,0
5,0,5
20,2,18
7,4,3
2,0,2
15,0,15
3,0,3
15,0,15
0,1,-1
22,5,17
24,1,23
5,0,5
0,5,-5
5,1,4
0,0,0
0,0,0
0,0,0
2,0,2
4,1,3
9,13,-4
1,2,-1
3,0,3
0,0,0
4,13,-9
0,0,0
8,3,5
2,0,2
1,1,0
3,1,2
0,0,0
2,0,2
12,10,2
10,2,8
1,0,1
0,1,-1
0,0,0
20,2,18
9,0,9
3,0,3
4,4,0
0,0,0
23,5,18
0,0,0
0,0,0
0,1,-1
0,0,0
6,2,4
5,4,1
2,1,1
12,5,7
0,1,-1
18,0,18
7,0,7
0,0,0
0,1,-1
5,2,3
0,0,0
7,0,7
10,0,10
3,3,0
11,1,10
7,0,7
1,0,1
6,0,6
7,1,6
2,4,-2
10,10,0
3,0,3
13,1,12
0,0,0
10,1,9
38,0,38
0,1,-1
0,0,0
0,0,0
0,0,0
4,4,0
0,0,0
0,0,0
3,4,-1
7,0,7
3,0,3
3,2,1
6,3,3
10,4,6
0,2,-2
5,0,5
3,0,3
14,1,13
0,8,-8
0,2,-2
4,0,4
4,1,3
5,2,3
4,1,3
10,0,10
2,4,-2
1,1,0
3,0,3
0,0,0
4,0,4
2,0,2
2,4,-2
0,0,0
15,0,15
0,6,-6
5,2,3
2,13,-11
0,0,0
0,0,0
15,0,15
5,1,4
2,7,-5
1,3,-2
11,53,-42
1,0,1
2,0,2
0,0,0
1,0,1
0,2,-2
1,0,1
9,0,9
9,6,3
1,0,1
0,0,0
12,2,10
22,1,21
1,2,-1
3,5,-2
15,1,14
3,0,3
15,1,14
4,1,3
0,2,-2
2,0,2
1,5,-4
2,0,2
25,1,24
0,1,-1
6,0,6
17,0,17
28,0,28
11,0,11
2,0,2
0,1,-1
2,2,0
1,0,1
5,0,5
0,7,-7
1,0,1
6,0,6
3,42,-39
0,0,0
1,0,1
1,4,-3
7,0,7
2,3,-1
0,0,0
1,1,0
3,8,-5
7,2,5
2,1,1
4,2,2
5,1,4
7,0,7
28,4,24
0,8,-8
29,2,27
7,0,7
9,6,3
0,0,0
20,0,20
5,4,1
1,0,1
8,4,4
4,0,4
0,2,-2
2,0,2
39,0,39
1,1,0
10,2,8
3,0,3
11,8,3
0,0,0
6,0,6
1,3,-2
3,3,0
0,1,-1
5,4,1
7,0,7
1,1,0
6,1,5
3,1,2
7,2,5
1,0,1
3,5,-2
0,0,0
0,0,0
7,0,7
0,0,0
16,0,16
5,0,5
1,0,1
44,0,44
12,12,0
2,3,-1
1,0,1
0,0,0
0,0,0
0,0,0
2,0,2
0,0,0
1,0,1
30,0,30
2,1,1
0,2,-2
3,0,3
17,55,-38
34,2,32
1,1,0
34,13,21
0,66,-66
46,4,42
6,39,-33
14,3,11
13,0,13
0,1,-1
0,0,0
6,1,5
9,1,8
0,0,0
2,0,2
3,20,-17
7,0,7
0,0,0
6,0,6
3,1,2
7,0,7
3,4,-1
0,1,-1
7,0,7
9,3,6
1,0,1
11,0,11
6,0,6
1,0,1
6,1,5
8,0,8
3,0,3
10,1,9
1,0,1
2,4,-2
2,3,-1
3,0,3
5,0,5
1,0,1
16,4,12
10,8,2
35,41,-6
5,1,4
1,1,0
3,2,1
6,5,1
0,0,0
1,1,0
19,1,18
1,0,1
0,0,0
18,5,13
9,6,3
14,8,6
2,2,0
4,1,3
0,0,0
13,13,0
6,0,6
3,2,1
0,1,-1
10,1,9
0,0,0
0,5,-5
15,1,14
4,20,-16
21,24,-3
19,33,-14
9,0,9
2,0,2
6,2,4
2,1,1
4,4,0
1,0,1
86,0,86
2,0,2
6,4,2
0,0,0
2,0,2
128,8,120
6,0,6
2,0,2
1,0,1
1,0,1
6,0,6
6,6,0
0,0,0
4,14,-10
8,0,8
4,5,-1
13,6,7
0,0,0
12,4,8
0,1,-1
20,1,19
8,31,-23
5,1,4
1,37,-36
3,0,3
4,5,-1
0,0,0
16,1,15
9,0,9
0,0,0
0,0,0
6,7,-1
9,8,1
19,1,18
8,0,8
1,1,0
1,0,1
5,1,4
24,0,24
13,1,12
18,3,15
15,6,9
0,0,0
29,3,26
22,0,22
11,2,9
0,0,0
0,0,0
0,0,0
5,1,4
8,0,8
9,0,9
0,0,0
12,51,-39
19,11,8
16,2,14
5,4,1
1,0,1
1,0,1
3,0,3
2,0,2
16,13,3
1,0,1
0,0,0
19,1,18
12,0,12
2,3,-1
10,4,6
0,0,0
19,3,16
0,0,0
1,0,1
2,1,1
3,0,3
38,6,32
3,5,-2
0,1,-1
1,1,0
3,2,1
70,1,69
12,3,9
1,0,1
13,0,13
7,5,2
0,0,0
2,4,-2
1,0,1
3,3,0
17,4,13
0,2,-2
3,0,3
6,0,6
4,2,2
5,0,5
0,0,0
7,1,6
4,5,-1
9,2,7
11,1,10
0,2,-2
1,0,1
1,1,0
0,0,0
37,1,36
0,0,0
1,4,-3
26,1,25
0,0,0
2,0,2
0,0,0
0,0,0
5,2,3
7,7,0
30,2,28
1,0,1
4,1,3
9,4,5
1,0,1
5,3,2
6,1,5
0,0,0
3,32,-29
4,2,2
41,0,41
9,13,-4
0,0,0
9,4,5
2,0,2
0,0,0
7,2,5
4,5,-1
1,0,1
1,0,1
8,0,8
17,1,16
9,4,5
2,5,-3
3,17,-14
0,0,0
0,0,0
1,0,1
1,7,-6
3,3,0
7,0,7
0,0,0
4,0,4
8,0,8
1,0,1
4,1,3
10,5,5
16,2,14
5,0,5
37,19,18
7,0,7
5,5,0
7,3,4
0,0,0
11,8,3
5,0,5
3,0,3
15,12,3
0,1,-1
41,3,38
51,0,51
0,0,0
48,1,47
10,3,7
1,0,1
6,0,6
11,1,10
4,0,4
19,22,-3
6,0,6
1,0,1
0,1,-1
7,6,1
6,0,6
2,0,2
5,1,4
2,4,-2
14,0,14
0,1,-1
4,0,4
0,0,0
6,5,1
0,2,-2
1,0,1
0,0,0
1,0,1
19,16,3
4,0,4
1,0,1
5,0,5
0,4,-4
5,3,2
0,0,0
1,2,-1
10,2,8
0,0,0
1,0,1
15,0,15
6,0,6
0,1,-1
24,4,20
6,4,2
0,0,0
17,37,-20
1,0,1
8,10,-2
2,0,2
1,0,1
18,0,18
3,0,3
0,1,-1
10,1,9
16,1,15
2,3,-1
4,1,3
4,4,0
4,0,4
16,17,-1
9,0,9
4,0,4
2,7,-5
1,1,0
0,0,0
24,0,24
1,1,0
5,0,5
2,19,-17
0,10,-10
0,1,-1
0,0,0
18,0,18
7,0,7
9,2,7
3,31,-28
17,1,16
0,0,0
5,5,0
2,1,1
3,0,3
9,0,9
8,7,1
10,2,8
7,0,7
0,0,0
1,44,-43
1,0,1
1,1,0
2,0,2
0,0,0
2,0,2
12,1,11
2,0,2
4,11,-7
16,8,8
7,5,2
7,0,7
0,0,0
3,0,3
5,0,5
0,1,-1
6,6,0
35,38,-3
5,5,0
7,1,6
5,0,5
2,0,2
1,0,1
2,1,1
7,0,7
9,12,-3
9,4,5
3,0,3
11,4,7
1,1,0
1,1,0
14,9,5
0,5,-5
3,0,3
16,0,16
9,0,9
0,0,0
2,8,-6
0,0,0
14,0,14
3,3,0
6,6,0
24,0,24
8,1,7
6,0,6
4,0,4
9,50,-41
3,0,3
0,0,0
0,0,0
32,0,32
9,21,-12
5,4,1
1,1,0
0,4,-4
3,4,-1
3,4,-1
1,0,1
1,0,1
0,2,-2
27,5,22
28,0,28
1,0,1
6,0,6
8,5,3
3,10,-7
1,15,-14
6,13,-7
0,0,0
5,7,-2
23,10,13
0,0,0
13,0,13
6,8,-2
3,22,-19
11,4,7
8,0,8
12,4,8
0,0,0
3,1,2
19,12,7
5,4,1
0,0,0
1,1,0
0,0,0
2,0,2
0,0,0
21,4,17
2,1,1
11,2,9
0,5,-5
3,0,3
3,0,3
5,2,3
7,1,6
2,3,-1
0,2,-2
1,0,1
2,1,1
7,0,7
4,1,3
1,1,0
3,0,3
6,6,0
0,2,-2
0,0,0
2,3,-1
17,1,16
5,4,1
12,3,9
1,0,1
9,1,8
3,0,3
3,1,2
22,0,22
6,0,6
0,0,0
2,4,-2
1,0,1
4,0,4
6,0,6
0,0,0
1,0,1
8,8,0
2,1,1
0,0,0
10,0,10
0,0,0
11,5,6
0,0,0
22,1,21
2,17,-15
11,11,0
17,17,0
0,0,0
0,1,-1
0,0,0
19,0,19
1,0,1
5,0,5
0,0,0
0,0,0
7,4,3
4,1,3
3,2,1
12,5,7
3,2,1
0,2,-2
11,10,1
7,3,4
0,1,-1
6,1,5
0,0,0
4,5,-1
5,2,3
1,0,1
11,2,9
6,5,1
12,1,11
0,1,-1
5,1,4
1,4,-3
9,8,1
19,13,6
4,9,-5
8,5,3
2,0,2
0,0,0
0,0,0
14,0,14
2,1,1
1,0,1
2,14,-12
2,0,2
36,17,19
4,0,4
5,1,4
0,2,-2
3,5,-2
4,0,4
5,6,-1
2,5,-3
0,0,0
12,9,3
5,0,5
2,0,2
0,0,0
14,5,9
0,0,0
7,2,5
2,1,1
12,8,4
2,4,-2
0,0,0
7,4,3
3,0,3
0,0,0
5,4,1
2,0,2
2,0,2
13,1,12
1,2,-1
27,0,27
97,97,0
2,0,2
7,0,7
7,0,7
12,2,10
13,2,11
22,0,22
0,0,0
4,2,2
0,0,0
11,1,10
1,0,1
19,4,15
4,1,3
0,1,-1
2,0,2
3,54,-51
0,0,0
10,6,4
8,1,7
2,0,2
0,0,0
0,0,0
5,34,-29
11,0,11
3,4,-1
0,0,0
4,23,-19
3,0,3
6,0,6
1,4,-3
14,18,-4
3,0,3
0,0,0
5,1,4
0,8,-8
9,0,9
0,0,0
0,9,-9
1,0,1
37,2,35
0,0,0
1,9,-8
2,0,2
1,0,1
3,12,-9
2,2,0
3,15,-12
2,0,2
0,0,0
6,0,6
0,0,0
9,8,1
7,22,-15
17,30,-13
12,39,-27
0,0,0
1,2,-1
6,0,6
4,0,4
0,1,-1
4,1,3
2,0,2
1,8,-7
0,0,0
1,0,1
0,0,0
7,0,7
5,0,5
0,0,0
4,0,4
26,4,22
1,1,0
6,8,-2
0,0,0
10,0,10
2,5,-3
2,1,1
13,10,3
0,0,0
6,1,5
10,0,10
0,0,0
15,48,-33
30,1,29
3,1,2
11,11,0
15,1,14
13,0,13
15,4,11
0,0,0
9,1,8
2,0,2
14,4,10
1,1,0
3,11,-8
1,0,1
0,0,0
6,0,6
0,0,0
4,0,4
0,0,0
3,2,1
0,0,0
13,4,9
0,0,0
2,2,0
30,1,29
1,1,0
46,0,46
28,4,24
0,2,-2
8,0,8
0,1,-1
12,2,10
0,0,0
3,0,3
5,0,5
2,0,2
7,0,7
3,0,3
2,0,2
13,0,13
6,1,5
5,1,4
2,0,2
4,2,2
12,0,12
0,3,-3
3,4,-1
30,3,27
10,1,9
21,1,20
0,0,0
2,0,2
8,0,8
6,0,6
0,0,0
38,0,38
9,4,5
2,0,2
3,51,-48
2,8,-6
25,11,14
1,1,0
0,1,-1
2,2,0
7,3,4
1,3,-2
2,2,0
0,1,-1
7,0,7
13,0,13
8,0,8
18,4,14
10,1,9
9,4,5
2,1,1
15,1,14
6,5,1
2,0,2
0,2,-2
22,21,1
18,0,18
0,0,0
1,4,-3
22,19,3
2,1,1
1,1,0
7,0,7
1,0,1
0,3,-3
13,0,13
5,0,5
21,7,14
2,2,0
7,2,5
0,0,0
1,0,1
26,94,-68
7,21,-14
0,1,-1
0,1,-1
0,3,-3
1,6,-5
13,5,8
1,6,-5
6,5,1
13,0,13
6,0,6
9,6,3
0,0,0
6,0,6
10,1,9
0,0,0
4,4,0
2,2,0
45,0,45
3,1,2
1,7,-6
9,1,8
14,0,14
18,10,8
1,1,0
2,0,2
3,0,3
4,0,4
24,2,22
0,0,0
9,8,1
17,5,12
6,1,5
0,1,-1
7,12,-5
7,0,7
8,5,3
7,0,7
1,0,1
2,0,2
13,0,13
1,9,-8
0,2,-2
15,1,14
3,4,-1
34,1,33
3,0,3
0,1,-1
5,5,0
12,39,-27
11,13,-2
12,44,-32
14,2,12
3,5,-2
20,1,19
0,2,-2
3,0,3
6,14,-8
5,0,5
0,0,0
2,0,2
7,0,7
0,1,-1
5,2,3
0,2,-2
2,0,2
0,0,0
14,3,11
0,0,0
2,0,2
1,0,1
5,0,5
0,0,0
5,2,3
12,0,12
1,0,1
13,2,11
4,3,1
6,2,4
7,0,7
62,1,61
4,1,3
20,21,-1
2,0,2
12,1,11
4,1,3
20,0,20
1,0,1
52,0,52
9,9,0
0,0,0
2,0,2
0,0,0
1,15,-14
3,1,2
0,0,0
4,0,4
2,1,1
8,2,6
11,2,9
2,0,2
0,0,0
3,0,3
7,1,6
18,4,14
11,11,0
4,0,4
6,0,6
5,0,5
0,3,-3
1,0,1
8,4,4
5,2,3
0,1,-1
4,0,4
5,0,5
0,0,0
2,0,2
2,1,1
9,0,9
8,4,4
0,0,0
6,0,6
3,0,3
12,0,12
0,0,0
6,6,0
14,0,14
0,0,0
20,29,-9
10,1,9
6,1,5
3,6,-3
24,12,12
2,0,2
13,7,6
5,0,5
1,3,-2
7,1,6
4,0,4
4,3,1
2,1,1
0,0,0
3,0,3
9,0,9
0,0,0
19,0,19
1,4,-3
1,0,1
4,0,4
0,0,0
0,0,0
2,0,2
8,0,8
6,2,4
0,0,0
2,0,2
27,1,26
0,0,0
4,0,4
0,0,0
0,0,0
3,0,3
1,1,0
20,0,20
2,0,2
7,2,5
2,0,2
6,0,6
2,0,2
0,1,-1
0,0,0
11,0,11
2,0,2
11,0,11
4,0,4
10,1,9
1,1,0
1,20,-19
2,0,2
0,1,-1
14,0,14
2,1,1
1,4,-3
13,2,11
10,0,10
8,3,5
3,0,3
0,0,0
1,0,1
6,2,4
2,0,2
0,0,0
10,1,9
5,0,5
25,0,25
6,0,6
66,0,66
0,0,0
0,0,0
8,0,8
2,0,2
3,8,-5
21,2,19
35,29,6
7,12,-5
0,0,0
1,1,0
3,0,3
10,1,9
2,0,2
0,0,0
0,0,0
19,0,19
3,1,2
1,2,-1
10,9,1
5,1,4
6,1,5
1,1,0
14,0,14
10,0,10
10,0,10
29,29,0
0,4,-4
4,0,4
2,0,2
0,0,0
8,4,4
1,1,0
19,0,19
0,0,0
2,0,2
0,0,0
0,0,0
8,2,6
11,3,8
0,1,-1
0,1,-1
3,0,3
0,0,0
20,0,20
2,0,2
3,1,2
0,0,0
25,1,24
0,0,0
6,0,6
1,0,1
0,6,-6
9,1,8
0,0,0
0,2,-2
0,1,-1
0,0,0
1,4,-3
13,0,13
1,0,1
2,1,1
3,4,-1
13,0,13
0,0,0
4,0,4
18,8,10
0,0,0
1,0,1
22,0,22
3,2,1
3,4,-1
1,0,1
1,3,-2
3,0,3
0,0,0
16,5,11
2,15,-13
44,1,43
36,0,36
12,5,7
40,0,40
3,0,3
13,1,12
5,1,4
7,1,6
2,3,-1
59,8,51
0,0,0
11,1,10
17,2,15
12,5,7
3,2,1
1,0,1
1,1,0
0,0,0
1,2,-1
11,0,11
10,1,9
3,2,1
8,2,6
2,2,0
20,4,16
10,2,8
5,18,-13
8,0,8
4,0,4
3,6,-3
6,1,5
1,1,0
6,0,6
1,1,0
11,6,5
15,0,15
0,1,-1
1,0,1
55,0,55
5,20,-15
3,0,3
1,0,1
18,1,17
10,0,10
37,9,28
13,1,12
1,0,1
9,5,4
2,1,1
5,4,1
10,1,9
3,1,2
5,7,-2
0,0,0
4,4,0
3,0,3
1,0,1
4,2,2
2,3,-1
9,11,-2
3,1,2
0,0,0
3,0,3
0,4,-4
5,0,5
0,5,-5
1,0,1
0,0,0
3,10,-7
1,0,1
0,0,0
2,4,-2
1,0,1
2,1,1
7,0,7
6,3,3
6,3,3
10,0,10
3,0,3
19,1,18
22,4,18
0,1,-1
2,0,2
13,2,11
0,0,0
9,0,9
1,1,0
1,0,1
2,1,1
13,0,13
2,0,2
3,0,3
1,0,1
1,0,1
2,5,-3
2,0,2
3,1,2
17,0,17
66,0,66
1,0,1
24,1,23
1,0,1
3,0,3
0,0,0
7,2,5
1,2,-1
5,6,-1
7,0,7
13,2,11
2,7,-5
0,0,0
1,0,1
6,1,5
1,0,1
0,1,-1
0,0,0
6,4,2
21,2,19
0,0,0
0,0,0
3,0,3
13,9,4
8,19,-11
0,0,0
0,0,0
36,2,34
1,0,1
0,0,0
8,2,6
0,0,0
9,5,4
0,1,-1
3,1,2
1,0,1
6,5,1
0,5,-5
0,10,-10
7,2,5
6,5,1
10,1,9
5,4,1
11,1,10
1,1,0
0,1,-1
4,0,4
1,0,1
4,0,4
5,2,3
9,4,5
5,0,5
23,17,6
8,1,7
1,0,1
2,2,0
0,0,0
1,0,1
20,44,-24
0,0,0
5,2,3
19,4,15
12,0,12
9,5,4
9,0,9
3,2,1
1,0,1
8,8,0
0,0,0
1,2,-1
8,1,7
1,0,1
6,2,4
10,4,6
1,1,0
4,0,4
6,1,5
1,0,1
3,1,2
23,1,22
12,1,11
4,0,4
4,1,3
7,1,6
26,0,26
1,0,1
0,0,0
11,10,1
8,5,3
0,0,0
19,2,17
0,0,0
24,10,14
0,0,0
9,8,1
1,1,0
6,0,6
1,0,1
6,0,6
3,1,2
11,0,11
1,31,-30
2,5,-3
12,1,11
1,0,1
2,1,1
1,1,0
9,7,2
5,0,5
0,0,0
5,4,1
1,2,-1
8,0,8
2,2,0
0,0,0
7,0,7
0,0,0
21,2,19
3,0,3
0,2,-2
57,57,0
0,0,0
16,72,-56
1,2,-1
0,0,0
4,5,-1
0,0,0
2,1,1
0,0,0
22,0,22
3,3,0
3,0,3
25,0,25
2,0,2
1,0,1
1,0,1
8,0,8
0,0,0
9,5,4
2,0,2
5,29,-24
6,2,4
1,0,1
1,3,-2
2,0,2
3,1,2
0,1,-1
4,4,0
9,5,4
9,0,9
8,0,8
0,0,0
11,0,11
1,1,0
5,2,3
15,0,15
0,0,0
21,2,19
6,5,1
11,2,9
34,0,34
5,19,-14
0,0,0
8,4,4
6,2,4
1,5,-4
30,0,30
1,1,0
2,0,2
13,0,13
9,8,1
18,30,-12
1,5,-4
0,0,0
0,1,-1
0,0,0
7,0,7
0,0,0
5,0,5
0,0,0
3,3,0
1,0,1
2,0,2
2,0,2
4,2,2
6,8,-2
0,0,0
0,0,0
25,38,-13
0,3,-3
1,0,1
5,1,4
7,1,6
0,0,0
0,1,-1
11,0,11
0,0,0
4,3,1
6,6,0
4,0,4
1,0,1
5,4,1
2,0,2
5,1,4
0,0,0
5,0,5
6,0,6
0,0,0
0,0,0
14,1,13
5,1,4
18,1,17
3,0,3
14,5,9
16,13,3
6,2,4
8,1,7
7,20,-13
2,0,2
32,1,31
0,0,0
4,1,3
1,0,1
0,0,0
12,6,6
7,0,7
23,0,23
5,3,2
28,1,27
4,5,-1
2,4,-2
0,0,0
2,0,2
6,0,6
6,13,-7
0,1,-1
5,0,5
2,0,2
2,5,-3
24,4,20
2,1,1
10,6,4
57,0,57
1,0,1
0,1,-1
19,0,19
1,0,1
5,10,-5
1,2,-1
1,2,-1
2,0,2
0,0,0
0,0,0
13,3,10
1,0,1
0,0,0
2,0,2
13,8,5
13,0,13
9,2,7
0,0,0
10,3,7
17,31,-14
50,56,-6
2,1,1
6,0,6
7,5,2
8,2,6
3,13,-10
0,0,0
45,13,32
32,32,0
9,0,9
5,1,4
1,1,0
4,0,4
0,0,0
8,0,8
6,2,4
10,2,8
0,1,-1
0,0,0
0,2,-2
1,0,1
8,0,8
4,3,1
0,2,-2
7,0,7
34,0,34
5,0,5
15,0,15
4,1,3
8,1,7
3,0,3
19,0,19
1,4,-3
11,0,11
13,14,-1
0,0,0
0,0,0
5,1,4
0,0,0
10,1,9
1,0,1
0,0,0
13,58,-45
0,0,0
1,1,0
5,0,5
5,0,5
10,4,6
9,4,5
6,0,6
12,1,11
0,0,0
7,1,6
44,13,31
3,1,2
10,0,10
6,67,-61
7,1,6
1,0,1
0,3,-3
0,0,0
0,0,0
1,2,-1
14,0,14
0,1,-1
6,2,4
5,0,5
42,64,-22
42,4,38
0,2,-2
0,0,0
7,0,7
6,1,5
3,2,1
0,6,-6
3,1,2
5,1,4
12,2,10
7,1,6
15,0,15
5,1,4
0,3,-3
7,4,3
1,2,-1
1,0,1
62,18,44
7,10,-3
3,0,3
1,0,1
0,1,-1
7,0,7
5,1,4
3,5,-2
3,1,2
11,0,11
5,9,-4
24,0,24
1,0,1
8,1,7
6,2,4
1,1,0
5,20,-15
0,1,-1
5,0,5
29,2,27
0,0,0
1,3,-2
0,0,0
0,2,-2
6,6,0
45,39,6
2,0,2
15,0,15
4,2,2
11,2,9
20,4,16
2,1,1
3,2,1
1,0,1
0,0,0
10,5,5
0,0,0
2,0,2
6,0,6
7,0,7
11,6,5
1,0,1
10,5,5
35,0,35
19,1,18
2,0,2
64,2,62
8,5,3
2,0,2
25,8,17
0,0,0
0,0,0
5,3,2
1,3,-2
0,0,0
16,7,9
20,7,13
1,3,-2
8,0,8
19,0,19
2,0,2
17,1,16
1,0,1
1,1,0
5,1,4
1,0,1
13,0,13
10,0,10
28,1,27
0,0,0
2,2,0
1,2,-1
0,0,0
4,1,3
15,0,15
0,0,0
0,0,0
3,0,3
3,0,3
0,5,-5
9,0,9
0,0,0
0,0,0
1,8,-7
3,4,-1
0,0,0
4,0,4
0,0,0
1,0,1
2,1,1
0,0,0
0,0,0
0,0,0
10,0,10
0,2,-2
2,0,2
0,0,0
12,8,4
0,0,0
33,0,33
10,1,9
1,0,1
11,8,3
3,0,3
3,9,-6
6,8,-2
0,0,0
4,0,4
1,0,1
23,5,18
7,20,-13
2,0,2
10,1,9
5,2,3
8,0,8
0,0,0
2,0,2
0,0,0
23,1,22
6,9,-3
4,0,4
51,0,51
1,0,1
3,9,-6
8,0,8
13,1,12
3,1,2
0,1,-1
0,0,0
1,0,1
0,0,0
3,4,-1
1,0,1
0,0,0
7,0,7
6,0,6
1,0,1
9,0,9
0,0,0
4,0,4
21,2,19
2,0,2
26,0,26
3,8,-5
1,4,-3
0,0,0
3,6,-3
7,0,7
8,2,6
0,0,0
2,0,2
1,2,-1
5,0,5
8,18,-10
0,2,-2
8,17,-9
2,0,2
7,2,5
11,3,8
7,6,1
3,3,0
22,5,17
5,4,1
4,7,-3
16,0,16
0,0,0
0,0,0
3,0,3
1,1,0
0,0,0
1,3,-2
9,4,5
7,4,3
6,0,6
6,0,6
6,1,5
0,6,-6
2,1,1
15,3,12
12,0,12
3,2,1
4,0,4
6,1,5
2,0,2
0,0,0
30,0,30
1,1,0
15,1,14
0,0,0
25,3,22
0,0,0
4,1,3
5,2,3
2,0,2
9,6,3
1,0,1
3,0,3
5,1,4
18,1,17
28,20,8
0,0,0
5,0,5
0,1,-1
2,2,0
2,2,0
25,0,25
0,0,0
2,3,-1
12,2,10
11,6,5
2,1,1
5,3,2
0,1,-1
1,0,1
0,0,0
8,1,7
0,2,-2
0,0,0
3,0,3
36,8,28
1,0,1
4,0,4
35,15,20
6,0,6
0,0,0
0,0,0
4,3,1
5,0,5
1,1,0
27,1,26
22,19,3
4,0,4
26,1,25
4,1,3
5,4,1
22,0,22
5,6,-1
8,0,8
1,0,1
10,2,8
0,0,0
4,0,4
0,0,0
0,2,-2
8,1,7
0,0,0
2,0,2
4,0,4
3,0,3
9,5,4
11,1,10
0,1,-1
9,0,9
3,4,-1
14,9,5
4,0,4
19,51,-32
2,1,1
0,1,-1
0,1,-1
4,3,1
5,0,5
4,0,4
4,1,3
12,0,12
0,0,0
3,0,3
6,0,6
17,1,16
3,0,3
15,0,15
2,0,2
23,0,23
2,3,-1
0,1,-1
12,5,7
30,42,-12
19,1,18
0,0,0
1,5,-4
28,11,17
4,0,4
6,1,5
2,2,0
28,0,28
0,0,0
18,2,16
1,0,1
11,0,11
2,0,2
0,0,0
1,3,-2
0,0,0
49,3,46
0,0,0
9,1,8
4,3,1
3,1,2
5,0,5
1,0,1
5,17,-12
6,1,5
5,15,-10
5,2,3
7,13,-6
0,0,0
4,4,0
1,1,0
0,7,-7
1,0,1
19,18,1
6,0,6
2,1,1
4,1,3
7,4,3
46,0,46
3,5,-2
1,2,-1
9,1,8
6,2,4
17,0,17
40,37,3
36,14,22
10,2,8
7,0,7
3,0,3
0,2,-2
1,1,0
38,1,37
7,4,3
5,2,3
7,0,7
20,18,2
0,4,-4
30,13,17
4,0,4
5,0,5
0,0,0
2,0,2
16,35,-19
1,0,1
3,0,3
4,0,4
2,0,2
15,0,15
0,2,-2
12,47,-35
25,0,25
0,0,0
0,0,0
3,5,-2
7,14,-7
17,7,10
4,0,4
35,10,25
7,0,7
16,0,16
0,0,0
0,0,0
15,20,-5
2,0,2
0,0,0
17,2,15
4,1,3
5,1,4
7,0,7
0,0,0
20,0,20
31,0,31
13,2,11
0,0,0
0,0,0
1,0,1
3,0,3
3,0,3
17,0,17
8,4,4
3,1,2
1,0,1
14,5,9
4,0,4
2,0,2
1,0,1
0,1,-1
10,0,10
25,0,25
13,9,4
0,0,0
6,0,6
5,4,1
0,4,-4
0,1,-1
0,1,-1
0,0,0
4,1,3
11,0,11
10,0,10
0,0,0
5,41,-36
12,0,12
6,1,5
11,2,9
1,0,1
29,0,29
13,5,8
1,1,0
2,1,1
0,4,-4
6,1,5
33,0,33
0,1,-1
6,5,1
2,0,2
13,9,4
2,0,2
0,0,0
7,12,-5
22,1,21
2,0,2
17,1,16
2,1,1
0,1,-1
1,0,1
2,0,2
8,3,5
2,2,0
12,2,10
17,0,17
1,0,1
6,3,3
3,0,3
17,1,16
4,0,4
3,0,3
12,1,11
2,0,2
12,6,6
7,0,7
5,0,5
13,3,10
22,6,16
0,0,0
5,2,3
11,0,11
0,0,0
3,5,-2
3,0,3
12,1,11
46,8,38
12,0,12
4,0,4
0,0,0
4,0,4
35,0,35
3,0,3
11,6,5
0,8,-8
6,0,6
9,4,5
9,6,3
5,0,5
11,8,3
6,1,5
13,17,-4
5,2,3
0,0,0
22,6,16
1,2,-1
2,23,-21
1,0,1
0,3,-3
5,0,5
3,7,-4
2,1,1
13,8,5
4,1,3
17,0,17
0,0,0
19,0,19
10,16,-6
22,0,22
9,0,9
1,0,1
28,0,28
0,0,0
8,0,8
1,1,0
2,0,2
1,2,-1
3,3,0
1,0,1
3,1,2
3,2,1
7,1,6
11,2,9
16,2,14
1,2,-1
12,22,-10
1,0,1
10,1,9
3,0,3
0,0,0
5,0,5
0,0,0
3,0,3
0,0,0
1,0,1
12,2,10
6,4,2
0,1,-1
6,0,6
2,1,1
2,2,0
7,0,7
1,0,1
9,8,1
2,2,0
13,0,13
8,8,0
0,0,0
5,0,5
7,0,7
1,2,-1
1,7,-6
10,0,10
9,0,9
5,3,2
4,0,4
0,0,0
13,5,8
10,4,6
17,0,17
6,0,6
15,1,14
11,0,11
2,1,1
1,2,-1
0,4,-4
2,2,0
2,0,2
12,2,10
9,0,9
2,0,2
1,1,0
0,0,0
7,1,6
0,0,0
1,3,-2
0,6,-6
0,19,-19
9,0,9
10,0,10
4,2,2
3,15,-12
1,0,1
7,7,0
0,0,0
4,1,3
8,1,7
1,0,1
7,2,5
0,2,-2
4,1,3
2,0,2
0,6,-6
3,2,1
0,1,-1
2,1,1
0,0,0
0,0,0
1,0,1
28,66,-38
1,1,0
1,0,1
11,0,11
8,3,5
7,0,7
0,0,0
27,1,26
2,6,-4
9,0,9
7,10,-3
0,1,-1
8,2,6
15,0,15
20,2,18
3,3,0
7,0,7
1,0,1
0,0,0
29,49,-20
9,0,9
1,0,1
2,2,0
24,0,24
2,7,-5
11,1,10
2,0,2
2,0,2
0,0,0
2,1,1
7,2,5
5,8,-3
5,1,4
2,4,-2
10,1,9
2,5,-3
4,0,4
2,1,1
0,0,0
6,1,5
5,1,4
0,0,0
18,0,18
4,1,3
44,33,11
1,0,1
28,21,7
5,0,5
3,0,3
1,1,0
18,1,17
2,10,-8
1,1,0
6,1,5
3,0,3
15,13,2
6,1,5
18,6,12
1,0,1
5,2,3
68,0,68
4,0,4
1,0,1
6,4,2
0,0,0
0,0,0
1,2,-1
5,0,5
31,26,5
20,0,20
6,45,-39
0,0,0
1,1,0
10,0,10
0,0,0
13,17,-4
3,0,3
0,0,0
0,0,0
0,0,0
15,4,11
2,0,2
20,2,18
0,2,-2
1,2,-1
2,1,1
12,1,11
1,1,0
0,1,-1
1,1,0
6,0,6
16,1,15
29,0,29
1,1,0
3,1,2
2,2,0
5,5,0
10,3,7
8,6,2
1,0,1
15,4,11
1,0,1
5,0,5
3,5,-2
1,0,1
1,0,1
0,0,0
3,2,1
0,1,-1
5,0,5
5,2,3
1,0,1
15,15,0
4,4,0
2,4,-2
0,0,0
0,7,-7
1,1,0
1,1,0
14,5,9
0,0,0
3,0,3
4,1,3
10,0,10
1,3,-2
0,0,0
10,21,-11
7,0,7
0,0,0
1,0,1
3,2,1
0,0,0
29,4,25
3,3,0
9,8,1
2,2,0
3,1,2
34,34,0
0,0,0
2,0,2
6,0,6
4,0,4
5,21,-16
0,0,0
11,0,11
3,0,3
3,0,3
7,2,5
10,8,2
2,0,2
17,14,3
3,8,-5
1,1,0
0,0,0
0,0,0
1,0,1
1,0,1
5,5,0
0,0,0
5,1,4
5,0,5
2,0,2
3,2,1
1,6,-5
11,34,-23
3,0,3
9,0,9
0,0,0
2,0,2
0,0,0
1,10,-9
39,83,-44
3,0,3
9,5,4
21,1,20
5,1,4
0,0,0
1,0,1
0,0,0
9,1,8
4,0,4
12,2,10
20,0,20
0,0,0
2,3,-1
0,0,0
0,0,0
3,2,1
0,0,0
0,0,0
5,2,3
0,0,0
3,1,2
24,0,24
14,9,5
1,0,1
5,4,1
0,47,-47
4,0,4
5,0,5
4,2,2
0,2,-2
7,9,-2
9,6,3
8,0,8
17,37,-20
2,0,2
15,0,15
17,3,14
2,0,2
0,4,-4
0,1,-1
0,5,-5
3,1,2
1,0,1
0,2,-2
1,1,0
12,1,11
3,6,-3
4,0,4
11,0,11
8,4,4
3,0,3
0,0,0
2,0,2
12,4,8
0,0,0
0,0,0
0,0,0
1,0,1
4,2,2
3,4,-1
28,0,28
0,0,0
6,1,5
12,0,12
3,1,2
0,1,-1
18,19,-1
1,0,1
2,3,-1
6,9,-3
5,1,4
2,0,2
1,0,1
0,0,0
0,0,0
0,0,0
1,2,-1
5,2,3
1,1,0
0,0,0
16,6,10
9,3,6
0,0,0
20,50,-30
4,2,2
17,2,15
3,5,-2
5,0,5
1,0,1
3,1,2
4,1,3
9,0,9
13,0,13
1,9,-8
14,15,-1
2,2,0
17,6,11
1,0,1
5,0,5
0,0,0
14,2,12
2,0,2
0,0,0
0,0,0
2,1,1
2,2,0
1,0,1
0,0,0
5,2,3
20,70,-50
0,0,0
6,2,4
4,0,4
53,33,20
6,2,4
1,5,-4
0,4,-4
12,0,12
8,2,6
23,6,17
1,0,1
2,1,1
6,1,5
24,0,24
1,2,-1
6,4,2
0,1,-1
0,2,-2
1,0,1
9,0,9
10,0,10
3,0,3
0,0,0
29,0,29
15,0,15
0,4,-4
4,0,4
5,0,5
2,6,-4
0,1,-1
2,4,-2
0,0,0
3,0,3
0,1,-1
1,0,1
5,2,3
1,1,0
0,0,0
2,1,1
14,5,9
25,1,24
0,0,0
4,5,-1
26,1,25
0,10,-10
0,0,0
0,4,-4
0,0,0
4,14,-10
3,2,1
7,6,1
0,0,0
3,34,-31
0,1,-1
9,2,7
6,0,6
0,1,-1
8,2,6
6,3,3
7,4,3
1,0,1
53,0,53
0,0,0
8,2,6
0,1,-1
0,0,0
1,0,1
2,0,2
23,0,23
3,3,0
3,2,1
0,0,0
0,7,-7
2,15,-13
11,0,11
1,0,1
27,14,13
29,1,28
4,1,3
12,1,11
0,13,-13
7,4,3
0,0,0
1,0,1
2,0,2
13,1,12
7,2,5
0,0,0
6,0,6
4,1,3
0,1,-1
1,0,1
13,14,-1
2,1,1
3,0,3
1,2,-1
1,0,1
1,1,0
1,0,1
37,0,37
5,0,5
0,0,0
15,1,14
9,0,9
15,0,15
19,1,18
0,0,0
0,0,0
43,20,23
6,48,-42
10,12,-2
4,0,4
4,1,3
34,66,-32
1,0,1
18,1,17
8,0,8
2,0,2
24,0,24
2,0,2
14,2,12
1,0,1
0,1,-1
5,2,3
8,0,8
33,0,33
14,14,0
3,0,3
10,0,10
0,0,0
0,0,0
1,0,1
1,1,0
2,0,2
11,4,7
6,5,1
0,0,0
0,0,0
19,13,6
1,0,1
6,0,6
1,0,1
13,1,12
3,1,2
15,3,12
4,2,2
2,1,1
21,0,21
32,1,31
1,7,-6
1,0,1
0,46,-46
0,0,0
0,2,-2
10,3,7
4,0,4
4,0,4
11,0,11
3,0,3
21,0,21
0,1,-1
9,0,9
0,0,0
1,6,-5
18,1,17
15,0,15
14,2,12
1,0,1
0,1,-1
17,0,17
1,0,1
5,0,5
13,15,-2
2,1,1
4,0,4
6,3,3
27,0,27
1,0,1
4,1,3
4,0,4
3,0,3
0,1,-1
9,0,9
2,17,-15
13,1,12
0,0,0
7,1,6
21,0,21
7,0,7
18,16,2
24,0,24
7,1,6
0,10,-10
20,0,20
8,0,8
5,0,5
0,0,0
2,0,2
20,0,20
2,1,1
5,0,5
6,5,1
16,1,15
0,0,0
3,2,1
4,1,3
26,3,23
14,19,-5
0,0,0
0,2,-2
8,0,8
0,0,0
2,0,2
10,0,10
1,1,0
11,1,10
4,5,-1
2,0,2
0,2,-2
2,0,2
2,0,2
7,0,7
8,0,8
61,1,60
1,0,1
1,0,1
9,5,4
2,7,-5
4,7,-3
3,0,3
0,0,0
1,2,-1
1,4,-3
8,1,7
3,0,3
15,1,14
0,0,0
6,5,1
3,9,-6
1,5,-4
1,0,1
6,6,0
8,0,8
0,0,0
3,1,2
12,4,8
5,0,5
0,1,-1
1,0,1
6,1,5
1,2,-1
1,0,1
1,0,1
0,0,0
14,1,13
11,2,9
2,0,2
0,0,0
5,0,5
27,1,26
4,2,2
9,0,9
0,1,-1
27,0,27
6,1,5
0,1,-1
1,0,1
7,0,7
5,2,3
12,16,-4
1,2,-1
11,22,-11
0,2,-2
11,41,-30
3,1,2
28,0,28
0,0,0
1,0,1
1,0,1
28,13,15
25,0,25
3,4,-1
3,0,3
2,0,2
1,1,0
0,0,0
0,0,0
4,0,4
4,0,4
35,9,26
5,0,5
7,0,7
0,0,0
1,0,1
0,0,0
58,35,23
4,0,4
19,14,5
3,0,3
1,0,1
0,2,-2
29,9,20
0,0,0
10,13,-3
0,9,-9
20,1,19
9,0,9
5,3,2
20,1,19
6,0,6
0,0,0
0,0,0
13,7,6
1,0,1
1,0,1
2,6,-4
14,6,8
0,23,-23
29,2,27
6,1,5
7,4,3
0,0,0
0,3,-3
1,0,1
3,1,2
0,0,0
0,0,0
9,20,-11
1,1,0
18,15,3
8,0,8
5,5,0
5,8,-3
4,0,4
4,2,2
2,2,0
7,2,5
8,0,8
3,1,2
0,5,-5
43,7,36
6,0,6
0,11,-11
1,1,0
0,0,0
11,6,5
6,0,6
6,0,6
4,1,3
5,3,2
1,0,1
7,5,2
9,0,9
3,1,2
12,1,11
0,0,0
4,4,0
15,2,13
6,87,-81
11,1,10
3,4,-1
2,0,2
0,0,0
19,1,18
22,2,20
3,1,2
2,1,1
3,8,-5
2,2,0
2,0,2
3,0,3
3,1,2
4,2,2
5,9,-4
11,14,-3
29,1,28
4,2,2
5,5,0
1,0,1
14,0,14
119,119,0
2,6,-4
3,1,2
2,15,-13
3,0,3
2,1,1
1,0,1
12,0,12
0,0,0
6,0,6
6,2,4
3,0,3
1,2,-1
1,3,-2
2,1,1
20,6,14
10,2,8
0,0,0
9,0,9
3,0,3
0,0,0
0,0,0
8,10,-2
1,0,1
2,4,-2
0,0,0
4,4,0
7,0,7
1,1,0
23,1,22
1,1,0
47,33,14
2,43,-41
3,2,1
15,0,15
4,0,4
0,0,0
7,3,4
3,2,1
1,0,1
0,0,0
1,0,1
9,0,9
3,0,3
8,10,-2
2,0,2
0,0,0
6,0,6
1,4,-3
9,13,-4
5,1,4
3,5,-2
0,5,-5
0,0,0
2,2,0
5,2,3
20,0,20
44,0,44
17,3,14
4,0,4
4,0,4
2,18,-16
1,1,0
64,0,64
18,0,18
2,1,1
2,0,2
2,0,2
15,41,-26
24,17,7
9,1,8
1,0,1
0,1,-1
9,9,0
45,61,-16
6,4,2
0,0,0
2,2,0
1,1,0
1,4,-3
1,4,-3
6,2,4
4,1,3
12,0,12
3,0,3
0,0,0
1,0,1
1,1,0
7,2,5
1,0,1
2,0,2
3,1,2
1,3,-2
0,0,0
3,0,3
1,0,1
5,1,4
3,0,3
2,0,2
15,3,12
2,0,2
2,2,0
3,1,2
1,2,-1
2,0,2
4,0,4
2,0,2
0,1,-1
12,0,12
0,0,0
6,7,-1
7,5,2
3,0,3
9,0,9
6,1,5
3,0,3
0,0,0
12,0,12
2,1,1
1,0,1
0,4,-4
5,0,5
10,0,10
6,2,4
2,7,-5
0,1,-1
9,1,8
9,0,9
3,2,1
1,9,-8
1,0,1
10,6,4
24,18,6
1,1,0
0,0,0
15,1,14
11,4,7
3,1,2
14,1,13
0,0,0
0,0,0
7,6,1
3,0,3
14,3,11
0,0,0
8,3,5
0,0,0
3,2,1
7,8,-1
2,1,1
9,0,9
7,0,7
1,0,1
0,0,0
3,4,-1
0,0,0
15,1,14
28,46,-18
3,0,3
17,10,7
22,2,20
7,0,7
29,3,26
4,4,0
10,0,10
19,1,18
5,0,5
3,1,2
12,0,12
2,4,-2
7,3,4
1,1,0
0,0,0
0,0,0
0,0,0
4,0,4
16,69,-53
50,76,-26
27,0,27
13,10,3
3,8,-5
27,4,23
2,0,2
13,2,11
1,1,0
3,1,2
1,0,1
9,11,-2
0,0,0
1,0,1
1,1,0
3,0,3
0,0,0
0,1,-1
12,0,12
0,0,0
2,14,-12
0,0,0
0,0,0
5,1,4
0,0,0
0,0,0
12,0,12
0,1,-1
11,5,6
10,2,8
4,10,-6
3,0,3
3,0,3
3,5,-2
1,0,1
0,0,0
12,1,11
0,1,-1
6,0,6
1,0,1
8,0,8
11,0,11
26,0,26
0,0,0
4,0,4
12,44,-32
2,0,2
5,0,5
3,0,3
7,0,7
1,1,0
0,0,0
8,9,-1
42,5,37
5,4,1
9,0,9
7,6,1
2,1,1
0,0,0
14,0,14
0,0,0
3,5,-2
2,0,2
0,0,0
12,0,12
4,1,3
20,12,8
1,0,1
9,14,-5
8,8,0
4,1,3
6,2,4
0,3,-3
15,5,10
12,0,12
0,0,0
9,0,9
0,0,0
1,0,1
4,0,4
4,4,0
5,1,4
1,3,-2
14,1,13
2,1,1
2,2,0
8,1,7
15,0,15
2,0,2
2,0,2
10,0,10
0,0,0
6,1,5
3,0,3
2,1,1
0,0,0
17,2,15
3,1,2
0,0,0
30,42,-12
0,0,0
6,1,5
8,0,8
0,0,0
26,13,13
16,0,16
1,0,1
2,2,0
8,19,-11
8,8,0
1,5,-4
1,0,1
1,0,1
0,1,-1
0,0,0
2,1,1
4,2,2
1,0,1
8,0,8
2,1,1
9,2,7
12,2,10
8,39,-31
0,0,0
1,0,1
11,1,10
9,4,5
19,58,-39
0,0,0
4,0,4
8,0,8
9,1,8
1,1,0
0,1,-1
12,15,-3
13,4,9
1,1,0
10,3,7
0,0,0
2,5,-3
0,0,0
6,7,-1
4,1,3
9,7,2
18,1,17
2,5,-3
10,0,10
1,0,1
8,2,6
0,0,0
0,0,0
1,1,0
0,0,0
2,0,2
0,0,0
9,4,5
0,0,0
1,1,0
3,1,2
5,0,5
1,1,0
4,0,4
11,6,5
17,1,16
5,0,5
0,0,0
12,1,11
3,2,1
1,1,0
5,0,5
5,0,5
0,0,0
6,2,4
0,1,-1
1,0,1
9,0,9
1,4,-3
2,1,1
0,1,-1
1,1,0
0,0,0
0,0,0
2,1,1
1,5,-4
4,0,4
25,1,24
1,4,-3
26,4,22
8,20,-12
15,12,3
21,1,20
1,4,-3
5,1,4
0,3,-3
0,0,0
7,3,4
1,0,1
21,13,8
1,1,0
0,0,0
0,0,0
5,0,5
3,33,-30
6,0,6
6,2,4
0,0,0
6,2,4
1,0,1
16,0,16
58,1,57
21,0,21
10,0,10
4,9,-5
16,7,9
6,1,5
7,2,5
3,0,3
13,0,13
7,2,5
3,0,3
2,0,2
2,1,1
10,0,10
2,1,1
1,1,0
0,0,0
1,0,1
1,0,1
2,0,2
0,0,0
1,0,1
9,2,7
13,0,13
11,0,11
1,0,1
18,0,18
6,1,5
5,1,4
6,1,5
6,7,-1
2,1,1
0,0,0
1,1,0
0,0,0
5,0,5
1,1,0
14,0,14
1,0,1
1,1,0
5,5,0
4,0,4
12,0,12
11,8,3
2,0,2
12,0,12
11,0,11
9,7,2
0,0,0
15,0,15
6,1,5
26,2,24
2,0,2
9,2,7
6,2,4
3,0,3
0,0,0
1,3,-2
6,3,3
3,2,1
0,0,0
4,1,3
14,0,14
3,9,-6
2,1,1
4,0,4
10,1,9
1,6,-5
1,0,1
11,1,10
0,0,0
1,0,1
1,0,1
5,6,-1
5,1,4
35,1,34
20,0,20
0,0,0
16,1,15
1,1,0
0,0,0
6,2,4
0,3,-3
4,7,-3
25,1,24
56,1,55
12,0,12
3,0,3
1,0,1
4,1,3
3,0,3
11,0,11
7,4,3
0,1,-1
0,0,0
0,0,0
4,2,2
0,0,0
2,5,-3
2,0,2
6,0,6
8,0,8
15,5,10
8,4,4
11,0,11
16,0,16
0,0,0
18,0,18
38,4,34
1,0,1
1,0,1
5,1,4
30,0,30
3,0,3
0,2,-2
0,1,-1
8,0,8
13,2,11
0,1,-1
11,1,10
0,0,0
10,0,10
10,0,10
3,2,1
3,0,3
36,1,35
0,4,-4
0,2,-2
11,4,7
0,2,-2
8,0,8
0,0,0
0,3,-3
0,0,0
16,0,16
3,1,2
0,0,0
11,0,11
35,1,34
1,1,0
0,2,-2
1,0,1
2,0,2
7,4,3
1,8,-7
12,6,6
4,1,3
1,5,-4
15,2,13
0,1,-1
0,0,0
34,13,21
1,0,1
6,1,5
22,2,20
35,1,34
188,4,184
0,5,-5
0,3,-3
17,4,13
18,0,18
0,0,0
1,2,-1
1,1,0
0,0,0
6,0,6
5,1,4
4,3,1
22,0,22
6,1,5
9,1,8
5,3,2
3,4,-1
0,2,-2
17,0,17
0,0,0
3,7,-4
2,4,-2
3,0,3
1,0,1
8,1,7
9,0,9
5,4,1
0,0,0
1,0,1
9,1,8
8,2,6
2,1,1
6,6,0
18,0,18
30,1,29
4,29,-25
0,1,-1
43,0,43
0,0,0
0,0,0
1,0,1
9,8,1
2,0,2
7,9,-2
28,0,28
5,0,5
2,1,1
20,14,6
4,2,2
9,15,-6
10,0,10
0,4,-4
13,58,-45
0,4,-4
0,5,-5
5,0,5
16,0,16
0,0,0
2,0,2
4,3,1
4,4,0
20,2,18
9,8,1
28,1,27
1,0,1
0,0,0
8,6,2
6,5,1
12,1,11
33,21,12
0,1,-1
0,0,0
1,0,1
24,2,22
3,0,3
2,1,1
2,8,-6
5,0,5
5,5,0
2,0,2
0,0,0
17,1,16
4,5,-1
17,2,15
5,1,4
4,1,3
5,1,4
0,0,0
22,0,22
15,1,14
2,2,0
43,58,-15
3,3,0
1,0,1
4,2,2
0,0,0
4,2,2
3,0,3
0,0,0
1,0,1
0,0,0
6,1,5
3,3,0
11,1,10
3,7,-4
3,0,3
0,0,0
6,4,2
6,0,6
2,0,2
0,0,0
2,3,-1
1,23,-22
0,0,0
24,0,24
7,2,5
9,0,9
3,1,2
1,0,1
3,0,3
6,0,6
16,1,15
5,6,-1
2,0,2
8,5,3
4,2,2
0,3,-3
17,0,17
2,4,-2
0,0,0
11,0,11
0,0,0
26,2,24
3,4,-1
3,2,1
8,6,2
1,3,-2
1,0,1
18,3,15
1,0,1
1,0,1
0,6,-6
4,0,4
0,0,0
7,0,7
8,5,3
1,0,1
14,0,14
1,2,-1
2,17,-15
3,0,3
3,2,1
11,0,11
32,3,29
3,0,3
6,1,5
7,2,5
9,0,9
1,0,1
13,0,13
2,2,0
0,0,0
18,8,10
2,0,2
5,1,4
6,0,6
3,0,3
9,9,0
2,0,2
0,0,0
1,7,-6
0,0,0
3,1,2
4,0,4
2,0,2
0,0,0
30,3,27
11,0,11
1,0,1
4,1,3
5,44,-39
6,0,6
11,0,11
7,3,4
31,9,22
0,0,0
4,0,4
3,1,2
0,0,0
3,0,3
2,0,2
5,1,4
7,6,1
1,10,-9
0,0,0
6,0,6
6,5,1
5,1,4
2,0,2
11,6,5
4,0,4
11,0,11
10,1,9
0,0,0
12,0,12
0,7,-7
11,1,10
6,0,6
3,7,-4
3,0,3
19,1,18
0,0,0
9,0,9
13,1,12
12,0,12
0,2,-2
0,0,0
5,0,5
11,6,5
10,0,10
12,3,9
0,1,-1
0,4,-4
0,0,0
3,0,3
1,1,0
2,0,2
1,0,1
2,3,-1
0,0,0
17,5,12
2,1,1
2,3,-1
0,0,0
15,1,14
0,1,-1
50,10,40
3,0,3
1,0,1
4,0,4
2,1,1
2,0,2
12,0,12
8,1,7
2,0,2
6,4,2
1,0,1
6,0,6
4,1,3
4,0,4
6,8,-2
46,0,46
9,4,5
0,0,0
2,1,1
10,0,10
2,2,0
9,0,9
0,3,-3
65,0,65
20,0,20
14,0,14
15,35,-20
25,19,6
1,0,1
3,0,3
5,5,0
4,0,4
13,0,13
13,7,6
1,0,1
1,0,1
0,0,0
5,5,0
0,0,0
13,1,12
1,0,1
2,17,-15
19,39,-20
22,3,19
8,4,4
1,0,1
1,9,-8
1,0,1
2,3,-1
7,7,0
0,1,-1
6,0,6
11,2,9
0,1,-1
4,8,-4
3,1,2
29,5,24
50,0,50
7,3,4
14,2,12
4,2,2
0,1,-1
1,0,1
8,2,6
7,1,6
1,1,0
0,0,0
19,14,5
1,0,1
0,0,0
8,0,8
4,0,4
8,0,8
12,0,12
4,0,4
1,0,1
7,0,7
22,2,20
0,0,0
9,0,9
3,1,2
2,0,2
31,2,29
4,0,4
1,0,1
5,0,5
2,0,2
2,0,2
2,0,2
18,10,8
3,6,-3
0,0,0
0,0,0
1,0,1
22,2,20
7,7,0
3,0,3
17,21,-4
2,1,1
6,0,6
3,0,3
1,0,1
3,0,3
0,0,0
5,0,5
12,0,12
0,1,-1
2,0,2
13,4,9
4,0,4
5,0,5
19,14,5
3,1,2
8,3,5
4,0,4
3,5,-2
6,2,4
1,1,0
27,0,27
13,30,-17
19,1,18
1,2,-1
7,0,7
1,0,1
20,4,16
0,0,0
17,1,16
3,0,3
1,0,1
6,0,6
10,4,6
17,3,14
1,0,1
0,0,0
16,18,-2
8,0,8
8,4,4
17,18,-1
0,0,0
9,2,7
0,0,0
16,4,12
5,1,4
3,2,1
3,0,3
8,4,4
7,14,-7
7,1,6
5,0,5
10,1,9
5,0,5
9,1,8
12,5,7
5,1,4
7,0,7
20,0,20
2,2,0
0,0,0
5,0,5
2,0,2
4,0,4
0,0,0
4,2,2
0,0,0
0,2,-2
13,9,4
1,0,1
0,0,0
11,11,0
2,8,-6
0,0,0
0,0,0
0,2,-2
4,0,4
6,0,6
8,0,8
30,2,28
3,3,0
5,1,4
0,0,0
0,1,-1
1,1,0
0,0,0
0,2,-2
14,2,12
4,0,4
8,4,4
0,0,0
2,14,-12
12,12,0
2,0,2
0,0,0
7,1,6
0,0,0
0,0,0
6,9,-3
13,0,13
3,22,-19
1,1,0
4,0,4
0,1,-1
0,0,0
3,1,2
33,0,33
11,4,7
0,0,0
14,15,-1
5,2,3
11,16,-5
3,5,-2
12,0,12
5,3,2
3,1,2
11,1,10
12,7,5
4,0,4
0,0,0
0,0,0
25,10,15
7,2,5
4,2,2
0,0,0
1,1,0
2,0,2
2,0,2
6,0,6
3,0,3
13,2,11
5,5,0
1,0,1
2,5,-3
13,0,13
37,51,-14
18,0,18
11,0,11
2,0,2
4,4,0
8,0,8
3,1,2
2,0,2
17,10,7
3,0,3
4,0,4
7,0,7
6,0,6
6,0,6
5,1,4
5,6,-1
10,0,10
0,0,0
41,4,37
22,11,11
25,13,12
3,5,-2
4,0,4
32,1,31
12,11,1
5,1,4
17,1,16
1,0,1
71,1,70
6,1,5
2,0,2
7,0,7
3,0,3
0,0,0
1,0,1
0,0,0
0,6,-6
4,1,3
0,0,0
14,29,-15
33,33,0
8,0,8
6,2,4
1,0,1
0,4,-4
13,0,13
1,0,1
2,0,2
5,1,4
13,4,9
5,1,4
3,0,3
3,3,0
4,1,3
16,2,14
0,1,-1
4,1,3
1,0,1
6,0,6
1,0,1
8,1,7
7,1,6
1,1,0
11,1,10
9,0,9
10,1,9
1,0,1
0,20,-20
0,0,0
1,0,1
2,1,1
0,0,0
0,18,-18
4,1,3
8,0,8
0,1,-1
0,2,-2
3,0,3
3,3,0
0,0,0
9,2,7
3,1,2
0,1,-1
27,1,26
8,10,-2
0,0,0
9,5,4
8,4,4
20,1,19
7,0,7
26,2,24
1,5,-4
0,1,-1
0,1,-1
7,2,5
14,0,14
7,8,-1
4,9,-5
1,2,-1
0,0,0
17,0,17
5,2,3
0,0,0
13,28,-15
4,0,4
0,0,0
9,1,8
0,0,0
7,5,2
1,1,0
0,1,-1
6,0,6
5,3,2
51,3,48
7,7,0
16,4,12
17,1,16
4,0,4
39,41,-2
2,13,-11
0,0,0
0,0,0
5,5,0
2,10,-8
15,3,12
1,0,1
2,29,-27
9,0,9
0,0,0
0,0,0
2,0,2
10,3,7
20,1,19
2,2,0
1,0,1
3,2,1
4,1,3
3,3,0
3,1,2
6,0,6
0,2,-2
4,10,-6
0,0,0
1,0,1
0,5,-5
7,2,5
3,0,3
0,0,0
12,1,11
21,2,19
2,7,-5
25,0,25
1,2,-1
1,0,1
39,0,39
2,11,-9
0,0,0
3,0,3
0,2,-2
1,0,1
10,2,8
0,1,-1
4,1,3
1,1,0
7,0,7
1,1,0
2,1,1
3,5,-2
1,0,1
16,7,9
44,19,25
7,0,7
0,1,-1
1,0,1
5,1,4
12,0,12
0,0,0
6,1,5
1,34,-33
0,0,0
3,0,3
0,0,0
2,1,1
14,10,4
3,3,0
1,0,1
6,1,5
36,1,35
3,0,3
7,0,7
3,42,-39
0,1,-1
1,0,1
3,0,3
0,1,-1
5,4,1
2,1,1
0,0,0
7,0,7
1,1,0
1,2,-1
0,0,0
3,1,2
7,0,7
0,1,-1
22,6,16
4,1,3
4,2,2
2,0,2
21,1,20
8,4,4
0,0,0
19,0,19
3,0,3
3,0,3
0,6,-6
8,9,-1
0,2,-2
17,1,16
4,10,-6
0,2,-2
5,6,-1
24,0,24
27,1,26
11,0,11
1,1,0
9,1,8
4,0,4
5,31,-26
11,4,7
0,0,0
12,0,12
15,8,7
1,0,1
0,0,0
1,0,1
24,8,16
0,0,0
16,0,16
2,2,0
1,0,1
4,1,3
7,3,4
42,42,0
8,5,3
5,5,0
4,0,4
2,2,0
22,0,22
2,0,2
1,1,0
7,18,-11
2,2,0
0,1,-1
1,3,-2
4,12,-8
1,1,0
1,1,0
0,2,-2
2,6,-4
0,0,0
0,0,0
13,0,13
1,0,1
11,10,1
8,5,3
0,0,0
13,3,10
7,2,5
2,1,1
7,4,3
0,0,0
17,3,14
0,1,-1
3,0,3
10,4,6
0,1,-1
14,17,-3
10,0,10
0,2,-2
3,1,2
0,1,-1
6,1,5
1,2,-1
3,0,3
2,0,2
0,0,0
10,3,7
0,0,0
10,1,9
15,0,15
0,0,0
2,3,-1
8,0,8
4,0,4
6,2,4
1,0,1
5,2,3
2,0,2
3,0,3
19,0,19
1,2,-1
1,0,1
8,0,8
24,4,20
0,0,0
4,0,4
16,44,-28
4,13,-9
14,10,4
5,13,-8
1,0,1
1,0,1
18,4,14
1,1,0
2,0,2
8,5,3
4,1,3
3,1,2
3,0,3
14,1,13
30,1,29
0,0,0
14,2,12
19,0,19
4,0,4
12,9,3
20,0,20
1,0,1
10,2,8
4,2,2
26,0,26
1,0,1
1,1,0
4,2,2
3,1,2
0,0,0
11,2,9
5,0,5
11,6,5
6,1,5
7,1,6
1,2,-1
20,0,20
1,2,-1
3,4,-1
6,6,0
7,0,7
24,2,22
6,4,2
5,0,5
0,1,-1
3,2,1
3,0,3
14,0,14
3,1,2
1,0,1
5,66,-61
12,1,11
3,4,-1
7,0,7
0,0,0
11,2,9
7,15,-8
3,0,3
1,1,0
0,0,0
5,0,5
0,0,0
12,0,12
1,0,1
6,15,-9
6,0,6
0,0,0
24,12,12
1,0,1
3,0,3
0,0,0
2,0,2
8,0,8
1,0,1
12,5,7
4,0,4
4,0,4
5,2,3
0,0,0
2,4,-2
1,0,1
15,16,-1
1,0,1
12,0,12
12,2,10
2,2,0
24,5,19
0,0,0
0,1,-1
8,0,8
3,1,2
3,2,1
0,0,0
3,0,3
6,0,6
17,1,16
5,0,5
16,5,11
0,0,0
7,6,1
11,0,11
0,6,-6
22,5,17
2,9,-7
0,0,0
6,0,6
23,1,22
4,4,0
10,0,10
1,0,1
0,0,0
7,0,7
5,2,3
5,3,2
8,1,7
0,0,0
6,13,-7
0,0,0
1,0,1
5,0,5
3,2,1
9,1,8
2,1,1
18,0,18
22,14,8
3,0,3
4,0,4
10,0,10
2,0,2
3,3,0
7,0,7
3,4,-1
9,1,8
1,1,0
4,5,-1
5,1,4
16,1,15
7,0,7
0,0,0
17,0,17
11,1,10
0,0,0
11,0,11
0,8,-8
0,0,0
0,0,0
0,0,0
18,1,17
3,1,2
20,16,4
8,0,8
6,11,-5
6,2,4
1,0,1
0,0,0
0,2,-2
55,1,54
4,2,2
0,3,-3
5,3,2
2,0,2
1,0,1
36,1,35
15,0,15
8,0,8
5,2,3
10,0,10
5,0,5
3,0,3
19,0,19
3,0,3
4,5,-1
6,0,6
5,0,5
10,17,-7
0,2,-2
4,1,3
3,0,3
1,0,1
1,0,1
0,1,-1
1,1,0
1,3,-2
10,0,10
0,0,0
0,8,-8
1,1,0
45,8,37
3,6,-3
3,0,3
2,0,2
8,2,6
0,0,0
0,3,-3
29,0,29
0,0,0
4,5,-1
19,4,15
0,0,0
0,0,0
0,0,0
34,13,21
1,1,0
0,0,0
4,4,0
2,1,1
1,0,1
2,0,2
2,0,2
8,1,7
17,0,17
6,1,5
0,1,-1
5,0,5
4,1,3
5,0,5
1,0,1
5,2,3
4,0,4
9,15,-6
2,2,0
16,0,16
0,0,0
29,7,22
10,0,10
101,76,25
4,4,0
0,0,0
1,0,1
2,1,1
7,0,7
0,0,0
7,0,7
11,8,3
0,0,0
2,0,2
27,3,24
20,4,16
10,6,4
6,1,5
12,0,12
5,1,4
0,0,0
22,5,17
1,0,1
5,7,-2
1,0,1
1,0,1
0,0,0
5,0,5
0,0,0
14,8,6
6,0,6
5,0,5
9,1,8
13,5,8
5,0,5
4,2,2
12,0,12
29,8,21
0,0,0
4,5,-1
16,1,15
3,0,3
17,37,-20
3,0,3
29,3,26
25,0,25
0,2,-2
0,1,-1
3,0,3
26,1,25
5,2,3
10,1,9
0,1,-1
7,8,-1
20,0,20
7,1,6
13,0,13
1,2,-1
37,0,37
37,0,37
1,0,1
11,3,8
1,4,-3
2,29,-27
2,0,2
18,8,10
9,0,9
3,48,-45
5,0,5
1,2,-1
0,0,0
2,4,-2
0,0,0
1,0,1
1,0,1
6,3,3
5,0,5
1,1,0
2,1,1
31,1,30
0,0,0
1,3,-2
1,0,1
3,12,-9
2,0,2
2,0,2
0,0,0
0,0,0
3,0,3
11,1,10
4,4,0
1,0,1
20,5,15
3,0,3
6,0,6
0,0,0
24,1,23
0,6,-6
0,0,0
6,10,-4
1,0,1
12,1,11
3,6,-3
0,0,0
2,0,2
1,4,-3
7,7,0
0,0,0
1,0,1
8,1,7
0,8,-8
5,3,2
1,2,-1
0,0,0
0,0,0
1,1,0
2,0,2
0,0,0
9,1,8
1,0,1
4,1,3
6,3,3
28,22,6
5,0,5
1,0,1
21,1,20
0,0,0
3,0,3
30,14,16
2,0,2
2,1,1
4,6,-2
30,23,7
1,1,0
4,0,4
12,2,10
14,6,8
1,0,1
2,0,2
16,1,15
3,2,1
2,3,-1
6,4,2
13,5,8
1,0,1
2,0,2
3,0,3
8,22,-14
1,4,-3
0,1,-1
3,20,-17
24,2,22
4,2,2
20,7,13
10,5,5
8,8,0
2,0,2
9,0,9
6,1,5
5,52,-47
2,1,1
2,0,2
10,10,0
2,0,2
1,0,1
4,0,4
24,0,24
8,0,8
50,78,-28
2,0,2
7,2,5
5,8,-3
8,0,8
2,5,-3
3,5,-2
1,0,1
0,2,-2
1,0,1
0,0,0
2,0,2
0,0,0
1,1,0
7,0,7
0,0,0
13,7,6
8,1,7
2,1,1
1,3,-2
2,0,2
42,8,34
2,4,-2
1,0,1
6,2,4
0,0,0
7,0,7
0,2,-2
3,0,3
7,1,6
20,4,16
3,59,-56
4,0,4
0,0,0
2,0,2
23,0,23
0,0,0
7,0,7
3,0,3
0,0,0
7,5,2
0,0,0
17,3,14
13,141,-128
3,0,3
0,4,-4
24,0,24
11,11,0
0,1,-1
2,0,2
0,0,0
0,4,-4
20,9,11
2,0,2
4,0,4
4,2,2
14,4,10
26,2,24
6,4,2
1,0,1
9,7,2
9,0,9
0,0,0
6,3,3
7,0,7
25,0,25
0,0,0
12,18,-6
1,0,1
3,37,-34
3,0,3
54,47,7
0,0,0
2,0,2
0,0,0
0,0,0
0,0,0
3,0,3
0,0,0
1,2,-1
13,0,13
6,6,0
0,0,0
0,0,0
0,0,0
20,4,16
6,1,5
7,0,7
0,0,0
2,6,-4
5,6,-1
0,2,-2
14,3,11
1,1,0
25,0,25
8,1,7
8,4,4
3,8,-5
15,8,7
5,2,3
20,1,19
3,5,-2
12,2,10
2,1,1
0,0,0
4,2,2
1,3,-2
2,0,2
3,0,3
9,0,9
21,0,21
0,2,-2
8,7,1
5,1,4
9,0,9
2,0,2
0,1,-1
9,0,9
0,0,0
14,8,6
8,0,8
1,0,1
0,0,0
0,0,0
15,15,0
1,13,-12
19,1,18
1,0,1
10,0,10
0,0,0
0,0,0
8,0,8
20,0,20
10,2,8
0,0,0
8,2,6
0,0,0
0,0,0
6,46,-40
4,2,2
8,1,7
9,0,9
4,6,-2
1,0,1
14,0,14
13,17,-4
10,0,10
7,2,5
1,0,1
10,1,9
2,17,-15
6,0,6
30,1,29
0,0,0
1,0,1
7,2,5
0,0,0
3,0,3
6,4,2
8,3,5
38,2,36
1,1,0
7,0,7
1,4,-3
4,0,4
6,3,3
14,2,12
4,0,4
0,0,0
4,1,3
3,7,-4
2,0,2
14,0,14
10,8,2
0,1,-1
2,3,-1
11,13,-2
15,0,15
0,0,0
10,0,10
0,1,-1
0,1,-1
2,0,2
10,1,9
0,1,-1
22,1,21
17,21,-4
0,0,0
0,0,0
11,2,9
0,0,0
1,0,1
3,1,2
0,0,0
24,0,24
18,6,12
6,0,6
10,10,0
17,1,16
14,1,13
2,0,2
15,12,3
3,0,3
2,0,2
0,0,0
6,0,6
1,1,0
16,3,13
1,0,1
18,4,14
19,30,-11
6,0,6
2,2,0
0,0,0
0,0,0
8,0,8
4,4,0
1,1,0
1,1,0
0,1,-1
3,1,2
13,1,12
27,3,24
2,2,0
3,0,3
4,4,0
6,1,5
11,1,10
5,0,5
19,0,19
36,2,34
11,1,10
6,4,2
15,0,15
7,1,6
10,2,8
32,13,19
8,2,6
4,0,4
21,19,2
8,1,7
9,16,-7
5,1,4
0,2,-2
14,2,12
0,0,0
33,0,33
2,1,1
6,0,6
1,0,1
0,0,0
12,0,12
0,0,0
1,0,1
3,0,3
8,2,6
10,10,0
5,4,1
0,0,0
2,1,1
17,1,16
2,0,2
12,0,12
0,0,0
5,0,5
5,0,5
2,0,2
0,0,0
1,3,-2
1,0,1
0,0,0
28,34,-6
12,4,8
5,2,3
4,5,-1
6,0,6
4,0,4
0,0,0
1,1,0
2,0,2
9,13,-4
6,44,-38
4,0,4
9,0,9
0,0,0
0,0,0
8,0,8
1,1,0
0,0,0
0,1,-1
5,0,5
3,0,3
10,0,10
30,0,30
0,0,0
11,1,10
2,1,1
7,1,6
7,3,4
4,0,4
3,0,3
2,2,0
14,17,-3
8,16,-8
1,0,1
2,2,0
1,2,-1
0,6,-6
20,0,20
5,1,4
2,7,-5
0,0,0
18,46,-28
0,0,0
4,1,3
8,3,5
19,1,18
9,1,8
2,1,1
1,5,-4
8,0,8
9,5,4
2,2,0
82,0,82
8,20,-12
4,5,-1
3,4,-1
1,1,0
0,0,0
3,0,3
1,0,1
2,5,-3
5,5,0
4,4,0
0,0,0
3,0,3
0,0,0
13,0,13
12,5,7
9,2,7
2,2,0
1,1,0
3,3,0
7,2,5
12,10,2
0,0,0
10,0,10
0,3,-3
11,5,6
3,1,2
8,5,3
22,0,22
9,0,9
10,4,6
3,1,2
9,2,7
2,0,2
1,0,1
10,2,8
12,2,10
0,2,-2
0,0,0
6,0,6
7,2,5
10,5,5
8,13,-5
48,0,48
3,1,2
1,1,0
22,6,16
16,0,16
0,11,-11
2,1,1
2,0,2
1,0,1
3,1,2
4,0,4
4,8,-4
1,0,1
2,0,2
13,2,11
20,1,19
3,3,0
3,0,3
19,2,17
7,10,-3
0,0,0
12,9,3
5,2,3
24,4,20
5,0,5
5,0,5
6,0,6
0,0,0
30,29,1
1,19,-18
10,1,9
8,4,4
0,0,0
2,0,2
3,1,2
1,0,1
5,4,1
0,2,-2
2,4,-2
4,4,0
0,1,-1
7,1,6
1,7,-6
3,5,-2
15,5,10
0,0,0
8,0,8
2,1,1
0,0,0
2,13,-11
0,0,0
0,0,0
21,3,18
14,0,14
4,6,-2
1,0,1
2,0,2
4,0,4
4,2,2
9,1,8
0,0,0
9,0,9
1,5,-4
4,1,3
4,0,4
1,3,-2
2,0,2
0,0,0
5,0,5
1,0,1
0,0,0
10,15,-5
33,16,17
1,3,-2
3,6,-3
2,0,2
0,0,0
6,4,2
17,8,9
12,1,11
3,2,1
4,1,3
0,23,-23
1,0,1
10,5,5
1,0,1
0,0,0
1,0,1
20,1,19
1,1,0
2,0,2
29,29,0
2,0,2
18,1,17
0,0,0
5,4,1
4,1,3
7,0,7
0,0,0
17,0,17
2,0,2
1,0,1
7,1,6
15,1,14
15,0,15
15,53,-38
13,5,8
1,0,1
1,0,1
14,4,10
8,0,8
7,0,7
18,15,3
1,0,1
3,0,3
3,1,2
3,3,0
4,2,2
6,0,6
0,0,0
3,4,-1
25,12,13
0,0,0
0,4,-4
3,0,3
0,0,0
6,0,6
84,84,0
14,0,14
0,2,-2
0,2,-2
2,1,1
17,1,16
10,3,7
0,0,0
5,0,5
1,2,-1
0,0,0
7,0,7
8,6,2
1,2,-1
15,6,9
0,3,-3
4,0,4
1,1,0
4,4,0
0,0,0
10,1,9
1,0,1
2,2,0
0,0,0
13,5,8
5,0,5
9,13,-4
3,0,3
2,2,0
3,1,2
8,2,6
4,1,3
9,0,9
4,1,3
2,8,-6
5,0,5
23,12,11
7,0,7
3,1,2
22,6,16
23,1,22
10,74,-64
6,3,3
9,7,2
2,1,1
9,2,7
3,0,3
21,2,19
3,1,2
3,5,-2
2,1,1
6,4,2
2,1,1
0,0,0
9,3,6
4,4,0
17,2,15
4,9,-5
4,1,3
1,0,1
7,8,-1
9,7,2
2,0,2
36,0,36
8,1,7
0,3,-3
1,0,1
14,1,13
10,1,9
1,2,-1
5,5,0
4,2,2
2,3,-1
0,1,-1
2,0,2
26,0,26
0,0,0
5,5,0
4,1,3
2,0,2
3,0,3
5,0,5
0,0,0
6,5,1
5,1,4
6,2,4
4,5,-1
7,0,7
1,0,1
40,1,39
0,0,0
12,1,11
7,0,7
1,1,0
6,0,6
0,0,0
2,4,-2
0,0,0
1,0,1
4,2,2
0,0,0
2,0,2
3,0,3
8,0,8
23,0,23
13,3,10
3,2,1
5,4,1
0,0,0
7,7,0
0,0,0
1,3,-2
2,0,2
0,5,-5
6,6,0
32,0,32
0,0,0
6,0,6
2,2,0
9,6,3
0,0,0
1,1,0
6,0,6
13,0,13
8,4,4
8,2,6
6,2,4
5,0,5
7,0,7
1,0,1
3,0,3
10,8,2
11,2,9
20,4,16
13,0,13
3,0,3
2,6,-4
5,0,5
1,0,1
16,35,-19
25,3,22
12,4,8
7,5,2
0,0,0
2,5,-3
26,1,25
4,3,1
8,0,8
0,4,-4
2,0,2
1,0,1
1,0,1
0,0,0
18,0,18
1,0,1
4,2,2
12,0,12
7,0,7
99,0,99
7,0,7
1,0,1
3,0,3
16,0,16
6,7,-1
1,0,1
2,0,2
8,1,7
0,0,0
0,1,-1
25,5,20
6,4,2
8,4,4
0,0,0
0,77,-77
0,0,0
2,0,2
2,0,2
1,0,1
12,1,11
0,1,-1
8,68,-60
4,1,3
19,2,17
0,0,0
2,2,0
2,0,2
2,1,1
10,0,10
1,1,0
2,1,1
2,4,-2
0,0,0
1,0,1
0,0,0
14,1,13
4,1,3
27,9,18
6,4,2
0,0,0
6,5,1
0,1,-1
12,0,12
0,0,0
28,27,1
5,0,5
5,0,5
9,1,8
3,6,-3
1,1,0
5,0,5
1,8,-7
22,4,18
7,3,4
2,0,2
0,0,0
3,4,-1
3,0,3
30,33,-3
6,0,6
3,1,2
8,1,7
6,0,6
25,0,25
6,0,6
0,0,0
8,0,8
9,3,6
12,0,12
9,0,9
5,0,5
0,0,0
16,7,9
2,2,0
2,0,2
11,2,9
0,0,0
2,2,0
2,0,2
30,0,30
14,29,-15
0,0,0
1,2,-1
21,2,19
15,1,14
0,1,-1
2,0,2
0,0,0
4,4,0
8,2,6
25,16,9
2,4,-2
24,9,15
13,2,11
3,5,-2
9,0,9
30,30,0
0,0,0
9,4,5
22,1,21
0,0,0
4,0,4
0,10,-10
8,0,8
8,0,8
0,1,-1
13,2,11
4,7,-3
0,0,0
20,2,18
13,4,9
0,0,0
2,2,0
7,0,7
0,0,0
4,6,-2
1,2,-1
5,0,5
14,2,12
7,4,3
7,12,-5
1,0,1
0,1,-1
0,0,0
2,0,2
20,8,12
14,5,9
1,1,0
2,0,2
7,4,3
2,0,2
13,1,12
12,0,12
16,35,-19
0,0,0
4,1,3
1,4,-3
0,4,-4
8,2,6
0,0,0
10,9,1
1,3,-2
0,0,0
21,21,0
17,4,13
62,10,52
3,6,-3
6,1,5
1,2,-1
1,16,-15
1,0,1
9,0,9
0,0,0
0,0,0
0,0,0
0,0,0
1,1,0
10,0,10
2,2,0
1,1,0
3,0,3
1,0,1
7,0,7
3,1,2
2,2,0
10,0,10
1,0,1
0,0,0
3,0,3
3,4,-1
10,5,5
5,1,4
1,4,-3
5,3,2
8,4,4
10,0,10
0,0,0
0,0,0
1,0,1
10,8,2
2,0,2
1,0,1
3,0,3
12,6,6
12,2,10
7,3,4
6,3,3
9,0,9
4,0,4
3,1,2
8,1,7
1,27,-26
12,1,11
0,0,0
1,36,-35
8,1,7
1,1,0
1,0,1
4,4,0
0,0,0
0,0,0
1,1,0
0,0,0
2,1,1
10,0,10
3,2,1
0,0,0
9,1,8
3,5,-2
15,3,12
12,1,11
0,0,0
0,0,0
6,8,-2
9,0,9
6,0,6
2,2,0
14,0,14
2,0,2
1,0,1
3,0,3
0,0,0
27,3,24
3,4,-1
2,2,0
5,4,1
11,0,11
0,0,0
16,0,16
8,0,8
1,0,1
5,5,0
24,0,24
7,1,6
0,0,0
10,0,10
0,0,0
5,1,4
20,2,18
2,1,1
1,1,0
11,1,10
17,0,17
2,5,-3
5,1,4
3,0,3
1,0,1
0,0,0
0,0,0
10,8,2
11,4,7
10,0,10
0,0,0
22,0,22
0,0,0
2,2,0
3,0,3
2,0,2
2,1,1
8,3,5
0,0,0
13,10,3
0,1,-1
1,0,1
1,0,1
3,2,1
13,0,13
2,4,-2
3,2,1
4,4,0
0,0,0
20,0,20
0,0,0
7,0,7
10,0,10
9,0,9
8,2,6
31,8,23
3,10,-7
0,0,0
68,1,67
12,2,10
3,1,2
2,0,2
15,2,13
16,2,14
4,1,3
1,0,1
5,1,4
25,0,25
6,0,6
4,0,4
8,9,-1
4,1,3
46,8,38
7,9,-2
3,1,2
6,4,2
9,29,-20
4,0,4
6,1,5
9,1,8
1,1,0
2,0,2
3,0,3
5,0,5
7,1,6
84,0,84
2,1,1
1,0,1
0,0,0
1,1,0
0,0,0
5,0,5
5,0,5
0,1,-1
1,0,1
0,1,-1
3,5,-2
1,0,1
3,2,1
11,1,10
1,3,-2
0,0,0
9,0,9
0,0,0
17,51,-34
0,4,-4
1,1,0
2,1,1
6,6,0
35,5,30
1,0,1
15,0,15
0,0,0
5,8,-3
12,3,9
1,0,1
4,0,4
1,0,1
16,1,15
0,2,-2
8,1,7
7,0,7
31,36,-5
7,0,7
3,1,2
3,0,3
1,7,-6
24,1,23
2,1,1
0,0,0
11,1,10
1,0,1
12,0,12
13,0,13
0,0,0
13,7,6
10,1,9
8,4,4
12,2,10
0,2,-2
3,3,0
10,0,10
0,0,0
3,2,1
10,2,8
3,0,3
3,0,3
3,1,2
4,8,-4
1,0,1
2,0,2
8,1,7
2,0,2
2,0,2
1,0,1
7,5,2
0,0,0
13,2,11
7,0,7
0,52,-52
2,0,2
2,0,2
5,4,1
0,0,0
2,0,2
0,1,-1
4,8,-4
1,1,0
16,6,10
3,2,1
3,1,2
19,3,16
4,0,4
2,1,1
6,1,5
7,0,7
1,0,1
5,0,5
0,0,0
0,0,0
8,2,6
1,0,1
2,2,0
7,1,6
20,0,20
8,0,8
2,0,2
3,0,3
0,0,0
0,0,0
14,1,13
3,1,2
18,2,16
1,0,1
0,0,0
12,6,6
0,0,0
6,3,3
3,2,1
2,1,1
7,6,1
2,0,2
20,17,3
0,0,0
16,2,14
8,2,6
5,1,4
3,0,3
0,0,0
4,0,4
8,2,6
3,2,1
4,0,4
6,0,6
5,2,3
1,1,0
2,0,2
2,0,2
0,0,0
4,5,-1
5,0,5
12,5,7
0,1,-1
1,0,1
3,0,3
1,1,0
15,15,0
5,0,5
13,1,12
6,17,-11
2,0,2
0,1,-1
4,0,4
4,1,3
9,13,-4
5,4,1
0,0,0
4,0,4
1,0,1
4,3,1
2,3,-1
12,1,11
8,4,4
1,0,1
0,1,-1
6,22,-16
11,0,11
3,2,1
6,5,1
25,1,24
0,0,0
0,0,0
9,0,9
3,1,2
4,0,4
1,0,1
6,0,6
5,2,3
1,1,0
1,1,0
1,2,-1
9,0,9
3,0,3
1,1,0
2,1,1
8,2,6
6,0,6
0,0,0
9,1,8
5,0,5
0,22,-22
0,0,0
6,6,0
8,1,7
0,4,-4
0,7,-7
0,0,0
14,0,14
14,12,2
1,1,0
4,2,2
9,8,1
2,0,2
0,0,0
25,6,19
1,1,0
1,0,1
2,1,1
15,2,13
0,1,-1
0,0,0
9,5,4
2,1,1
2,1,1
25,34,-9
8,0,8
15,9,6
6,2,4
0,0,0
0,0,0
3,3,0
6,0,6
0,0,0
12,0,12
4,1,3
11,5,6
0,1,-1
0,0,0
3,0,3
4,0,4
0,5,-5
6,1,5
9,4,5
1,3,-2
0,0,0
11,50,-39
2,1,1
5,0,5
5,0,5
1,0,1
9,0,9
23,0,23
1,0,1
7,6,1
0,0,0
10,0,10
4,0,4
8,0,8
1,0,1
20,12,8
14,1,13
5,0,5
3,0,3
1,1,0
4,0,4
5,3,2
1,1,0
16,5,11
19,42,-23
2,2,0
2,0,2
12,6,6
18,1,17
3,0,3
14,5,9
25,0,25
4,0,4
3,8,-5
1,0,1
4,0,4
0,0,0
2,0,2
2,0,2
4,19,-15
4,0,4
7,1,6
0,0,0
1,2,-1
1,1,0
10,1,9
0,0,0
1,0,1
28,1,27
0,2,-2
25,1,24
1,0,1
20,1,19
5,10,-5
7,9,-2
2,1,1
23,0,23
9,1,8
15,4,11
0,0,0
0,0,0
25,3,22
1,0,1
39,0,39
2,0,2
0,0,0
3,1,2
2,1,1
7,0,7
11,1,10
4,6,-2
6,0,6
2,4,-2
15,0,15
1,3,-2
56,30,26
66,8,58
15,4,11
2,2,0
15,0,15
20,3,17
4,38,-34
1,0,1
10,0,10
2,0,2
0,0,0
2,0,2
8,0,8
27,2,25
6,0,6
0,0,0
9,6,3
2,0,2
0,0,0
0,5,-5
2,0,2
2,0,2
5,7,-2
13,2,11
2,2,0
1,1,0
15,1,14
3,0,3
4,1,3
24,0,24
0,0,0
8,0,8
1,0,1
8,9,-1
2,4,-2
0,0,0
9,2,7
11,0,11
4,0,4
0,0,0
13,8,5
27,15,12
1,0,1
1,0,1
3,2,1
9,4,5
2,0,2
7,51,-44
21,12,9
7,0,7
5,1,4
29,3,26
7,4,3
13,21,-8
4,3,1
12,1,11
0,0,0
7,2,5
3,1,2
3,0,3
6,1,5
5,0,5
6,0,6
1,0,1
5,0,5
0,0,0
8,0,8
1,1,0
8,0,8
2,0,2
7,5,2
1,2,-1
1,0,1
7,1,6
2,1,1
2,1,1
4,1,3
7,9,-2
13,1,12
8,0,8
28,0,28
1,1,0
0,0,0
1,0,1
16,1,15
0,0,0
8,0,8
2,1,1
0,0,0
8,1,7
0,0,0
4,0,4
9,5,4
27,13,14
0,8,-8
0,0,0
2,0,2
2,1,1
2,2,0
4,1,3
0,0,0
13,51,-38
12,0,12
9,1,8
0,0,0
0,1,-1
8,5,3
0,1,-1
5,4,1
0,0,0
2,0,2
1,2,-1
10,7,3
0,6,-6
2,0,2
23,5,18
1,9,-8
0,0,0
1,0,1
10,20,-10
5,0,5
1,0,1
0,0,0
10,0,10
5,1,4
21,10,11
4,7,-3
8,1,7
2,0,2
19,47,-28
13,6,7
1,0,1
19,0,19
0,0,0
4,0,4
2,1,1
5,1,4
32,0,32
14,1,13
0,0,0
10,1,9
4,0,4
1,1,0
0,0,0
3,0,3
34,0,34
3,0,3
2,0,2
1,10,-9
8,4,4
7,8,-1
19,0,19
0,0,0
0,0,0
0,3,-3
1,0,1
10,22,-12
0,1,-1
4,2,2
5,0,5
13,2,11
4,0,4
0,0,0
2,3,-1
0,0,0
2,0,2
0,2,-2
4,1,3
7,0,7
5,0,5
16,0,16
6,0,6
6,2,4
2,1,1
1,0,1
1,5,-4
0,2,-2
2,0,2
2,1,1
15,1,14
27,5,22
8,4,4
2,0,2
10,2,8
0,2,-2
8,0,8
2,2,0
7,0,7
2,3,-1
7,0,7
3,4,-1
5,7,-2
8,0,8
1,0,1
7,6,1
3,17,-14
7,0,7
1,1,0
15,0,15
12,0,12
4,0,4
7,2,5
4,1,3
1,0,1
0,5,-5
15,0,15
17,8,9
0,0,0
16,16,0
0,0,0
2,1,1
10,1,9
0,0,0
2,0,2
1,1,0
2,0,2
27,2,25
0,0,0
6,0,6
22,1,21
1,0,1
6,0,6
0,4,-4
5,1,4
8,0,8
16,18,-2
2,0,2
7,3,4
0,1,-1
121,33,88
7,2,5
0,0,0
9,1,8
1,1,0
10,2,8
0,0,0
22,0,22
3,1,2
13,1,12
3,0,3
8,0,8
0,0,0
2,2,0
2,0,2
0,0,0
16,0,16
4,0,4
3,0,3
2,1,1
6,1,5
6,0,6
15,1,14
16,55,-39
4,3,1
3,3,0
2,4,-2
21,3,18
4,1,3
1,0,1
2,1,1
0,0,0
12,0,12
0,0,0
10,0,10
6,1,5
13,10,3
20,0,20
11,8,3
8,0,8
0,0,0
23,2,21
2,0,2
28,1,27
0,1,-1
16,91,-75
5,0,5
3,0,3
0,0,0
0,0,0
7,9,-2
5,45,-40
13,8,5
1,0,1
9,21,-12
7,1,6
29,5,24
0,0,0
8,3,5
4,0,4
20,2,18
7,7,0
10,1,9
5,7,-2
5,4,1
2,2,0
23,1,22
60,0,60
1,0,1
45,1,44
17,2,15
6,0,6
21,10,11
5,2,3
0,0,0
2,0,2
9,1,8
20,0,20
1,1,0
11,1,10
10,0,10
6,0,6
2,0,2
17,0,17
0,0,0
10,0,10
2,4,-2
1,1,0
6,0,6
7,3,4
2,0,2
16,0,16
13,3,10
8,1,7
7,1,6
5,0,5
0,0,0
6,5,1
1,0,1
1,0,1
3,0,3
2,0,2
1,0,1
1,0,1
0,0,0
7,5,2
7,0,7
0,0,0
1,1,0
3,2,1
3,1,2
4,1,3
19,1,18
3,8,-5
0,13,-13
1,0,1
0,0,0
0,2,-2
10,1,9
0,0,0
2,0,2
33,2,31
3,0,3
4,2,2
3,1,2
12,0,12
0,0,0
4,0,4
4,0,4
0,0,0
2,0,2
3,6,-3
1,0,1
0,0,0
4,1,3
13,0,13
0,0,0
21,0,21
21,20,1
6,0,6
16,6,10
6,0,6
27,10,17
0,0,0
4,0,4
0,0,0
3,0,3
0,4,-4
6,0,6
23,3,20
27,55,-28
0,5,-5
17,1,16
5,5,0
1,0,1
0,0,0
1,0,1
2,1,1
11,9,2
0,0,0
9,4,5
2,0,2
2,0,2
38,1,37
13,2,11
13,0,13
0,0,0
8,0,8
2,0,2
1,1,0
0,0,0
2,8,-6
3,4,-1
3,0,3
0,0,0
4,7,-3
1,2,-1
4,0,4
2,0,2
2,0,2
2,0,2
12,4,8
6,1,5
11,0,11
1,0,1
0,0,0
4,0,4
6,0,6
15,1,14
7,9,-2
2,0,2
1,0,1
0,0,0
1,0,1
0,0,0
11,7,4
5,0,5
11,0,11
1,0,1
3,6,-3
3,5,-2
39,1,38
3,1,2
7,0,7
4,4,0
6,0,6
12,0,12
2,1,1
10,3,7
8,0,8
0,4,-4
1,0,1
0,1,-1
3,0,3
5,5,0
1,0,1
1,5,-4
0,2,-2
10,1,9
3,0,3
13,2,11
10,0,10
0,2,-2
3,8,-5
1,0,1
10,0,10
4,4,0
3,1,2
2,4,-2
5,5,0
5,2,3
0,2,-2
4,1,3
3,1,2
16,0,16
2,0,2
5,0,5
16,3,13
7,8,-1
13,4,9
1,2,-1
33,67,-34
1,9,-8
13,1,12
6,6,0
9,0,9
0,0,0
5,0,5
3,2,1
3,0,3
3,5,-2
0,0,0
1,1,0
4,2,2
1,76,-75
4,0,4
9,1,8
0,0,0
34,34,0
3,5,-2
6,11,-5
0,0,0
0,0,0
0,0,0
2,1,1
10,1,9
1,0,1
9,1,8
7,0,7
5,7,-2
1,0,1
11,0,11
2,2,0
0,0,0
1,0,1
8,1,7
0,0,0
13,2,11
14,0,14
13,13,0
7,10,-3
1,1,0
4,1,3
13,8,5
9,6,3
0,0,0
9,0,9
0,1,-1
9,0,9
2,0,2
5,0,5
0,0,0
13,1,12
0,3,-3
6,2,4
2,5,-3
6,0,6
50,39,11
0,0,0
10,2,8
2,0,2
0,0,0
3,7,-4
5,0,5
12,11,1
7,8,-1
23,5,18
39,2,37
2,0,2
0,0,0
19,0,19
0,0,0
6,1,5
0,31,-31
0,0,0
0,0,0
5,8,-3
1,3,-2
8,12,-4
11,1,10
4,0,4
9,11,-2
0,0,0
22,3,19
1,0,1
0,0,0
8,1,7
8,2,6
7,0,7
0,1,-1
1,0,1
13,10,3
2,2,0
11,3,8
12,1,11
2,0,2
3,5,-2
10,2,8
9,0,9
10,1,9
9,2,7
3,0,3
2,0,2
0,0,0
1,1,0
0,0,0
15,2,13
27,2,25
10,4,6
5,2,3
3,0,3
26,6,20
1,1,0
15,1,14
9,13,-4
10,2,8
3,0,3
13,8,5
1,0,1
0,0,0
6,0,6
5,2,3
14,0,14
10,1,9
4,1,3
4,0,4
0,0,0
0,1,-1
8,0,8
2,0,2
0,0,0
0,0,0
9,18,-9
17,1,16
2,0,2
0,2,-2
2,1,1
0,0,0
3,6,-3
1,2,-1
0,0,0
4,1,3
10,1,9
0,0,0
0,3,-3
17,0,17
3,0,3
6,3,3
0,0,0
7,55,-48
1,0,1
2,5,-3
0,0,0
10,2,8
9,1,8
8,0,8
1,0,1
8,10,-2
8,2,6
42,25,17
0,0,0
22,4,18
0,0,0
0,0,0
4,1,3
1,0,1
0,0,0
1,1,0
4,1,3
4,5,-1
10,4,6
0,0,0
2,1,1
2,2,0
0,1,-1
1,0,1
10,0,10
0,1,-1
0,0,0
0,0,0
2,4,-2
6,2,4
8,1,7
6,0,6
11,12,-1
6,1,5
0,0,0
0,4,-4
6,8,-2
0,2,-2
1,0,1
0,1,-1
1,1,0
2,1,1
4,0,4
7,1,6
32,0,32
1,0,1
22,1,21
1,10,-9
2,0,2
1,10,-9
4,2,2
1,0,1
0,0,0
4,1,3
1,1,0
8,1,7
2,0,2
4,34,-30
13,0,13
1,2,-1
8,1,7
2,0,2
6,2,4
4,3,1
6,0,6
4,0,4
0,0,0
4,1,3
1,0,1
17,17,0
4,12,-8
2,0,2
10,1,9
0,1,-1
4,2,2
10,0,10
17,0,17
0,0,0
7,6,1
1,0,1
5,1,4
24,3,21
14,6,8
8,11,-3
3,0,3
0,0,0
38,0,38
6,0,6
7,1,6
2,0,2
4,4,0
7,0,7
0,1,-1
0,1,-1
0,0,0
22,0,22
39,0,39
9,1,8
18,1,17
13,0,13
0,0,0
1,2,-1
0,32,-32
13,5,8
4,5,-1
0,0,0
10,2,8
5,0,5
1,0,1
0,0,0
1,0,1
19,33,-14
5,1,4
0,0,0
19,1,18
1,4,-3
2,1,1
11,6,5
6,0,6
3,0,3
2,0,2
0,1,-1
3,0,3
0,1,-1
0,0,0
11,0,11
0,0,0
21,2,19
3,7,-4
0,0,0
1,5,-4
8,1,7
2,4,-2
1,0,1
0,0,0
4,1,3
2,1,1
15,0,15
2,0,2
22,4,18
19,7,12
1,0,1
21,1,20
4,4,0
0,0,0
3,3,0
24,0,24
3,0,3
3,1,2
4,27,-23
2,0,2
14,0,14
3,74,-71
11,8,3
6,1,5
1,13,-12
0,0,0
1,1,0
4,4,0
2,2,0
33,9,24
6,0,6
7,0,7
5,1,4
4,1,3
0,0,0
0,0,0
1,0,1
8,6,2
5,0,5
1,4,-3
5,4,1
0,0,0
4,5,-1
2,0,2
3,0,3
0,0,0
10,1,9
3,7,-4
2,2,0
7,0,7
0,15,-15
7,0,7
2,0,2
6,0,6
0,0,0
28,1,27
2,2,0
16,0,16
3,0,3
3,1,2
1,1,0
1,0,1
0,2,-2
11,4,7
3,1,2
24,17,7
13,9,4
4,0,4
6,1,5
2,0,2
4,3,1
0,0,0
0,1,-1
1,1,0
20,0,20
0,0,0
11,2,9
0,1,-1
5,1,4
9,12,-3
4,7,-3
0,1,-1
0,8,-8
2,1,1
0,1,-1
1,0,1
0,0,0
4,1,3
0,0,0
0,0,0
6,0,6
2,0,2
2,69,-67
5,4,1
7,6,1
14,0,14
0,0,0
2,0,2
1,0,1
10,0,10
0,0,0
4,1,3
11,5,6
0,0,0
4,1,3
0,0,0
31,34,-3
10,11,-1
1,0,1
0,0,0
7,0,7
12,5,7
4,1,3
2,0,2
2,0,2
0,0,0
14,15,-1
3,1,2
3,5,-2
1,0,1
4,0,4
1,5,-4
1,1,0
4,0,4
17,1,16
2,0,2
2,0,2
0,0,0
4,0,4
0,3,-3
2,0,2
7,1,6
2,0,2
0,0,0
0,0,0
7,0,7
41,1,40
16,0,16
15,45,-30
9,0,9
0,0,0
7,4,3
1,0,1
1,0,1
0,0,0
5,0,5
3,1,2
15,13,2
2,5,-3
6,0,6
13,6,7
0,33,-33
11,0,11
4,2,2
2,0,2
2,0,2
4,7,-3
0,0,0
13,5,8
0,0,0
0,0,0
16,0,16
6,1,5
0,0,0
57,0,57
9,6,3
24,0,24
1,0,1
0,4,-4
13,1,12
20,8,12
2,1,1
3,1,2
0,0,0
0,2,-2
2,2,0
0,1,-1
7,1,6
1,0,1
6,5,1
6,0,6
8,3,5
3,0,3
2,0,2
0,0,0
9,0,9
0,0,0
0,0,0
8,1,7
1,0,1
6,4,2
17,4,13
10,1,9
4,2,2
1,0,1
4,0,4
2,0,2
1,0,1
0,0,0
3,1,2
9,12,-3
0,0,0
5,4,1
0,0,0
39,37,2
8,8,0
0,0,0
1,0,1
1,1,0
8,0,8
8,0,8
0,0,0
2,8,-6
1,0,1
0,0,0
0,0,0
0,0,0
0,0,0
0,0,0
0,0,0
1,0,1
0,0,0
0,0,0
0,0,0
4,0,4
0,0,0
1,0,1
0,0,0
2,1,1
2,2,0
5,0,5
5,0,5
27,1,26
10,1,9
40,3,37
1,0,1
15,1,14
27,4,23
0,0,0
1,0,1
1,1,0
0,0,0
0,0,0
11,2,9
0,0,0
14,12,2
14,1,13
2,0,2
15,49,-34
0,0,0
8,10,-2
10,37,-27
0,5,-5
36,4,32
2,0,2
0,0,0
1,0,1
2,0,2
12,0,12
2,0,2
17,0,17
8,1,7
13,1,12
8,1,7
5,2,3
0,0,0
2,2,0
1,2,-1
11,13,-2
4,0,4
0,1,-1
0,5,-5
22,3,19
21,2,19
11,6,5
1,1,0
24,1,23
4,0,4
19,34,-15
12,1,11
0,0,0
3,0,3
17,2,15
0,0,0
2,1,1
13,4,9
1,1,0
26,8,18
4,0,4
14,8,6
9,2,7
20,11,9
1,0,1
6,0,6
2,0,2
4,1,3
9,29,-20
1,0,1
1,0,1
6,0,6
19,1,18
0,4,-4
5,0,5
8,1,7
6,1,5
0,0,0
0,0,0
16,1,15
2,0,2
0,0,0
0,0,0
10,6,4
0,5,-5
1,0,1
7,3,4
6,5,1
35,8,27
0,1,-1
10,10,0
15,1,14
3,0,3
6,0,6
7,0,7
0,0,0
18,1,17
13,2,11
5,5,0
0,0,0
18,0,18
4,1,3
4,5,-1
10,25,-15
2,2,0
5,0,5
10,0,10
3,0,3
6,0,6
6,4,2
0,1,-1
8,7,1
5,3,2
4,0,4
4,8,-4
1,2,-1
8,3,5
6,0,6
21,0,21
7,4,3
14,1,13
8,4,4
2,0,2
4,0,4
0,0,0
0,0,0
1,1,0
8,8,0
10,1,9
3,2,1
2,0,2
3,0,3
1,0,1
18,0,18
0,4,-4
1,1,0
9,4,5
0,0,0
28,5,23
1,1,0
16,0,16
17,2,15
3,0,3
7,0,7
2,0,2
11,4,7
13,3,10
4,0,4
1,5,-4
1,0,1
1,0,1
16,0,16
6,2,4
4,1,3
3,1,2
1,3,-2
2,2,0
0,0,0
0,0,0
22,11,11
7,1,6
21,0,21
7,0,7
5,13,-8
0,0,0
13,6,7
0,1,-1
1,0,1
0,2,-2
8,9,-1
0,1,-1
4,2,2
2,1,1
21,1,20
4,1,3
8,5,3
11,1,10
6,2,4
1,2,-1
8,1,7
1,0,1
0,1,-1
6,1,5
1,4,-3
16,0,16
0,0,0
3,8,-5
0,0,0
10,0,10
2,0,2
0,0,0
7,3,4
28,0,28
21,0,21
17,1,16
7,4,3
0,0,0
1,0,1
2,0,2
1,1,0
2,0,2
4,0,4
8,0,8
0,3,-3
0,0,0
13,1,12
0,1,-1
2,1,1
6,1,5
0,0,0
16,2,14
0,0,0
0,1,-1
59,1,58
9,3,6
6,12,-6
0,2,-2
3,1,2
12,8,4
3,1,2
8,0,8
7,0,7
10,8,2
8,2,6
5,0,5
0,0,0
3,4,-1
13,1,12
21,2,19
10,1,9
5,5,0
0,0,0
15,0,15
4,3,1
12,2,10
20,13,7
4,5,-1
0,0,0
0,0,0
7,8,-1
12,6,6
2,0,2
5,2,3
7,0,7
3,1,2
4,2,2
11,5,6
0,0,0
3,0,3
1,0,1
15,2,13
0,0,0
2,13,-11
0,0,0
1,1,0
1,0,1
2,0,2
3,0,3
1,5,-4
0,0,0
8,0,8
0,0,0
6,0,6
17,4,13
6,2,4
3,3,0
4,1,3
0,0,0
5,0,5
25,1,24
25,4,21
0,1,-1
3,0,3
2,0,2
2,0,2
2,1,1
6,0,6
6,1,5
27,45,-18
0,0,0
5,4,1
13,0,13
4,4,0
3,12,-9
6,0,6
5,9,-4
1,0,1
2,0,2
8,0,8
3,0,3
6,0,6
21,1,20
4,0,4
2,9,-7
12,4,8
0,0,0
0,0,0
2,1,1
0,1,-1
44,1,43
1,1,0
16,6,10
9,5,4
13,0,13
1,0,1
4,0,4
4,0,4
1,0,1
22,2,20
2,0,2
2,0,2
3,0,3
0,0,0
27,0,27
32,0,32
0,0,0
7,0,7
2,3,-1
12,1,11
12,0,12
4,0,4
0,0,0
1,1,0
0,0,0
0,0,0
16,1,15
1,0,1
1,0,1
0,2,-2
9,2,7
6,0,6
9,11,-2
8,1,7
0,0,0
0,0,0
30,0,30
5,1,4
15,9,6
1,1,0
5,0,5
5,0,5
8,1,7
8,1,7
8,1,7
28,3,25
0,4,-4
8,2,6
1,0,1
5,0,5
6,1,5
5,0,5
6,5,1
8,11,-3
0,1,-1
3,0,3
0,1,-1
2,1,1
2,5,-3
4,0,4
0,0,0
0,0,0
12,4,8
4,0,4
2,5,-3
8,0,8
4,1,3
2,3,-1
34,9,25
0,1,-1
0,0,0
1,0,1
2,84,-82
5,1,4
3,0,3
2,0,2
3,5,-2
5,0,5
1,0,1
1,0,1
1,0,1
19,0,19
8,1,7
14,5,9
1,0,1
0,0,0
12,7,5
16,8,8
3,1,2
5,1,4
22,1,21
2,1,1
4,0,4
8,2,6
1,1,0
2,0,2
8,2,6
9,1,8
10,1,9
6,2,4
0,18,-18
10,3,7
1,0,1
3,4,-1
5,1,4
29,29,0
1,0,1
13,2,11
6,1,5
4,2,2
8,1,7
1,0,1
0,0,0
3,1,2
1,0,1
7,1,6
8,5,3
10,2,8
13,2,11
11,0,11
1,6,-5
38,2,36
2,0,2
13,0,13
26,9,17
11,1,10
15,4,11
21,1,20
7,4,3
0,1,-1
5,6,-1
1,0,1
9,4,5
2,0,2
0,0,0
5,1,4
0,0,0
0,0,0
2,2,0
0,0,0
8,1,7
0,1,-1
3,0,3
0,0,0
2,0,2
2,1,1
10,2,8
4,0,4
8,9,-1
14,2,12
0,4,-4
2,3,-1
4,0,4
0,3,-3
0,29,-29
0,0,0
5,2,3
3,0,3
5,0,5
3,0,3
0,3,-3
26,0,26
3,0,3
5,3,2
3,2,1
4,4,0
3,0,3
24,1,23
3,0,3
8,3,5
1,1,0
0,0,0
3,0,3
2,1,1
6,0,6
2,5,-3
3,2,1
17,0,17
19,31,-12
0,0,0
4,0,4
6,8,-2
0,0,0
10,1,9
3,3,0
9,0,9
2,5,-3
12,1,11
10,6,4
0,0,0
7,2,5
0,0,0
1,0,1
3,2,1
0,0,0
0,0,0
3,0,3
5,1,4
0,1,-1
3,0,3
4,2,2
0,0,0
1,0,1
11,4,7
0,2,-2
2,0,2
2,1,1
7,0,7
3,5,-2
7,0,7
5,1,4
0,0,0
0,1,-1
3,0,3
1,0,1
6,0,6
0,0,0
2,0,2
1,0,1
6,0,6
4,38,-34
9,4,5
0,0,0
0,1,-1
6,5,1
0,13,-13
3,0,3
2,2,0
1,0,1
21,10,11
59,32,27
3,0,3
35,0,35
0,4,-4
10,5,5
5,0,5
0,1,-1
1,1,0
0,0,0
7,0,7
3,2,1
15,0,15
2,0,2
5,0,5
0,0,0
24,0,24
2,0,2
32,2,30
0,0,0
1,0,1
0,0,0
7,1,6
29,7,22
12,1,11
1,0,1
3,3,0
2,1,1
2,0,2
0,0,0
4,1,3
10,8,2
0,0,0
13,2,11
2,4,-2
15,2,13
0,1,-1
0,0,0
2,0,2
9,9,0
10,18,-8
2,0,2
16,3,13
11,0,11
24,2,22
6,0,6
9,7,2
0,0,0
16,0,16
1,1,0
2,2,0
1,3,-2
4,0,4
0,0,0
1,0,1
2,3,-1
2,0,2
1,2,-1
2,2,0
3,0,3
27,8,19
10,7,3
1,4,-3
0,0,0
15,5,10
24,5,19
3,0,3
2,1,1
6,1,5
3,0,3
0,0,0
15,1,14
0,0,0
6,0,6
23,36,-13
2,0,2
2,5,-3
9,0,9
3,0,3
17,2,15
7,0,7
17,1,16
13,0,13
3,1,2
6,9,-3
64,64,0
1,4,-3
6,4,2
3,0,3
28,0,28
4,6,-2
21,2,19
6,0,6
1,0,1
0,0,0
4,30,-26
0,0,0
7,0,7
4,2,2
2,0,2
2,1,1
13,27,-14
9,1,8
3,1,2
1,0,1
17,21,-4
2,1,1
0,0,0
9,3,6
16,5,11
0,0,0
0,1,-1
1,0,1
0,0,0
9,2,7
18,12,6
11,0,11
1,5,-4
1,1,0
1,0,1
17,5,12
9,1,8
4,0,4
2,1,1
2,0,2
0,0,0
1,0,1
1,0,1
3,3,0
3,0,3
0,0,0
3,0,3
0,0,0
7,0,7
6,1,5
36,0,36
1,0,1
0,1,-1
0,1,-1
1,0,1
15,0,15
2,0,2
10,0,10
0,0,0
6,0,6
1,34,-33
8,13,-5
0,0,0
10,0,10
0,1,-1
10,1,9
7,4,3
0,2,-2
0,0,0
4,4,0
4,0,4
7,0,7
2,3,-1
4,0,4
1,2,-1
0,0,0
4,2,2
0,0,0
12,6,6
28,13,15
4,0,4
9,20,-11
6,3,3
4,1,3
15,1,14
24,0,24
8,0,8
15,2,13
44,44,0
10,5,5
5,5,0
0,0,0
0,0,0
8,0,8
3,0,3
0,0,0
1,2,-1
2,0,2
5,3,2
6,8,-2
10,1,9
0,0,0
0,2,-2
4,5,-1
2,2,0
0,1,-1
0,25,-25
10,1,9
19,0,19
0,0,0
15,1,14
1,0,1
22,0,22
3,9,-6
0,0,0
2,0,2
0,0,0
19,1,18
13,0,13
0,11,-11
1,1,0
2,0,2
3,5,-2
1,0,1
9,3,6
46,0,46
0,0,0
5,0,5
10,0,10
1,0,1
0,0,0
11,1,10
10,1,9
10,10,0
3,0,3
0,3,-3
19,24,-5
5,0,5
0,0,0
27,8,19
4,44,-40
11,0,11
35,2,33
1,0,1
10,0,10
7,1,6
7,4,3
3,0,3
16,1,15
3,0,3
2,1,1
9,2,7
5,9,-4
7,0,7
7,31,-24
3,4,-1
18,3,15
3,34,-31
1,0,1
6,1,5
3,1,2
0,1,-1
1,1,0
0,3,-3
7,2,5
14,0,14
0,1,-1
2,4,-2
0,0,0
8,1,7
5,0,5
14,1,13
20,0,20
17,3,14
1,2,-1
1,3,-2
6,11,-5
0,1,-1
17,11,6
10,7,3
0,0,0
1,3,-2
16,18,-2
15,1,14
1,0,1
2,1,1
5,1,4
0,1,-1
16,5,11
1,2,-1
9,0,9
24,3,21
29,16,13
0,0,0
4,4,0
6,0,6
17,11,6
0,0,0
0,0,0
31,0,31
37,2,35
2,1,1
2,0,2
7,8,-1
1,0,1
9,0,9
0,0,0
11,8,3
4,3,1
9,3,6
19,0,19
0,0,0
0,1,-1
28,74,-46
21,11,10
1,0,1
0,0,0
4,1,3
2,0,2
0,0,0
0,2,-2
6,9,-3
1,6,-5
12,2,10
6,1,5
49,12,37
3,0,3
0,1,-1
9,14,-5
1,0,1
10,11,-1
23,0,23
5,5,0
3,5,-2
38,0,38
0,0,0
2,0,2
0,5,-5
4,2,2
0,0,0
5,0,5
18,15,3
0,1,-1
9,6,3
5,0,5
2,0,2
9,0,9
1,15,-14
2,0,2
2,2,0
0,0,0
8,1,7
0,3,-3
5,0,5
23,3,20
5,1,4
62,1,61
20,0,20
3,0,3
6,2,4
8,0,8
8,6,2
2,0,2
6,0,6
10,0,10
2,0,2
7,0,7
6,2,4
1,0,1
12,0,12
1,0,1
1,0,1
0,1,-1
1,2,-1
11,14,-3
1,5,-4
3,0,3
3,0,3
2,0,2
6,0,6
0,0,0
0,1,-1
17,0,17
4,0,4
13,1,12
16,1,15
15,0,15
2,1,1
4,1,3
30,2,28
4,0,4
20,0,20
0,4,-4
15,0,15
7,0,7
13,0,13
10,2,8
7,2,5
1,1,0
5,8,-3
0,0,0
11,0,11
10,13,-3
23,13,10
14,1,13
3,0,3
4,0,4
7,4,3
6,0,6
0,0,0
0,0,0
1,0,1
16,1,15
4,1,3
0,2,-2
3,7,-4
8,0,8
13,8,5
1,2,-1
8,0,8
8,0,8
17,0,17
21,44,-23
3,4,-1
9,1,8
15,0,15
0,0,0
6,0,6
13,5,8
0,1,-1
9,3,6
1,1,0
4,1,3
7,1,6
0,1,-1
17,2,15
22,1,21
3,0,3
0,0,0
1,17,-16
13,0,13
2,2,0
3,0,3
0,0,0
11,39,-28
9,6,3
8,6,2
0,1,-1
11,2,9
15,2,13
2,0,2
10,5,5
14,0,14
0,0,0
0,0,0
10,1,9
12,0,12
0,0,0
3,2,1
2,0,2
34,0,34
12,1,11
9,2,7
2,0,2
5,4,1
0,3,-3
8,2,6
17,7,10
0,1,-1
1,0,1
3,2,1
0,1,-1
0,3,-3
15,1,14
2,0,2
1,0,1
1,0,1
8,0,8
1,0,1
2,2,0
4,0,4
14,0,14
2,0,2
0,0,0
1,31,-30
1,3,-2
8,8,0
0,1,-1
3,0,3
1,0,1
2,2,0
3,0,3
4,0,4
0,0,0
36,42,-6
2,1,1
0,1,-1
8,2,6
14,4,10
7,4,3
0,29,-29
5,4,1
0,1,-1
0,0,0
4,6,-2
0,0,0
11,1,10
2,0,2
1,0,1
16,0,16
1,1,0
3,0,3
2,1,1
14,2,12
13,8,5
27,1,26
3,12,-9
5,0,5
3,7,-4
4,1,3
1,0,1
4,0,4
1,2,-1
2,45,-43
3,7,-4
0,0,0
1,0,1
2,0,2
0,0,0
2,2,0
2,0,2
7,0,7
0,0,0
14,0,14
8,1,7
8,0,8
8,0,8
1,4,-3
0,0,0
5,0,5
0,0,0
2,1,1
0,0,0
2,0,2
14,8,6
3,0,3
3,0,3
10,9,1
26,1,25
1,0,1
0,0,0
4,0,4
3,10,-7
6,1,5
6,2,4
19,4,15
8,2,6
9,2,7
1,0,1
5,2,3
6,2,4
0,0,0
10,3,7
0,5,-5
52,0,52
17,0,17
12,18,-6
7,1,6
0,0,0
10,0,10
3,0,3
4,1,3
28,0,28
15,0,15
1,0,1
1,1,0
0,5,-5
30,60,-30
0,2,-2
2,14,-12
10,1,9
6,17,-11
6,0,6
9,2,7
0,0,0
0,0,0
3,5,-2
11,2,9
1,1,0
1,1,0
2,0,2
4,0,4
1,2,-1
0,1,-1
27,0,27
0,0,0
0,0,0
4,1,3
2,0,2
6,2,4
0,0,0
109,109,0
3,0,3
21,0,21
16,0,16
6,1,5
13,0,13
0,5,-5
0,0,0
19,2,17
15,0,15
18,1,17
2,2,0
37,0,37
4,2,2
5,2,3
1,0,1
0,0,0
0,0,0
17,1,16
0,3,-3
1,0,1
0,0,0
1,0,1
14,0,14
0,0,0
2,0,2
10,3,7
3,0,3
1,0,1
11,3,8
11,19,-8
11,6,5
1,0,1
0,0,0
0,0,0
1,1,0
0,2,-2
0,0,0
3,0,3
0,0,0
21,20,1
9,5,4
0,0,0
12,4,8
3,0,3
3,13,-10
0,0,0
8,8,0
25,2,23
11,2,9
14,0,14
7,0,7
1,0,1
0,0,0
2,0,2
8,1,7
1,0,1
9,1,8
0,4,-4
0,1,-1
0,0,0
2,0,2
0,1,-1
0,1,-1
1,4,-3
18,2,16
4,4,0
7,0,7
0,0,0
1,0,1
16,11,5
12,23,-11
0,0,0
12,0,12
3,0,3
6,10,-4
15,0,15
25,5,20
7,0,7
1,1,0
8,8,0
1,0,1
1,3,-2
0,0,0
0,1,-1
2,0,2
5,0,5
0,0,0
14,4,10
0,0,0
11,8,3
6,2,4
3,0,3
11,0,11
3,1,2
2,0,2
14,21,-7
20,6,14
0,0,0
2,13,-11
11,17,-6
2,2,0
11,0,11
7,1,6
0,0,0
1,1,0
8,0,8
1,0,1
15,47,-32
2,0,2
1,0,1
1,0,1
1,3,-2
1,1,0
2,1,1
1,0,1
0,0,0
17,0,17
7,3,4
12,0,12
0,0,0
10,0,10
2,0,2
5,45,-40
7,0,7
0,0,0
0,0,0
4,0,4
3,0,3
7,1,6
0,3,-3
1,0,1
2,0,2
2,2,0
8,5,3
5,2,3
4,1,3
6,5,1
0,2,-2
14,3,11
0,0,0
9,1,8
2,1,1
8,4,4
1,0,1
0,0,0
2,3,-1
0,0,0
0,2,-2
0,0,0
0,6,-6
1,0,1
0,0,0
15,13,2
2,1,1
5,0,5
0,0,0
34,1,33
2,0,2
3,0,3
1,1,0
1,0,1
0,0,0
14,0,14
0,0,0
1,13,-12
8,6,2
24,12,12
6,0,6
2,0,2
8,0,8
3,2,1
12,4,8
0,0,0
1,0,1
1,1,0
2,2,0
24,3,21
21,9,12
19,0,19
32,4,28
7,0,7
9,1,8
3,1,2
7,3,4
0,0,0
4,0,4
6,19,-13
4,4,0
4,1,3
0,0,0
28,0,28
9,0,9
1,1,0
4,0,4
6,0,6
3,2,1
4,0,4
11,0,11
7,2,5
23,17,6
2,1,1
5,0,5
0,0,0
1,0,1
5,4,1
2,0,2
5,1,4
2,0,2
2,3,-1
0,0,0
22,0,22
29,17,12
2,0,2
9,12,-3
20,0,20
8,1,7
13,23,-10
5,1,4
3,6,-3
8,2,6
2,2,0
2,4,-2
22,0,22
9,1,8
6,0,6
20,0,20
1,1,0
0,0,0
13,69,-56
2,1,1
0,0,0
1,0,1
12,0,12
5,0,5
1,1,0
11,40,-29
5,2,3
0,1,-1
4,0,4
0,0,0
47,0,47
7,1,6
14,0,14
5,0,5
0,0,0
6,4,2
6,18,-12
87,2,85
0,0,0
4,4,0
6,0,6
0,0,0
3,0,3
1,0,1
23,27,-4
1,3,-2
8,0,8
5,1,4
3,2,1
9,6,3
7,0,7
5,0,5
12,1,11
2,2,0
5,1,4
31,0,31
0,1,-1
13,1,12
12,0,12
19,0,19
5,1,4
7,6,1
14,0,14
27,1,26
6,3,3
3,0,3
4,3,1
12,1,11
3,2,1
4,8,-4
0,1,-1
2,0,2
6,1,5
0,0,0
12,2,10
2,0,2
1,0,1
11,4,7
0,2,-2
6,0,6
0,0,0
6,0,6
5,0,5
2,0,2
5,0,5
0,0,0
1,0,1
0,0,0
2,0,2
0,2,-2
5,1,4
3,7,-4
3,13,-10
1,0,1
0,0,0
10,3,7
0,0,0
2,2,0
2,0,2
8,2,6
4,1,3
0,0,0
1,8,-7
0,0,0
0,1,-1
6,5,1
8,0,8
0,0,0
4,1,3
5,0,5
2,0,2
0,5,-5
4,1,3
6,0,6
3,0,3
5,0,5
8,1,7
0,0,0
3,0,3
11,0,11
6,5,1
27,7,20
0,3,-3
0,0,0
0,0,0
38,7,31
10,7,3
0,0,0
9,0,9
2,0,2
2,0,2
0,0,0
0,1,-1
2,7,-5
9,2,7
18,36,-18
3,3,0
1,0,1
10,1,9
11,1,10
24,8,16
17,2,15
0,0,0
2,2,0
6,1,5
2,1,1
9,0,9
1,0,1
32,1,31
4,1,3
11,9,2
12,11,1
6,5,1
4,6,-2
9,0,9
1,0,1
4,0,4
20,12,8
15,8,7
2,0,2
0,18,-18
0,0,0
2,5,-3
3,4,-1
8,0,8
0,0,0
10,2,8
10,13,-3
0,3,-3
3,2,1
5,11,-6
1,0,1
3,1,2
15,3,12
3,1,2
7,3,4
2,1,1
1,0,1
18,57,-39
14,5,9
13,1,12
3,0,3
3,1,2
0,0,0
4,1,3
2,0,2
3,1,2
0,0,0
4,0,4
0,0,0
6,0,6
0,5,-5
12,2,10
0,0,0
11,0,11
3,2,1
33,0,33
24,8,16
2,4,-2
16,1,15
2,0,2
0,0,0
11,8,3
0,0,0
0,10,-10
4,0,4
3,0,3
2,1,1
2,0,2
2,5,-3
4,0,4
0,0,0
0,2,-2
3,0,3
24,0,24
2,2,0
10,0,10
3,1,2
12,1,11
0,0,0
3,2,1
2,4,-2
0,0,0
1,0,1
14,0,14
1,2,-1
6,0,6
0,1,-1
1,1,0
2,2,0
24,0,24
9,1,8
0,0,0
0,4,-4
6,0,6
9,0,9
1,0,1
0,0,0
1,0,1
3,3,0
19,0,19
15,4,11
16,5,11
3,0,3
6,3,3
2,2,0
3,0,3
17,0,17
3,0,3
5,0,5
0,0,0
0,0,0
1,0,1
0,0,0
2,0,2
6,2,4
9,2,7
2,3,-1
1,1,0
0,0,0
0,0,0
0,0,0
14,1,13
0,0,0
7,0,7
0,0,0
11,1,10
4,4,0
4,2,2
0,0,0
21,0,21
20,7,13
6,0,6
1,1,0
1,1,0
1,0,1
0,0,0
8,1,7
1,0,1
7,5,2
5,0,5
0,5,-5
7,0,7
0,1,-1
0,0,0
0,0,0
12,0,12
1,9,-8
10,2,8
13,1,12
10,0,10
4,1,3
6,0,6
0,0,0
10,5,5
0,1,-1
12,14,-2
3,5,-2
2,1,1
0,0,0
0,0,0
0,2,-2
10,2,8
16,0,16
2,0,2
0,0,0
2,0,2
0,0,0
25,1,24
17,0,17
1,0,1
16,34,-18
0,1,-1
3,0,3
9,0,9
6,1,5
41,4,37
7,0,7
18,13,5
0,0,0
1,0,1
5,1,4
27,1,26
14,1,13
3,0,3
2,2,0
0,2,-2
3,0,3
11,34,-23
0,0,0
4,1,3
0,0,0
21,0,21
6,34,-28
8,7,1
0,0,0
1,4,-3
4,1,3
0,0,0
7,0,7
27,5,22
0,0,0
1,3,-2
11,1,10
5,1,4
109,109,0
20,1,19
3,1,2
5,4,1
14,0,14
11,10,1
0,0,0
2,0,2
0,0,0
0,1,-1
0,0,0
0,0,0
1,2,-1
1,0,1
3,2,1
1,8,-7
7,1,6
2,21,-19
8,2,6
6,0,6
7,1,6
7,5,2
0,4,-4
0,0,0
13,12,1
1,0,1
11,19,-8
9,1,8
3,0,3
3,0,3
12,1,11
0,0,0
0,1,-1
6,7,-1
3,0,3
8,8,0
6,0,6
0,0,0
23,1,22
5,0,5
1,1,0
8,22,-14
0,0,0
2,0,2
1,0,1
10,4,6
18,2,16
0,0,0
19,46,-27
19,1,18
0,0,0
0,0,0
30,13,17
5,0,5
0,0,0
6,6,0
1,6,-5
3,1,2
14,0,14
3,0,3
16,1,15
6,0,6
0,8,-8
10,9,1
6,1,5
0,1,-1
2,1,1
2,4,-2
13,1,12
19,0,19
0,0,0
11,5,6
5,1,4
1,6,-5
0,1,-1
9,3,6
2,2,0
0,0,0
2,5,-3
9,2,7
3,69,-66
22,0,22
40,1,39
0,0,0
0,1,-1
1,2,-1
3,1,2
0,1,-1
0,0,0
16,0,16
2,3,-1
16,2,14
0,1,-1
1,0,1
10,1,9
19,2,17
7,2,5
0,1,-1
16,1,15
0,0,0
0,0,0
2,0,2
7,1,6
3,1,2
84,0,84
1,1,0
6,0,6
0,0,0
0,1,-1
3,0,3
0,0,0
5,0,5
43,2,41
1,1,0
7,0,7
3,7,-4
5,1,4
7,0,7
3,62,-59
1,0,1
15,2,13
0,0,0
14,0,14
12,8,4
0,0,0
4,1,3
10,1,9
7,10,-3
4,2,2
8,0,8
0,0,0
13,29,-16
36,2,34
9,2,7
1,0,1
1,2,-1
13,1,12
30,0,30
5,0,5
0,0,0
19,0,19
11,38,-27
2,0,2
2,0,2
4,1,3
14,9,5
18,0,18
2,1,1
4,8,-4
9,1,8
10,0,10
7,0,7
9,4,5
8,2,6
6,0,6
1,4,-3
26,4,22
0,1,-1
6,0,6
3,0,3
1,0,1
10,1,9
0,0,0
8,3,5
0,0,0
1,0,1
3,0,3
4,0,4
48,1,47
6,7,-1
4,0,4
0,0,0
3,0,3
8,5,3
29,8,21
8,1,7
1,2,-1
1,0,1
3,0,3
0,0,0
3,1,2
13,1,12
7,6,1
4,0,4
15,1,14
2,1,1
13,0,13
0,0,0
19,3,16
6,1,5
14,1,13
6,2,4
6,0,6
11,0,11
3,0,3
10,0,10
3,0,3
1,1,0
1,0,1
8,0,8
7,3,4
5,8,-3
4,1,3
9,0,9
0,0,0
2,0,2
20,21,-1
8,5,3
13,0,13
0,0,0
4,17,-13
2,10,-8
1,0,1
19,0,19
13,0,13
3,3,0
3,0,3
1,0,1
65,0,65
1,0,1
2,4,-2
0,0,0
11,1,10
2,0,2
3,1,2
2,1,1
0,13,-13
0,0,0
18,0,18
7,1,6
17,8,9
2,1,1
0,0,0
5,2,3
0,0,0
9,1,8
2,5,-3
1,1,0
14,0,14
0,0,0
5,10,-5
0,2,-2
7,6,1
4,3,1
1,0,1
0,0,0
3,0,3
63,21,42
4,0,4
3,0,3
2,1,1
7,0,7
1,1,0
1,0,1
0,1,-1
0,2,-2
0,0,0
0,3,-3
7,0,7
8,6,2
15,2,13
5,1,4
10,1,9
2,0,2
9,1,8
0,0,0
13,0,13
21,5,16
45,2,43
22,0,22
24,0,24
14,0,14
7,0,7
5,1,4
0,1,-1
6,2,4
0,9,-9
4,2,2
0,0,0
4,0,4
36,4,32
1,1,0
8,34,-26
5,2,3
22,1,21
37,4,33
3,0,3
21,1,20
0,0,0
11,1,10
1,1,0
1,0,1
2,0,2
0,0,0
2,1,1
9,0,9
5,0,5
0,1,-1
4,0,4
8,9,-1
0,0,0
14,0,14
3,0,3
9,2,7
15,0,15
0,0,0
4,0,4
17,2,15
2,2,0
3,32,-29
2,0,2
0,0,0
9,5,4
28,34,-6
6,0,6
0,2,-2
0,0,0
1,0,1
1,0,1
14,1,13
0,1,-1
5,6,-1
4,5,-1
11,0,11
3,0,3
19,0,19
12,7,5
21,3,18
5,1,4
5,34,-29
7,0,7
0,0,0
0,4,-4
8,5,3
1,0,1
7,3,4
9,0,9
2,6,-4
1,0,1
2,2,0
4,0,4
4,0,4
4,1,3
19,0,19
19,1,18
4,0,4
16,25,-9
15,0,15
4,0,4
7,6,1
2,1,1
0,1,-1
1,0,1
0,0,0
46,1,45
5,4,1
1,0,1
2,0,2
4,0,4
10,4,6
0,0,0
3,2,1
5,1,4
12,0,12
2,0,2
6,1,5
3,4,-1
1,4,-3
1,1,0
16,0,16
0,1,-1
2,1,1
45,88,-43
12,0,12
6,0,6
10,2,8
1,0,1
3,0,3
14,7,7
0,0,0
4,8,-4
8,2,6
35,0,35
2,2,0
3,9,-6
18,3,15
1,0,1
3,4,-1
0,1,-1
3,1,2
5,1,4
13,2,11
0,1,-1
2,4,-2
39,0,39
29,29,0
27,0,27
20,7,13
3,4,-1
2,7,-5
1,0,1
13,2,11
0,1,-1
2,2,0
14,4,10
9,1,8
0,0,0
11,6,5
0,0,0
1,0,1
8,1,7
5,0,5
21,10,11
1,0,1
5,0,5
6,6,0
32,3,29
4,9,-5
3,0,3
1,0,1
13,10,3
16,12,4
2,0,2
1,3,-2
6,0,6
0,1,-1
0,0,0
10,3,7
0,2,-2
1,0,1
0,0,0
4,5,-1
2,0,2
17,62,-45
1,1,0
9,0,9
4,2,2
0,0,0
0,6,-6
15,2,13
2,0,2
2,1,1
0,0,0
1,0,1
5,4,1
2,2,0
5,1,4
0,0,0
5,0,5
6,0,6
4,1,3
10,0,10
5,13,-8
37,37,0
41,6,35
0,0,0
2,0,2
5,0,5
0,0,0
8,0,8
0,0,0
16,1,15
10,0,10
1,0,1
0,0,0
0,0,0
0,8,-8
0,0,0
0,4,-4
37,10,27
13,8,5
12,1,11
1,0,1
0,0,0
1,2,-1
1,4,-3
6,6,0
7,1,6
8,0,8
15,1,14
12,1,11
0,0,0
13,1,12
1,0,1
0,5,-5
2,0,2
2,0,2
5,1,4
10,12,-2
2,2,0
9,3,6
1,1,0
4,1,3
1,0,1
1,0,1
0,0,0
0,0,0
4,8,-4
0,0,0
20,1,19
9,8,1
1,0,1
17,12,5
0,3,-3
4,5,-1
2,0,2
7,8,-1
0,0,0
7,6,1
15,14,1
1,2,-1
2,0,2
24,0,24
4,0,4
0,0,0
0,0,0
4,8,-4
1,0,1
1,0,1
10,3,7
11,3,8
10,1,9
6,0,6
0,0,0
6,0,6
1,1,0
7,0,7
0,0,0
1,0,1
52,22,30
13,0,13
0,0,0
11,1,10
6,10,-4
9,0,9
1,5,-4
21,3,18
6,1,5
4,3,1
1,0,1
1,0,1
0,0,0
27,2,25
0,3,-3
1,0,1
18,0,18
1,0,1
3,4,-1
6,0,6
7,0,7
4,43,-39
2,0,2
0,0,0
11,0,11
1,1,0
0,29,-29
18,1,17
13,0,13
1,1,0
15,4,11
0,0,0
2,0,2
2,0,2
4,1,3
13,0,13
5,0,5
3,1,2
6,1,5
7,5,2
1,0,1
0,0,0
9,0,9
7,0,7
2,1,1
12,7,5
0,0,0
1,0,1
8,0,8
6,0,6
1,1,0
3,1,2
1,2,-1
2,0,2
4,1,3
2,0,2
2,0,2
1,37,-36
7,0,7
35,0,35
0,0,0
3,69,-66
7,1,6
9,0,9
19,0,19
0,1,-1
7,1,6
0,3,-3
2,27,-25
17,17,0
0,1,-1
0,0,0
7,17,-10
9,0,9
9,1,8
1,0,1
1,1,0
15,4,11
1,1,0
3,4,-1
3,0,3
4,0,4
12,0,12
9,0,9
5,1,4
4,0,4
55,0,55
9,4,5
6,0,6
0,17,-17
5,5,0
3,1,2
7,9,-2
3,0,3
8,1,7
0,4,-4
18,1,17
1,1,0
5,0,5
7,4,3
0,4,-4
2,6,-4
0,0,0
13,1,12
5,3,2
3,2,1
14,0,14
1,0,1
2,1,1
4,0,4
1,2,-1
7,1,6
5,1,4
10,3,7
1,2,-1
2,6,-4
2,1,1
2,0,2
1,4,-3
15,6,9
8,2,6
2,1,1
5,5,0
43,10,33
0,0,0
9,2,7
1,3,-2
0,0,0
0,0,0
1,0,1
7,1,6
2,0,2
26,11,15
3,0,3
29,2,27
19,1,18
1,1,0
9,6,3
10,19,-9
1,2,-1
8,0,8
5,4,1
9,8,1
1,0,1
0,0,0
6,0,6
9,1,8
11,0,11
2,0,2
0,1,-1
0,0,0
8,5,3
0,34,-34
3,0,3
11,6,5
1,0,1
3,2,1
2,5,-3
1,2,-1
0,0,0
0,0,0
1,1,0
6,0,6
1,0,1
1,34,-33
4,0,4
4,4,0
1,0,1
6,0,6
7,4,3
0,4,-4
12,0,12
6,1,5
7,0,7
1,0,1
5,0,5
24,8,16
0,0,0
4,11,-7
5,3,2
10,2,8
0,0,0
5,0,5
6,4,2
10,8,2
12,1,11
50,4,46
2,1,1
2,2,0
13,2,11
2,0,2
2,0,2
2,0,2
1,0,1
3,3,0
1,0,1
0,0,0
1,0,1
3,0,3
0,0,0
5,0,5
24,4,20
4,0,4
18,2,16
8,0,8
43,2,41
3,0,3
4,4,0
0,0,0
8,0,8
5,0,5
5,20,-15
1,0,1
5,0,5
0,0,0
3,4,-1
50,0,50
6,1,5
13,0,13
2,1,1
2,3,-1
5,1,4
6,0,6
7,0,7
10,0,10
2,0,2
4,43,-39
39,4,35
3,0,3
1,0,1
2,4,-2
25,0,25
3,0,3
4,0,4
14,1,13
0,3,-3
2,0,2
6,1,5
6,62,-56
14,0,14
2,2,0
0,7,-7
0,4,-4
4,4,0
1,0,1
13,0,13
9,4,5
9,0,9
0,0,0
16,3,13
1,0,1
0,0,0
1,0,1
1,0,1
13,2,11
5,0,5
0,0,0
0,0,0
2,0,2
1,0,1
74,1,73
4,0,4
2,1,1
16,1,15
2,0,2
28,1,27
1,0,1
0,1,-1
6,1,5
17,0,17
1,2,-1
14,1,13
2,2,0
2,0,2
3,1,2
4,0,4
9,8,1
16,69,-53
0,4,-4
0,0,0
1,0,1
1,0,1
6,29,-23
3,1,2
6,1,5
6,1,5
0,1,-1
14,2,12
8,1,7
0,4,-4
6,4,2
2,2,0
8,2,6
11,1,10
49,14,35
0,0,0
23,2,21
12,1,11
1,0,1
9,4,5
1,1,0
2,1,1
1,0,1
19,5,14
54,54,0
3,2,1
7,2,5
2,0,2
2,0,2
37,34,3
4,2,2
3,0,3
5,0,5
4,1,3
14,0,14
15,0,15
1,20,-19
5,0,5
3,1,2
5,1,4
8,0,8
29,0,29
1,0,1
2,1,1
0,0,0
6,4,2
27,2,25
5,0,5
2,2,0
1,0,1
1,2,-1
9,4,5
0,0,0
5,0,5
7,1,6
4,1,3
1,0,1
14,0,14
0,0,0
6,2,4
36,1,35
3,1,2
11,6,5
3,2,1
0,2,-2
17,3,14
1,0,1
0,0,0
15,2,13
3,2,1
12,0,12
0,2,-2
0,0,0
0,1,-1
7,5,2
21,62,-41
27,14,13
7,0,7
2,0,2
0,1,-1
4,4,0
3,2,1
10,9,1
2,0,2
1,0,1
8,1,7
8,5,3
2,0,2
0,5,-5
1,1,0
38,0,38
2,2,0
24,5,19
6,0,6
2,1,1
14,0,14
3,1,2
0,0,0
0,0,0
8,6,2
6,2,4
2,0,2
17,2,15
2,1,1
3,0,3
8,2,6
2,0,2
9,2,7
0,0,0
0,0,0
5,0,5
6,0,6
2,0,2
0,3,-3
0,0,0
0,2,-2
17,5,12
32,0,32
7,2,5
5,0,5
4,1,3
10,25,-15
16,5,11
11,5,6
15,0,15
7,4,3
4,7,-3
3,1,2
7,5,2
0,0,0
22,0,22
13,0,13
0,0,0
12,4,8
11,4,7
2,0,2
16,1,15
8,0,8
16,17,-1
1,1,0
1,0,1
17,26,-9
7,0,7
11,1,10
21,0,21
0,0,0
1,0,1
7,3,4
5,0,5
14,0,14
4,0,4
8,0,8
8,4,4
12,1,11
0,0,0
4,10,-6
0,0,0
2,0,2
0,0,0
4,4,0
0,1,-1
2,0,2
0,0,0
2,0,2
5,0,5
6,1,5
3,0,3
14,1,13
5,2,3
20,0,20
13,14,-1
15,5,10
3,0,3
0,0,0
3,0,3
1,0,1
3,0,3
1,0,1
4,0,4
1,0,1
18,0,18
6,1,5
12,2,10
8,1,7
6,0,6
6,4,2
1,2,-1
4,1,3
0,0,0
0,0,0
10,0,10
0,0,0
2,0,2
5,5,0
6,10,-4
7,0,7
0,0,0
1,1,0
2,0,2
9,4,5
7,8,-1
2,2,0
3,2,1
12,0,12
14,10,4
1,1,0
14,2,12
1,0,1
2,0,2
1,2,-1
1,1,0
12,1,11
0,0,0
4,1,3
2,0,2
3,0,3
20,4,16
3,1,2
12,28,-16
2,6,-4
1,5,-4
22,15,7
3,0,3
1,13,-12
2,29,-27
0,0,0
2,1,1
22,2,20
1,10,-9
6,0,6
1,4,-3
6,0,6
0,0,0
26,0,26
17,2,15
7,4,3
0,0,0
4,1,3
6,0,6
26,4,22
0,4,-4
0,1,-1
1,4,-3
11,3,8
4,0,4
6,2,4
0,2,-2
5,0,5
13,2,11
16,2,14
1,1,0
9,1,8
2,0,2
12,1,11
1,3,-2
12,1,11
1,0,1
4,3,1
5,2,3
9,4,5
3,0,3
72,72,0
3,0,3
9,5,4
7,4,3
0,0,0
20,10,10
0,1,-1
15,13,2
17,0,17
3,0,3
5,0,5
10,0,10
0,9,-9
17,0,17
0,0,0
5,0,5
14,1,13
0,2,-2
4,4,0
0,1,-1
1,1,0
33,25,8
3,0,3
19,0,19
9,9,0
14,5,9
18,57,-39
1,1,0
21,22,-1
1,3,-2
0,1,-1
0,0,0
1,0,1
5,0,5
16,0,16
3,2,1
0,3,-3
0,0,0
2,0,2
25,11,14
1,11,-10
1,0,1
5,0,5
1,0,1
8,0,8
0,0,0
3,0,3
4,1,3
5,3,2
0,0,0
21,8,13
4,0,4
26,53,-27
12,1,11
3,0,3
9,7,2
2,1,1
53,1,52
4,5,-1
0,1,-1
45,18,27
1,0,1
7,3,4
56,19,37
9,8,1
22,0,22
4,1,3
8,1,7
21,10,11
8,0,8
0,1,-1
5,8,-3
4,1,3
2,0,2
13,22,-9
7,1,6
24,4,20
1,0,1
8,0,8
7,8,-1
6,0,6
5,0,5
23,0,23
4,32,-28
6,2,4
1,1,0
12,44,-32
1,0,1
3,3,0
0,0,0
7,1,6
0,0,0
10,1,9
3,2,1
9,2,7
7,4,3
3,0,3
4,0,4
3,1,2
15,1,14
2,0,2
10,6,4
0,0,0
6,2,4
0,0,0
2,0,2
3,2,1
26,3,23
6,9,-3
0,0,0
8,0,8
5,0,5
5,1,4
1,0,1
0,0,0
1,0,1
17,11,6
11,9,2
9,0,9
37,20,17
9,1,8
0,0,0
38,0,38
34,1,33
7,0,7
6,1,5
1,2,-1
1,0,1
8,36,-28
4,2,2
2,6,-4
4,2,2
2,1,1
19,3,16
12,2,10
0,0,0
6,0,6
2,0,2
1,0,1
6,0,6
6,1,5
33,31,2
23,0,23
0,0,0
0,0,0
3,2,1
1,0,1
0,0,0
14,3,11
1,1,0
2,0,2
2,1,1
10,13,-3
27,0,27
7,5,2
1,0,1
0,9,-9
5,1,4
7,1,6
1,0,1
0,0,0
13,0,13
8,2,6
6,4,2
5,2,3
2,2,0
1,0,1
40,0,40
27,7,20
9,1,8
3,10,-7
17,0,17
9,1,8
0,0,0
2,1,1
22,13,9
1,1,0
6,3,3
3,3,0
1,1,0
5,0,5
26,21,5
10,1,9
0,0,0
0,0,0
3,2,1
1,0,1
0,0,0
3,0,3
0,0,0
6,0,6
2,0,2
9,2,7
23,0,23
19,1,18
1,0,1
0,0,0
1,1,0
1,0,1
0,2,-2
1,0,1
13,2,11
0,0,0
18,8,10
1,0,1
3,2,1
0,0,0
0,0,0
0,9,-9
0,0,0
1,1,0
0,0,0
20,6,14
3,2,1
1,1,0
0,0,0
5,0,5
0,0,0
3,2,1
5,7,-2
10,13,-3
1,0,1
3,1,2
0,0,0
8,0,8
1,4,-3
3,0,3
18,1,17
10,1,9
1,2,-1
2,0,2
3,0,3
9,0,9
2,0,2
1,0,1
3,8,-5
0,0,0
0,0,0
2,1,1
1,0,1
2,2,0
27,1,26
13,0,13
8,39,-31
0,0,0
0,4,-4
0,0,0
0,0,0
3,0,3
0,0,0
23,0,23
3,3,0
14,0,14
9,11,-2
0,0,0
1,0,1
2,2,0
27,9,18
0,0,0
17,0,17
2,0,2
0,0,0
2,2,0
3,2,1
1,0,1
1,0,1
17,8,9
8,14,-6
0,0,0
0,0,0
4,0,4
14,0,14
0,0,0
7,1,6
36,17,19
14,13,1
26,6,20
5,5,0
0,5,-5
1,4,-3
0,0,0
5,0,5
1,0,1
1,10,-9
0,0,0
1,0,1
15,16,-1
30,1,29
1,1,0
0,1,-1
2,2,0
1,0,1
0,0,0
2,0,2
17,1,16
7,7,0
0,1,-1
1,1,0
3,0,3
6,9,-3
6,0,6
1,2,-1
1,0,1
3,0,3
10,3,7
3,2,1
7,0,7
0,1,-1
15,1,14
14,4,10
1,3,-2
11,2,9
3,0,3
2,0,2
4,0,4
70,70,0
32,2,30
17,0,17
0,0,0
6,0,6
2,1,1
0,0,0
1,0,1
10,0,10
2,0,2
9,7,2
10,0,10
5,0,5
4,1,3
6,2,4
9,0,9
0,2,-2
0,0,0
0,2,-2
2,1,1
0,0,0
9,0,9
4,0,4
3,0,3
11,0,11
4,2,2
5,14,-9
8,17,-9
1,0,1
2,0,2
5,4,1
2,1,1
1,1,0
3,2,1
28,18,10
35,4,31
3,0,3
19,1,18
1,0,1
0,0,0
7,5,2
2,0,2
0,0,0
1,0,1
6,1,5
12,1,11
1,1,0
17,5,12
5,2,3
2,0,2
26,14,12
51,1,50
7,0,7
2,4,-2
4,0,4
4,0,4
1,1,0
2,0,2
0,0,0
0,0,0
1,0,1
9,1,8
1,0,1
1,0,1
2,3,-1
0,0,0
13,6,7
10,0,10
1,0,1
14,0,14
22,2,20
32,1,31
66,51,15
14,1,13
5,0,5
4,4,0
0,2,-2
9,14,-5
8,1,7
9,0,9
6,0,6
55,0,55
8,20,-12
6,0,6
31,0,31
1,6,-5
18,0,18
1,7,-6
7,0,7
0,1,-1
4,0,4
1,6,-5
11,1,10
5,1,4
4,0,4
17,1,16
6,2,4
0,0,0
4,2,2
27,1,26
7,1,6
29,19,10
5,0,5
2,2,0
11,1,10
12,0,12
0,0,0
2,0,2
4,0,4
19,8,11
0,0,0
0,0,0
11,0,11
2,0,2
3,0,3
14,0,14
1,1,0
1,1,0
9,1,8
1,0,1
0,0,0
20,10,10
8,0,8
0,0,0
4,0,4
9,3,6
7,1,6
9,0,9
5,17,-12
0,2,-2
5,0,5
26,0,26
1,0,1
1,2,-1
13,3,10
13,1,12
7,0,7
8,0,8
0,0,0
6,0,6
1,4,-3
9,9,0
0,0,0
11,8,3
1,0,1
11,0,11
1,2,-1
3,4,-1
15,5,10
5,0,5
0,0,0
1,1,0
7,4,3
9,6,3
13,1,12
10,0,10
3,0,3
0,0,0
3,0,3
11,0,11
7,0,7
1,1,0
0,0,0
14,1,13
0,0,0
0,0,0
6,0,6
8,2,6
11,1,10
2,2,0
0,0,0
2,0,2
4,6,-2
3,0,3
25,1,24
12,12,0
7,1,6
3,2,1
10,0,10
6,1,5
6,19,-13
4,1,3
1,0,1
3,0,3
3,0,3
8,5,3
1,4,-3
10,4,6
9,1,8
1,13,-12
0,10,-10
2,0,2
3,1,2
2,0,2
8,3,5
1,1,0
25,27,-2
0,0,0
19,0,19
27,1,26
31,0,31
14,0,14
0,0,0
1,3,-2
6,6,0
19,1,18
5,1,4
1,1,0
0,0,0
16,2,14
21,35,-14
2,0,2
1,1,0
11,2,9
0,0,0
6,0,6
0,0,0
6,1,5
2,0,2
16,3,13
0,0,0
0,0,0
1,0,1
5,1,4
22,1,21
1,0,1
57,2,55
4,13,-9
1,21,-20
7,0,7
20,8,12
3,0,3
3,3,0
4,2,2
14,2,12
3,0,3
4,4,0
10,1,9
3,0,3
1,0,1
7,1,6
1,1,0
0,0,0
8,1,7
23,16,7
1,0,1
14,4,10
0,1,-1
2,2,0
3,0,3
1,4,-3
0,0,0
9,1,8
3,6,-3
2,2,0
2,2,0
0,0,0
0,0,0
44,1,43
2,0,2
0,0,0
5,2,3
3,0,3
7,3,4
16,5,11
1,0,1
6,0,6
4,0,4
16,6,10
6,5,1
3,3,0
17,1,16
6,0,6
5,5,0
0,0,0
2,1,1
5,0,5
5,4,1
1,0,1
2,1,1
1,2,-1
3,12,-9
10,0,10
7,4,3
0,0,0
0,0,0
11,0,11
2,2,0
16,4,12
0,0,0
22,5,17
1,0,1
0,0,0
1,0,1
4,0,4
4,0,4
4,5,-1
0,0,0
15,2,13
32,50,-18
0,0,0
0,0,0
10,0,10
0,11,-11
0,0,0
3,2,1
53,50,3
6,2,4
1,0,1
9,2,7
13,0,13
4,1,3
6,0,6
4,0,4
10,14,-4
8,4,4
0,0,0
1,1,0
13,10,3
0,0,0
7,0,7
4,1,3
0,0,0
0,0,0
1,0,1
0,1,-1
1,0,1
1,1,0
1,1,0
0,0,0
3,13,-10
15,4,11
1,0,1
1,0,1
2,0,2
2,1,1
4,1,3
10,0,10
2,0,2
30,10,20
2,0,2
0,1,-1
11,0,11
16,3,13
3,5,-2
2,0,2
4,0,4
12,5,7
2,0,2
0,2,-2
1,0,1
11,0,11
9,0,9
2,1,1
9,1,8
18,0,18
4,0,4
6,5,1
1,0,1
0,1,-1
0,0,0
0,1,-1
13,2,11
0,6,-6
76,76,0
0,0,0
28,8,20
1,0,1
3,0,3
0,0,0
1,0,1
5,0,5
0,0,0
9,48,-39
8,1,7
2,1,1
1,0,1
55,55,0
3,0,3
12,4,8
0,0,0
6,7,-1
4,0,4
2,0,2
5,0,5
19,4,15
3,0,3
13,6,7
0,0,0
3,0,3
0,0,0
6,1,5
0,0,0
25,0,25
0,0,0
3,1,2
12,0,12
0,0,0
17,8,9
0,1,-1
1,0,1
1,0,1
2,0,2
5,3,2
0,0,0
21,2,19
9,2,7
9,0,9
4,0,4
4,2,2
6,10,-4
6,1,5
1,7,-6
28,0,28
5,6,-1
13,1,12
0,0,0
14,1,13
0,0,0
1,0,1
0,0,0
1,1,0
6,4,2
0,0,0
13,22,-9
21,0,21
9,7,2
2,1,1
2,4,-2
2,1,1
4,0,4
4,9,-5
1,0,1
0,1,-1
14,0,14
4,0,4
14,8,6
0,3,-3
0,9,-9
8,1,7
8,0,8
0,0,0
8,2,6
0,0,0
1,2,-1
1,1,0
6,0,6
5,1,4
0,0,0
18,13,5
2,6,-4
8,0,8
7,0,7
1,0,1
5,0,5
7,2,5
5,1,4
1,0,1
9,0,9
2,3,-1
20,13,7
0,3,-3
3,5,-2
3,0,3
1,0,1
0,0,0
1,0,1
6,6,0
0,0,0
0,0,0
0,0,0
3,0,3
0,2,-2
1,1,0
0,0,0
3,0,3
9,0,9
9,0,9
10,0,10
10,0,10
4,0,4
3,1,2
1,0,1
0,0,0
3,1,2
5,19,-14
1,0,1
1,19,-18
2,3,-1
1,4,-3
9,2,7
0,1,-1
8,1,7
7,1,6
1,0,1
2,0,2
0,0,0
12,1,11
17,0,17
2,5,-3
0,0,0
5,0,5
0,1,-1
8,4,4
5,12,-7
1,2,-1
29,0,29
0,0,0
0,0,0
29,1,28
0,1,-1
1,1,0
1,1,0
7,1,6
22,1,21
0,0,0
23,0,23
6,0,6
6,1,5
5,3,2
3,4,-1
5,1,4
0,0,0
0,0,0
6,0,6
8,4,4
0,0,0
0,0,0
0,0,0
8,59,-51
3,1,2
12,48,-36
1,5,-4
2,0,2
3,0,3
9,0,9
1,0,1
2,1,1
0,0,0
32,1,31
4,0,4
12,7,5
1,2,-1
1,5,-4
0,0,0
19,58,-39
23,34,-11
10,3,7
0,0,0
4,1,3
11,0,11
2,0,2
14,1,13
0,0,0
0,1,-1
10,4,6
22,2,20
6,4,2
0,0,0
9,0,9
5,6,-1
10,10,0
26,13,13
9,0,9
6,9,-3
1,0,1
2,5,-3
0,0,0
0,0,0
6,10,-4
0,0,0
1,3,-2
1,0,1
5,2,3
41,0,41
5,1,4
2,1,1
5,0,5
17,13,4
19,0,19
2,0,2
9,4,5
7,6,1
2,2,0
17,30,-13
2,1,1
3,0,3
28,25,3
0,0,0
21,0,21
26,1,25
10,0,10
4,0,4
51,0,51
15,1,14
4,1,3
4,0,4
30,2,28
10,5,5
13,0,13
1,0,1
12,7,5
1,0,1
19,38,-19
5,0,5
1,0,1
5,6,-1
4,3,1
2,1,1
70,0,70
27,0,27
0,1,-1
6,0,6
11,1,10
19,0,19
0,5,-5
4,1,3
3,1,2
14,2,12
13,4,9
21,0,21
2,1,1
11,0,11
0,0,0
0,0,0
6,3,3
6,5,1
1,1,0
1,0,1
1,0,1
5,0,5
2,0,2
14,3,11
2,4,-2
2,0,2
11,0,11
19,5,14
1,1,0
16,0,16
5,0,5
12,28,-16
0,0,0
7,1,6
6,1,5
1,0,1
43,1,42
4,0,4
1,2,-1
69,0,69
1,0,1
2,0,2
0,1,-1
5,0,5
0,0,0
1,0,1
2,0,2
0,0,0
0,0,0
4,1,3
4,0,4
2,0,2
1,0,1
2,0,2
1,2,-1
32,1,31
0,0,0
0,0,0
0,1,-1
3,3,0
2,0,2
2,1,1
3,5,-2
4,89,-85
1,0,1
3,0,3
7,8,-1
5,6,-1
35,35,0
6,1,5
14,2,12
0,1,-1
1,0,1
5,1,4
7,3,4
14,1,13
3,1,2
0,0,0
0,0,0
10,15,-5
1,0,1
0,0,0
22,0,22
20,0,20
0,0,0
3,0,3
12,20,-8
1,1,0
0,1,-1
27,2,25
1,3,-2
1,0,1
0,0,0
0,1,-1
9,0,9
43,4,39
3,2,1
1,1,0
7,7,0
0,0,0
25,1,24
0,45,-45
18,1,17
9,5,4
0,0,0
10,1,9
0,3,-3
6,1,5
17,2,15
0,0,0
0,0,0
0,0,0
0,8,-8
8,2,6
0,0,0
0,0,0
2,6,-4
2,3,-1
3,0,3
1,0,1
0,7,-7
8,10,-2
0,0,0
0,1,-1
12,25,-13
3,2,1
5,2,3
3,0,3
10,1,9
1,0,1
0,0,0
3,0,3
40,1,39
4,2,2
3,0,3
0,2,-2
0,5,-5
2,1,1
2,3,-1
2,8,-6
3,1,2
3,1,2
1,0,1
5,4,1
0,0,0
60,0,60
0,0,0
2,2,0
7,0,7
10,13,-3
12,44,-32
1,1,0
6,4,2
5,0,5
6,0,6
0,0,0
11,2,9
7,0,7
2,0,2
22,13,9
3,0,3
4,1,3
16,4,12
0,0,0
11,0,11
11,0,11
15,0,15
1,1,0
13,4,9
4,0,4
8,0,8
3,1,2
2,0,2
0,10,-10
1,1,0
18,1,17
0,1,-1
4,0,4
1,0,1
5,2,3
0,0,0
0,0,0
0,0,0
0,1,-1
3,38,-35
1,11,-10
3,1,2
15,0,15
2,0,2
3,0,3
0,0,0
17,4,13
3,0,3
5,0,5
12,52,-40
0,0,0
1,1,0
14,2,12
2,0,2
18,4,14
6,1,5
1,1,0
12,8,4
0,0,0
1,0,1
0,6,-6
0,0,0
0,0,0
4,1,3
5,0,5
0,0,0
5,0,5
3,1,2
10,0,10
8,0,8
4,0,4
13,2,11
6,2,4
4,2,2
0,0,0
2,0,2
0,1,-1
1,0,1
9,2,7
3,5,-2
24,0,24
0,0,0
11,3,8
1,0,1
4,0,4
1,0,1
0,0,0
1,5,-4
12,0,12
1,0,1
17,17,0
20,9,11
1,2,-1
2,2,0
2,0,2
0,0,0
9,1,8
15,1,14
0,0,0
1,0,1
2,1,1
0,1,-1
12,2,10
8,0,8
1,7,-6
14,8,6
2,5,-3
10,1,9
0,0,0
2,1,1
10,0,10
62,62,0
2,0,2
2,1,1
18,1,17
0,0,0
1,2,-1
14,0,14
3,6,-3
0,0,0
0,1,-1
0,0,0
2,0,2
4,1,3
9,0,9
3,3,0
9,5,4
1,0,1
0,0,0
4,2,2
6,0,6
5,2,3
3,3,0
7,0,7
27,0,27
1,0,1
0,3,-3
2,8,-6
1,3,-2
3,1,2
0,0,0
4,0,4
49,2,47
9,1,8
1,1,0
8,0,8
5,0,5
0,0,0
0,0,0
3,1,2
1,0,1
9,0,9
8,0,8
1,0,1
22,5,17
2,9,-7
0,10,-10
1,0,1
0,0,0
29,29,0
1,1,0
27,14,13
1,0,1
4,2,2
5,0,5
16,15,1
4,5,-1
9,9,0
1,1,0
11,1,10
1,0,1
14,1,13
1,2,-1
8,0,8
0,2,-2
13,0,13
15,8,7
2,1,1
4,2,2
6,0,6
32,1,31
4,2,2
16,0,16
6,1,5
4,5,-1
2,0,2
4,1,3
9,0,9
0,0,0
9,0,9
3,0,3
7,0,7
9,1,8
29,5,24
0,0,0
3,1,2
3,0,3
5,4,1
3,2,1
9,0,9
0,0,0
9,9,0
1,0,1
6,0,6
6,0,6
8,1,7
14,4,10
1,1,0
12,0,12
1,2,-1
0,1,-1
8,0,8
1,1,0
15,1,14
0,0,0
13,0,13
6,2,4
1,0,1
4,0,4
0,0,0
6,0,6
0,0,0
4,5,-1
0,0,0
5,2,3
0,3,-3
5,0,5
1,0,1
14,7,7
5,0,5
21,0,21
7,0,7
5,2,3
6,0,6
5,3,2
16,1,15
23,0,23
3,0,3
16,3,13
6,2,4
2,0,2
1,0,1
6,1,5
2,0,2
8,0,8
2,2,0
8,16,-8
0,1,-1
0,0,0
7,0,7
15,1,14
7,1,6
5,5,0
3,0,3
7,7,0
1,0,1
2,1,1
0,1,-1
15,43,-28
9,6,3
2,0,2
9,19,-10
2,5,-3
11,0,11
1,2,-1
0,0,0
16,5,11
2,3,-1
0,0,0
1,0,1
11,16,-5
10,13,-3
1,6,-5
7,1,6
24,1,23
5,0,5
59,0,59
7,2,5
0,3,-3
2,1,1
4,1,3
39,12,27
1,1,0
4,1,3
0,0,0
13,1,12
13,2,11
2,0,2
1,2,-1
8,2,6
0,0,0
6,0,6
1,2,-1
14,1,13
22,0,22
1,5,-4
9,3,6
7,3,4
0,0,0
1,0,1
16,13,3
9,0,9
35,1,34
2,1,1
6,2,4
13,13,0
0,0,0
0,0,0
0,4,-4
17,2,15
5,2,3
0,0,0
28,15,13
33,2,31
2,0,2
14,0,14
1,0,1
2,1,1
16,0,16
0,0,0
20,2,18
0,0,0
0,0,0
2,4,-2
0,0,0
1,1,0
1,1,0
2,0,2
13,8,5
1,0,1
0,0,0
32,13,19
3,0,3
11,6,5
1,0,1
1,2,-1
0,0,0
0,3,-3
2,1,1
7,5,2
4,0,4
9,0,9
2,0,2
1,1,0
5,0,5
8,0,8
9,1,8
7,28,-21
24,4,20
6,0,6
4,1,3
1,2,-1
2,1,1
1,0,1
20,0,20
3,0,3
25,27,-2
16,1,15
6,0,6
0,10,-10
3,0,3
1,0,1
1,1,0
0,1,-1
2,0,2
7,2,5
27,0,27
4,0,4
6,0,6
37,0,37
0,7,-7
3,1,2
3,0,3
13,1,12
12,9,3
4,2,2
11,0,11
3,1,2
16,0,16
6,9,-3
15,1,14
6,1,5
1,0,1
6,1,5
10,0,10
2,0,2
3,0,3
1,2,-1
13,2,11
3,21,-18
20,3,17
11,5,6
0,0,0
0,0,0
0,0,0
7,0,7
3,14,-11
12,30,-18
0,0,0
1,0,1
35,0,35
13,0,13
8,5,3
58,0,58
15,1,14
3,2,1
14,1,13
3,5,-2
0,4,-4
2,0,2
0,0,0
7,4,3
26,0,26
4,2,2
21,0,21
5,0,5
1,0,1
1,5,-4
0,0,0
9,1,8
0,0,0
9,7,2
6,0,6
10,5,5
1,0,1
4,0,4
12,0,12
12,1,11
6,2,4
11,10,1
4,2,2
17,0,17
4,0,4
5,28,-23
2,0,2
2,0,2
10,1,9
17,0,17
5,3,2
1,0,1
48,30,18
0,0,0
5,2,3
2,1,1
3,0,3
4,1,3
26,0,26
0,1,-1
9,7,2
10,2,8
1,0,1
0,4,-4
0,0,0
0,0,0
2,0,2
9,1,8
5,0,5
1,0,1
10,2,8
11,0,11
19,0,19
1,2,-1
10,0,10
8,5,3
3,1,2
0,3,-3
0,0,0
5,11,-6
14,2,12
3,0,3
1,1,0
6,2,4
0,1,-1
14,3,11
4,1,3
0,2,-2
19,0,19
0,0,0
2,4,-2
0,0,0
4,0,4
8,0,8
2,0,2
0,1,-1
3,3,0
8,2,6
3,1,2
5,1,4
4,5,-1
12,0,12
22,0,22
1,0,1
2,1,1
1,1,0
0,0,0
11,0,11
0,0,0
2,13,-11
2,0,2
5,1,4
0,0,0
4,3,1
23,16,7
0,0,0
2,1,1
2,2,0
0,0,0
0,0,0
1,1,0
0,0,0
3,0,3
1,0,1
0,0,0
0,0,0
1,0,1
7,31,-24
19,0,19
0,0,0
23,0,23
1,2,-1
6,8,-2
3,0,3
8,1,7
0,0,0
3,5,-2
3,0,3
0,0,0
4,0,4
22,1,21
2,0,2
17,0,17
21,1,20
2,0,2
0,0,0
6,2,4
6,1,5
2,0,2
2,0,2
1,0,1
2,0,2
3,1,2
0,1,-1
4,1,3
1,0,1
6,2,4
0,2,-2
0,0,0
38,38,0
4,1,3
0,0,0
0,0,0
21,21,0
9,0,9
5,2,3
3,0,3
4,2,2
0,0,0
0,2,-2
30,1,29
91,7,84
4,0,4
13,0,13
0,0,0
20,9,11
6,1,5
24,4,20
4,2,2
1,0,1
13,0,13
1,0,1
1,1,0
6,0,6
0,4,-4
7,3,4
2,0,2
0,2,-2
0,1,-1
2,0,2
2,0,2
0,0,0
51,0,51
6,1,5
10,0,10
27,0,27
10,24,-14
2,0,2
3,0,3
35,2,33
5,2,3
29,0,29
24,8,16
0,1,-1
6,0,6
10,1,9
0,0,0
0,0,0
18,0,18
0,0,0
0,1,-1
6,1,5
11,15,-4
0,0,0
5,2,3
10,0,10
11,11,0
11,1,10
7,7,0
26,7,19
1,5,-4
0,0,0
1,1,0
13,1,12
3,2,1
13,0,13
8,0,8
7,2,5
9,0,9
0,1,-1
12,1,11
32,6,26
2,0,2
10,13,-3
25,4,21
12,12,0
34,51,-17
22,4,18
0,0,0
4,6,-2
6,3,3
6,0,6
4,0,4
2,0,2
15,38,-23
3,2,1
4,1,3
3,1,2
0,0,0
6,0,6
1,0,1
2,0,2
7,1,6
0,0,0
27,1,26
0,0,0
23,1,22
0,1,-1
0,0,0
3,2,1
2,0,2
17,1,16
2,14,-12
6,1,5
3,0,3
1,0,1
0,13,-13
9,0,9
0,2,-2
8,1,7
14,13,1
6,1,5
74,15,59
9,0,9
1,1,0
3,3,0
7,4,3
4,0,4
15,2,13
5,1,4
22,30,-8
0,0,0
1,7,-6
12,1,11
3,2,1
1,2,-1
9,14,-5
31,55,-24
6,5,1
6,1,5
12,8,4
1,1,0
0,0,0
1,0,1
4,1,3
7,4,3
0,7,-7
6,0,6
9,0,9
5,0,5
10,0,10
0,0,0
20,12,8
0,3,-3
15,1,14
1,0,1
0,0,0
6,5,1
11,1,10
12,0,12
4,0,4
5,5,0
10,1,9
10,1,9
10,1,9
0,2,-2
11,1,10
0,0,0
13,1,12
1,2,-1
0,0,0
3,0,3
24,6,18
1,0,1
0,2,-2
1,0,1
0,2,-2
6,0,6
6,1,5
1,0,1
4,0,4
2,7,-5
13,1,12
0,0,0
8,0,8
0,1,-1
1,2,-1
0,0,0
4,1,3
6,0,6
6,0,6
22,1,21
5,12,-7
0,0,0
0,0,0
6,13,-7
0,0,0
4,0,4
4,0,4
0,0,0
16,6,10
2,0,2
4,4,0
3,8,-5
7,78,-71
0,1,-1
3,1,2
1,1,0
3,0,3
2,5,-3
8,6,2
8,1,7
7,1,6
19,0,19
12,2,10
0,0,0
16,3,13
6,1,5
9,5,4
0,0,0
7,0,7
0,7,-7
20,2,18
5,1,4
0,0,0
29,19,10
35,31,4
2,0,2
1,1,0
3,0,3
7,0,7
4,0,4
0,0,0
15,7,8
6,0,6
2,2,0
1,2,-1
0,0,0
19,0,19
0,0,0
0,0,0
2,8,-6
0,0,0
6,6,0
0,0,0
9,0,9
1,1,0
11,1,10
12,1,11
14,4,10
4,1,3
12,0,12
4,5,-1
10,7,3
0,0,0
1,0,1
0,0,0
25,0,25
10,6,4
16,0,16
0,0,0
14,3,11
1,0,1
1,5,-4
0,0,0
3,1,2
9,0,9
4,0,4
6,0,6
2,2,0
28,37,-9
12,4,8
15,0,15
16,0,16
23,0,23
6,1,5
5,13,-8
6,6,0
4,0,4
6,6,0
9,8,1
24,1,23
1,1,0
4,0,4
2,0,2
0,0,0
6,1,5
11,0,11
5,2,3
1,5,-4
14,4,10
0,0,0
3,2,1
5,6,-1
7,0,7
0,0,0
2,0,2
0,0,0
4,2,2
1,3,-2
9,34,-25
8,1,7
7,0,7
0,2,-2
10,4,6
44,78,-34
9,1,8
6,1,5
6,0,6
0,1,-1
1,4,-3
2,0,2
3,10,-7
0,0,0
3,0,3
0,0,0
0,0,0
3,1,2
0,0,0
2,1,1
0,0,0
35,2,33
1,4,-3
0,0,0
28,2,26
0,1,-1
6,6,0
8,8,0
8,2,6
1,3,-2
20,1,19
10,10,0
11,0,11
3,2,1
1,8,-7
7,1,6
35,34,1
5,1,4
6,0,6
6,2,4
10,2,8
3,0,3
3,1,2
0,0,0
6,0,6
13,0,13
6,4,2
2,4,-2
10,1,9
8,2,6
5,0,5
0,0,0
8,8,0
5,0,5
0,7,-7
3,0,3
0,0,0
2,1,1
14,0,14
7,6,1
1,1,0
12,2,10
0,0,0
2,0,2
3,3,0
9,1,8
13,0,13
9,6,3
2,9,-7
31,8,23
1,2,-1
3,0,3
5,10,-5
1,0,1
0,0,0
2,2,0
0,0,0
0,0,0
4,5,-1
3,2,1
15,0,15
0,0,0
1,0,1
7,3,4
2,6,-4
24,0,24
21,9,12
33,0,33
13,14,-1
2,0,2
2,1,1
1,2,-1
9,0,9
2,1,1
6,4,2
2,1,1
6,0,6
5,1,4
3,2,1
2,0,2
15,0,15
2,0,2
18,0,18
0,1,-1
4,0,4
6,0,6
9,1,8
10,1,9
4,1,3
2,0,2
5,1,4
12,1,11
6,1,5
4,4,0
0,0,0
10,1,9
0,0,0
3,2,1
5,7,-2
1,0,1
0,30,-30
1,0,1
0,11,-11
0,0,0
3,0,3
0,0,0
12,1,11
0,0,0
0,0,0
0,1,-1
3,0,3
2,0,2
0,0,0
1,0,1
0,0,0
1,0,1
3,2,1
0,0,0
1,0,1
13,1,12
5,0,5
6,1,5
0,1,-1
27,7,20
2,3,-1
6,1,5
2,1,1
2,0,2
12,0,12
14,1,13
17,1,16
7,1,6
3,0,3
47,1,46
22,2,20
7,2,5
12,1,11
16,1,15
0,0,0
1,0,1
5,3,2
2,4,-2
11,1,10
1,0,1
11,0,11
36,6,30
1,5,-4
9,3,6
2,1,1
2,1,1
11,1,10
0,0,0
6,2,4
0,1,-1
2,1,1
0,0,0
1,0,1
0,0,0
0,0,0
2,0,2
19,0,19
5,1,4
20,1,19
3,1,2
9,13,-4
2,0,2
3,7,-4
0,1,-1
0,0,0
0,1,-1
4,1,3
12,0,12
20,1,19
16,0,16
3,0,3
0,1,-1
0,4,-4
1,0,1
1,1,0
1,0,1
5,0,5
11,18,-7
10,2,8
12,0,12
0,1,-1
1,0,1
8,1,7
10,2,8
3,0,3
13,7,6
5,2,3
7,1,6
2,0,2
15,13,2
0,1,-1
0,0,0
1,0,1
6,3,3
1,0,1
6,1,5
2,3,-1
7,2,5
0,1,-1
2,0,2
0,1,-1
2,2,0
4,0,4
3,0,3
1,0,1
2,0,2
4,0,4
3,0,3
6,2,4
1,2,-1
3,0,3
5,3,2
12,0,12
2,2,0
5,1,4
0,1,-1
0,0,0
2,2,0
3,0,3
13,0,13
3,4,-1
2,0,2
2,1,1
0,5,-5
4,1,3
2,4,-2
0,0,0
0,0,0
0,1,-1
0,0,0
5,0,5
20,4,16
1,1,0
6,2,4
4,0,4
1,5,-4
0,0,0
12,1,11
4,0,4
1,2,-1
9,0,9
1,0,1
5,0,5
11,6,5
3,2,1
0,1,-1
3,6,-3
0,2,-2
0,2,-2
8,0,8
25,0,25
1,0,1
0,0,0
0,0,0
19,2,17
2,0,2
12,9,3
1,5,-4
8,8,0
1,0,1
19,17,2
17,5,12
6,1,5
8,2,6
15,15,0
1,5,-4
23,4,19
10,0,10
6,6,0
4,20,-16
0,0,0
5,0,5
12,0,12
2,4,-2
7,0,7
10,0,10
1,0,1
21,18,3
5,21,-16
11,1,10
0,1,-1
6,0,6
0,2,-2
2,4,-2
6,8,-2
1,0,1
0,0,0
30,0,30
0,0,0
17,0,17
0,1,-1
1,9,-8
0,0,0
3,0,3
1,0,1
6,7,-1
5,0,5
5,4,1
9,2,7
12,0,12
18,0,18
0,0,0
2,0,2
7,7,0
0,0,0
4,0,4
3,0,3
0,7,-7
3,0,3
2,0,2
0,0,0
3,5,-2
17,19,-2
5,2,3
7,66,-59
48,4,44
1,0,1
0,0,0
1,0,1
13,5,8
10,0,10
9,0,9
7,4,3
12,6,6
0,0,0
2,1,1
2,0,2
1,1,0
3,0,3
6,2,4
0,3,-3
5,4,1
1,0,1
3,10,-7
1,8,-7
59,0,59
0,1,-1
5,6,-1
1,2,-1
31,1,30
5,1,4
2,0,2
0,0,0
5,3,2
3,0,3
5,0,5
15,21,-6
3,1,2
14,9,5
3,2,1
4,1,3
1,0,1
1,0,1
4,5,-1
0,0,0
4,2,2
2,4,-2
6,0,6
0,0,0
3,3,0
3,0,3
1,0,1
16,1,15
5,0,5
0,0,0
8,1,7
1,0,1
1,2,-1
3,1,2
2,0,2
0,0,0
10,3,7
32,6,26
0,0,0
2,0,2
7,1,6
0,1,-1
1,3,-2
1,0,1
1,0,1
3,0,3
15,0,15
6,0,6
0,0,0
8,1,7
2,3,-1
0,0,0
3,0,3
0,0,0
10,0,10
1,1,0
7,6,1
0,0,0
2,1,1
19,3,16
0,0,0
1,1,0
0,0,0
2,0,2
0,0,0
4,0,4
3,0,3
36,1,35
1,1,0
3,3,0
8,0,8
7,1,6
2,3,-1
3,1,2
39,0,39
10,6,4
17,0,17
9,0,9
1,0,1
2,4,-2
5,0,5
3,0,3
3,7,-4
6,8,-2
2,0,2
1,0,1
1,0,1
17,0,17
0,0,0
2,0,2
10,1,9
2,2,0
0,0,0
3,5,-2
10,5,5
1,6,-5
6,3,3
1,0,1
6,1,5
4,0,4
1,0,1
6,17,-11
1,0,1
1,1,0
0,0,0
24,29,-5
0,0,0
19,4,15
7,5,2
5,4,1
12,0,12
75,34,41
8,0,8
1,1,0
5,11,-6
17,8,9
2,0,2
1,1,0
2,10,-8
0,0,0
5,1,4
7,2,5
25,4,21
4,2,2
1,0,1
0,0,0
0,0,0
2,6,-4
6,1,5
13,1,12
5,1,4
9,0,9
10,2,8
10,0,10
17,0,17
0,0,0
17,0,17
1,0,1
7,2,5
15,2,13
22,14,8
45,4,41
0,0,0
10,10,0
0,0,0
14,5,9
0,1,-1
3,6,-3
6,5,1
16,3,13
2,0,2
0,4,-4
7,0,7
2,3,-1
1,1,0
14,53,-39
0,1,-1
32,0,32
0,0,0
1,1,0
2,1,1
0,2,-2
8,6,2
0,0,0
8,0,8
11,2,9
0,0,0
21,1,20
12,0,12
1,1,0
10,0,10
2,2,0
6,0,6
7,1,6
10,6,4
4,4,0
15,0,15
18,5,13
0,0,0
1,1,0
4,4,0
33,13,20
0,0,0
0,0,0
0,0,0
0,0,0
3,0,3
32,0,32
5,0,5
29,29,0
4,0,4
0,3,-3
0,2,-2
40,20,20
12,2,10
9,2,7
1,3,-2
0,0,0
4,5,-1
0,0,0
1,1,0
2,2,0
2,2,0
2,0,2
21,17,4
9,0,9
7,1,6
5,0,5
3,10,-7
10,0,10
9,1,8
0,0,0
1,0,1
3,1,2
8,1,7
1,5,-4
9,2,7
33,0,33
9,2,7
11,1,10
0,0,0
3,0,3
9,2,7
0,11,-11
2,1,1
22,1,21
1,1,0
0,0,0
20,0,20
1,2,-1
0,0,0
0,1,-1
5,0,5
2,0,2
20,2,18
5,0,5
6,1,5
4,0,4
5,0,5
1,0,1
1,0,1
5,2,3
29,3,26
1,0,1
1,0,1
3,0,3
3,1,2
7,1,6
1,0,1
1,0,1
15,2,13
3,4,-1
2,5,-3
1,1,0
15,4,11
6,2,4
6,1,5
6,0,6
0,0,0
2,0,2
2,1,1
3,0,3
9,4,5
59,10,49
6,2,4
27,20,7
5,5,0
3,1,2
0,0,0
0,2,-2
0,0,0
1,0,1
23,32,-9
32,8,24
14,3,11
5,0,5
8,20,-12
0,0,0
2,0,2
3,0,3
10,0,10
1,1,0
20,4,16
3,0,3
0,0,0
6,0,6
1,1,0
1,0,1
7,0,7
0,0,0
0,0,0
1,3,-2
5,4,1
21,0,21
2,1,1
2,0,2
2,0,2
12,0,12
1,10,-9
1,1,0
4,4,0
4,1,3
7,0,7
74,74,0
10,0,10
0,1,-1
1,0,1
0,0,0
22,53,-31
0,0,0
1,0,1
7,5,2
9,0,9
1,2,-1
14,1,13
9,1,8
0,0,0
1,0,1
0,1,-1
1,0,1
0,1,-1
0,0,0
6,1,5
15,0,15
7,2,5
14,0,14
9,0,9
2,2,0
15,8,7
2,0,2
6,14,-8
5,1,4
4,21,-17
0,0,0
11,0,11
29,6,23
4,2,2
1,0,1
2,0,2
15,39,-24
0,1,-1
18,4,14
18,0,18
0,0,0
21,2,19
2,0,2
5,18,-13
8,1,7
2,2,0
2,0,2
15,5,10
6,22,-16
0,0,0
15,0,15
92,92,0
8,5,3
2,0,2
12,1,11
2,0,2
1,0,1
2,1,1
1,0,1
3,0,3
0,4,-4
4,3,1
7,3,4
3,6,-3
38,5,33
6,2,4
16,2,14
0,0,0
9,13,-4
7,1,6
5,4,1
5,0,5
9,0,9
3,1,2
3,3,0
7,0,7
2,0,2
0,4,-4
0,0,0
0,16,-16
0,1,-1
26,1,25
0,0,0
7,13,-6
7,0,7
4,3,1
16,6,10
7,5,2
8,1,7
12,1,11
1,0,1
0,0,0
2,0,2
12,0,12
1,0,1
1,0,1
10,1,9
0,0,0
3,2,1
1,0,1
2,0,2
1,0,1
4,61,-57
1,0,1
28,4,24
2,0,2
0,4,-4
0,1,-1
5,2,3
24,2,22
8,1,7
0,0,0
0,1,-1
4,0,4
4,2,2
7,15,-8
2,13,-11
66,13,53
5,4,1
0,0,0
5,0,5
22,2,20
0,2,-2
0,0,0
10,0,10
3,2,1
3,2,1
0,0,0
5,2,3
5,0,5
1,2,-1
0,0,0
7,1,6
2,0,2
4,5,-1
0,0,0
5,1,4
1,3,-2
13,1,12
1,0,1
4,0,4
18,2,16
6,0,6
15,13,2
0,0,0
0,0,0
25,10,15
1,0,1
13,8,5
9,9,0
2,3,-1
0,0,0
7,0,7
8,4,4
6,9,-3
0,0,0
1,3,-2
9,5,4
1,0,1
1,1,0
0,2,-2
15,2,13
0,0,0
8,0,8
12,31,-19
5,1,4
3,1,2
1,0,1
0,0,0
7,1,6
5,1,4
9,18,-9
7,2,5
0,0,0
3,10,-7
13,0,13
32,17,15
4,0,4
15,0,15
1,0,1
2,0,2
21,31,-10
2,4,-2
5,6,-1
0,0,0
17,0,17
8,0,8
0,0,0
5,2,3
2,0,2
0,0,0
0,0,0
2,1,1
10,6,4
1,0,1
1,1,0
9,0,9
0,0,0
21,40,-19
19,2,17
10,0,10
0,0,0
6,1,5
8,8,0
0,3,-3
17,3,14
2,2,0
1,0,1
2,0,2
1,0,1
10,0,10
0,0,0
13,1,12
0,0,0
10,42,-32
4,2,2
0,0,0
3,0,3
9,12,-3
3,3,0
14,0,14
13,4,9
9,4,5
55,43,12
21,1,20
0,4,-4
12,2,10
12,1,11
5,7,-2
1,1,0
31,0,31
2,0,2
9,1,8
19,4,15
0,2,-2
23,0,23
1,0,1
3,0,3
1,41,-40
17,0,17
0,0,0
3,0,3
6,8,-2
0,0,0
5,1,4
2,2,0
8,1,7
7,2,5
36,2,34
1,0,1
19,10,9
3,0,3
0,1,-1
10,0,10
10,3,7
57,28,29
5,0,5
0,0,0
27,1,26
52,0,52
1,0,1
10,0,10
4,1,3
4,5,-1
13,0,13
0,0,0
2,2,0
2,1,1
51,2,49
4,0,4
8,1,7
4,5,-1
3,0,3
6,2,4
0,0,0
3,2,1
8,0,8
13,1,12
8,5,3
0,0,0
7,1,6
1,3,-2
2,1,1
9,12,-3
5,1,4
1,1,0
8,1,7
0,1,-1
11,0,11
7,1,6
5,3,2
0,0,0
0,0,0
4,0,4
1,3,-2
8,5,3
0,0,0
7,5,2
15,3,12
2,4,-2
0,0,0
6,0,6
1,1,0
10,0,10
0,0,0
0,0,0
11,2,9
6,0,6
1,2,-1
4,4,0
4,1,3
0,0,0
2,1,1
12,15,-3
2,0,2
2,1,1
13,0,13
4,1,3
3,1,2
1,1,0
2,7,-5
5,1,4
2,0,2
0,0,0
6,1,5
11,0,11
1,4,-3
0,1,-1
1,0,1
2,6,-4
0,1,-1
27,0,27
6,1,5
0,7,-7
5,0,5
1,1,0
1,0,1
12,0,12
21,2,19
7,0,7
0,2,-2
9,10,-1
2,0,2
8,0,8
0,0,0
3,4,-1
0,0,0
2,3,-1
0,1,-1
1,0,1
14,1,13
26,1,25
0,0,0
17,1,16
11,2,9
35,4,31
21,1,20
1,1,0
0,2,-2
3,0,3
3,0,3
0,4,-4
10,0,10
9,0,9
2,0,2
1,69,-68
0,0,0
7,2,5
5,1,4
1,0,1
15,0,15
21,12,9
2,1,1
0,1,-1
16,13,3
0,0,0
1,0,1
3,4,-1
1,0,1
5,3,2
6,0,6
7,0,7
10,2,8
0,0,0
10,10,0
1,0,1
8,2,6
2,5,-3
18,1,17
3,0,3
57,25,32
2,16,-14
4,5,-1
2,0,2
0,0,0
15,6,9
2,1,1
14,1,13
5,2,3
5,0,5
5,0,5
1,1,0
9,0,9
4,0,4
42,0,42
0,0,0
5,0,5
1,1,0
0,0,0
0,0,0
0,0,0
1,0,1
1,0,1
22,0,22
2,2,0
52,7,45
7,1,6
0,0,0
0,1,-1
3,2,1
24,4,20
5,0,5
6,2,4
1,1,0
9,4,5
1,1,0
3,0,3
1,0,1
2,0,2
4,0,4
0,0,0
3,1,2
4,0,4
3,0,3
0,0,0
5,4,1
24,0,24
1,1,0
0,0,0
15,0,15
4,8,-4
1,1,0
11,1,10
11,1,10
0,1,-1
0,0,0
1,0,1
0,0,0
12,2,10
4,10,-6
3,0,3
3,0,3
3,1,2
3,0,3
0,1,-1
46,49,-3
1,3,-2
0,0,0
1,0,1
35,1,34
0,0,0
8,0,8
6,0,6
9,1,8
2,0,2
1,0,1
1,0,1
0,1,-1
1,1,0
0,0,0
20,0,20
8,1,7
56,2,54
2,0,2
8,1,7
6,2,4
5,4,1
8,5,3
1,0,1
2,1,1
9,5,4
22,2,20
28,6,22
4,1,3
9,3,6
38,9,29
0,2,-2
3,0,3
0,1,-1
31,31,0
0,2,-2
0,0,0
11,4,7
4,1,3
4,2,2
2,0,2
6,9,-3
29,2,27
9,0,9
0,0,0
1,2,-1
0,0,0
7,8,-1
29,11,18
1,6,-5
11,4,7
0,0,0
8,1,7
0,0,0
0,0,0
18,2,16
44,39,5
30,76,-46
1,3,-2
13,3,10
4,0,4
0,1,-1
2,0,2
11,2,9
16,4,12
5,1,4
3,1,2
8,4,4
12,1,11
3,1,2
4,5,-1
4,1,3
39,8,31
2,1,1
26,14,12
0,0,0
9,0,9
5,1,4
11,0,11
5,5,0
4,0,4
8,0,8
16,4,12
1,5,-4
5,1,4
3,1,2
1,0,1
1,0,1
3,4,-1
20,8,12
6,1,5
0,0,0
2,1,1
0,2,-2
4,4,0
3,2,1
0,1,-1
1,0,1
1,0,1
2,0,2
1,0,1
3,1,2
15,1,14
13,3,10
4,0,4
3,0,3
6,0,6
11,1,10
22,0,22
5,2,3
0,12,-12
1,0,1
11,1,10
9,0,9
6,2,4
0,1,-1
1,0,1
3,1,2
0,0,0
6,0,6
3,0,3
2,0,2
0,0,0
0,0,0
4,1,3
0,0,0
9,4,5
8,2,6
13,2,11
5,0,5
6,0,6
0,0,0
4,0,4
0,0,0
6,1,5
12,8,4
7,1,6
2,3,-1
7,4,3
4,1,3
47,1,46
68,0,68
2,0,2
2,1,1
8,3,5
0,0,0
9,1,8
14,4,10
6,1,5
3,2,1
2,1,1
6,2,4
1,2,-1
46,0,46
2,4,-2
2,0,2
1,0,1
0,0,0
7,0,7
11,1,10
21,2,19
2,0,2
6,2,4
24,0,24
3,1,2
4,5,-1
2,0,2
17,22,-5
5,1,4
19,2,17
21,8,13
2,1,1
3,0,3
13,3,10
12,1,11
8,0,8
14,10,4
21,0,21
19,0,19
10,1,9
45,3,42
5,4,1
1,0,1
2,0,2
11,1,10
4,0,4
3,0,3
0,0,0
1,3,-2
0,0,0
2,0,2
1,0,1
4,2,2
15,4,11
9,2,7
4,1,3
7,1,6
6,1,5
8,6,2
20,11,9
0,0,0
4,5,-1
12,0,12
6,46,-40
2,0,2
4,0,4
2,0,2
2,7,-5
14,2,12
6,1,5
6,0,6
2,0,2
0,3,-3
9,14,-5
0,0,0
13,5,8
45,0,45
0,1,-1
2,0,2
0,5,-5
3,4,-1
7,0,7
1,0,1
0,3,-3
1,0,1
2,0,2
5,1,4
1,0,1
18,1,17
9,1,8
9,3,6
0,1,-1
5,1,4
15,0,15
1,0,1
12,1,11
25,0,25
0,0,0
7,1,6
4,4,0
0,0,0
4,0,4
3,0,3
0,0,0
8,3,5
3,0,3
4,9,-5
8,0,8
0,0,0
9,0,9
7,1,6
5,0,5
19,23,-4
8,0,8
28,9,19
3,0,3
0,1,-1
19,1,18
39,1,38
5,5,0
0,0,0
0,0,0
5,2,3
16,1,15
12,3,9
41,42,-1
7,0,7
1,0,1
1,0,1
8,0,8
4,48,-44
92,7,85
1,0,1
2,3,-1
4,0,4
5,0,5
1,0,1
6,3,3
112,0,112
3,0,3
2,5,-3
1,0,1
4,0,4
9,1,8
5,0,5
8,0,8
7,9,-2
3,0,3
8,2,6
14,4,10
3,1,2
2,0,2
24,0,24
0,0,0
4,10,-6
2,0,2
4,0,4
0,1,-1
17,7,10
1,0,1
2,7,-5
0,0,0
3,3,0
11,11,0
0,0,0
0,0,0
0,1,-1
2,0,2
2,0,2
0,0,0
0,0,0
23,0,23
5,0,5
16,4,12
1,0,1
2,0,2
20,1,19
0,5,-5
2,0,2
2,4,-2
11,20,-9
19,8,11
5,1,4
0,0,0
6,18,-12
0,0,0
1,0,1
2,0,2
4,0,4
5,1,4
0,5,-5
4,0,4
3,0,3
1,0,1
6,2,4
9,1,8
1,0,1
1,4,-3
5,11,-6
1,0,1
0,0,0
0,0,0
4,4,0
26,4,22
6,0,6
0,1,-1
43,0,43
6,0,6
5,0,5
6,0,6
0,2,-2
1,0,1
5,1,4
2,3,-1
4,0,4
7,0,7
5,0,5
0,46,-46
7,2,5
9,0,9
3,4,-1
6,2,4
6,5,1
0,0,0
5,5,0
0,9,-9
0,0,0
34,0,34
14,1,13
40,0,40
7,1,6
6,2,4
6,0,6
3,0,3
7,1,6
2,0,2
10,0,10
1,1,0
0,0,0
3,2,1
1,2,-1
2,1,1
13,0,13
0,0,0
10,9,1
1,1,0
0,6,-6
3,0,3
5,6,-1
6,0,6
6,0,6
2,0,2
7,2,5
11,7,4
20,8,12
1,4,-3
6,7,-1
8,1,7
4,0,4
8,0,8
2,0,2
10,5,5
0,1,-1
2,5,-3
7,4,3
20,0,20
0,0,0
1,0,1
0,2,-2
0,0,0
0,0,0
13,1,12
8,0,8
2,6,-4
0,1,-1
0,0,0
11,1,10
25,4,21
35,3,32
7,0,7
6,10,-4
5,0,5
5,3,2
1,5,-4
31,5,26
24,1,23
3,1,2
6,1,5
1,1,0
1,2,-1
1,0,1
7,35,-28
0,0,0
7,4,3
7,7,0
1,0,1
9,1,8
3,0,3
1,7,-6
3,0,3
2,0,2
3,1,2
37,0,37
0,0,0
9,4,5
3,0,3
0,0,0
26,1,25
4,1,3
0,1,-1
7,0,7
3,0,3
3,0,3
11,0,11
3,1,2
6,3,3
4,0,4
0,0,0
8,5,3
18,1,17
8,4,4
1,1,0
18,11,7
30,1,29
1,2,-1
8,12,-4
0,0,0
11,4,7
17,4,13
19,0,19
2,0,2
10,0,10
13,0,13
7,1,6
0,0,0
1,0,1
7,1,6
7,0,7
3,3,0
0,1,-1
1,2,-1
4,0,4
4,5,-1
2,0,2
23,0,23
34,74,-40
4,0,4
15,1,14
3,2,1
2,0,2
10,0,10
7,0,7
1,0,1
15,6,9
19,13,6
0,0,0
1,0,1
16,0,16
0,0,0
0,1,-1
0,0,0
0,5,-5
1,1,0
1,3,-2
7,2,5
3,4,-1
16,0,16
0,0,0
12,0,12
24,0,24
0,0,0
5,0,5
0,0,0
7,0,7
3,1,2
1,0,1
0,8,-8
9,1,8
0,0,0
18,2,16
0,1,-1
18,1,17
2,1,1
1,0,1
13,6,7
4,0,4
8,2,6
7,5,2
2,0,2
1,5,-4
20,1,19
0,0,0
2,2,0
9,1,8
27,0,27
2,1,1
0,0,0
9,5,4
6,1,5
0,0,0
4,0,4
0,0,0
0,0,0
0,0,0
27,0,27
8,4,4
6,1,5
0,0,0
5,0,5
1,0,1
3,0,3
1,5,-4
4,3,1
85,85,0
4,2,2
27,4,23
33,27,6
4,21,-17
3,0,3
37,37,0
18,6,12
6,1,5
0,0,0
43,1,42
29,0,29
4,0,4
3,1,2
14,0,14
0,1,-1
0,0,0
27,1,26
3,0,3
0,0,0
3,1,2
0,0,0
7,1,6
4,41,-37
29,2,27
2,1,1
4,0,4
7,0,7
10,0,10
2,20,-18
7,3,4
0,0,0
5,7,-2
4,1,3
10,50,-40
0,0,0
2,0,2
2,3,-1
3,2,1
7,4,3
24,8,16
3,1,2
0,1,-1
1,0,1
1,0,1
25,3,22
14,1,13
8,2,6
6,13,-7
21,0,21
4,2,2
7,1,6
11,0,11
16,0,16
9,0,9
16,0,16
1,1,0
1,0,1
25,18,7
8,4,4
1,4,-3
2,0,2
7,66,-59
15,0,15
6,10,-4
5,13,-8
19,2,17
5,0,5
1,31,-30
0,0,0
0,0,0
0,0,0
1,0,1
0,0,0
11,3,8
4,0,4
0,0,0
0,1,-1
0,0,0
19,0,19
1,1,0
5,1,4
12,1,11
0,0,0
7,4,3
4,0,4
30,7,23
1,2,-1
0,1,-1
7,5,2
0,4,-4
0,14,-14
1,6,-5
4,0,4
1,1,0
30,0,30
2,0,2
10,4,6
13,2,11
2,3,-1
10,0,10
6,1,5
4,0,4
0,0,0
3,2,1
0,1,-1
0,0,0
0,2,-2
1,0,1
8,17,-9
2,0,2
5,0,5
2,0,2
1,0,1
1,0,1
5,5,0
2,1,1
2,0,2
5,1,4
15,0,15
5,0,5
8,4,4
3,1,2
2,0,2
4,4,0
0,0,0
3,1,2
0,0,0
8,0,8
28,0,28
2,0,2
1,0,1
1,0,1
4,2,2
0,0,0
9,1,8
3,1,2
4,0,4
0,0,0
1,2,-1
1,0,1
22,0,22
0,0,0
13,0,13
4,0,4
20,2,18
3,0,3
1,1,0
8,6,2
0,1,-1
3,4,-1
7,1,6
0,0,0
21,0,21
2,0,2
7,0,7
8,3,5
18,0,18
1,2,-1
2,15,-13
0,0,0
1,0,1
12,0,12
9,4,5
2,0,2
0,2,-2
43,5,38
2,10,-8
4,6,-2
8,8,0
1,5,-4
4,2,2
2,0,2
5,2,3
0,0,0
8,12,-4
2,0,2
0,1,-1
4,2,2
2,4,-2
1,1,0
11,20,-9
24,1,23
47,10,37
10,0,10
4,1,3
5,2,3
0,1,-1
1,0,1
1,0,1
2,1,1
16,0,16
13,1,12
7,4,3
0,0,0
28,8,20
27,0,27
0,0,0
4,4,0
10,4,6
6,0,6
7,8,-1
7,0,7
4,1,3
6,2,4
0,0,0
3,0,3
2,0,2
1,1,0
10,3,7
0,4,-4
0,0,0
3,1,2
2,1,1
4,0,4
0,0,0
0,1,-1
2,1,1
6,3,3
3,3,0
0,33,-33
1,4,-3
16,1,15
4,0,4
0,0,0
7,1,6
2,1,1
10,1,9
3,1,2
45,1,44
8,0,8
20,2,18
1,0,1
4,1,3
15,11,4
3,0,3
3,0,3
4,1,3
9,1,8
7,0,7
1,0,1
13,4,9
11,2,9
0,0,0
5,2,3
2,0,2
0,0,0
10,4,6
6,0,6
12,1,11
5,4,1
0,0,0
0,5,-5
2,0,2
0,0,0
31,4,27
12,3,9
0,7,-7
16,6,10
6,0,6
57,5,52
4,0,4
18,1,17
7,0,7
1,4,-3
1,6,-5
2,4,-2
9,1,8
0,0,0
0,0,0
8,1,7
6,0,6
0,0,0
11,1,10
5,1,4
8,1,7
13,0,13
2,1,1
9,2,7
4,0,4
0,0,0
0,0,0
1,1,0
6,17,-11
14,0,14
1,1,0
10,0,10
9,0,9
4,2,2
1,0,1
4,1,3
0,8,-8
11,0,11
2,3,-1
0,0,0
2,4,-2
1,1,0
0,0,0
1,0,1
0,0,0
1,1,0
1,1,0
2,1,1
0,53,-53
2,2,0
7,0,7
4,2,2
7,1,6
2,2,0
1,1,0
8,0,8
2,0,2
3,0,3
2,1,1
1,1,0
0,0,0
19,1,18
15,0,15
18,15,3
3,4,-1
1,0,1
3,1,2
8,3,5
9,3,6
0,0,0
0,0,0
1,2,-1
12,4,8
0,1,-1
3,0,3
0,0,0
1,8,-7
5,0,5
7,4,3
10,2,8
7,0,7
6,10,-4
1,2,-1
22,5,17
7,1,6
5,0,5
0,0,0
8,0,8
2,14,-12
0,0,0
0,0,0
1,0,1
0,0,0
0,0,0
13,5,8
16,5,11
9,1,8
2,0,2
3,0,3
0,0,0
5,0,5
4,3,1
0,0,0
0,0,0
0,1,-1
6,0,6
6,1,5
1,0,1
17,10,7
13,0,13
20,0,20
4,1,3
3,0,3
0,1,-1
15,0,15
1,0,1
10,0,10
5,2,3
0,1,-1
17,0,17
4,0,4
21,10,11
0,1,-1
0,2,-2
0,4,-4
0,0,0
2,3,-1
0,2,-2
5,0,5
5,0,5
8,5,3
18,6,12
4,2,2
4,0,4
0,0,0
12,0,12
10,0,10
26,8,18
0,1,-1
22,5,17
0,30,-30
5,1,4
1,0,1
17,17,0
3,0,3
9,0,9
8,0,8
0,0,0
0,0,0
0,1,-1
0,31,-31
6,0,6
3,1,2
17,14,3
14,3,11
15,5,10
1,2,-1
14,2,12
19,0,19
0,0,0
4,2,2
2,10,-8
5,20,-15
11,0,11
11,2,9
12,1,11
0,3,-3
16,4,12
18,6,12
6,0,6
0,0,0
6,0,6
14,0,14
1,1,0
1,0,1
0,1,-1
5,2,3
14,34,-20
8,1,7
3,0,3
2,2,0
0,0,0
2,0,2
3,0,3
0,0,0
6,2,4
0,1,-1
2,3,-1
0,0,0
11,0,11
20,0,20
2,0,2
9,0,9
2,0,2
1,1,0
4,1,3
0,0,0
3,0,3
15,0,15
0,0,0
9,5,4
4,0,4
3,6,-3
3,3,0
0,39,-39
1,1,0
26,5,21
2,0,2
16,1,15
27,2,25
2,4,-2
1,14,-13
4,0,4
2,1,1
14,2,12
22,2,20
19,1,18
20,1,19
16,0,16
9,57,-48
0,0,0
0,0,0
5,0,5
0,0,0
0,0,0
11,7,4
11,2,9
16,2,14
1,2,-1
11,0,11
10,2,8
5,3,2
0,0,0
7,7,0
6,0,6
2,0,2
4,0,4
0,1,-1
7,2,5
3,13,-10
2,0,2
4,0,4
0,0,0
14,5,9
49,10,39
0,0,0
2,42,-40
0,0,0
2,0,2
1,0,1
17,0,17
1,0,1
8,13,-5
9,0,9
2,0,2
10,0,10
18,1,17
8,2,6
1,2,-1
3,2,1
5,17,-12
18,0,18
38,1,37
4,3,1
0,0,0
9,4,5
3,2,1
0,0,0
28,2,26
4,1,3
0,1,-1
0,0,0
4,5,-1
0,8,-8
15,0,15
2,0,2
2,0,2
6,14,-8
1,0,1
10,0,10
1,1,0
0,0,0
12,4,8
0,0,0
16,1,15
0,0,0
0,0,0
3,1,2
3,0,3
13,3,10
0,0,0
8,3,5
8,0,8
14,1,13
0,2,-2
1,1,0
0,1,-1
9,0,9
0,0,0
1,0,1
0,0,0
16,4,12
2,0,2
0,1,-1
5,2,3
3,1,2
2,0,2
3,7,-4
4,1,3
13,1,12
0,0,0
50,2,48
13,17,-4
4,0,4
13,23,-10
5,0,5
17,4,13
3,1,2
5,1,4
13,0,13
1,19,-18
1,0,1
7,0,7
5,3,2
5,4,1
0,0,0
6,1,5
7,0,7
1,0,1
0,0,0
1,0,1
4,0,4
15,5,10
15,51,-36
1,0,1
3,2,1
6,0,6
5,2,3
6,10,-4
2,0,2
18,7,11
0,0,0
7,4,3
1,2,-1
1,1,0
11,9,2
5,1,4
2,0,2
1,28,-27
3,3,0
4,1,3
39,4,35
0,0,0
8,5,3
0,0,0
0,0,0
0,0,0
12,2,10
1,2,-1
32,2,30
8,3,5
0,2,-2
1,2,-1
8,1,7
3,0,3
6,0,6
24,24,0
0,0,0
15,2,13
17,0,17
12,32,-20
0,0,0
0,4,-4
0,1,-1
0,0,0
4,4,0
6,9,-3
3,0,3
0,0,0
0,1,-1
0,0,0
12,7,5
3,6,-3
3,0,3
4,0,4
0,0,0
10,1,9
1,0,1
0,0,0
7,2,5
1,1,0
1,0,1
7,1,6
7,0,7
7,1,6
0,0,0
6,0,6
14,0,14
0,1,-1
18,1,17
18,1,17
4,4,0
0,0,0
2,18,-16
1,0,1
1,7,-6
0,1,-1
0,4,-4
3,1,2
1,4,-3
1,0,1
8,1,7
6,0,6
33,5,28
40,3,37
0,0,0
1,1,0
0,0,0
28,16,12
6,2,4
1,0,1
0,0,0
1,1,0
7,1,6
3,0,3
18,1,17
24,2,22
12,44,-32
5,0,5
10,6,4
12,1,11
5,1,4
3,5,-2
3,1,2
3,0,3
3,2,1
2,0,2
0,0,0
4,2,2
3,1,2
0,4,-4
13,2,11
2,1,1
0,0,0
10,6,4
7,2,5
22,16,6
2,2,0
9,0,9
3,1,2
2,8,-6
0,0,0
17,8,9
0,0,0
6,0,6
4,4,0
6,0,6
25,1,24
6,2,4
6,2,4
2,1,1
8,0,8
3,3,0
6,5,1
0,3,-3
25,5,20
3,0,3
5,4,1
17,0,17
19,20,-1
14,89,-75
17,61,-44
6,3,3
14,2,12
5,0,5
6,1,5
0,0,0
28,26,2
6,9,-3
14,4,10
1,2,-1
6,0,6
1,0,1
0,0,0
0,0,0
0,4,-4
0,0,0
0,0,0
0,0,0
2,0,2
0,0,0
1,0,1
27,0,27
4,0,4
12,1,11
3,2,1
1,1,0
0,0,0
0,0,0
0,4,-4
0,0,0
51,34,17
3,1,2
10,3,7
4,0,4
1,0,1
6,0,6
2,0,2
5,0,5
2,1,1
8,5,3
0,0,0
8,1,7
12,0,12
1,0,1
0,4,-4
13,0,13
3,0,3
1,0,1
0,0,0
0,1,-1
0,0,0
3,0,3
8,1,7
1,1,0
6,1,5
0,1,-1
0,0,0
7,10,-3
5,0,5
2,9,-7
6,6,0
0,0,0
14,1,13
6,5,1
14,8,6
4,4,0
3,1,2
0,0,0
7,0,7
18,0,18
3,1,2
0,3,-3
2,10,-8
0,0,0
0,0,0
1,1,0
10,6,4
1,0,1
0,0,0
6,0,6
13,1,12
40,1,39
0,1,-1
0,0,0
7,6,1
4,1,3
8,0,8
4,0,4
7,5,2
3,1,2
7,0,7
19,5,14
0,0,0
1,4,-3
3,4,-1
0,0,0
5,2,3
10,2,8
29,29,0
2,0,2
1,0,1
24,0,24
8,8,0
7,1,6
38,13,25
11,18,-7
2,0,2
0,1,-1
11,3,8
4,0,4
2,0,2
8,0,8
12,4,8
3,0,3
0,0,0
4,1,3
3,2,1
9,1,8
0,0,0
1,0,1
12,1,11
5,1,4
6,4,2
4,6,-2
0,2,-2
0,8,-8
2,0,2
2,0,2
4,0,4
4,2,2
10,7,3
0,0,0
5,0,5
3,3,0
12,5,7
6,1,5
0,1,-1
13,1,12
21,0,21
2,44,-42
7,4,3
1,0,1
1,0,1
26,0,26
4,1,3
0,0,0
18,25,-7
4,1,3
8,10,-2
1,0,1
10,1,9
2,2,0
7,4,3
3,0,3
0,0,0
7,3,4
2,1,1
2,5,-3
2,0,2
7,1,6
6,5,1
0,3,-3
6,2,4
4,0,4
6,1,5
5,2,3
1,1,0
5,0,5
7,7,0
2,2,0
0,7,-7
3,0,3
0,0,0
0,1,-1
3,3,0
8,0,8
8,1,7
0,0,0
1,0,1
5,6,-1
3,0,3
6,1,5
1,17,-16
13,0,13
1,0,1
3,0,3
3,1,2
19,0,19
11,2,9
12,22,-10
0,1,-1
17,9,8
0,6,-6
0,0,0
21,1,20
37,0,37
3,0,3
8,0,8
12,0,12
1,1,0
7,0,7
0,0,0
0,0,0
1,0,1
18,3,15
3,2,1
2,0,2
9,1,8
19,0,19
14,3,11
10,2,8
1,0,1
2,0,2
4,1,3
13,2,11
1,0,1
5,2,3
25,2,23
2,2,0
1,1,0
3,3,0
3,7,-4
18,31,-13
0,0,0
13,1,12
10,1,9
11,1,10
16,10,6
8,1,7
7,0,7
4,4,0
3,10,-7
7,0,7
3,0,3
12,0,12
13,7,6
18,2,16
1,0,1
0,1,-1
0,0,0
3,1,2
0,0,0
3,3,0
16,1,15
1,3,-2
1,0,1
2,0,2
2,27,-25
0,4,-4
80,80,0
1,0,1
11,0,11
7,0,7
1,1,0
0,0,0
3,4,-1
26,2,24
13,0,13
5,0,5
5,0,5
43,0,43
0,0,0
0,0,0
1,0,1
0,0,0
9,2,7
2,2,0
8,1,7
3,0,3
18,1,17
0,5,-5
18,12,6
4,4,0
13,0,13
27,4,23
6,2,4
8,5,3
6,4,2
23,22,1
1,1,0
44,44,0
31,31,0
4,1,3
0,1,-1
6,0,6
11,0,11
4,5,-1
1,1,0
12,3,9
5,3,2
0,0,0
17,1,16
24,17,7
0,0,0
2,0,2
11,6,5
3,7,-4
0,0,0
1,0,1
2,0,2
14,1,13
8,5,3
13,1,12
2,3,-1
12,22,-10
3,1,2
6,7,-1
2,1,1
11,1,10
1,0,1
5,0,5
6,0,6
4,0,4
2,0,2
8,0,8
4,2,2
11,1,10
3,0,3
11,14,-3
8,2,6
0,0,0
3,2,1
4,1,3
1,1,0
1,3,-2
1,1,0
21,1,20
4,0,4
0,0,0
3,1,2
5,1,4
9,0,9
0,0,0
2,0,2
2,0,2
0,0,0
1,1,0
0,1,-1
7,1,6
3,1,2
3,5,-2
5,0,5
32,21,11
16,1,15
36,13,23
7,0,7
0,2,-2
5,2,3
0,0,0
24,62,-38
3,1,2
24,0,24
15,51,-36
20,8,12
0,0,0
0,0,0
0,0,0
3,2,1
13,0,13
49,6,43
13,2,11
16,9,7
2,0,2
0,0,0
0,0,0
6,2,4
2,2,0
1,0,1
1,0,1
9,0,9
3,76,-73
4,1,3
2,0,2
9,2,7
1,0,1
10,20,-10
1,0,1
1,7,-6
2,0,2
3,0,3
10,5,5
2,0,2
15,3,12
0,0,0
1,0,1
5,0,5
17,1,16
13,13,0
13,0,13
9,0,9
7,1,6
8,1,7
4,1,3
2,1,1
6,2,4
4,1,3
0,0,0
4,0,4
2,0,2
0,0,0
5,0,5
1,1,0
0,0,0
18,39,-21
5,1,4
0,0,0
0,0,0
4,0,4
8,0,8
0,0,0
5,33,-28
4,11,-7
0,0,0
0,0,0
6,2,4
10,0,10
1,1,0
1,1,0
28,45,-17
27,6,21
0,4,-4
29,0,29
11,6,5
1,0,1
17,5,12
1,0,1
10,5,5
5,11,-6
0,0,0
10,5,5
2,2,0
2,2,0
1,0,1
0,8,-8
11,3,8
0,0,0
9,0,9
7,0,7
3,1,2
6,13,-7
31,0,31
4,2,2
7,0,7
6,0,6
23,2,21
1,0,1
3,5,-2
11,8,3
18,1,17
6,0,6
8,1,7
0,0,0
1,0,1
4,3,1
6,1,5
1,0,1
2,0,2
0,2,-2
1,0,1
0,0,0
1,0,1
4,1,3
26,22,4
0,0,0
5,5,0
3,0,3
0,1,-1
11,1,10
2,1,1
0,1,-1
3,1,2
7,1,6
44,0,44
2,3,-1
4,0,4
0,0,0
2,4,-2
1,0,1
17,4,13
2,0,2
20,9,11
1,4,-3
6,0,6
6,1,5
1,0,1
0,0,0
1,2,-1
6,0,6
1,0,1
0,0,0
2,0,2
3,4,-1
1,0,1
1,5,-4
0,0,0
9,71,-62
7,1,6
24,0,24
7,1,6
0,0,0
23,0,23
9,0,9
5,1,4
0,1,-1
7,0,7
9,0,9
0,0,0
1,0,1
1,0,1
2,0,2
4,0,4
0,1,-1
5,0,5
24,0,24
1,0,1
11,0,11
13,1,12
3,2,1
0,0,0
0,0,0
6,5,1
3,1,2
15,2,13
0,0,0
3,2,1
12,0,12
2,0,2
0,0,0
2,1,1
0,0,0
1,0,1
7,0,7
4,22,-18
0,0,0
7,4,3
1,0,1
5,0,5
3,1,2
3,0,3
14,0,14
2,2,0
3,3,0
0,0,0
5,1,4
1,0,1
15,0,15
2,5,-3
5,0,5
3,2,1
0,0,0
20,21,-1
11,14,-3
13,1,12
25,14,11
1,1,0
1,3,-2
10,0,10
2,5,-3
37,0,37
8,4,4
7,3,4
22,11,11
4,0,4
0,0,0
0,1,-1
0,0,0
4,1,3
1,0,1
2,0,2
0,1,-1
1,0,1
0,0,0
2,8,-6
18,1,17
4,0,4
4,1,3
1,4,-3
0,0,0
6,1,5
1,1,0
2,0,2
4,0,4
1,0,1
35,0,35
6,0,6
0,0,0
1,0,1
8,0,8
0,2,-2
1,2,-1
0,0,0
0,0,0
2,1,1
6,5,1
2,0,2
0,0,0
4,4,0
1,1,0
1,0,1
10,53,-43
9,2,7
23,17,6
5,12,-7
100,2,98
10,3,7
0,0,0
2,4,-2
2,1,1
0,0,0
14,4,10
32,21,11
10,0,10
13,1,12
26,2,24
24,2,22
5,5,0
9,0,9
1,2,-1
12,15,-3
33,0,33
3,2,1
1,2,-1
19,7,12
4,5,-1
1,2,-1
1,77,-76
1,1,0
5,0,5
6,0,6
0,1,-1
9,5,4
1,5,-4
35,0,35
7,0,7
2,0,2
5,0,5
3,5,-2
4,0,4
8,8,0
17,0,17
1,0,1
28,5,23
0,0,0
2,2,0
5,0,5
1,1,0
9,0,9
24,0,24
1,0,1
1,0,1
18,5,13
0,0,0
0,0,0
15,2,13
1,1,0
1,0,1
9,35,-26
3,0,3
6,1,5
5,3,2
6,0,6
0,0,0
0,0,0
27,6,21
13,0,13
0,1,-1
9,0,9
1,1,0
3,0,3
4,0,4
1,1,0
3,6,-3
0,0,0
1,0,1
0,0,0
2,0,2
0,2,-2
19,5,14
5,3,2
0,0,0
7,5,2
1,0,1
5,0,5
2,8,-6
0,0,0
0,3,-3
7,0,7
9,6,3
0,1,-1
0,0,0
6,0,6
12,3,9
6,0,6
0,0,0
5,1,4
6,0,6
5,7,-2
0,0,0
1,1,0
10,2,8
28,4,24
0,0,0
12,2,10
4,2,2
5,6,-1
0,4,-4
6,5,1
4,1,3
2,2,0
0,2,-2
0,0,0
6,3,3
29,1,28
12,0,12
63,0,63
6,2,4
0,0,0
1,0,1
2,1,1
26,2,24
9,9,0
1,0,1
7,7,0
0,3,-3
1,4,-3
22,4,18
8,19,-11
1,0,1
1,5,-4
3,13,-10
15,0,15
3,1,2
25,4,21
7,5,2
0,0,0
0,0,0
20,7,13
1,0,1
2,1,1
2,0,2
36,10,26
34,8,26
0,0,0
2,1,1
4,0,4
5,2,3
18,80,-62
4,0,4
3,0,3
3,6,-3
0,0,0
0,1,-1
10,2,8
2,4,-2
12,1,11
2,0,2
12,1,11
6,38,-32
14,0,14
0,0,0
15,0,15
2,0,2
1,1,0
0,0,0
8,13,-5
0,5,-5
2,5,-3
4,2,2
5,3,2
2,9,-7
0,3,-3
0,0,0
34,24,10
1,6,-5
1,0,1
2,0,2
8,1,7
9,0,9
18,2,16
0,0,0
7,1,6
12,0,12
4,3,1
2,1,1
2,5,-3
1,9,-8
10,1,9
18,0,18
0,0,0
5,8,-3
0,0,0
12,0,12
2,2,0
1,0,1
0,10,-10
1,30,-29
0,0,0
5,15,-10
33,3,30
0,2,-2
4,5,-1
2,0,2
7,1,6
14,22,-8
4,7,-3
1,0,1
7,0,7
0,1,-1
36,0,36
2,0,2
10,0,10
1,8,-7
3,1,2
0,0,0
0,0,0
8,1,7
0,0,0
9,0,9
2,1,1
30,1,29
10,0,10
7,8,-1
1,1,0
5,9,-4
6,5,1
0,1,-1
8,13,-5
9,2,7
11,1,10
20,1,19
17,71,-54
33,29,4
22,14,8
0,0,0
3,0,3
19,0,19
5,1,4
0,0,0
1,0,1
7,0,7
7,13,-6
1,17,-16
0,4,-4
5,0,5
11,0,11
1,0,1
20,0,20
32,3,29
0,3,-3
13,17,-4
12,0,12
1,0,1
23,0,23
7,2,5
0,2,-2
3,1,2
1,0,1
4,0,4
2,8,-6
2,0,2
0,0,0
1,0,1
4,53,-49
0,0,0
3,1,2
0,0,0
0,0,0
0,0,0
20,17,3
0,0,0
2,0,2
17,0,17
2,0,2
0,1,-1
0,0,0
10,0,10
2,0,2
1,1,0
3,3,0
2,5,-3
14,0,14
3,1,2
18,13,5
6,1,5
4,1,3
14,2,12
5,0,5
4,0,4
11,1,10
0,1,-1
1,0,1
5,10,-5
0,2,-2
7,4,3
18,2,16
0,0,0
5,2,3
16,27,-11
13,1,12
14,0,14
0,0,0
29,4,25
0,2,-2
3,5,-2
0,1,-1
2,0,2
25,13,12
5,0,5
0,0,0
8,3,5
2,3,-1
10,2,8
1,0,1
2,1,1
2,0,2
18,1,17
1,21,-20
0,0,0
3,2,1
15,0,15
5,0,5
14,2,12
5,0,5
21,3,18
1,2,-1
4,1,3
6,3,3
11,3,8
3,0,3
4,0,4
7,1,6
6,0,6
9,1,8
9,1,8
3,62,-59
2,2,0
2,5,-3
2,1,1
0,0,0
4,0,4
13,2,11
0,0,0
0,0,0
8,1,7
5,0,5
0,0,0
1,1,0
16,2,14
0,0,0
0,0,0
5,8,-3
8,1,7
0,0,0
12,8,4
8,1,7
9,0,9
13,2,11
1,0,1
7,5,2
6,6,0
6,1,5
8,0,8
12,0,12
8,0,8
14,0,14
0,0,0
14,13,1
1,1,0
2,2,0
7,0,7
2,1,1
3,0,3
1,5,-4
11,0,11
15,22,-7
1,1,0
0,0,0
20,0,20
8,0,8
1,0,1
2,1,1
19,2,17
0,4,-4
0,0,0
9,1,8
0,2,-2
8,1,7
0,0,0
33,1,32
11,0,11
2,2,0
16,11,5
18,2,16
5,1,4
1,1,0
4,0,4
22,13,9
1,6,-5
3,0,3
6,4,2
26,0,26
7,5,2
3,1,2
1,0,1
1,1,0
2,0,2
4,2,2
3,1,2
0,0,0
0,0,0
1,1,0
6,13,-7
2,1,1
1,7,-6
23,0,23
3,5,-2
3,0,3
1,2,-1
1,1,0
7,0,7
3,0,3
0,0,0
0,0,0
0,0,0
11,0,11
20,29,-9
1,0,1
4,1,3
0,1,-1
8,0,8
14,0,14
0,0,0
8,0,8
4,21,-17
21,0,21
12,0,12
0,0,0
5,0,5
25,0,25
9,27,-18
2,0,2
2,5,-3
3,2,1
9,0,9
7,0,7
2,0,2
7,0,7
6,5,1
0,0,0
0,2,-2
10,0,10
0,0,0
10,6,4
2,0,2
0,0,0
1,0,1
6,0,6
49,30,19
1,1,0
14,0,14
2,0,2
12,2,10
2,5,-3
2,0,2
25,25,0
1,1,0
1,1,0
1,0,1
3,1,2
2,0,2
1,0,1
11,1,10
10,0,10
2,0,2
2,0,2
1,0,1
9,0,9
3,1,2
27,4,23
7,0,7
0,0,0
1,1,0
14,0,14
12,0,12
1,0,1
20,2,18
6,1,5
14,3,11
0,0,0
0,0,0
2,0,2
1,5,-4
14,1,13
5,3,2
0,0,0
0,0,0
15,0,15
0,1,-1
30,1,29
0,0,0
5,1,4
0,0,0
0,0,0
1,0,1
0,3,-3
11,5,6
2,0,2
10,3,7
8,5,3
8,7,1
0,0,0
11,0,11
4,0,4
3,5,-2
0,0,0
8,2,6
13,1,12
3,5,-2
1,3,-2
3,6,-3
0,0,0
0,0,0
0,0,0
2,2,0
0,4,-4
12,5,7
0,0,0
2,2,0
2,0,2
33,0,33
3,5,-2
1,0,1
5,1,4
0,0,0
3,0,3
2,0,2
0,0,0
0,3,-3
25,7,18
0,0,0
7,1,6
1,0,1
2,1,1
9,1,8
2,15,-13
3,1,2
9,1,8
12,0,12
0,0,0
2,1,1
1,1,0
0,0,0
1,0,1
8,4,4
2,0,2
3,1,2
9,8,1
0,17,-17
8,1,7
16,0,16
12,1,11
9,9,0
14,6,8
9,0,9
0,0,0
6,2,4
4,8,-4
1,1,0
7,2,5
0,0,0
2,0,2
11,2,9
0,4,-4
5,6,-1
1,1,0
0,2,-2
23,0,23
2,0,2
13,2,11
8,2,6
22,0,22
13,2,11
58,31,27
6,1,5
0,0,0
4,0,4
0,0,0
4,4,0
3,2,1
1,1,0
1,6,-5
2,0,2
7,0,7
12,0,12
4,0,4
1,1,0
16,0,16
5,2,3
13,2,11
6,1,5
10,9,1
3,14,-11
0,0,0
2,3,-1
1,1,0
0,0,0
0,4,-4
0,0,0
16,6,10
9,1,8
7,0,7
0,0,0
2,0,2
0,2,-2
15,0,15
1,9,-8
3,1,2
3,2,1
13,3,10
6,1,5
1,6,-5
7,0,7
7,1,6
0,2,-2
0,0,0
9,9,0
0,3,-3
4,0,4
0,3,-3
4,1,3
12,0,12
0,13,-13
1,0,1
16,14,2
13,0,13
2,1,1
9,0,9
5,0,5
2,2,0
3,4,-1
1,2,-1
3,0,3
5,0,5
0,0,0
11,2,9
0,0,0
0,0,0
0,0,0
0,1,-1
9,9,0
3,5,-2
5,0,5
5,1,4
33,0,33
5,1,4
10,0,10
0,0,0
7,4,3
1,0,1
18,4,14
4,0,4
0,0,0
0,0,0
28,29,-1
0,0,0
19,47,-28
2,0,2
6,0,6
1,0,1
1,0,1
0,0,0
1,1,0
17,10,7
5,4,1
0,1,-1
1,0,1
2,0,2
3,0,3
15,4,11
0,4,-4
17,0,17
0,0,0
2,1,1
4,1,3
5,4,1
11,0,11
3,1,2
5,10,-5
14,3,11
8,3,5
4,1,3
19,0,19
4,10,-6
1,1,0
11,4,7
0,0,0
1,1,0
0,0,0
0,1,-1
4,0,4
10,1,9
13,0,13
0,3,-3
6,0,6
3,2,1
4,0,4
7,4,3
1,7,-6
1,0,1
16,4,12
1,1,0
9,1,8
13,5,8
1,0,1
2,8,-6
12,0,12
0,2,-2
11,0,11
29,0,29
0,0,0
9,0,9
13,0,13
14,2,12
6,2,4
0,0,0
0,0,0
2,0,2
0,0,0
0,0,0
1,0,1
14,0,14
8,2,6
21,0,21
75,8,67
3,1,2
3,5,-2
39,77,-38
9,1,8
25,0,25
19,18,1
0,0,0
14,0,14
0,0,0
0,0,0
1,1,0
1,13,-12
13,52,-39
15,55,-40
0,0,0
29,2,27
4,0,4
24,5,19
7,0,7
0,0,0
5,4,1
3,1,2
3,1,2
1,2,-1
3,3,0
6,0,6
23,5,18
7,0,7
0,0,0
4,0,4
20,0,20
3,4,-1
11,1,10
1,0,1
0,0,0
6,0,6
3,4,-1
2,0,2
4,2,2
10,10,0
12,0,12
21,6,15
4,0,4
5,2,3
0,4,-4
45,43,2
1,3,-2
10,1,9
3,1,2
7,14,-7
0,0,0
3,3,0
3,5,-2
1,0,1
6,4,2
18,10,8
2,0,2
4,0,4
1,1,0
0,1,-1
7,0,7
0,11,-11
0,0,0
1,0,1
5,1,4
0,0,0
2,4,-2
3,1,2
1,0,1
11,6,5
0,1,-1
16,1,15
16,4,12
4,0,4
10,8,2
17,0,17
0,1,-1
7,0,7
16,1,15
7,1,6
18,1,17
9,71,-62
4,2,2
14,0,14
0,0,0
0,4,-4
1,0,1
2,5,-3
5,0,5
10,1,9
2,3,-1
0,0,0
1,0,1
3,1,2
1,0,1
2,1,1
40,16,24
16,6,10
0,0,0
0,0,0
0,0,0
7,0,7
2,5,-3
3,1,2
7,0,7
0,0,0
14,19,-5
24,44,-20
5,2,3
5,1,4
1,0,1
1,21,-20
1,0,1
7,7,0
0,0,0
9,0,9
0,11,-11
0,0,0
0,0,0
15,12,3
19,0,19
11,5,6
9,1,8
4,0,4
0,0,0
4,0,4
37,1,36
2,1,1
0,0,0
2,2,0
4,0,4
2,51,-49
13,7,6
7,0,7
15,1,14
1,0,1
0,0,0
4,0,4
0,0,0
12,4,8
0,0,0
25,1,24
6,22,-16
3,0,3
23,6,17
2,1,1
0,0,0
8,0,8
8,0,8
1,1,0
1,0,1
0,0,0
4,0,4
6,5,1
20,5,15
16,16,0
0,3,-3
16,6,10
17,2,15
1,0,1
6,4,2
2,0,2
0,0,0
4,0,4
5,39,-34
10,2,8
0,0,0
2,0,2
6,2,4
0,0,0
16,6,10
4,0,4
6,0,6
6,3,3
0,5,-5
1,2,-1
2,3,-1
1,1,0
1,0,1
2,2,0
0,0,0
4,20,-16
2,1,1
10,0,10
6,3,3
2,0,2
5,1,4
0,0,0
8,9,-1
5,1,4
2,10,-8
0,0,0
0,0,0
0,0,0
2,0,2
6,2,4
3,0,3
14,0,14
16,2,14
3,4,-1
1,8,-7
16,4,12
0,0,0
2,0,2
1,2,-1
16,2,14
0,0,0
11,2,9
4,9,-5
23,0,23
8,4,4
8,0,8
1,3,-2
5,1,4
9,1,8
2,0,2
9,0,9
1,4,-3
1,0,1
4,0,4
3,0,3
10,0,10
12,0,12
5,0,5
0,0,0
10,1,9
2,1,1
4,4,0
0,2,-2
0,0,0
6,4,2
0,0,0
6,5,1
22,1,21
0,3,-3
3,1,2
24,4,20
7,4,3
5,5,0
1,0,1
0,0,0
0,2,-2
3,0,3
0,0,0
22,1,21
21,4,17
2,1,1
4,3,1
13,1,12
5,0,5
3,0,3
0,0,0
3,3,0
0,0,0
4,0,4
0,0,0
0,0,0
16,0,16
8,4,4
5,1,4
0,0,0
24,8,16
2,0,2
1,0,1
3,2,1
0,0,0
20,0,20
0,0,0
1,0,1
27,1,26
0,0,0
2,0,2
15,4,11
2,1,1
0,1,-1
2,0,2
5,1,4
2,0,2
12,6,6
1,0,1
29,0,29
2,0,2
27,0,27
1,1,0
26,0,26
1,0,1
63,0,63
0,0,0
6,2,4
3,0,3
1,0,1
1,0,1
20,0,20
6,1,5
3,2,1
2,0,2
1,0,1
4,6,-2
35,35,0
4,0,4
7,1,6
4,0,4
0,0,0
0,2,-2
0,0,0
9,1,8
4,1,3
4,0,4
2,1,1
11,11,0
0,0,0
1,0,1
1,0,1
0,0,0
10,9,1
3,0,3
6,21,-15
3,0,3
16,0,16
1,0,1
9,1,8
6,3,3
3,0,3
0,0,0
2,0,2
8,1,7
17,0,17
26,50,-24
4,4,0
1,0,1
8,13,-5
2,3,-1
13,4,9
10,13,-3
0,2,-2
7,27,-20
3,0,3
4,53,-49
37,4,33
19,13,6
29,10,19
0,0,0
10,7,3
4,0,4
0,0,0
10,0,10
15,0,15
1,0,1
3,5,-2
26,34,-8
11,1,10
2,2,0
1,2,-1
1,0,1
1,0,1
2,5,-3
3,3,0
17,2,15
6,5,1
7,0,7
29,1,28
2,0,2
0,2,-2
2,0,2
1,10,-9
1,0,1
11,1,10
16,5,11
10,3,7
1,0,1
6,1,5
23,26,-3
22,1,21
0,0,0
0,0,0
14,0,14
4,0,4
0,0,0
11,1,10
2,2,0
0,0,0
4,0,4
4,0,4
2,2,0
6,22,-16
9,10,-1
1,4,-3
7,0,7
7,0,7
0,0,0
3,5,-2
1,0,1
1,1,0
0,0,0
2,0,2
0,0,0
6,1,5
1,0,1
2,1,1
8,1,7
0,0,0
1,0,1
8,4,4
4,0,4
1,2,-1
0,0,0
6,2,4
0,0,0
21,6,15
55,67,-12
4,3,1
0,1,-1
9,5,4
16,13,3
5,1,4
19,1,18
0,0,0
2,0,2
0,1,-1
3,7,-4
6,1,5
2,0,2
16,6,10
1,2,-1
7,0,7
3,0,3
34,0,34
3,1,2
5,4,1
0,0,0
2,0,2
0,0,0
0,0,0
1,0,1
26,4,22
0,0,0
0,0,0
13,0,13
2,0,2
5,0,5
3,1,2
0,0,0
6,2,4
0,1,-1
0,0,0
3,0,3
0,0,0
4,0,4
21,0,21
3,0,3
0,1,-1
0,0,0
26,3,23
1,1,0
3,3,0
8,0,8
1,0,1
0,2,-2
3,0,3
1,0,1
0,0,0
0,0,0
9,2,7
16,2,14
13,3,10
4,30,-26
0,0,0
2,0,2
0,0,0
5,0,5
1,9,-8
6,5,1
0,0,0
3,2,1
15,15,0
0,0,0
1,0,1
40,1,39
0,2,-2
0,1,-1
5,0,5
5,0,5
1,0,1
5,5,0
21,1,20
0,0,0
4,0,4
29,4,25
25,0,25
1,0,1
2,0,2
4,0,4
4,0,4
22,2,20
18,76,-58
6,1,5
1,0,1
0,1,-1
33,1,32
2,0,2
0,2,-2
6,0,6
2,2,0
36,40,-4
3,0,3
0,0,0
3,1,2
2,0,2
0,0,0
1,0,1
4,1,3
7,1,6
57,21,36
0,0,0
2,1,1
0,0,0
5,5,0
5,1,4
8,5,3
9,0,9
1,0,1
1,0,1
10,1,9
5,1,4
23,0,23
5,0,5
3,2,1
12,2,10
13,41,-28
0,0,0
2,1,1
1,0,1
0,0,0
8,0,8
1,0,1
0,0,0
4,1,3
0,1,-1
5,1,4
38,9,29
30,2,28
7,0,7
6,1,5
8,1,7
12,2,10
0,2,-2
9,5,4
4,2,2
1,1,0
28,26,2
1,1,0
6,1,5
1,1,0
1,2,-1
3,1,2
9,2,7
16,1,15
0,0,0
5,4,1
1,4,-3
0,0,0
11,5,6
7,4,3
0,0,0
11,4,7
8,10,-2
33,4,29
4,0,4
10,2,8
0,2,-2
16,0,16
0,0,0
13,1,12
0,0,0
2,1,1
1,1,0
0,0,0
0,0,0
15,8,7
2,6,-4
12,2,10
1,1,0
9,0,9
13,1,12
2,0,2
3,2,1
0,9,-9
0,2,-2
8,2,6
2,1,1
0,0,0
1,1,0
2,0,2
0,0,0
13,5,8
24,4,20
1,0,1
22,19,3
2,1,1
1,4,-3
27,8,19
15,9,6
4,3,1
1,0,1
11,0,11
0,0,0
10,24,-14
10,2,8
37,0,37
3,5,-2
4,4,0
6,2,4
20,6,14
2,0,2
2,0,2
0,1,-1
0,0,0
1,20,-19
0,1,-1
19,0,19
1,0,1
8,6,2
24,2,22
47,0,47
0,1,-1
6,5,1
0,0,0
0,3,-3
3,0,3
0,0,0
2,0,2
0,0,0
3,0,3
5,0,5
7,0,7
5,10,-5
1,5,-4
0,0,0
5,5,0
0,0,0
5,25,-20
49,0,49
5,0,5
5,10,-5
2,0,2
2,0,2
12,3,9
2,0,2
0,0,0
0,0,0
5,0,5
9,18,-9
3,1,2
2,1,1
0,0,0
1,0,1
2,0,2
2,3,-1
0,0,0
3,0,3
6,0,6
9,23,-14
3,0,3
0,0,0
7,0,7
31,31,0
4,0,4
5,6,-1
61,69,-8
0,1,-1
5,1,4
3,0,3
18,0,18
7,4,3
4,2,2
13,3,10
0,0,0
11,5,6
29,1,28
0,0,0
1,0,1
1,0,1
33,0,33
3,0,3
4,1,3
14,0,14
6,7,-1
6,1,5
18,1,17
2,0,2
9,2,7
2,1,1
9,0,9
0,0,0
1,0,1
1,0,1
6,2,4
7,2,5
4,2,2
3,0,3
3,1,2
9,5,4
8,2,6
4,4,0
4,1,3
0,2,-2
0,0,0
7,2,5
2,0,2
7,6,1
16,5,11
12,0,12
4,1,3
4,0,4
21,12,9
2,0,2
5,0,5
10,2,8
3,0,3
6,0,6
27,0,27
28,45,-17
7,2,5
1,3,-2
17,6,11
8,1,7
17,0,17
6,4,2
0,0,0
1,0,1
1,2,-1
1,4,-3
1,1,0
16,5,11
0,1,-1
0,1,-1
4,0,4
1,0,1
1,0,1
3,1,2
0,1,-1
2,1,1
7,0,7
13,1,12
1,0,1
4,1,3
0,0,0
0,0,0
6,4,2
3,1,2
4,3,1
3,3,0
0,3,-3
45,11,34
26,22,4
13,1,12
1,0,1
15,0,15
8,4,4
5,9,-4
2,0,2
7,5,2
4,1,3
22,1,21
2,0,2
0,0,0
1,0,1
9,12,-3
28,22,6
13,2,11
32,0,32
4,1,3
10,1,9
2,0,2
5,0,5
13,2,11
9,21,-12
5,2,3
0,0,0
0,7,-7
24,13,11
0,6,-6
0,0,0
0,1,-1
1,2,-1
4,0,4
0,0,0
3,4,-1
5,1,4
1,0,1
13,0,13
0,0,0
1,1,0
12,5,7
11,1,10
0,0,0
0,0,0
0,0,0
0,4,-4
1,0,1
15,0,15
0,0,0
4,0,4
2,1,1
0,0,0
3,0,3
2,1,1
0,12,-12
1,1,0
7,0,7
9,2,7
11,2,9
4,0,4
10,32,-22
1,0,1
0,1,-1
3,3,0
0,1,-1
4,2,2
0,0,0
0,0,0
25,4,21
7,0,7
0,0,0
9,0,9
33,0,33
0,0,0
16,0,16
8,12,-4
1,0,1
4,0,4
3,2,1
0,0,0
11,0,11
12,4,8
27,19,8
7,20,-13
13,0,13
6,0,6
3,5,-2
7,1,6
17,6,11
13,0,13
32,12,20
29,0,29
3,0,3
9,7,2
10,1,9
5,0,5
14,0,14
0,1,-1
8,3,5
4,2,2
21,0,21
11,6,5
2,0,2
9,2,7
9,5,4
1,0,1
18,0,18
17,51,-34
14,8,6
5,1,4
4,1,3
1,3,-2
1,9,-8
1,1,0
17,2,15
8,2,6
7,0,7
6,0,6
2,31,-29
28,0,28
5,6,-1
0,0,0
1,0,1
29,1,28
15,2,13
0,0,0
7,76,-69
41,22,19
4,0,4
21,0,21
0,0,0
7,1,6
9,0,9
5,0,5
2,0,2
0,1,-1
9,9,0
2,0,2
3,0,3
0,1,-1
2,9,-7
10,3,7
11,2,9
0,0,0
0,0,0
0,0,0
0,0,0
2,2,0
2,0,2
0,3,-3
9,0,9
2,10,-8
9,1,8
0,0,0
7,4,3
34,0,34
13,0,13
10,0,10
4,1,3
4,2,2
2,2,0
0,0,0
3,1,2
4,0,4
5,0,5
1,0,1
4,0,4
1,0,1
0,0,0
11,4,7
5,1,4
0,4,-4
0,0,0
5,2,3
5,0,5
7,0,7
13,2,11
0,0,0
1,0,1
10,10,0
10,7,3
2,1,1
8,0,8
1,0,1
4,0,4
1,0,1
4,4,0
15,18,-3
8,1,7
1,0,1
1,0,1
3,1,2
7,2,5
20,0,20
14,0,14
0,0,0
2,0,2
9,34,-25
0,1,-1
0,3,-3
2,0,2
9,1,8
0,2,-2
4,0,4
18,20,-2
9,3,6
3,0,3
2,0,2
8,6,2
34,5,29
6,2,4
8,2,6
8,19,-11
64,43,21
4,0,4
5,0,5
2,0,2
1,2,-1
0,0,0
3,0,3
26,12,14
0,5,-5
0,0,0
3,0,3
13,12,1
3,2,1
5,2,3
1,0,1
14,2,12
1,0,1
0,0,0
7,3,4
22,17,5
4,0,4
3,26,-23
3,2,1
2,0,2
33,0,33
8,5,3
9,10,-1
0,0,0
50,21,29
1,1,0
10,13,-3
3,0,3
2,1,1
7,1,6
4,4,0
3,0,3
2,1,1
4,0,4
0,2,-2
2,0,2
10,0,10
1,0,1
8,8,0
0,0,0
6,1,5
1,1,0
1,7,-6
26,5,21
6,2,4
1,1,0
1,0,1
9,3,6
3,6,-3
4,2,2
1,0,1
4,0,4
5,4,1
2,2,0
2,0,2
1,2,-1
14,1,13
4,1,3
19,4,15
1,0,1
0,0,0
17,1,16
5,0,5
23,21,2
5,16,-11
24,1,23
2,0,2
2,2,0
33,13,20
3,0,3
12,0,12
2,0,2
3,0,3
6,16,-10
1,0,1
11,1,10
7,0,7
8,1,7
0,0,0
0,0,0
0,0,0
24,3,21
3,0,3
10,6,4
11,4,7
7,0,7
1,5,-4
0,0,0
0,0,0
1,0,1
1,1,0
25,1,24
0,1,-1
0,18,-18
6,0,6
13,3,10
25,2,23
0,0,0
4,0,4
2,4,-2
1,1,0
4,0,4
5,1,4
5,0,5
6,0,6
19,1,18
8,1,7
5,2,3
0,0,0
7,0,7
37,57,-20
0,0,0
0,41,-41
0,0,0
2,0,2
9,0,9
14,33,-19
0,1,-1
6,1,5
17,10,7
0,0,0
0,2,-2
3,1,2
4,12,-8
7,1,6
13,4,9
13,3,10
0,2,-2
2,1,1
10,5,5
1,1,0
11,0,11
6,0,6
3,1,2
0,0,0
16,0,16
3,2,1
5,0,5
0,0,0
5,1,4
11,1,10
13,0,13
0,0,0
9,1,8
9,0,9
9,0,9
1,1,0
1,0,1
0,4,-4
0,0,0
0,0,0
1,1,0
12,0,12
3,4,-1
2,0,2
13,5,8
8,2,6
6,8,-2
14,0,14
8,11,-3
1,0,1
4,4,0
4,0,4
0,5,-5
1,0,1
18,0,18
0,0,0
5,2,3
7,2,5
33,1,32
2,0,2
4,4,0
0,1,-1
0,0,0
3,2,1
5,0,5
0,0,0
18,0,18
0,0,0
1,0,1
25,4,21
1,1,0
0,0,0
3,3,0
1,1,0
27,0,27
3,1,2
1,1,0
0,5,-5
8,1,7
4,2,2
7,6,1
0,0,0
0,0,0
1,1,0
1,0,1
5,1,4
1,59,-58
3,1,2
10,60,-50
0,0,0
11,0,11
4,0,4
9,1,8
3,0,3
0,1,-1
14,6,8
11,2,9
8,0,8
20,6,14
1,3,-2
1,1,0
3,1,2
5,2,3
18,0,18
6,2,4
17,81,-64
0,0,0
0,0,0
20,5,15
12,7,5
22,0,22
0,0,0
4,0,4
19,0,19
7,5,2
3,0,3
10,0,10
2,1,1
1,4,-3
1,0,1
2,4,-2
5,13,-8
0,2,-2
0,1,-1
0,0,0
17,1,16
25,2,23
12,0,12
0,0,0
4,0,4
2,0,2
7,1,6
4,0,4
17,5,12
3,1,2
0,0,0
6,0,6
1,1,0
0,1,-1
15,0,15
3,21,-18
1,0,1
5,0,5
1,0,1
1,5,-4
0,0,0
0,5,-5
0,0,0
3,3,0
1,0,1
0,0,0
0,0,0
18,29,-11
14,0,14
16,1,15
2,0,2
1,1,0
1,0,1
0,0,0
0,0,0
4,6,-2
2,2,0
1,0,1
7,10,-3
3,3,0
12,1,11
0,0,0
11,1,10
8,0,8
0,1,-1
9,4,5
1,1,0
1,0,1
35,3,32
5,0,5
2,0,2
9,0,9
0,0,0
0,1,-1
11,45,-34
0,1,-1
13,0,13
19,0,19
1,0,1
3,3,0
2,0,2
4,0,4
5,0,5
3,44,-41
0,2,-2
1,1,0
0,3,-3
1,0,1
29,1,28
11,2,9
2,0,2
27,0,27
3,1,2
0,0,0
7,0,7
6,2,4
3,0,3
0,0,0
8,7,1
2,0,2
17,1,16
3,4,-1
0,0,0
7,0,7
36,12,24
12,5,7
22,1,21
1,5,-4
13,0,13
16,0,16
0,2,-2
10,8,2
10,0,10
1,0,1
2,4,-2
4,3,1
0,0,0
0,69,-69
0,2,-2
0,0,0
10,17,-7
1,1,0
21,0,21
3,0,3
26,45,-19
0,4,-4
4,8,-4
8,1,7
8,5,3
9,2,7
69,0,69
18,0,18
2,1,1
18,0,18
3,17,-14
2,0,2
5,4,1
0,0,0
3,8,-5
16,7,9
1,1,0
0,0,0
24,1,23
0,0,0
4,0,4
0,0,0
8,0,8
0,0,0
0,0,0
0,2,-2
13,5,8
23,0,23
6,9,-3
2,3,-1
4,0,4
5,7,-2
15,0,15
2,3,-1
17,1,16
2,0,2
5,0,5
25,1,24
7,10,-3
11,0,11
11,5,6
1,1,0
1,0,1
0,0,0
0,0,0
0,0,0
1,14,-13
1,1,0
2,0,2
0,0,0
1,2,-1
25,25,0
0,0,0
8,2,6
4,6,-2
2,4,-2
13,1,12
25,8,17
9,0,9
9,10,-1
0,0,0
2,0,2
4,10,-6
5,4,1
8,2,6
12,1,11
6,1,5
2,1,1
4,0,4
0,0,0
4,2,2
11,1,10
10,0,10
11,0,11
12,2,10
2,1,1
19,1,18
9,1,8
7,0,7
2,0,2
3,0,3
17,1,16
13,3,10
0,3,-3
3,1,2
12,0,12
12,1,11
15,0,15
4,2,2
0,0,0
4,5,-1
0,0,0
20,32,-12
3,0,3
3,0,3
2,2,0
1,1,0
2,0,2
1,0,1
35,12,23
75,2,73
0,0,0
4,0,4
0,4,-4
2,0,2
9,0,9
1,0,1
23,8,15
8,0,8
17,2,15
1,0,1
2,2,0
2,0,2
3,2,1
4,0,4
28,0,28
5,0,5
9,7,2
24,4,20
3,6,-3
0,0,0
1,1,0
0,0,0
4,0,4
6,2,4
18,21,-3
25,5,20
13,1,12
0,2,-2
0,0,0
4,1,3
6,0,6
1,0,1
0,3,-3
9,9,0
2,0,2
16,0,16
4,0,4
23,38,-15
21,17,4
3,0,3
0,0,0
5,10,-5
0,0,0
1,3,-2
6,2,4
1,1,0
4,0,4
7,1,6
11,0,11
17,2,15
5,1,4
1,3,-2
28,15,13
42,8,34
0,0,0
0,0,0
1,0,1
5,5,0
23,0,23
5,5,0
0,0,0
17,5,12
8,0,8
0,5,-5
1,5,-4
11,14,-3
28,0,28
8,1,7
5,9,-4
1,1,0
10,1,9
8,0,8
3,0,3
9,0,9
18,3,15
1,0,1
15,0,15
1,0,1
20,10,10
16,1,15
10,4,6
3,3,0
0,0,0
19,10,9
4,1,3
11,6,5
4,9,-5
13,0,13
14,12,2
0,21,-21
3,3,0
5,0,5
0,0,0
1,1,0
36,4,32
6,2,4
2,0,2
4,4,0
11,0,11
0,0,0
0,0,0
0,1,-1
2,0,2
0,0,0
4,0,4
3,4,-1
15,0,15
15,0,15
0,0,0
8,4,4
2,2,0
0,0,0
3,1,2
6,5,1
11,0,11
9,12,-3
8,1,7
16,0,16
1,0,1
0,0,0
7,3,4
13,12,1
4,0,4
1,0,1
0,1,-1
3,0,3
0,33,-33
11,6,5
0,1,-1
1,1,0
1,0,1
10,2,8
9,1,8
9,6,3
0,0,0
2,2,0
2,8,-6
3,0,3
4,0,4
10,4,6
16,13,3
0,1,-1
6,15,-9
7,0,7
0,0,0
0,0,0
1,1,0
6,0,6
0,0,0
24,2,22
1,0,1
0,0,0
3,0,3
0,3,-3
17,14,3
7,2,5
5,3,2
2,1,1
2,0,2
2,1,1
2,2,0
8,2,6
7,0,7
0,0,0
9,0,9
5,0,5
28,3,25
0,0,0
18,1,17
10,1,9
7,2,5
15,0,15
6,1,5
3,0,3
3,2,1
3,0,3
0,0,0
4,0,4
7,0,7
11,0,11
12,3,9
1,1,0
13,0,13
29,29,0
1,45,-44
6,2,4
0,2,-2
0,0,0
13,13,0
2,4,-2
14,10,4
1,1,0
15,1,14
4,0,4
22,16,6
34,17,17
0,0,0
3,1,2
19,14,5
16,2,14
0,0,0
9,20,-11
1,0,1
15,3,12
2,2,0
16,3,13
18,0,18
23,2,21
4,12,-8
0,0,0
5,1,4
8,6,2
13,0,13
5,0,5
0,0,0
1,0,1
9,2,7
16,0,16
1,1,0
1,5,-4
2,1,1
9,0,9
0,3,-3
1,0,1
7,1,6
0,1,-1
1,1,0
12,0,12
4,4,0
4,0,4
0,0,0
0,0,0
6,0,6
8,2,6
0,0,0
2,2,0
1,0,1
0,1,-1
16,8,8
0,0,0
5,1,4
16,1,15
3,0,3
7,1,6
1,0,1
4,0,4
0,1,-1
0,0,0
9,0,9
2,1,1
7,2,5
0,0,0
0,0,0
1,0,1
0,0,0
3,1,2
6,3,3
1,0,1
1,0,1
0,0,0
5,15,-10
14,8,6
2,6,-4
4,0,4
14,3,11
0,0,0
0,0,0
10,0,10
3,0,3
0,1,-1
0,0,0
0,0,0
1,0,1
18,2,16
7,0,7
8,0,8
1,30,-29
2,1,1
0,0,0
6,0,6
0,0,0
0,7,-7
8,0,8
30,10,20
3,0,3
16,2,14
3,0,3
3,1,2
4,1,3
10,0,10
3,0,3
20,4,16
4,1,3
4,1,3
6,5,1
0,3,-3
1,0,1
4,4,0
18,0,18
0,1,-1
13,1,12
0,0,0
8,1,7
20,1,19
7,0,7
9,0,9
3,0,3
2,5,-3
2,2,0
5,1,4
4,4,0
18,1,17
5,8,-3
14,18,-4
5,1,4
13,1,12
2,1,1
0,1,-1
17,0,17
6,0,6
3,3,0
0,1,-1
3,0,3
0,0,0
8,4,4
2,4,-2
0,0,0
7,18,-11
0,2,-2
1,0,1
12,1,11
1,0,1
0,0,0
2,0,2
0,0,0
1,0,1
6,10,-4
0,0,0
0,0,0
1,0,1
0,0,0
7,2,5
0,0,0
0,0,0
14,3,11
0,1,-1
0,0,0
22,4,18
2,0,2
2,1,1
1,2,-1
8,0,8
17,8,9
3,1,2
2,1,1
4,1,3
9,0,9
2,0,2
4,1,3
0,0,0
0,0,0
7,0,7
2,1,1
5,11,-6
11,5,6
5,3,2
1,2,-1
34,0,34
8,4,4
1,1,0
1,0,1
4,8,-4
4,3,1
35,31,4
11,0,11
4,0,4
1,1,0
5,0,5
12,15,-3
2,0,2
0,1,-1
0,0,0
4,0,4
14,0,14
0,1,-1
1,0,1
0,3,-3
1,0,1
0,0,0
3,0,3
1,0,1
22,4,18
1,2,-1
8,0,8
9,5,4
3,1,2
5,1,4
0,0,0
22,11,11
0,1,-1
9,5,4
3,1,2
16,0,16
1,0,1
19,4,15
0,0,0
0,0,0
3,0,3
0,3,-3
1,0,1
5,0,5
12,0,12
2,0,2
4,0,4
15,0,15
13,5,8
11,1,10
1,0,1
2,0,2
33,0,33
5,1,4
13,1,12
0,0,0
8,0,8
1,0,1
27,0,27
1,1,0
1,3,-2
10,0,10
1,0,1
1,2,-1
25,0,25
0,0,0
37,58,-21
10,0,10
3,0,3
0,0,0
8,1,7
2,1,1
8,4,4
1,4,-3
2,8,-6
8,1,7
6,4,2
1,41,-40
0,0,0
6,1,5
0,0,0
15,8,7
3,0,3
1,0,1
1,1,0
6,5,1
3,1,2
0,0,0
14,4,10
7,1,6
0,0,0
8,34,-26
1,0,1
7,2,5
3,0,3
0,0,0
1,1,0
18,0,18
3,1,2
9,1,8
0,7,-7
10,11,-1
7,39,-32
1,0,1
1,1,0
13,0,13
21,10,11
0,0,0
9,1,8
48,0,48
3,0,3
3,4,-1
133,133,0
9,0,9
0,0,0
0,0,0
0,0,0
13,50,-37
0,0,0
34,0,34
2,0,2
3,1,2
0,0,0
0,0,0
3,3,0
7,0,7
20,2,18
0,0,0
4,0,4
10,13,-3
10,2,8
13,2,11
23,12,11
0,0,0
7,0,7
25,0,25
4,0,4
2,3,-1
1,2,-1
10,0,10
7,1,6
9,1,8
1,0,1
0,1,-1
0,0,0
30,0,30
2,0,2
6,0,6
3,0,3
0,0,0
0,0,0
4,1,3
3,0,3
1,2,-1
4,0,4
2,0,2
13,3,10
3,21,-18
8,2,6
4,2,2
9,0,9
0,3,-3
11,8,3
0,0,0
0,0,0
3,0,3
3,0,3
12,4,8
1,1,0
4,0,4
17,0,17
8,0,8
0,0,0
1,0,1
4,3,1
0,0,0
1,1,0
10,0,10
13,0,13
5,3,2
0,0,0
3,2,1
3,2,1
11,3,8
12,2,10
24,10,14
0,4,-4
0,0,0
4,0,4
7,4,3
7,0,7
19,0,19
1,2,-1
36,0,36
1,76,-75
10,8,2
19,5,14
0,0,0
7,2,5
0,0,0
8,1,7
7,2,5
40,0,40
11,3,8
2,4,-2
3,0,3
1,1,0
10,21,-11
0,7,-7
1,0,1
1,0,1
5,5,0
1,0,1
2,1,1
6,0,6
2,20,-18
1,0,1
34,0,34
3,0,3
0,1,-1
1,0,1
4,1,3
1,0,1
4,2,2
4,1,3
0,0,0
3,0,3
0,1,-1
6,0,6
17,12,5
1,1,0
7,0,7
4,5,-1
0,0,0
2,0,2
0,2,-2
2,1,1
0,0,0
10,0,10
5,1,4
13,0,13
0,4,-4
1,0,1
4,0,4
18,0,18
19,8,11
12,5,7
1,2,-1
2,34,-32
26,0,26
9,0,9
3,0,3
0,0,0
29,0,29
0,0,0
0,0,0
0,0,0
2,3,-1
2,1,1
1,0,1
1,2,-1
0,0,0
3,7,-4
9,1,8
13,2,11
17,4,13
1,0,1
20,17,3
5,0,5
2,0,2
0,1,-1
12,8,4
2,2,0
6,3,3
3,8,-5
0,0,0
2,0,2
7,1,6
0,0,0
6,1,5
11,0,11
15,10,5
3,3,0
24,0,24
0,0,0
3,1,2
2,1,1
0,0,0
8,9,-1
17,3,14
2,1,1
1,2,-1
4,1,3
1,2,-1
13,3,10
11,0,11
33,1,32
3,1,2
2,10,-8
2,1,1
16,5,11
0,1,-1
15,1,14
15,0,15
0,0,0
2,0,2
0,0,0
0,0,0
7,1,6
1,1,0
2,0,2
18,0,18
10,5,5
14,0,14
0,0,0
0,0,0
1,3,-2
17,0,17
4,0,4
3,1,2
8,4,4
3,0,3
50,4,46
0,0,0
3,0,3
3,0,3
0,15,-15
13,2,11
4,0,4
10,2,8
12,1,11
26,3,23
9,0,9
8,8,0
10,2,8
0,0,0
13,8,5
4,0,4
3,0,3
0,0,0
0,0,0
9,15,-6
1,0,1
1,0,1
14,2,12
8,1,7
6,0,6
9,8,1
1,0,1
1,0,1
6,0,6
1,1,0
9,4,5
6,0,6
4,0,4
16,6,10
3,2,1
6,1,5
1,0,1
11,2,9
4,0,4
4,0,4
2,0,2
11,1,10
22,0,22
1,1,0
4,0,4
3,4,-1
1,0,1
5,5,0
4,3,1
2,3,-1
8,1,7
8,5,3
0,0,0
1,1,0
3,1,2
5,1,4
20,0,20
0,0,0
4,1,3
7,1,6
0,1,-1
16,1,15
1,5,-4
12,1,11
1,0,1
12,0,12
2,1,1
5,5,0
0,0,0
2,2,0
1,2,-1
5,1,4
3,0,3
0,0,0
2,1,1
4,4,0
12,5,7
3,8,-5
5,0,5
0,0,0
1,0,1
15,6,9
10,5,5
20,8,12
0,0,0
4,1,3
0,3,-3
18,0,18
39,31,8
8,7,1
9,9,0
11,0,11
0,4,-4
1,0,1
18,0,18
31,0,31
5,0,5
8,4,4
12,4,8
2,2,0
2,1,1
13,1,12
0,0,0
17,0,17
31,5,26
1,3,-2
0,0,0
2,1,1
15,2,13
2,0,2
0,0,0
6,2,4
3,0,3
7,3,4
0,1,-1
0,0,0
8,8,0
3,2,1
3,0,3
3,0,3
23,10,13
1,2,-1
8,0,8
1,0,1
0,0,0
0,0,0
1,0,1
2,0,2
1,0,1
7,0,7
17,4,13
2,2,0
3,0,3
13,2,11
3,0,3
12,3,9
0,0,0
8,5,3
8,0,8
13,1,12
7,13,-6
0,1,-1
3,4,-1
1,2,-1
3,1,2
11,4,7
2,1,1
3,0,3
0,1,-1
0,5,-5
7,5,2
0,1,-1
11,0,11
1,0,1
0,0,0
6,13,-7
2,1,1
7,0,7
0,0,0
3,0,3
24,1,23
8,5,3
10,4,6
16,1,15
4,5,-1
4,1,3
3,2,1
10,0,10
6,2,4
8,6,2
0,1,-1
0,18,-18
10,4,6
1,0,1
0,0,0
1,0,1
4,0,4
7,3,4
0,0,0
3,1,2
14,13,1
10,0,10
11,0,11
5,1,4
1,0,1
1,0,1
0,0,0
0,0,0
21,3,18
3,0,3
10,17,-7
29,0,29
5,1,4
26,0,26
24,14,10
0,0,0
12,21,-9
9,1,8
12,1,11
0,0,0
2,8,-6
55,55,0
0,0,0
1,0,1
0,0,0
0,0,0
2,0,2
13,12,1
8,1,7
2,0,2
3,5,-2
28,0,28
2,0,2
12,17,-5
13,3,10
3,2,1
16,3,13
1,1,0
3,0,3
3,2,1
5,9,-4
3,3,0
4,0,4
11,0,11
1,0,1
27,2,25
7,0,7
11,6,5
16,0,16
1,0,1
0,0,0
1,0,1
9,2,7
0,2,-2
3,4,-1
4,0,4
0,0,0
3,1,2
0,1,-1
0,1,-1
0,0,0
0,1,-1
1,2,-1
10,2,8
2,0,2
0,0,0
6,1,5
15,5,10
0,0,0
1,0,1
0,0,0
0,0,0
7,1,6
10,1,9
1,0,1
2,0,2
36,7,29
4,2,2
9,3,6
8,1,7
2,0,2
4,7,-3
15,0,15
0,2,-2
2,0,2
13,6,7
1,0,1
11,0,11
2,5,-3
16,3,13
8,8,0
1,0,1
11,13,-2
15,0,15
18,0,18
2,1,1
1,0,1
15,11,4
8,7,1
3,1,2
0,0,0
0,4,-4
1,2,-1
15,4,11
5,2,3
1,2,-1
11,1,10
0,0,0
1,7,-6
0,1,-1
5,5,0
4,1,3
1,16,-15
0,0,0
4,1,3
19,0,19
7,2,5
0,0,0
14,8,6
7,0,7
0,0,0
0,0,0
14,1,13
1,1,0
6,0,6
32,0,32
25,1,24
1,2,-1
8,1,7
8,0,8
3,1,2
9,6,3
21,1,20
4,0,4
3,0,3
12,10,2
1,0,1
8,1,7
0,0,0
8,0,8
12,0,12
3,4,-1
1,1,0
5,1,4
4,0,4
2,0,2
2,2,0
6,0,6
0,0,0
6,1,5
1,1,0
2,0,2
0,0,0
4,21,-17
3,0,3
0,0,0
4,0,4
7,0,7
32,5,27
1,0,1
6,1,5
6,1,5
16,0,16
17,0,17
11,10,1
6,0,6
1,0,1
14,2,12
9,8,1
5,0,5
0,10,-10
7,2,5
13,0,13
3,5,-2
0,0,0
3,1,2
0,2,-2
5,5,0
23,0,23
5,7,-2
31,33,-2
1,1,0
1,57,-56
13,5,8
7,1,6
6,0,6
0,34,-34
2,0,2
0,0,0
46,0,46
1,0,1
1,0,1
2,1,1
21,0,21
0,0,0
3,0,3
0,0,0
2,1,1
2,2,0
4,0,4
4,2,2
17,0,17
14,0,14
5,0,5
1,1,0
0,0,0
5,0,5
5,3,2
1,0,1
3,1,2
0,0,0
2,0,2
7,0,7
4,0,4
1,17,-16
0,1,-1
0,0,0
1,4,-3
3,0,3
1,0,1
19,0,19
11,5,6
4,15,-11
7,4,3
1,0,1
3,0,3
2,0,2
11,0,11
63,42,21
18,1,17
30,30,0
5,0,5
11,5,6
2,0,2
1,1,0
12,0,12
1,0,1
9,3,6
0,0,0
1,2,-1
0,0,0
2,1,1
52,2,50
23,0,23
7,2,5
28,2,26
1,1,0
4,1,3
4,4,0
20,5,15
0,0,0
8,2,6
0,0,0
5,2,3
0,0,0
22,1,21
12,1,11
1,1,0
12,1,11
3,0,3
12,0,12
10,88,-78
9,7,2
1,1,0
1,1,0
3,0,3
9,3,6
2,0,2
8,0,8
0,0,0
0,0,0
6,0,6
18,18,0
6,0,6
7,1,6
9,0,9
1,0,1
3,1,2
0,0,0
0,0,0
0,0,0
11,0,11
8,0,8
1,2,-1
2,2,0
3,0,3
2,2,0
2,1,1
7,0,7
0,1,-1
0,1,-1
17,4,13
2,0,2
7,7,0
34,1,33
5,0,5
2,5,-3
0,0,0
4,1,3
2,0,2
8,4,4
1,1,0
5,1,4
0,0,0
0,1,-1
2,0,2
10,21,-11
2,0,2
32,0,32
9,6,3
2,1,1
0,1,-1
12,0,12
1,1,0
0,0,0
5,1,4
5,0,5
2,2,0
1,1,0
1,2,-1
0,0,0
5,1,4
5,0,5
15,2,13
5,0,5
2,0,2
5,0,5
8,8,0
9,0,9
11,5,6
6,1,5
7,0,7
6,0,6
6,0,6
8,2,6
2,0,2
2,2,0
14,0,14
2,2,0
0,0,0
3,1,2
1,1,0
2,0,2
18,9,9
3,0,3
10,6,4
1,1,0
1,0,1
8,0,8
1,0,1
0,1,-1
16,0,16
16,1,15
12,4,8
6,1,5
39,14,25
7,1,6
7,1,6
21,10,11
10,3,7
3,1,2
3,2,1
30,0,30
6,0,6
6,2,4
0,0,0
3,3,0
4,1,3
0,0,0
1,0,1
1,0,1
5,4,1
0,0,0
2,5,-3
4,0,4
3,0,3
0,1,-1
0,0,0
1,1,0
7,0,7
19,1,18
26,2,24
6,2,4
0,0,0
1,5,-4
6,4,2
11,1,10
2,1,1
0,0,0
6,2,4
8,5,3
5,0,5
4,0,4
31,2,29
2,1,1
0,0,0
8,1,7
0,1,-1
5,0,5
0,0,0
4,0,4
21,0,21
7,1,6
6,5,1
3,0,3
0,1,-1
1,0,1
3,0,3
9,5,4
2,5,-3
0,2,-2
1,1,0
0,0,0
0,0,0
8,0,8
8,1,7
33,1,32
0,0,0
3,8,-5
0,0,0
15,0,15
7,1,6
0,2,-2
34,33,1
4,3,1
5,4,1
1,0,1
11,20,-9
21,8,13
2,0,2
2,0,2
0,0,0
9,0,9
0,0,0
0,0,0
4,1,3
2,0,2
0,1,-1
1,0,1
33,2,31
7,2,5
1,0,1
15,0,15
2,0,2
1,4,-3
4,0,4
19,1,18
4,4,0
1,0,1
0,1,-1
1,0,1
1,3,-2
1,0,1
3,0,3
1,1,0
12,4,8
1,0,1
2,1,1
51,7,44
0,0,0
5,2,3
10,1,9
2,0,2
4,1,3
13,0,13
0,3,-3
0,2,-2
11,8,3
5,0,5
1,5,-4
2,0,2
10,5,5
5,10,-5
13,0,13
1,0,1
2,2,0
4,4,0
18,1,17
0,0,0
22,1,21
5,3,2
5,2,3
8,0,8
6,7,-1
0,1,-1
5,10,-5
2,0,2
8,1,7
0,0,0
4,0,4
15,2,13
0,0,0
42,0,42
1,0,1
10,2,8
15,0,15
6,0,6
21,0,21
0,7,-7
18,5,13
2,2,0
13,1,12
0,0,0
0,48,-48
3,4,-1
27,11,16
4,0,4
3,0,3
4,0,4
2,2,0
2,0,2
0,0,0
0,1,-1
1,7,-6
9,4,5
8,0,8
1,3,-2
16,2,14
7,4,3
3,0,3
6,5,1
6,5,1
23,0,23
6,3,3
0,0,0
17,2,15
0,0,0
6,0,6
1,1,0
4,1,3
5,12,-7
1,1,0
3,0,3
1,7,-6
5,1,4
0,0,0
0,1,-1
3,0,3
10,0,10
3,0,3
0,1,-1
1,0,1
4,1,3
10,30,-20
10,0,10
4,4,0
31,4,27
2,0,2
4,0,4
11,0,11
8,3,5
0,0,0
2,0,2
0,0,0
2,2,0
3,2,1
2,0,2
13,0,13
1,0,1
2,0,2
0,0,0
4,0,4
2,2,0
4,8,-4
11,0,11
2,0,2
3,1,2
9,4,5
9,14,-5
2,0,2
26,21,5
6,8,-2
2,1,1
40,3,37
0,0,0
0,1,-1
54,4,50
6,1,5
0,0,0
2,1,1
8,5,3
0,1,-1
11,0,11
5,2,3
0,0,0
12,0,12
6,2,4
1,1,0
0,18,-18
22,66,-44
4,2,2
1,7,-6
6,7,-1
2,2,0
12,15,-3
0,0,0
21,7,14
1,6,-5
1,3,-2
2,0,2
1,1,0
5,5,0
1,0,1
1,1,0
0,0,0
1,0,1
0,0,0
6,3,3
29,0,29
1,2,-1
0,0,0
1,1,0
4,4,0
37,8,29
4,2,2
3,0,3
2,4,-2
0,0,0
2,4,-2
13,0,13
4,5,-1
4,1,3
1,0,1
3,1,2
8,0,8
1,1,0
7,1,6
1,0,1
9,1,8
0,0,0
4,2,2
3,31,-28
0,0,0
6,0,6
4,2,2
19,0,19
1,0,1
1,0,1
0,0,0
21,1,20
21,4,17
1,0,1
3,0,3
17,1,16
1,0,1
2,8,-6
10,0,10
3,11,-8
3,2,1
3,1,2
2,0,2
3,4,-1
0,0,0
0,0,0
43,0,43
40,12,28
29,0,29
0,0,0
6,5,1
0,0,0
7,0,7
14,0,14
0,0,0
2,0,2
0,0,0
9,6,3
12,4,8
17,10,7
4,1,3
6,3,3
0,0,0
12,0,12
25,5,20
14,4,10
2,8,-6
14,1,13
9,5,4
1,3,-2
0,0,0
12,61,-49
3,5,-2
0,0,0
4,33,-29
7,1,6
1,0,1
5,2,3
1,6,-5
7,0,7
5,1,4
12,110,-98
6,0,6
6,4,2
1,1,0
4,0,4
1,0,1
3,5,-2
7,0,7
8,4,4
1,0,1
4,7,-3
7,0,7
2,1,1
33,3,30
7,0,7
0,0,0
36,23,13
1,0,1
5,0,5
1,2,-1
8,0,8
1,0,1
0,0,0
10,9,1
15,0,15
0,0,0
5,0,5
33,4,29
0,0,0
0,0,0
0,0,0
14,0,14
0,0,0
26,2,24
0,0,0
5,0,5
48,3,45
2,0,2
17,0,17
2,0,2
3,6,-3
2,5,-3
1,0,1
4,1,3
2,8,-6
2,0,2
9,1,8
37,20,17
0,0,0
0,0,0
7,4,3
24,1,23
5,0,5
4,1,3
13,27,-14
0,1,-1
12,2,10
0,0,0
5,2,3
0,6,-6
7,10,-3
5,3,2
6,0,6
4,0,4
1,0,1
6,3,3
0,0,0
2,2,0
7,1,6
1,0,1
30,13,17
0,0,0
4,2,2
7,1,6
2,0,2
0,0,0
4,22,-18
0,2,-2
5,2,3
1,2,-1
14,21,-7
0,6,-6
3,0,3
5,0,5
22,1,21
7,6,1
35,2,33
8,11,-3
6,0,6
3,0,3
6,0,6
0,1,-1
5,5,0
3,3,0
1,3,-2
0,1,-1
6,4,2
6,0,6
4,19,-15
3,0,3
2,0,2
1,5,-4
0,0,0
2,1,1
6,8,-2
0,0,0
2,0,2
5,10,-5
3,0,3
6,0,6
6,1,5
10,27,-17
3,1,2
1,2,-1
3,0,3
1,4,-3
2,4,-2
32,1,31
0,0,0
0,0,0
4,0,4
2,0,2
8,1,7
2,0,2
5,1,4
5,1,4
8,3,5
0,0,0
4,1,3
17,8,9
4,0,4
1,0,1
0,0,0
30,0,30
15,34,-19
0,2,-2
5,4,1
6,4,2
3,0,3
0,1,-1
3,2,1
7,3,4
5,0,5
20,0,20
4,2,2
10,0,10
7,2,5
3,1,2
2,0,2
2,6,-4
3,0,3
0,0,0
0,0,0
1,2,-1
1,0,1
36,34,2
1,0,1
9,1,8
0,0,0
2,10,-8
6,48,-42
13,5,8
3,0,3
2,0,2
0,0,0
1,2,-1
1,1,0
0,33,-33
2,1,1
7,5,2
0,0,0
3,0,3
1,3,-2
11,2,9
3,0,3
3,2,1
0,0,0
4,1,3
2,2,0
22,31,-9
15,0,15
5,2,3
6,6,0
13,1,12
12,5,7
3,2,1
0,0,0
8,0,8
6,0,6
5,1,4
10,12,-2
7,3,4
4,1,3
9,0,9
2,2,0
9,10,-1
3,2,1
17,1,16
0,2,-2
0,0,0
4,0,4
0,0,0
10,55,-45
0,0,0
11,7,4
0,0,0
30,0,30
43,1,42
9,5,4
7,3,4
3,2,1
4,0,4
1,0,1
0,0,0
1,0,1
8,0,8
1,0,1
0,0,0
4,1,3
4,1,3
0,2,-2
23,7,16
3,0,3
7,0,7
0,0,0
4,2,2
13,0,13
1,1,0
5,2,3
7,2,5
1,1,0
8,13,-5
13,12,1
0,0,0
9,0,9
9,0,9
22,5,17
3,0,3
3,0,3
0,3,-3
0,1,-1
5,2,3
42,0,42
7,1,6
0,0,0
1,1,0
5,0,5
1,0,1
18,0,18
13,13,0
1,0,1
25,3,22
20,9,11
10,2,8
7,0,7
35,5,30
12,22,-10
0,0,0
0,0,0
0,0,0
3,0,3
21,20,1
10,0,10
5,1,4
0,0,0
5,0,5
2,7,-5
4,16,-12
18,1,17
0,0,0
12,0,12
4,33,-29
24,0,24
7,7,0
0,0,0
23,23,0
7,4,3
1,1,0
7,1,6
3,0,3
14,0,14
9,22,-13
0,0,0
0,0,0
13,0,13
9,0,9
20,70,-50
6,0,6
5,6,-1
0,28,-28
2,0,2
12,0,12
23,0,23
18,0,18
9,1,8
5,0,5
1,0,1
71,0,71
2,0,2
1,0,1
0,0,0
1,1,0
19,4,15
0,1,-1
3,0,3
2,1,1
3,6,-3
0,0,0
8,1,7
6,8,-2
13,4,9
3,1,2
2,0,2
2,0,2
5,2,3
5,0,5
1,2,-1
0,0,0
2,6,-4
7,0,7
0,0,0
25,47,-22
1,14,-13
21,13,8
7,3,4
2,5,-3
25,2,23
0,0,0
0,0,0
9,17,-8
8,3,5
0,1,-1
7,0,7
1,0,1
4,1,3
5,0,5
23,10,13
2,1,1
8,0,8
1,1,0
2,1,1
47,47,0
0,0,0
9,0,9
0,0,0
15,13,2
29,21,8
43,0,43
1,0,1
20,9,11
1,0,1
5,0,5
1,1,0
3,1,2
35,35,0
1,0,1
3,4,-1
0,4,-4
6,1,5
13,2,11
14,6,8
7,5,2
0,1,-1
0,0,0
4,1,3
14,0,14
1,1,0
3,8,-5
9,0,9
0,0,0
0,1,-1
13,0,13
0,1,-1
38,29,9
3,3,0
0,0,0
6,1,5
15,5,10
6,0,6
11,1,10
0,0,0
8,2,6
4,2,2
26,1,25
4,0,4
5,0,5
17,3,14
1,0,1
10,1,9
7,0,7
9,8,1
3,1,2
0,5,-5
9,0,9
22,2,20
2,4,-2
5,0,5
3,0,3
3,0,3
2,2,0
3,0,3
1,1,0
9,0,9
0,0,0
6,0,6
11,5,6
3,2,1
35,1,34
2,0,2
0,0,0
0,8,-8
1,2,-1
3,0,3
3,0,3
1,0,1
3,5,-2
0,0,0
2,0,2
2,5,-3
4,0,4
1,0,1
13,4,9
2,5,-3
6,5,1
18,19,-1
1,0,1
6,4,2
1,1,0
14,1,13
29,0,29
7,0,7
2,2,0
12,0,12
2,1,1
11,0,11
6,0,6
15,5,10
5,4,1
6,7,-1
31,1,30
8,0,8
0,8,-8
18,33,-15
38,4,34
0,2,-2
12,1,11
8,0,8
0,0,0
10,0,10
62,7,55
0,1,-1
3,1,2
8,5,3
6,0,6
0,0,0
8,1,7
0,0,0
8,2,6
3,0,3
9,0,9
4,0,4
30,8,22
3,5,-2
0,1,-1
1,1,0
10,1,9
0,0,0
1,4,-3
10,0,10
0,0,0
3,2,1
0,2,-2
6,2,4
6,1,5
0,1,-1
0,0,0
14,0,14
2,0,2
2,0,2
6,1,5
65,10,55
1,2,-1
24,18,6
0,0,0
0,2,-2
21,4,17
2,1,1
1,0,1
0,0,0
6,1,5
19,2,17
17,3,14
2,0,2
3,1,2
10,1,9
3,0,3
16,12,4
1,25,-24
30,33,-3
3,3,0
1,1,0
1,1,0
10,0,10
8,1,7
4,0,4
8,0,8
7,1,6
1,1,0
7,1,6
11,5,6
0,0,0
8,1,7
3,2,1
0,0,0
1,1,0
10,0,10
23,5,18
0,1,-1
3,8,-5
4,6,-2
2,0,2
6,3,3
0,2,-2
4,3,1
0,0,0
0,4,-4
2,0,2
11,0,11
0,0,0
0,1,-1
10,1,9
3,1,2
4,6,-2
4,3,1
11,6,5
15,0,15
0,0,0
6,4,2
8,0,8
17,2,15
3,1,2
0,2,-2
4,2,2
5,29,-24
7,4,3
7,0,7
1,0,1
1,0,1
6,0,6
1,0,1
2,3,-1
3,1,2
2,3,-1
3,1,2
5,0,5
1,3,-2
1,3,-2
0,0,0
53,2,51
2,1,1
2,9,-7
0,0,0
3,0,3
0,1,-1
0,0,0
2,0,2
9,2,7
16,0,16
11,1,10
1,1,0
0,0,0
0,0,0
9,4,5
11,4,7
4,0,4
1,0,1
13,0,13
0,0,0
1,0,1
11,0,11
3,0,3
8,2,6
21,2,19
1,2,-1
2,1,1
9,6,3
18,1,17
6,5,1
26,2,24
2,2,0
9,1,8
1,0,1
1,0,1
24,0,24
8,0,8
1,8,-7
8,0,8
9,0,9
37,0,37
0,2,-2
11,8,3
5,13,-8
0,0,0
0,1,-1
1,1,0
24,1,23
0,0,0
7,2,5
0,2,-2
29,1,28
1,4,-3
6,3,3
0,1,-1
8,0,8
13,0,13
2,0,2
0,18,-18
3,0,3
2,0,2
1,3,-2
11,2,9
2,0,2
20,21,-1
11,4,7
9,2,7
8,16,-8
4,0,4
6,1,5
30,8,22
24,12,12
19,1,18
3,2,1
0,0,0
2,1,1
6,0,6
1,0,1
7,0,7
8,0,8
18,4,14
34,0,34
0,0,0
3,5,-2
25,1,24
2,0,2
0,0,0
3,3,0
8,1,7
0,0,0
2,0,2
14,1,13
0,0,0
0,0,0
0,0,0
1,0,1
11,2,9
1,1,0
0,0,0
1,3,-2
2,3,-1
41,4,37
18,2,16
5,3,2
1,0,1
4,8,-4
3,1,2
1,2,-1
5,3,2
9,0,9
85,59,26
4,4,0
3,2,1
1,0,1
0,0,0
4,0,4
8,0,8
3,1,2
6,0,6
1,0,1
26,33,-7
1,0,1
0,0,0
0,0,0
3,0,3
5,2,3
6,6,0
0,0,0
2,1,1
5,12,-7
2,0,2
28,4,24
13,2,11
1,2,-1
11,0,11
2,2,0
5,1,4
3,1,2
3,2,1
47,70,-23
0,5,-5
1,0,1
10,0,10
1,0,1
2,0,2
27,3,24
0,0,0
0,0,0
2,1,1
1,0,1
8,7,1
4,0,4
0,0,0
3,3,0
2,0,2
0,0,0
3,0,3
5,1,4
6,0,6
26,0,26
27,8,19
7,1,6
5,4,1
9,0,9
8,5,3
1,13,-12
9,6,3
8,5,3
9,2,7
0,0,0
3,1,2
1,0,1
4,0,4
11,10,1
0,1,-1
4,0,4
6,1,5
4,1,3
7,2,5
15,0,15
9,2,7
4,8,-4
10,2,8
33,3,30
2,1,1
0,0,0
1,0,1
4,2,2
9,0,9
0,0,0
1,0,1
9,1,8
14,2,12
1,0,1
13,0,13
11,5,6
2,0,2
3,1,2
1,2,-1
17,2,15
19,1,18
0,0,0
0,4,-4
4,0,4
17,0,17
0,0,0
2,0,2
5,1,4
0,0,0
9,0,9
2,7,-5
11,4,7
7,0,7
0,0,0
0,0,0
10,0,10
2,7,-5
5,0,5
1,1,0
3,1,2
0,0,0
53,1,52
3,0,3
2,0,2
20,1,19
4,0,4
4,14,-10
3,7,-4
1,0,1
20,0,20
15,5,10
1,0,1
0,6,-6
15,6,9
0,1,-1
0,14,-14
2,2,0
2,0,2
1,4,-3
37,1,36
2,1,1
4,1,3
1,4,-3
0,3,-3
1,1,0
0,2,-2
16,0,16
16,19,-3
3,17,-14
0,3,-3
0,1,-1
1,1,0
1,0,1
1,4,-3
0,10,-10
1,1,0
4,1,3
0,3,-3
9,11,-2
0,0,0
12,18,-6
3,5,-2
12,1,11
3,1,2
8,0,8
0,1,-1
6,1,5
7,0,7
3,3,0
6,42,-36
11,0,11
0,0,0
0,0,0
6,0,6
1,1,0
0,0,0
0,0,0
1,1,0
28,1,27
2,0,2
7,2,5
4,9,-5
7,0,7
34,2,32
12,0,12
27,2,25
1,2,-1
10,2,8
9,0,9
2,0,2
0,0,0
7,1,6
3,0,3
12,0,12
20,25,-5
6,4,2
0,0,0
0,0,0
0,2,-2
1,1,0
13,6,7
2,1,1
9,1,8
7,4,3
3,2,1
1,0,1
1,0,1
1,0,1
3,0,3
20,19,1
16,3,13
5,0,5
4,0,4
0,1,-1
6,2,4
1,0,1
0,0,0
5,1,4
3,0,3
4,7,-3
4,5,-1
6,2,4
2,3,-1
0,0,0
10,0,10
4,6,-2
0,0,0
6,42,-36
12,0,12
7,0,7
13,7,6
6,2,4
34,1,33
9,1,8
7,0,7
1,0,1
8,1,7
6,10,-4
3,1,2
1,1,0
38,27,11
10,44,-34
8,2,6
2,0,2
1,1,0
8,5,3
1,0,1
1,0,1
1,0,1
0,0,0
10,2,8
10,0,10
3,1,2
5,5,0
1,10,-9
11,0,11
5,1,4
29,2,27
4,1,3
3,14,-11
3,1,2
0,0,0
0,0,0
9,0,9
22,44,-22
20,1,19
1,4,-3
18,32,-14
13,1,12
3,0,3
2,0,2
4,0,4
0,0,0
2,4,-2
33,32,1
5,0,5
7,2,5
15,18,-3
7,0,7
3,4,-1
5,0,5
14,0,14
4,1,3
4,2,2
2,1,1
11,12,-1
9,1,8
9,1,8
44,1,43
6,2,4
29,1,28
0,0,0
20,2,18
9,1,8
4,0,4
0,1,-1
5,0,5
9,1,8
0,0,0
0,0,0
32,2,30
2,1,1
11,11,0
0,0,0
2,1,1
19,4,15
1,1,0
8,3,5
1,1,0
3,0,3
2,0,2
0,0,0
4,0,4
0,0,0
1,0,1
0,0,0
1,0,1
1,5,-4
0,0,0
6,2,4
5,14,-9
3,0,3
2,2,0
1,0,1
0,2,-2
10,2,8
2,0,2
9,1,8
9,1,8
12,31,-19
4,4,0
4,0,4
7,3,4
0,0,0
11,7,4
2,1,1
1,2,-1
8,0,8
0,0,0
7,0,7
0,0,0
38,1,37
6,0,6
0,0,0
3,0,3
0,1,-1
11,0,11
0,0,0
1,1,0
1,0,1
3,2,1
6,1,5
0,0,0
7,1,6
13,0,13
1,2,-1
20,0,20
10,0,10
0,0,0
4,9,-5
22,0,22
1,0,1
3,0,3
6,4,2
8,1,7
9,0,9
25,4,21
6,2,4
1,0,1
0,0,0
19,0,19
6,1,5
2,0,2
7,1,6
0,0,0
10,0,10
6,0,6
12,10,2
7,6,1
0,0,0
8,5,3
7,1,6
0,0,0
31,72,-41
0,0,0
5,0,5
25,45,-20
5,0,5
5,66,-61
7,7,0
6,1,5
14,1,13
6,1,5
0,0,0
2,1,1
6,0,6
17,0,17
1,2,-1
8,0,8
16,0,16
0,0,0
1,5,-4
8,5,3
1,0,1
1,2,-1
4,0,4
16,2,14
5,0,5
1,6,-5
11,0,11
0,0,0
4,21,-17
4,1,3
2,0,2
5,0,5
0,1,-1
1,4,-3
8,9,-1
8,5,3
5,5,0
15,0,15
11,0,11
0,0,0
7,0,7
2,0,2
23,0,23
12,3,9
7,7,0
2,5,-3
0,1,-1
2,2,0
12,29,-17
1,0,1
2,1,1
5,0,5
19,43,-24
1,0,1
9,0,9
11,0,11
4,0,4
4,0,4
4,0,4
22,1,21
24,9,15
5,0,5
0,0,0
0,0,0
0,0,0
43,29,14
1,0,1
27,0,27
3,4,-1
3,2,1
2,0,2
58,36,22
2,0,2
3,0,3
1,1,0
7,1,6
14,0,14
5,2,3
3,7,-4
12,13,-1
12,0,12
45,14,31
6,0,6
5,5,0
10,0,10
0,0,0
14,17,-3
16,2,14
5,1,4
8,0,8
2,0,2
1,4,-3
11,1,10
2,1,1
1,1,0
2,0,2
4,4,0
5,0,5
2,0,2
3,0,3
1,4,-3
27,7,20
25,2,23
3,1,2
1,5,-4
0,0,0
10,1,9
21,5,16
0,0,0
4,8,-4
15,1,14
0,1,-1
0,0,0
1,0,1
3,1,2
3,0,3
15,5,10
2,2,0
3,0,3
0,0,0
5,25,-20
2,0,2
13,0,13
5,0,5
43,8,35
3,0,3
3,1,2
1,0,1
0,0,0
0,2,-2
17,4,13
15,0,15
13,2,11
1,5,-4
5,0,5
1,5,-4
2,0,2
0,0,0
0,0,0
24,0,24
13,0,13
17,2,15
19,2,17
16,4,12
3,1,2
2,6,-4
7,5,2
10,0,10
0,0,0
12,5,7
4,0,4
1,1,0
0,0,0
39,2,37
6,0,6
3,0,3
0,1,-1
1,1,0
8,0,8
7,6,1
0,1,-1
13,0,13
4,0,4
18,34,-16
13,0,13
0,0,0
14,0,14
9,1,8
5,1,4
0,1,-1
8,0,8
13,1,12
4,5,-1
0,0,0
1,0,1
5,1,4
4,2,2
8,0,8
1,1,0
0,0,0
36,4,32
6,0,6
3,0,3
0,0,0
12,1,11
0,2,-2
6,0,6
9,4,5
0,1,-1
2,0,2
1,2,-1
20,0,20
4,1,3
2,0,2
9,0,9
4,0,4
0,0,0
2,17,-15
16,18,-2
1,0,1
6,4,2
7,0,7
3,0,3
20,0,20
6,1,5
5,1,4
0,0,0
10,13,-3
10,1,9
12,0,12
2,1,1
1,0,1
0,0,0
71,0,71
5,5,0
2,0,2
0,0,0
12,2,10
8,0,8
4,0,4
3,0,3
1,0,1
3,1,2
16,0,16
0,1,-1
4,3,1
15,7,8
0,2,-2
28,4,24
8,0,8
0,1,-1
9,1,8
0,0,0
5,0,5
15,2,13
42,42,0
6,2,4
4,6,-2
6,8,-2
23,8,15
11,1,10
9,9,0
2,2,0
5,0,5
5,0,5
9,1,8
6,0,6
11,0,11
0,0,0
15,0,15
0,1,-1
14,34,-20
1,0,1
0,0,0
5,2,3
2,1,1
2,0,2
0,0,0
14,4,10
0,0,0
3,7,-4
1,0,1
4,1,3
2,0,2
3,0,3
0,0,0
3,2,1
1,13,-12
2,0,2
4,0,4
0,0,0
10,32,-22
0,0,0
1,0,1
0,0,0
8,1,7
6,1,5
24,1,23
6,4,2
0,0,0
4,2,2
4,1,3
24,0,24
0,1,-1
0,0,0
6,1,5
9,1,8
1,0,1
6,6,0
6,15,-9
22,0,22
2,0,2
5,1,4
9,7,2
15,2,13
1,1,0
11,1,10
1,0,1
6,51,-45
1,2,-1
29,1,28
0,0,0
9,6,3
2,1,1
1,3,-2
0,2,-2
3,1,2
14,5,9
17,0,17
7,0,7
4,0,4
0,0,0
2,8,-6
3,2,1
12,1,11
3,0,3
3,0,3
1,1,0
5,24,-19
4,1,3
0,0,0
9,0,9
15,6,9
8,0,8
11,0,11
2,2,0
0,0,0
6,0,6
27,0,27
1,4,-3
9,6,3
3,7,-4
14,1,13
0,2,-2
16,0,16
0,2,-2
0,0,0
11,7,4
0,0,0
5,3,2
1,1,0
6,0,6
2,5,-3
7,0,7
3,0,3
0,0,0
13,5,8
2,0,2
3,4,-1
2,0,2
12,1,11
3,0,3
15,1,14
2,0,2
0,0,0
0,2,-2
1,10,-9
7,17,-10
3,1,2
1,0,1
9,4,5
1,1,0
3,0,3
1,0,1
3,1,2
6,2,4
0,0,0
12,0,12
1,0,1
44,38,6
5,0,5
1,0,1
1,5,-4
1,0,1
0,0,0
8,1,7
3,0,3
1,42,-41
8,2,6
2,0,2
1,0,1
1,0,1
10,2,8
3,3,0
15,1,14
34,1,33
2,1,1
1,4,-3
16,0,16
1,0,1
1,0,1
60,41,19
11,0,11
2,2,0
19,60,-41
39,0,39
27,20,7
3,34,-31
21,7,14
13,4,9
14,0,14
9,0,9
11,1,10
7,2,5
34,0,34
1,3,-2
2,3,-1
12,8,4
1,0,1
3,0,3
10,8,2
1,0,1
4,0,4
4,4,0
17,0,17
4,0,4
0,0,0
0,3,-3
1,0,1
13,0,13
4,1,3
6,0,6
0,0,0
0,2,-2
23,0,23
1,2,-1
0,2,-2
0,0,0
6,7,-1
1,0,1
1,5,-4
0,0,0
0,0,0
1,0,1
31,0,31
5,5,0
11,0,11
3,1,2
18,6,12
0,7,-7
0,0,0
4,6,-2
0,2,-2
0,0,0
7,0,7
1,1,0
37,2,35
5,4,1
1,1,0
2,2,0
0,1,-1
14,3,11
10,1,9
4,1,3
1,19,-18
2,0,2
28,8,20
1,0,1
5,28,-23
35,14,21
6,57,-51
7,7,0
8,1,7
2,2,0
1,1,0
0,0,0
10,3,7
0,0,0
8,10,-2
11,0,11
5,0,5
1,0,1
2,0,2
2,12,-10
4,0,4
22,0,22
8,0,8
1,0,1
5,4,1
6,1,5
2,2,0
4,0,4
2,0,2
18,12,6
0,0,0
1,0,1
1,1,0
12,0,12
9,10,-1
0,0,0
10,2,8
19,0,19
1,1,0
15,0,15
6,18,-12
1,0,1
4,2,2
5,0,5
1,4,-3
8,5,3
15,0,15
1,0,1
0,0,0
8,3,5
47,50,-3
4,0,4
2,3,-1
3,2,1
0,0,0
2,1,1
5,2,3
5,0,5
12,5,7
1,4,-3
0,2,-2
4,5,-1
15,0,15
17,16,1
1,6,-5
1,2,-1
0,8,-8
0,0,0
4,0,4
1,0,1
1,1,0
22,16,6
9,4,5
2,0,2
5,0,5
4,2,2
1,2,-1
6,24,-18
8,0,8
14,1,13
0,0,0
0,1,-1
11,0,11
4,1,3
23,0,23
0,0,0
2,0,2
1,0,1
9,0,9
7,3,4
0,0,0
1,2,-1
3,2,1
43,42,1
0,1,-1
0,0,0
0,0,0
21,8,13
14,2,12
27,1,26
11,1,10
9,5,4
1,0,1
12,2,10
9,33,-24
8,0,8
7,1,6
5,0,5
13,0,13
8,6,2
7,1,6
1,2,-1
15,0,15
3,2,1
2,4,-2
3,0,3
4,5,-1
10,1,9
2,0,2
1,0,1
1,0,1
5,0,5
15,8,7
4,5,-1
2,2,0
2,0,2
3,0,3
2,5,-3
0,0,0
0,2,-2
1,0,1
2,13,-11
6,3,3
1,1,0
3,1,2
4,0,4
12,0,12
20,0,20
1,0,1
11,0,11
6,1,5
6,0,6
5,0,5
0,0,0
48,48,0
20,1,19
2,1,1
0,0,0
4,0,4
10,9,1
4,0,4
10,1,9
22,1,21
12,4,8
21,0,21
2,0,2
8,4,4
0,0,0
1,2,-1
7,1,6
3,3,0
11,0,11
0,2,-2
5,3,2
1,1,0
17,1,16
2,0,2
4,5,-1
2,1,1
10,6,4
25,32,-7
16,0,16
4,1,3
11,0,11
6,4,2
2,5,-3
0,0,0
13,13,0
2,2,0
4,4,0
10,5,5
20,0,20
5,1,4
11,10,1
5,1,4
13,0,13
43,58,-15
5,1,4
0,0,0
8,5,3
1,8,-7
6,1,5
5,0,5
8,1,7
8,12,-4
16,0,16
2,0,2
4,0,4
0,2,-2
10,0,10
4,0,4
6,0,6
10,4,6
1,1,0
30,4,26
18,9,9
0,1,-1
4,1,3
0,0,0
25,1,24
0,4,-4
8,0,8
3,0,3
3,0,3
2,2,0
0,0,0
11,5,6
19,5,14
7,1,6
5,1,4
72,72,0
5,1,4
1,2,-1
2,1,1
13,6,7
11,0,11
3,0,3
9,2,7
1,0,1
33,0,33
0,0,0
8,9,-1
3,0,3
5,4,1
0,0,0
19,1,18
4,1,3
21,1,20
0,4,-4
3,0,3
1,1,0
14,11,3
0,0,0
6,0,6
5,0,5
14,0,14
5,0,5
19,1,18
16,10,6
2,18,-16
1,1,0
4,18,-14
5,0,5
1,13,-12
7,0,7
25,0,25
0,1,-1
4,2,2
2,1,1
1,0,1
26,55,-29
0,0,0
1,0,1
1,0,1
0,0,0
10,4,6
25,1,24
1,0,1
0,0,0
0,0,0
2,0,2
12,6,6
2,0,2
19,0,19
0,7,-7
0,0,0
4,8,-4
4,0,4
7,2,5
30,1,29
4,80,-76
8,0,8
3,3,0
0,2,-2
0,0,0
1,0,1
0,0,0
36,1,35
11,1,10
22,0,22
0,1,-1
2,0,2
36,21,15
8,0,8
9,0,9
19,0,19
5,4,1
1,0,1
0,0,0
3,0,3
2,0,2
3,15,-12
0,0,0
3,0,3
19,1,18
6,1,5
4,0,4
6,0,6
0,0,0
0,1,-1
8,5,3
10,0,10
1,0,1
1,2,-1
23,0,23
4,0,4
4,0,4
2,2,0
0,1,-1
5,1,4
14,4,10
7,4,3
0,0,0
5,0,5
0,3,-3
1,0,1
0,0,0
0,0,0
8,6,2
4,21,-17
6,1,5
8,3,5
0,3,-3
26,0,26
7,5,2
11,0,11
4,3,1
2,2,0
0,0,0
3,0,3
0,1,-1
2,4,-2
1,10,-9
1,2,-1
11,0,11
6,5,1
1,1,0
17,1,16
9,0,9
7,0,7
3,1,2
5,0,5
0,0,0
0,0,0
0,3,-3
0,1,-1
0,1,-1
23,14,9
0,0,0
4,11,-7
1,0,1
0,0,0
6,0,6
1,2,-1
6,1,5
15,0,15
2,0,2
9,0,9
1,1,0
25,0,25
4,1,3
8,1,7
2,0,2
11,9,2
24,6,18
0,0,0
10,0,10
10,7,3
3,1,2
3,0,3
9,0,9
6,9,-3
7,31,-24
0,1,-1
1,5,-4
26,34,-8
6,7,-1
2,4,-2
4,0,4
0,0,0
0,0,0
5,1,4
2,6,-4
1,1,0
2,1,1
6,1,5
4,1,3
11,7,4
5,1,4
1,0,1
0,0,0
31,2,29
5,0,5
1,2,-1
2,6,-4
14,13,1
0,1,-1
3,1,2
15,6,9
7,1,6
2,2,0
0,0,0
0,2,-2
0,0,0
4,4,0
22,16,6
15,6,9
0,2,-2
0,0,0
13,5,8
8,7,1
7,0,7
1,0,1
3,0,3
0,0,0
4,5,-1
0,0,0
1,0,1
7,32,-25
1,2,-1
5,5,0
3,0,3
0,0,0
7,22,-15
6,1,5
3,4,-1
7,7,0
0,0,0
19,1,18
1,0,1
1,0,1
5,1,4
2,3,-1
1,1,0
9,2,7
16,10,6
19,2,17
3,0,3
12,2,10
0,71,-71
3,0,3
0,0,0
17,2,15
7,2,5
1,0,1
12,0,12
8,8,0
15,1,14
1,0,1
5,2,3
2,0,2
8,7,1
6,0,6
2,0,2
11,10,1
0,10,-10
8,1,7
1,1,0
0,0,0
4,0,4
13,0,13
2,1,1
9,1,8
3,5,-2
5,0,5
3,0,3
3,1,2
2,0,2
23,0,23
18,6,12
6,1,5
9,1,8
3,0,3
14,1,13
8,0,8
4,8,-4
6,0,6
2,0,2
1,0,1
0,0,0
1,3,-2
2,0,2
12,12,0
0,0,0
3,0,3
1,0,1
8,1,7
2,1,1
0,2,-2
0,2,-2
1,1,0
0,0,0
6,1,5
2,38,-36
2,3,-1
12,2,10
2,2,0
9,0,9
43,5,38
28,3,25
6,1,5
0,0,0
1,1,0
18,1,17
4,2,2
40,73,-33
3,7,-4
16,5,11
3,0,3
3,0,3
5,51,-46
7,2,5
0,1,-1
6,0,6
2,2,0
2,0,2
6,2,4
2,0,2
1,4,-3
16,0,16
1,19,-18
1,0,1
16,2,14
0,1,-1
0,0,0
5,0,5
2,1,1
0,2,-2
1,0,1
7,7,0
1,0,1
7,1,6
16,0,16
1,1,0
4,1,3
2,1,1
6,1,5
3,1,2
38,0,38
6,0,6
0,0,0
2,2,0
0,4,-4
19,0,19
3,0,3
4,0,4
0,0,0
0,0,0
0,2,-2
5,0,5
0,21,-21
6,2,4
0,0,0
6,2,4
0,0,0
1,1,0
4,0,4
10,1,9
8,7,1
5,51,-46
8,0,8
5,10,-5
1,0,1
4,1,3
0,0,0
9,2,7
7,12,-5
14,11,3
0,0,0
2,3,-1
12,1,11
6,1,5
3,1,2
0,2,-2
1,1,0
12,0,12
1,0,1
1,1,0
9,0,9
10,8,2
1,0,1
46,2,44
1,0,1
17,4,13
34,34,0
18,0,18
11,0,11
13,1,12
1,0,1
2,0,2
4,0,4
12,0,12
0,0,0
23,1,22
32,37,-5
5,0,5
9,4,5
5,0,5
0,0,0
3,0,3
26,0,26
4,0,4
0,2,-2
1,1,0
8,0,8
17,1,16
0,2,-2
9,8,1
12,1,11
8,2,6
11,11,0
0,0,0
0,0,0
0,0,0
7,1,6
8,0,8
3,1,2
20,0,20
11,3,8
5,6,-1
1,0,1
2,0,2
1,5,-4
0,0,0
1,0,1
5,2,3
0,0,0
8,15,-7
13,3,10
6,4,2
14,1,13
4,6,-2
0,0,0
0,0,0
8,3,5
32,0,32
9,9,0
1,1,0
3,0,3
31,2,29
2,0,2
3,6,-3
4,4,0
5,0,5
4,0,4
2,0,2
3,1,2
4,0,4
0,4,-4
4,4,0
0,1,-1
13,10,3
3,2,1
9,1,8
10,0,10
8,8,0
16,1,15
7,1,6
12,0,12
8,2,6
6,1,5
1,0,1
7,0,7
13,0,13
1,0,1
1,0,1
2,4,-2
0,0,0
8,1,7
20,20,0
0,0,0
11,5,6
15,0,15
6,1,5
15,4,11
13,0,13
1,0,1
14,0,14
0,1,-1
8,1,7
0,0,0
2,2,0
2,0,2
17,0,17
7,5,2
2,0,2
6,1,5
13,7,6
7,0,7
3,1,2
5,0,5
7,1,6
6,2,4
35,35,0
5,2,3
0,0,0
2,0,2
0,2,-2
1,1,0
3,2,1
5,3,2
1,0,1
4,0,4
4,0,4
1,1,0
0,0,0
3,19,-16
8,2,6
13,0,13
6,0,6
1,1,0
3,0,3
3,0,3
8,4,4
2,0,2
5,1,4
7,1,6
12,2,10
7,2,5
9,0,9
0,0,0
5,0,5
0,0,0
27,1,26
18,8,10
12,1,11
7,0,7
9,3,6
4,0,4
1,4,-3
2,0,2
5,1,4
2,0,2
4,2,2
0,5,-5
10,4,6
6,1,5
1,0,1
0,0,0
0,0,0
5,0,5
0,0,0
9,0,9
16,5,11
2,6,-4
10,1,9
5,0,5
0,0,0
9,0,9
2,2,0
9,1,8
4,0,4
0,1,-1
2,2,0
2,1,1
4,5,-1
27,0,27
18,0,18
7,1,6
6,1,5
7,2,5
1,0,1
10,0,10
6,3,3
1,1,0
5,0,5
2,0,2
6,2,4
1,1,0
0,0,0
10,1,9
5,2,3
0,0,0
17,3,14
21,1,20
0,0,0
48,4,44
2,2,0
5,1,4
0,0,0
6,2,4
0,0,0
20,2,18
30,0,30
6,2,4
21,0,21
2,2,0
5,2,3
13,9,4
0,0,0
0,1,-1
1,4,-3
66,66,0
1,2,-1
14,0,14
15,5,10
25,1,24
3,0,3
12,1,11
0,0,0
4,21,-17
0,0,0
29,0,29
13,13,0
4,4,0
0,2,-2
5,0,5
0,0,0
0,0,0
27,0,27
2,0,2
6,0,6
36,0,36
11,1,10
4,0,4
9,2,7
12,1,11
0,1,-1
5,0,5
4,25,-21
19,11,8
13,12,1
0,10,-10
2,0,2
2,0,2
6,1,5
10,9,1
3,1,2
9,4,5
14,13,1
2,4,-2
9,0,9
9,1,8
1,0,1
16,4,12
10,10,0
11,2,9
0,0,0
8,1,7
6,0,6
1,0,1
4,3,1
2,2,0
12,0,12
23,1,22
2,1,1
0,0,0
0,0,0
25,21,4
2,2,0
21,10,11
1,0,1
0,61,-61
5,2,3
1,1,0
22,1,21
0,0,0
10,4,6
9,0,9
0,4,-4
14,14,0
4,0,4
34,64,-30
16,13,3
1,2,-1
4,0,4
1,0,1
2,0,2
4,4,0
2,0,2
1,0,1
8,4,4
4,0,4
4,2,2
6,2,4
2,0,2
10,2,8
4,5,-1
1,0,1
1,0,1
2,0,2
0,0,0
5,0,5
4,0,4
3,1,2
1,1,0
5,1,4
1,0,1
9,3,6
0,1,-1
6,29,-23
1,0,1
0,0,0
4,0,4
0,0,0
10,0,10
3,0,3
1,9,-8
4,0,4
1,0,1
3,2,1
0,1,-1
16,1,15
1,0,1
0,0,0
8,1,7
0,0,0
2,0,2
2,1,1
15,2,13
0,0,0
13,2,11
1,0,1
6,2,4
10,14,-4
1,8,-7
10,0,10
2,0,2
0,4,-4
22,22,0
1,0,1
2,1,1
0,0,0
3,0,3
0,1,-1
22,8,14
2,1,1
1,1,0
1,0,1
13,2,11
0,3,-3
3,4,-1
0,12,-12
1,1,0
3,2,1
7,0,7
0,4,-4
9,0,9
2,1,1
16,11,5
3,0,3
6,7,-1
5,1,4
4,3,1
16,20,-4
0,0,0
0,2,-2
21,0,21
2,4,-2
5,2,3
1,0,1
1,1,0
2,20,-18
3,1,2
48,1,47
2,0,2
6,1,5
2,1,1
2,0,2
6,3,3
3,2,1
3,0,3
2,5,-3
0,0,0
16,20,-4
6,0,6
1,1,0
0,0,0
0,6,-6
0,0,0
0,0,0
6,4,2
12,1,11
3,0,3
6,1,5
2,0,2
9,0,9
1,0,1
1,4,-3
7,0,7
0,0,0
5,0,5
0,0,0
14,5,9
3,1,2
1,0,1
6,0,6
0,0,0
8,0,8
7,3,4
11,8,3
1,0,1
12,0,12
0,3,-3
22,4,18
4,6,-2
0,8,-8
7,0,7
2,2,0
6,0,6
7,1,6
7,0,7
3,1,2
0,0,0
0,5,-5
5,1,4
1,4,-3
3,0,3
10,12,-2
9,0,9
2,0,2
17,2,15
1,0,1
26,2,24
2,4,-2
11,0,11
0,3,-3
3,3,0
10,17,-7
1,0,1
2,1,1
9,1,8
3,0,3
17,8,9
10,1,9
6,0,6
11,0,11
31,0,31
10,28,-18
1,2,-1
0,0,0
9,0,9
0,3,-3
2,0,2
1,0,1
4,0,4
1,1,0
1,0,1
0,0,0
0,0,0
6,4,2
15,2,13
29,10,19
1,2,-1
10,5,5
3,2,1
6,24,-18
1,1,0
0,8,-8
1,1,0
16,18,-2
5,1,4
27,17,10
26,44,-18
0,0,0
16,2,14
0,13,-13
1,1,0
5,4,1
2,11,-9
3,0,3
19,0,19
2,1,1
5,2,3
2,0,2
8,0,8
0,1,-1
0,46,-46
1,4,-3
14,0,14
1,1,0
0,1,-1
0,7,-7
0,0,0
1,0,1
0,5,-5
0,0,0
4,1,3
4,0,4
1,5,-4
13,0,13
1,4,-3
0,0,0
10,1,9
0,1,-1
9,0,9
5,0,5
1,0,1
12,8,4
30,13,17
0,0,0
5,2,3
0,1,-1
1,0,1
7,0,7
13,1,12
0,0,0
1,0,1
0,0,0
9,49,-40
6,1,5
1,1,0
14,1,13
3,0,3
1,0,1
3,5,-2
5,7,-2
14,3,11
0,0,0
13,0,13
7,0,7
0,0,0
6,1,5
8,0,8
0,0,0
11,1,10
1,0,1
11,2,9
3,1,2
0,0,0
3,3,0
1,0,1
12,0,12
5,2,3
0,0,0
1,0,1
0,0,0
3,2,1
0,0,0
0,0,0
7,0,7
4,2,2
13,5,8
7,2,5
5,0,5
0,0,0
0,0,0
1,0,1
11,9,2
4,8,-4
7,0,7
0,0,0
6,2,4
5,12,-7
1,0,1
7,0,7
2,3,-1
6,7,-1
11,1,10
15,5,10
3,1,2
3,3,0
10,6,4
9,3,6
7,0,7
17,1,16
5,11,-6
3,0,3
2,0,2
10,1,9
0,1,-1
9,0,9
3,0,3
3,5,-2
11,0,11
10,0,10
0,0,0
9,2,7
0,2,-2
12,5,7
16,6,10
1,2,-1
4,0,4
7,0,7
3,0,3
6,0,6
6,10,-4
9,0,9
5,2,3
2,1,1
5,0,5
0,0,0
9,6,3
2,6,-4
1,4,-3
0,0,0
11,0,11
12,7,5
10,1,9
18,0,18
6,1,5
121,121,0
0,0,0
10,2,8
12,0,12
5,0,5
6,0,6
0,0,0
1,0,1
24,0,24
8,0,8
14,4,10
0,6,-6
2,5,-3
0,6,-6
2,1,1
12,0,12
0,0,0
0,0,0
0,0,0
9,4,5
1,29,-28
3,0,3
1,0,1
2,3,-1
0,0,0
0,0,0
0,1,-1
46,1,45
2,0,2
3,1,2
8,0,8
40,1,39
2,0,2
6,5,1
8,1,7
0,0,0
0,0,0
0,0,0
16,5,11
1,1,0
5,12,-7
0,0,0
0,0,0
8,0,8
28,0,28
2,2,0
11,2,9
0,0,0
0,12,-12
1,0,1
1,1,0
20,8,12
5,2,3
30,21,9
34,0,34
4,17,-13
9,8,1
8,0,8
1,1,0
40,32,8
2,0,2
5,0,5
0,0,0
1,0,1
0,0,0
0,0,0
9,0,9
44,0,44
3,0,3
0,0,0
8,2,6
4,0,4
2,0,2
2,2,0
0,4,-4
0,0,0
0,0,0
0,1,-1
0,11,-11
0,0,0
0,0,0
5,0,5
1,0,1
3,1,2
9,1,8
0,4,-4
7,5,2
11,4,7
3,0,3
1,2,-1
9,1,8
11,5,6
1,0,1
1,0,1
3,2,1
3,1,2
15,0,15
14,11,3
34,34,0
4,0,4
4,6,-2
0,0,0
13,5,8
7,10,-3
0,18,-18
7,1,6
1,4,-3
3,5,-2
8,4,4
12,8,4
12,9,3
0,0,0
6,13,-7
6,0,6
1,0,1
3,0,3
9,78,-69
21,10,11
25,6,19
0,1,-1
7,1,6
5,0,5
2,1,1
4,1,3
1,0,1
10,3,7
40,0,40
15,1,14
12,2,10
1,0,1
0,0,0
5,0,5
2,2,0
1,0,1
0,0,0
14,12,2
0,0,0
8,4,4
4,1,3
4,0,4
6,1,5
62,62,0
14,0,14
11,0,11
11,0,11
14,5,9
11,4,7
0,0,0
1,1,0
9,6,3
11,0,11
1,4,-3
5,0,5
6,0,6
2,3,-1
18,5,13
10,0,10
5,2,3
0,1,-1
2,0,2
6,0,6
0,2,-2
15,1,14
4,1,3
11,4,7
2,2,0
1,1,0
4,0,4
0,0,0
0,3,-3
3,6,-3
3,0,3
17,7,10
6,2,4
6,0,6
4,1,3
13,1,12
2,8,-6
6,2,4
5,0,5
0,1,-1
13,6,7
15,0,15
15,21,-6
8,1,7
9,5,4
2,6,-4
0,0,0
1,0,1
1,1,0
8,13,-5
1,0,1
3,1,2
1,2,-1
6,1,5
19,8,11
0,0,0
4,4,0
25,24,1
2,0,2
41,67,-26
1,0,1
13,0,13
0,1,-1
4,2,2
2,0,2
4,2,2
2,0,2
15,1,14
7,4,3
1,2,-1
1,1,0
8,8,0
3,1,2
0,0,0
4,0,4
90,3,87
2,0,2
3,5,-2
3,1,2
1,2,-1
0,0,0
5,11,-6
22,1,21
1,1,0
19,1,18
2,0,2
0,1,-1
21,0,21
3,1,2
3,0,3
15,9,6
2,0,2
0,0,0
2,1,1
5,1,4
12,1,11
8,1,7
11,1,10
14,1,13
1,0,1
2,0,2
18,0,18
1,1,0
2,0,2
1,0,1
0,1,-1
15,4,11
0,0,0
14,1,13
1,12,-11
5,0,5
0,0,0
8,9,-1
1,0,1
18,10,8
4,1,3
13,4,9
1,0,1
8,1,7
4,0,4
22,19,3
16,0,16
0,1,-1
3,0,3
9,0,9
11,1,10
7,4,3
0,0,0
0,0,0
5,0,5
7,0,7
2,1,1
24,0,24
5,4,1
3,0,3
0,3,-3
0,0,0
5,0,5
5,1,4
25,1,24
14,3,11
20,8,12
2,0,2
5,0,5
10,0,10
28,10,18
15,1,14
0,2,-2
0,0,0
2,1,1
12,9,3
0,0,0
0,0,0
2,9,-7
2,2,0
4,0,4
0,0,0
1,21,-20
7,1,6
0,0,0
5,0,5
2,0,2
9,5,4
0,0,0
2,2,0
9,5,4
7,0,7
11,9,2
2,0,2
1,0,1
3,0,3
1,1,0
0,0,0
3,4,-1
14,1,13
5,2,3
2,0,2
27,35,-8
1,0,1
1,32,-31
4,0,4
18,0,18
9,0,9
3,1,2
19,7,12
7,0,7
1,8,-7
0,0,0
2,5,-3
8,2,6
0,1,-1
79,29,50
4,1,3
2,1,1
3,0,3
4,5,-1
1,0,1
0,1,-1
37,1,36
0,8,-8
0,0,0
9,13,-4
5,0,5
5,5,0
8,0,8
0,0,0
0,2,-2
1,0,1
6,5,1
22,0,22
0,0,0
60,0,60
25,2,23
13,7,6
4,1,3
3,0,3
1,0,1
3,4,-1
4,0,4
2,0,2
10,10,0
4,1,3
8,0,8
10,1,9
6,2,4
3,0,3
1,1,0
20,0,20
11,26,-15
4,5,-1
7,0,7
1,4,-3
0,1,-1
14,0,14
7,10,-3
6,0,6
5,0,5
1,0,1
0,0,0
39,7,32
2,2,0
3,0,3
11,14,-3
1,0,1
9,18,-9
22,2,20
1,2,-1
3,0,3
1,0,1
2,12,-10
0,0,0
11,0,11
1,0,1
2,0,2
1,1,0
21,20,1
0,0,0
1,0,1
11,0,11
0,2,-2
9,0,9
3,1,2
1,2,-1
3,2,1
15,12,3
0,0,0
1,1,0
1,0,1
2,0,2
2,2,0
0,2,-2
2,4,-2
1,1,0
3,0,3
9,4,5
2,0,2
4,2,2
3,8,-5
26,18,8
22,0,22
9,0,9
28,18,10
53,2,51
0,0,0
4,0,4
0,0,0
8,9,-1
20,0,20
1,0,1
2,0,2
3,0,3
0,0,0
0,0,0
13,3,10
5,0,5
13,7,6
13,0,13
0,0,0
3,0,3
5,12,-7
0,0,0
8,0,8
0,0,0
5,17,-12
0,0,0
4,0,4
6,0,6
19,11,8
4,8,-4
0,1,-1
0,0,0
0,1,-1
2,5,-3
0,0,0
3,0,3
1,0,1
0,0,0
4,0,4
11,13,-2
19,5,14
0,0,0
31,2,29
3,10,-7
7,5,2
10,2,8
0,2,-2
3,3,0
10,1,9
10,0,10
3,2,1
6,3,3
4,1,3
0,3,-3
2,1,1
0,0,0
5,1,4
1,0,1
0,1,-1
7,13,-6
9,3,6
2,0,2
3,1,2
2,0,2
6,14,-8
6,0,6
1,0,1
2,0,2
5,1,4
7,0,7
3,0,3
18,12,6
2,1,1
10,0,10
3,1,2
0,0,0
3,0,3
0,0,0
3,8,-5
0,1,-1
39,60,-21
0,0,0
24,4,20
26,1,25
2,0,2
11,0,11
0,4,-4
3,0,3
0,0,0
4,1,3
5,3,2
0,0,0
2,0,2
7,12,-5
0,0,0
9,1,8
2,0,2
21,3,18
9,8,1
0,1,-1
3,0,3
1,0,1
0,0,0
23,7,16
34,1,33
6,1,5
0,0,0
0,0,0
5,0,5
34,1,33
0,0,0
2,2,0
1,0,1
9,2,7
19,55,-36
7,55,-48
5,1,4
28,15,13
0,9,-9
15,3,12
6,2,4
3,0,3
6,2,4
4,22,-18
0,1,-1
16,48,-32
7,2,5
11,0,11
3,15,-12
0,4,-4
0,0,0
5,0,5
3,0,3
9,9,0
0,0,0
9,0,9
0,0,0
0,0,0
3,2,1
3,4,-1
1,1,0
2,4,-2
8,2,6
2,1,1
30,0,30
27,23,4
3,29,-26
17,20,-3
4,0,4
13,5,8
0,1,-1
18,0,18
27,0,27
1,3,-2
0,0,0
9,3,6
3,0,3
9,4,5
2,0,2
9,0,9
15,1,14
2,0,2
4,0,4
1,1,0
7,1,6
2,4,-2
0,1,-1
2,0,2
7,0,7
8,0,8
2,1,1
43,34,9
17,3,14
0,0,0
0,0,0
0,0,0
7,1,6
57,1,56
22,1,21
20,50,-30
4,0,4
13,5,8
4,2,2
8,0,8
0,0,0
8,1,7
5,0,5
32,13,19
11,0,11
4,6,-2
0,0,0
0,0,0
0,2,-2
8,0,8
0,1,-1
1,5,-4
30,0,30
2,0,2
1,0,1
8,0,8
5,0,5
1,0,1
0,0,0
4,0,4
0,5,-5
8,0,8
2,1,1
1,0,1
12,0,12
8,0,8
1,0,1
0,0,0
2,2,0
0,0,0
7,7,0
6,0,6
44,0,44
0,0,0
2,3,-1
0,25,-25
8,2,6
1,0,1
3,0,3
3,10,-7
6,3,3
4,4,0
4,2,2
0,1,-1
2,0,2
5,2,3
28,34,-6
4,0,4
0,2,-2
10,0,10
5,14,-9
8,0,8
1,0,1
8,0,8
24,0,24
0,0,0
3,0,3
9,0,9
2,31,-29
10,14,-4
25,0,25
25,0,25
3,2,1
1,0,1
12,1,11
0,0,0
0,0,0
0,1,-1
0,0,0
0,0,0
18,9,9
1,1,0
1,0,1
4,2,2
8,0,8
18,57,-39
16,0,16
0,5,-5
24,0,24
9,0,9
0,0,0
11,1,10
21,1,20
13,2,11
8,1,7
0,0,0
9,1,8
2,2,0
1,1,0
6,2,4
2,0,2
3,0,3
0,0,0
6,0,6
0,0,0
22,2,20
3,0,3
2,0,2
6,1,5
1,0,1
1,0,1
4,4,0
2,0,2
5,4,1
1,0,1
4,0,4
5,5,0
8,2,6
1,0,1
3,7,-4
8,0,8
1,0,1
4,3,1
11,6,5
6,0,6
13,0,13
19,8,11
7,3,4
0,0,0
0,2,-2
2,3,-1
0,1,-1
4,3,1
1,0,1
3,1,2
1,0,1
2,8,-6
5,0,5
3,33,-30
2,1,1
80,80,0
1,0,1
13,0,13
2,0,2
4,0,4
8,0,8
0,0,0
0,0,0
1,0,1
0,0,0
6,4,2
5,1,4
1,5,-4
15,1,14
1,0,1
12,12,0
6,1,5
0,1,-1
7,0,7
3,0,3
3,5,-2
5,2,3
1,1,0
0,1,-1
0,4,-4
1,0,1
0,0,0
6,5,1
18,2,16
12,4,8
12,1,11
27,10,17
35,1,34
10,0,10
2,0,2
17,3,14
2,2,0
0,1,-1
1,0,1
0,0,0
0,0,0
5,2,3
4,2,2
1,0,1
8,4,4
2,96,-94
3,0,3
0,0,0
18,2,16
1,0,1
0,2,-2
5,50,-45
0,0,0
6,1,5
0,0,0
5,0,5
12,1,11
0,0,0
52,4,48
0,0,0
19,13,6
0,0,0
3,2,1
14,4,10
4,1,3
4,0,4
0,0,0
0,0,0
1,0,1
27,34,-7
1,1,0
5,4,1
3,9,-6
10,0,10
0,0,0
0,0,0
0,0,0
0,2,-2
1,0,1
26,1,25
1,5,-4
3,0,3
3,2,1
4,0,4
86,0,86
1,0,1
23,7,16
4,0,4
14,1,13
4,1,3
0,0,0
6,0,6
18,4,14
8,1,7
0,0,0
5,0,5
1,4,-3
12,0,12
2,0,2
0,0,0
22,0,22
11,2,9
4,1,3
0,0,0
4,2,2
2,10,-8
15,1,14
13,17,-4
0,1,-1
3,0,3
0,0,0
0,0,0
6,3,3
1,1,0
0,8,-8
0,0,0
0,0,0
13,0,13
6,2,4
3,1,2
41,19,22
0,0,0
7,1,6
12,5,7
43,43,0
3,0,3
2,6,-4
4,0,4
11,1,10
11,2,9
9,0,9
13,1,12
2,0,2
4,0,4
0,0,0
1,0,1
11,0,11
3,0,3
3,2,1
25,8,17
10,4,6
4,0,4
5,4,1
15,8,7
3,1,2
1,0,1
0,0,0
1,2,-1
0,0,0
15,0,15
0,0,0
3,5,-2
1,0,1
0,4,-4
11,0,11
3,7,-4
17,0,17
0,0,0
2,0,2
7,2,5
6,0,6
0,0,0
3,1,2
0,0,0
4,3,1
12,0,12
15,1,14
2,2,0
1,1,0
0,8,-8
1,0,1
2,0,2
1,0,1
7,2,5
28,5,23
13,10,3
2,1,1
1,1,0
5,0,5
24,24,0
3,0,3
0,0,0
3,2,1
10,1,9
2,0,2
0,0,0
0,0,0
0,7,-7
34,8,26
1,1,0
8,1,7
0,0,0
24,4,20
4,0,4
1,0,1
8,9,-1
1,0,1
1,0,1
7,8,-1
1,1,0
6,0,6
1,0,1
3,0,3
0,1,-1
4,0,4
2,0,2
8,0,8
17,4,13
18,1,17
5,0,5
2,2,0
2,1,1
2,0,2
24,1,23
1,5,-4
5,0,5
14,38,-24
10,0,10
10,7,3
8,0,8
0,0,0
0,13,-13
16,0,16
1,1,0
3,0,3
13,0,13
4,1,3
3,6,-3
2,1,1
4,2,2
0,0,0
4,4,0
0,0,0
3,0,3
3,1,2
0,0,0
9,3,6
8,4,4
0,1,-1
7,0,7
6,47,-41
3,2,1
0,0,0
4,2,2
2,2,0
19,0,19
39,0,39
10,2,8
1,2,-1
8,1,7
0,8,-8
1,1,0
1,0,1
1,5,-4
1,2,-1
0,0,0
5,6,-1
10,0,10
8,8,0
14,4,10
12,3,9
2,5,-3
10,13,-3
25,24,1
2,1,1
7,0,7
0,4,-4
2,0,2
11,1,10
15,0,15
0,0,0
3,6,-3
0,0,0
13,0,13
3,0,3
9,1,8
10,1,9
6,8,-2
0,0,0
5,1,4
2,1,1
3,0,3
15,72,-57
2,1,1
0,0,0
1,0,1
6,1,5
18,8,10
3,5,-2
1,0,1
2,0,2
2,4,-2
8,2,6
1,0,1
10,4,6
0,0,0
0,0,0
1,1,0
0,0,0
4,2,2
15,1,14
3,4,-1
0,0,0
12,1,11
1,0,1
39,2,37
10,9,1
0,1,-1
0,1,-1
0,0,0
4,1,3
26,53,-27
2,0,2
1,1,0
1,0,1
1,0,1
2,0,2
6,0,6
0,0,0
10,1,9
13,1,12
0,0,0
2,2,0
2,1,1
1,0,1
4,0,4
0,0,0
2,2,0
1,0,1
10,3,7
3,0,3
0,0,0
0,0,0
14,3,11
21,0,21
3,0,3
3,0,3
2,6,-4
5,0,5
8,9,-1
4,4,0
11,10,1
1,0,1
9,10,-1
12,5,7
14,15,-1
14,1,13
0,0,0
5,12,-7
1,2,-1
5,0,5
5,0,5
6,0,6
20,0,20
0,0,0
0,0,0
1,2,-1
5,8,-3
1,1,0
0,1,-1
11,0,11
0,0,0
19,2,17
16,2,14
17,0,17
3,2,1
28,0,28
9,2,7
1,0,1
1,0,1
0,0,0
0,0,0
4,0,4
5,0,5
4,2,2
4,0,4
2,5,-3
8,2,6
0,0,0
0,0,0
10,0,10
4,0,4
0,1,-1
5,0,5
1,1,0
4,0,4
10,0,10
0,1,-1
1,0,1
22,43,-21
0,0,0
4,0,4
5,5,0
0,0,0
12,8,4
9,15,-6
9,0,9
1,1,0
0,0,0
4,0,4
7,5,2
5,1,4
3,0,3
5,0,5
4,2,2
18,3,15
0,1,-1
3,1,2
1,0,1
0,0,0
1,1,0
19,3,16
2,0,2
2,0,2
21,1,20
1,0,1
0,0,0
1,4,-3
8,5,3
1,0,1
21,0,21
23,2,21
0,0,0
5,0,5
1,0,1
17,17,0
17,1,16
4,4,0
1,0,1
1,5,-4
0,0,0
3,2,1
13,0,13
7,1,6
5,2,3
18,0,18
6,0,6
10,1,9
11,2,9
16,5,11
0,1,-1
0,4,-4
4,0,4
2,0,2
3,1,2
0,0,0
7,1,6
5,1,4
0,0,0
22,2,20
1,0,1
4,0,4
0,1,-1
6,0,6
2,1,1
8,0,8
20,5,15
0,0,0
3,9,-6
0,0,0
1,1,0
7,1,6
2,13,-11
1,0,1
14,2,12
42,1,41
10,4,6
1,0,1
3,1,2
1,0,1
0,0,0
0,0,0
9,1,8
6,2,4
0,0,0
12,1,11
5,1,4
37,0,37
1,0,1
27,2,25
1,6,-5
7,0,7
6,13,-7
0,1,-1
1,0,1
5,1,4
0,3,-3
0,0,0
6,0,6
2,3,-1
13,1,12
2,0,2
1,0,1
26,2,24
11,4,7
22,8,14
2,12,-10
16,3,13
1,59,-58
1,2,-1
11,0,11
0,0,0
7,0,7
15,0,15
1,0,1
9,2,7
64,51,13
7,4,3
1,0,1
11,0,11
5,2,3
1,0,1
1,0,1
17,0,17
8,12,-4
12,2,10
5,1,4
1,2,-1
2,0,2
4,0,4
7,3,4
8,0,8
1,5,-4
3,1,2
0,0,0
3,0,3
5,1,4
0,0,0
0,0,0
0,1,-1
3,4,-1
10,0,10
5,0,5
0,0,0
33,2,31
7,1,6
6,0,6
10,1,9
1,0,1
9,1,8
15,1,14
4,2,2
3,2,1
0,0,0
32,2,30
16,2,14
4,0,4
0,1,-1
6,0,6
0,0,0
3,0,3
9,4,5
2,2,0
3,0,3
1,0,1
1,0,1
10,0,10
35,0,35
24,27,-3
8,4,4
18,2,16
0,0,0
20,38,-18
20,0,20
0,0,0
0,0,0
40,10,30
3,0,3
3,4,-1
0,0,0
28,6,22
0,0,0
6,10,-4
2,1,1
0,0,0
6,5,1
10,7,3
0,0,0
12,1,11
3,0,3
0,0,0
8,0,8
8,2,6
15,5,10
2,0,2
4,1,3
10,72,-62
2,11,-9
1,1,0
1,0,1
0,3,-3
12,5,7
9,0,9
0,0,0
0,1,-1
4,0,4
14,1,13
29,0,29
12,1,11
1,0,1
6,2,4
0,6,-6
1,0,1
4,4,0
0,2,-2
10,1,9
5,0,5
3,0,3
0,0,0
8,3,5
21,0,21
2,0,2
17,1,16
5,0,5
2,0,2
11,2,9
1,0,1
1,1,0
0,0,0
23,0,23
53,8,45
0,0,0
0,1,-1
2,0,2
3,1,2
0,1,-1
8,2,6
9,0,9
2,0,2
23,0,23
2,10,-8
23,1,22
7,0,7
7,0,7
13,0,13
4,1,3
6,0,6
1,1,0
2,0,2
11,0,11
9,0,9
7,1,6
4,0,4
0,0,0
10,2,8
0,0,0
0,0,0
2,1,1
0,2,-2
0,0,0
0,0,0
8,0,8
2,0,2
12,10,2
7,7,0
11,0,11
5,4,1
5,4,1
0,0,0
0,1,-1
3,0,3
4,2,2
5,0,5
0,0,0
1,4,-3
20,0,20
4,1,3
0,0,0
6,3,3
13,3,10
11,7,4
3,4,-1
9,9,0
7,0,7
0,0,0
25,50,-25
8,0,8
0,0,0
0,0,0
4,1,3
17,40,-23
6,4,2
1,5,-4
0,0,0
8,2,6
0,0,0
23,0,23
0,0,0
5,7,-2
17,21,-4
17,0,17
12,1,11
0,0,0
5,1,4
14,1,13
2,0,2
2,0,2
3,45,-42
1,1,0
13,2,11
5,1,4
5,8,-3
8,0,8
27,0,27
18,2,16
4,1,3
2,1,1
2,0,2
13,13,0
2,6,-4
46,4,42
15,1,14
7,0,7
2,0,2
4,5,-1
0,1,-1
10,7,3
5,1,4
3,5,-2
0,1,-1
3,0,3
0,2,-2
3,0,3
16,4,12
0,0,0
6,4,2
1,0,1
1,2,-1
15,0,15
2,0,2
6,1,5
2,1,1
1,22,-21
6,3,3
10,6,4
0,0,0
0,0,0
5,0,5
2,0,2
10,11,-1
21,45,-24
3,3,0
0,0,0
1,8,-7
2,2,0
6,4,2
1,1,0
5,5,0
3,1,2
27,1,26
5,3,2
52,1,51
3,12,-9
8,2,6
23,1,22
1,0,1
12,45,-33
27,0,27
1,1,0
1,2,-1
6,1,5
0,0,0
2,1,1
2,2,0
1,0,1
6,0,6
2,0,2
3,3,0
0,0,0
2,3,-1
8,7,1
7,8,-1
0,0,0
24,0,24
2,0,2
0,0,0
1,5,-4
0,5,-5
12,0,12
0,0,0
12,1,11
0,0,0
27,1,26
23,1,22
2,1,1
0,1,-1
37,14,23
12,12,0
0,1,-1
0,0,0
21,0,21
6,1,5
1,1,0
1,17,-16
0,0,0
5,0,5
5,0,5
0,0,0
4,0,4
0,0,0
6,2,4
3,9,-6
20,2,18
23,2,21
0,1,-1
2,0,2
4,5,-1
0,0,0
17,0,17
0,0,0
1,0,1
1,0,1
8,2,6
3,0,3
9,1,8
1,0,1
1,0,1
2,0,2
0,0,0
7,0,7
1,1,0
26,1,25
3,2,1
0,0,0
3,2,1
1,0,1
21,8,13
9,5,4
16,0,16
0,0,0
6,2,4
2,5,-3
7,1,6
13,12,1
0,0,0
0,61,-61
1,1,0
1,0,1
7,0,7
4,0,4
2,0,2
11,0,11
41,15,26
15,0,15
10,0,10
10,40,-30
3,0,3
6,26,-20
15,8,7
7,2,5
4,1,3
2,0,2
29,4,25
7,3,4
20,34,-14
1,2,-1
3,0,3
29,1,28
25,0,25
8,11,-3
6,1,5
4,0,4
0,5,-5
0,0,0
1,0,1
1,0,1
58,58,0
2,0,2
18,6,12
2,53,-51
22,0,22
26,3,23
7,4,3
10,1,9
5,5,0
4,0,4
0,0,0
0,8,-8
34,0,34
8,6,2
10,1,9
4,0,4
3,0,3
1,0,1
2,0,2
31,19,12
0,1,-1
8,0,8
1,1,0
0,0,0
0,0,0
0,0,0
3,0,3
0,1,-1
9,0,9
4,0,4
0,0,0
0,1,-1
0,0,0
9,2,7
33,58,-25
15,0,15
1,0,1
12,2,10
9,10,-1
4,0,4
3,0,3
1,3,-2
0,2,-2
40,40,0
0,0,0
0,0,0
0,1,-1
0,3,-3
3,2,1
3,0,3
9,4,5
14,8,6
0,0,0
12,0,12
3,5,-2
14,6,8
5,0,5
0,0,0
0,2,-2
7,0,7
0,0,0
18,0,18
0,0,0
1,1,0
1,1,0
2,0,2
0,0,0
2,4,-2
6,1,5
9,2,7
8,0,8
0,0,0
3,0,3
0,0,0
0,0,0
1,0,1
14,4,10
0,0,0
1,1,0
7,0,7
15,0,15
2,4,-2
2,0,2
3,1,2
18,2,16
7,0,7
2,0,2
8,1,7
0,1,-1
2,2,0
0,0,0
0,1,-1
10,38,-28
1,0,1
0,0,0
4,0,4
0,0,0
3,0,3
17,1,16
0,0,0
0,0,0
3,0,3
7,0,7
31,2,29
0,1,-1
9,0,9
53,2,51
0,0,0
12,5,7
11,2,9
3,5,-2
6,3,3
2,0,2
3,0,3
0,0,0
0,1,-1
6,1,5
0,0,0
0,0,0
7,18,-11
1,1,0
0,2,-2
7,15,-8
0,0,0
7,10,-3
13,4,9
4,0,4
1,10,-9
11,0,11
7,0,7
4,0,4
1,1,0
0,1,-1
1,0,1
0,0,0
0,0,0
1,0,1
1,0,1
1,0,1
15,0,15
23,11,12
1,0,1
33,2,31
4,4,0
1,0,1
1,0,1
7,0,7
39,0,39
0,0,0
0,2,-2
1,0,1
0,0,0
29,1,28
1,0,1
6,3,3
2,8,-6
14,14,0
7,4,3
7,4,3
5,1,4
3,0,3
6,1,5
11,0,11
2,0,2
9,4,5
33,4,29
0,1,-1
4,1,3
0,0,0
2,3,-1
11,0,11
0,4,-4
7,0,7
11,0,11
8,0,8
10,0,10
2,5,-3
0,0,0
2,0,2
2,2,0
1,1,0
9,0,9
0,1,-1
1,0,1
14,2,12
7,1,6
7,1,6
0,0,0
15,0,15
4,4,0
8,3,5
0,1,-1
11,3,8
28,15,13
2,2,0
12,12,0
3,13,-10
6,0,6
1,1,0
0,2,-2
15,0,15
7,5,2
2,0,2
1,0,1
10,0,10
2,0,2
3,0,3
1,8,-7
1,0,1
1,1,0
4,1,3
19,2,17
10,1,9
19,1,18
21,32,-11
0,0,0
0,0,0
0,0,0
5,0,5
3,3,0
21,26,-5
8,0,8
44,1,43
2,4,-2
16,4,12
1,0,1
3,1,2
9,0,9
7,0,7
4,4,0
1,4,-3
9,1,8
0,0,0
7,0,7
16,2,14
0,2,-2
2,4,-2
1,1,0
0,0,0
8,0,8
3,2,1
3,1,2
17,1,16
1,0,1
4,14,-10
1,3,-2
1,2,-1
8,4,4
23,0,23
1,0,1
2,0,2
6,0,6
25,1,24
7,9,-2
8,0,8
0,0,0
11,0,11
32,16,16
4,0,4
0,0,0
4,0,4
4,1,3
24,34,-10
4,2,2
0,0,0
3,0,3
1,0,1
1,0,1
5,4,1
5,4,1
14,0,14
0,0,0
11,1,10
0,12,-12
25,43,-18
1,0,1
4,0,4
13,5,8
15,4,11
9,2,7
5,2,3
4,5,-1
17,7,10
3,1,2
3,0,3
10,3,7
19,1,18
18,30,-12
6,1,5
1,0,1
0,0,0
1,1,0
1,0,1
3,0,3
2,5,-3
10,0,10
13,0,13
9,1,8
39,0,39
2,1,1
1,0,1
0,0,0
8,1,7
4,0,4
0,0,0
4,0,4
9,5,4
0,0,0
14,0,14
2,0,2
9,5,4
15,11,4
4,19,-15
0,0,0
1,1,0
1,0,1
2,1,1
29,17,12
1,7,-6
3,4,-1
8,2,6
4,0,4
28,2,26
5,0,5
2,0,2
0,5,-5
2,0,2
5,8,-3
5,1,4
4,0,4
7,66,-59
3,0,3
5,0,5
31,21,10
9,0,9
18,21,-3
0,0,0
4,0,4
10,1,9
16,2,14
6,0,6
3,0,3
4,0,4
3,1,2
0,0,0
5,0,5
0,0,0
1,0,1
0,0,0
0,0,0
10,1,9
3,1,2
0,0,0
29,21,8
4,4,0
1,5,-4
5,6,-1
4,1,3
14,11,3
1,0,1
2,1,1
4,1,3
4,2,2
0,0,0
6,13,-7
12,2,10
5,12,-7
1,1,0
5,0,5
3,1,2
1,0,1
4,0,4
1,4,-3
10,1,9
4,2,2
2,0,2
12,0,12
0,0,0
3,5,-2
3,4,-1
0,0,0
5,6,-1
2,7,-5
0,0,0
0,0,0
3,2,1
37,37,0
11,0,11
1,0,1
0,4,-4
11,5,6
7,5,2
1,0,1
0,1,-1
1,3,-2
2,1,1
10,5,5
21,6,15
2,1,1
17,1,16
3,0,3
0,1,-1
4,0,4
0,0,0
15,4,11
0,0,0
0,0,0
7,6,1
13,1,12
1,1,0
37,4,33
1,2,-1
10,0,10
3,0,3
0,0,0
1,1,0
2,1,1
0,0,0
8,2,6
8,2,6
5,17,-12
1,0,1
2,1,1
3,1,2
0,0,0
19,21,-2
0,0,0
0,0,0
0,2,-2
20,10,10
15,5,10
0,1,-1
16,2,14
11,22,-11
12,40,-28
6,0,6
12,4,8
7,3,4
2,0,2
1,0,1
0,0,0
5,0,5
20,2,18
16,12,4
34,0,34
0,12,-12
9,1,8
1,3,-2
6,0,6
0,0,0
2,0,2
0,1,-1
2,0,2
3,0,3
6,0,6
1,0,1
2,0,2
0,2,-2
25,1,24
0,0,0
8,0,8
2,5,-3
0,0,0
1,2,-1
1,0,1
14,0,14
12,0,12
0,1,-1
19,2,17
0,0,0
3,1,2
9,0,9
0,0,0
6,2,4
1,0,1
0,1,-1
5,0,5
4,0,4
23,3,20
41,20,21
4,2,2
11,0,11
4,0,4
2,7,-5
17,1,16
0,2,-2
3,4,-1
0,7,-7
6,0,6
12,3,9
0,3,-3
7,11,-4
0,4,-4
0,0,0
11,0,11
1,3,-2
18,0,18
0,0,0
0,1,-1
0,0,0
19,38,-19
5,0,5
2,0,2
2,2,0
1,0,1
4,0,4
0,0,0
0,0,0
3,1,2
0,0,0
7,0,7
45,0,45
2,5,-3
6,0,6
6,4,2
14,0,14
0,6,-6
8,3,5
9,14,-5
1,0,1
0,2,-2
6,2,4
8,4,4
0,0,0
14,0,14
11,22,-11
4,1,3
3,2,1
7,1,6
7,5,2
1,0,1
3,1,2
7,0,7
0,1,-1
5,14,-9
9,0,9
3,18,-15
0,0,0
3,0,3
0,0,0
8,1,7
8,7,1
0,0,0
7,1,6
19,0,19
1,1,0
10,1,9
7,2,5
4,3,1
0,0,0
6,2,4
62,15,47
1,0,1
1,0,1
29,8,21
3,0,3
2,1,1
1,1,0
0,0,0
0,1,-1
36,108,-72
4,5,-1
0,1,-1
15,11,4
0,1,-1
0,0,0
1,0,1
0,0,0
10,2,8
4,0,4
3,2,1
6,1,5
2,0,2
20,11,9
17,1,16
42,1,41
13,1,12
30,0,30
1,1,0
0,0,0
3,0,3
36,19,17
10,3,7
14,2,12
5,2,3
7,0,7
4,0,4
20,1,19
1,0,1
20,6,14
3,5,-2
1,0,1
4,2,2
6,0,6
7,2,5
5,5,0
16,5,11
0,2,-2
7,0,7
2,4,-2
2,1,1
0,0,0
2,0,2
25,2,23
2,0,2
3,7,-4
4,0,4
7,0,7
9,0,9
29,1,28
1,0,1
4,0,4
3,2,1
10,4,6
3,0,3
31,36,-5
13,1,12
0,28,-28
0,0,0
0,0,0
18,15,3
7,0,7
6,0,6
1,2,-1
0,7,-7
0,0,0
1,2,-1
10,6,4
0,0,0
17,1,16
11,0,11
20,1,19
5,0,5
8,0,8
1,0,1
1,9,-8
2,11,-9
7,0,7
32,28,4
4,0,4
6,0,6
11,5,6
2,0,2
14,0,14
3,0,3
7,0,7
1,0,1
9,0,9
2,2,0
13,10,3
8,1,7
1,1,0
29,2,27
2,0,2
2,0,2
1,0,1
0,0,0
15,1,14
14,3,11
0,0,0
1,0,1
0,76,-76
5,0,5
4,1,3
1,0,1
10,1,9
24,0,24
1,9,-8
0,0,0
16,10,6
0,2,-2
0,1,-1
2,0,2
6,0,6
3,1,2
2,0,2
15,3,12
6,0,6
7,0,7
2,0,2
20,4,16
1,0,1
3,1,2
24,0,24
4,2,2
3,0,3
3,0,3
0,0,0
2,2,0
9,8,1
0,0,0
1,2,-1
2,0,2
1,0,1
2,8,-6
6,0,6
20,8,12
10,0,10
5,1,4
3,5,-2
2,1,1
2,0,2
10,0,10
15,2,13
18,1,17
5,0,5
0,5,-5
1,4,-3
0,0,0
1,0,1
0,0,0
2,0,2
0,0,0
6,0,6
3,0,3
18,17,1
1,4,-3
4,3,1
3,0,3
5,0,5
0,0,0
0,1,-1
5,3,2
10,8,2
19,48,-29
5,1,4
0,0,0
0,1,-1
21,0,21
0,0,0
23,4,19
0,0,0
3,0,3
9,71,-62
2,4,-2
0,0,0
3,0,3
0,0,0
1,0,1
7,4,3
26,1,25
8,8,0
21,3,18
20,0,20
6,2,4
6,2,4
46,1,45
0,0,0
2,0,2
19,12,7
1,0,1
5,0,5
20,1,19
0,0,0
4,0,4
8,2,6
4,9,-5
6,1,5
0,0,0
11,10,1
0,2,-2
10,0,10
1,2,-1
0,0,0
0,5,-5
18,2,16
5,2,3
5,5,0
5,0,5
0,0,0
3,0,3
5,8,-3
12,4,8
0,4,-4
0,0,0
3,45,-42
5,0,5
0,2,-2
0,2,-2
1,1,0
8,0,8
0,2,-2
5,0,5
7,0,7
4,0,4
48,0,48
1,0,1
2,0,2
1,0,1
5,1,4
1,5,-4
9,3,6
13,5,8
1,1,0
6,0,6
23,4,19
14,0,14
6,2,4
5,1,4
13,0,13
13,15,-2
4,0,4
9,0,9
3,0,3
1,0,1
7,0,7
21,35,-14
22,1,21
5,3,2
0,0,0
7,0,7
3,1,2
14,0,14
7,2,5
7,0,7
17,5,12
6,4,2
0,0,0
9,1,8
6,0,6
2,67,-65
16,16,0
8,0,8
13,3,10
35,0,35
0,22,-22
1,0,1
3,1,2
1,3,-2
2,0,2
0,0,0
3,0,3
2,0,2
1,0,1
34,15,19
4,0,4
9,0,9
1,0,1
4,5,-1
3,0,3
0,0,0
8,1,7
0,0,0
15,4,11
1,0,1
10,0,10
1,0,1
23,1,22
3,4,-1
18,5,13
26,14,12
5,5,0
3,0,3
22,0,22
13,1,12
0,0,0
10,0,10
12,2,10
2,0,2
22,4,18
14,0,14
5,2,3
6,0,6
20,3,17
16,0,16
0,0,0
8,3,5
10,9,1
13,4,9
14,4,10
0,2,-2
10,7,3
9,0,9
2,2,0
0,2,-2
13,10,3
2,0,2
1,1,0
4,0,4
0,0,0
4,1,3
2,0,2
8,5,3
0,0,0
0,3,-3
0,0,0
37,19,18
24,0,24
7,1,6
3,2,1
13,0,13
3,0,3
17,4,13
1,0,1
23,0,23
3,1,2
8,1,7
1,1,0
5,20,-15
0,0,0
4,0,4
6,34,-28
4,1,3
34,1,33
0,0,0
0,1,-1
46,0,46
0,7,-7
3,1,2
0,0,0
0,0,0
8,0,8
2,1,1
0,0,0
16,19,-3
1,0,1
1,3,-2
2,1,1
21,4,17
8,0,8
1,0,1
3,0,3
5,0,5
1,0,1
1,0,1
3,0,3
5,0,5
0,0,0
14,3,11
7,2,5
19,0,19
6,4,2
6,5,1
1,0,1
26,21,5
7,4,3
15,0,15
1,0,1
0,4,-4
17,2,15
7,1,6
14,2,12
11,1,10
0,0,0
5,3,2
6,0,6
5,0,5
0,0,0
0,0,0
1,0,1
48,1,47
5,5,0
13,0,13
10,1,9
1,0,1
2,7,-5
34,34,0
0,1,-1
0,0,0
5,1,4
6,0,6
16,1,15
6,7,-1
1,10,-9
58,58,0
2,5,-3
31,0,31
14,0,14
0,6,-6
7,1,6
10,0,10
35,1,34
2,0,2
1,4,-3
20,0,20
9,3,6
4,0,4
7,6,1
5,20,-15
79,79,0
6,0,6
2,0,2
3,4,-1
31,4,27
4,2,2
2,2,0
1,0,1
7,0,7
5,1,4
14,0,14
10,1,9
5,1,4
6,2,4
2,1,1
0,1,-1
3,0,3
1,4,-3
3,14,-11
4,0,4
1,0,1
2,0,2
18,4,14
5,0,5
7,1,6
0,0,0
1,0,1
1,0,1
17,0,17
8,45,-37
23,58,-35
1,0,1
4,2,2
0,0,0
7,0,7
5,1,4
2,0,2
17,10,7
0,0,0
16,5,11
3,1,2
0,0,0
0,0,0
7,1,6
14,1,13
12,0,12
17,2,15
2,0,2
0,1,-1
14,1,13
14,10,4
0,0,0
11,2,9
0,2,-2
1,0,1
2,2,0
4,1,3
0,0,0
27,28,-1
5,0,5
2,3,-1
4,5,-1
3,0,3
7,2,5
2,4,-2
27,0,27
2,0,2
0,0,0
0,0,0
9,0,9
2,3,-1
1,0,1
1,0,1
5,0,5
8,1,7
0,0,0
4,4,0
1,1,0
6,1,5
0,0,0
2,1,1
35,1,34
1,1,0
18,0,18
9,0,9
5,0,5
6,6,0
1,1,0
0,0,0
16,1,15
6,0,6
4,0,4
1,0,1
8,0,8
4,3,1
5,2,3
3,2,1
17,20,-3
7,1,6
5,15,-10
12,4,8
1,2,-1
14,1,13
1,1,0
4,0,4
1,2,-1
1,0,1
8,3,5
0,2,-2
18,2,16
9,1,8
2,4,-2
9,5,4
9,8,1
12,0,12
2,0,2
2,1,1
0,1,-1
14,0,14
15,15,0
2,0,2
0,0,0
15,1,14
3,3,0
0,0,0
3,1,2
3,1,2
2,1,1
11,0,11
1,2,-1
3,3,0
5,0,5
7,1,6
21,0,21
7,5,2
0,2,-2
0,0,0
0,7,-7
32,26,6
2,4,-2
2,1,1
4,0,4
2,0,2
16,4,12
21,12,9
3,1,2
3,1,2
1,1,0
1,4,-3
11,0,11
3,0,3
4,1,3
0,5,-5
1,1,0
2,5,-3
1,0,1
1,0,1
28,0,28
0,0,0
9,1,8
4,1,3
4,0,4
1,0,1
0,0,0
2,0,2
25,2,23
21,3,18
2,0,2
3,0,3
1,0,1
4,0,4
8,0,8
0,0,0
3,1,2
0,0,0
22,0,22
17,13,4
13,0,13
0,0,0
6,7,-1
6,2,4
22,11,11
1,0,1
81,81,0
8,1,7
4,5,-1
0,0,0
5,7,-2
33,4,29
0,0,0
0,0,0
3,1,2
34,0,34
1,0,1
6,2,4
11,0,11
0,1,-1
0,1,-1
9,5,4
2,0,2
7,14,-7
3,4,-1
1,1,0
10,1,9
5,0,5
7,2,5
1,2,-1
1,0,1
1,26,-25
15,8,7
16,9,7
5,4,1
0,0,0
0,0,0
5,0,5
0,0,0
8,5,3
1,3,-2
5,1,4
1,0,1
2,0,2
31,0,31
0,2,-2
0,1,-1
0,0,0
5,2,3
0,0,0
2,2,0
1,4,-3
2,1,1
9,0,9
15,0,15
0,0,0
6,0,6
0,2,-2
2,1,1
13,4,9
3,1,2
5,4,1
20,2,18
1,2,-1
7,0,7
2,0,2
14,3,11
0,3,-3
18,1,17
14,1,13
5,1,4
7,3,4
1,2,-1
1,6,-5
9,6,3
13,0,13
2,2,0
0,0,0
1,0,1
19,10,9
22,0,22
6,9,-3
0,0,0
0,0,0
1,0,1
0,0,0
5,1,4
16,0,16
3,2,1
0,0,0
1,0,1
0,0,0
2,1,1
0,1,-1
3,3,0
0,0,0
2,1,1
15,3,12
0,0,0
4,0,4
32,0,32
13,0,13
19,10,9
1,0,1
6,8,-2
0,2,-2
14,21,-7
22,0,22
0,0,0
12,3,9
1,2,-1
4,0,4
21,2,19
9,4,5
2,2,0
0,0,0
1,0,1
2,2,0
11,1,10
4,4,0
5,2,3
0,1,-1
41,0,41
34,0,34
6,0,6
1,0,1
7,10,-3
2,1,1
0,0,0
2,0,2
13,0,13
8,4,4
7,0,7
9,0,9
11,1,10
1,1,0
20,0,20
0,0,0
2,1,1
0,0,0
1,0,1
30,1,29
20,32,-12
4,3,1
0,0,0
0,0,0
3,1,2
3,6,-3
7,20,-13
4,3,1
2,0,2
8,4,4
24,1,23
8,0,8
1,4,-3
0,0,0
0,0,0
0,0,0
2,0,2
5,1,4
1,0,1
1,1,0
0,0,0
14,6,8
0,0,0
0,0,0
11,8,3
1,0,1
25,0,25
1,0,1
4,2,2
4,4,0
2,0,2
1,2,-1
23,1,22
1,3,-2
0,0,0
1,0,1
5,32,-27
0,0,0
0,0,0
0,0,0
0,0,0
8,2,6
2,2,0
5,0,5
0,0,0
2,1,1
5,0,5
1,0,1
8,0,8
17,74,-57
1,0,1
0,0,0
8,5,3
25,51,-26
27,23,4
0,0,0
3,7,-4
3,0,3
5,1,4
2,2,0
0,0,0
7,1,6
1,0,1
1,1,0
20,10,10
2,0,2
8,4,4
0,0,0
1,2,-1
2,4,-2
4,2,2
0,0,0
22,10,12
9,1,8
0,0,0
1,1,0
2,0,2
0,1,-1
12,4,8
1,0,1
7,5,2
1,1,0
26,8,18
12,5,7
17,39,-22
26,3,23
4,0,4
21,0,21
11,3,8
8,6,2
2,2,0
1,9,-8
1,0,1
6,0,6
22,2,20
0,0,0
9,0,9
19,0,19
6,8,-2
0,4,-4
0,0,0
3,0,3
1,0,1
10,14,-4
0,0,0
2,3,-1
7,8,-1
0,0,0
7,0,7
10,4,6
2,2,0
0,0,0
6,1,5
2,4,-2
2,3,-1
4,0,4
19,1,18
12,0,12
4,0,4
11,1,10
7,1,6
11,0,11
0,0,0
0,0,0
10,1,9
3,3,0
0,0,0
0,0,0
8,0,8
1,1,0
27,22,5
4,1,3
3,2,1
15,0,15
7,5,2
0,0,0
1,0,1
0,1,-1
90,0,90
8,11,-3
3,0,3
3,5,-2
7,1,6
1,4,-3
6,20,-14
0,0,0
34,29,5
0,0,0
29,9,20
13,10,3
2,0,2
0,0,0
0,0,0
8,4,4
16,4,12
14,2,12
7,2,5
0,0,0
0,0,0
2,1,1
3,0,3
4,1,3
0,0,0
2,0,2
15,7,8
14,1,13
2,0,2
0,1,-1
6,0,6
6,5,1
4,2,2
8,1,7
5,0,5
1,2,-1
9,1,8
13,0,13
0,0,0
5,5,0
1,0,1
17,12,5
1,0,1
10,0,10
5,0,5
2,0,2
4,0,4
4,2,2
0,2,-2
0,37,-37
5,5,0
3,0,3
4,5,-1
1,2,-1
2,1,1
2,8,-6
8,0,8
1,0,1
2,22,-20
2,0,2
7,1,6
16,1,15
7,0,7
1,0,1
61,61,0
0,1,-1
2,14,-12
2,0,2
14,1,13
0,0,0
3,5,-2
3,1,2
52,0,52
0,74,-74
19,2,17
3,0,3
0,1,-1
5,0,5
2,1,1
37,1,36
0,0,0
0,1,-1
2,0,2
15,5,10
4,4,0
1,1,0
12,4,8
22,0,22
17,2,15
2,0,2
13,0,13
4,0,4
1,0,1
11,8,3
8,1,7
3,2,1
0,0,0
1,0,1
14,0,14
13,5,8
0,0,0
0,0,0
4,29,-25
2,0,2
9,7,2
0,0,0
13,4,9
2,1,1
2,2,0
2,5,-3
31,31,0
0,0,0
7,6,1
0,0,0
0,0,0
23,5,18
13,1,12
3,0,3
21,0,21
1,1,0
20,0,20
15,1,14
5,1,4
0,0,0
6,1,5
5,3,2
3,0,3
0,0,0
2,0,2
24,12,12
1,0,1
9,0,9
28,3,25
30,1,29
1,0,1
11,10,1
0,51,-51
0,0,0
8,4,4
12,18,-6
4,0,4
9,0,9
15,4,11
7,5,2
4,2,2
4,3,1
3,2,1
5,3,2
7,0,7
0,0,0
6,3,3
0,0,0
7,0,7
1,0,1
16,2,14
3,0,3
0,0,0
0,0,0
4,5,-1
4,2,2
4,0,4
1,0,1
2,1,1
7,0,7
0,0,0
25,4,21
0,0,0
2,13,-11
14,0,14
0,0,0
3,0,3
16,2,14
2,1,1
0,0,0
0,0,0
10,1,9
20,3,17
3,0,3
1,5,-4
13,0,13
0,0,0
2,1,1
3,1,2
2,0,2
3,5,-2
4,9,-5
0,0,0
12,0,12
17,6,11
1,0,1
33,13,20
1,0,1
2,0,2
0,1,-1
0,1,-1
1,7,-6
9,4,5
5,0,5
3,4,-1
1,3,-2
27,4,23
1,0,1
2,4,-2
4,2,2
20,0,20
1,0,1
29,0,29
6,0,6
26,2,24
3,0,3
1,4,-3
1,1,0
28,2,26
10,2,8
3,0,3
2,0,2
0,0,0
2,4,-2
1,0,1
3,0,3
0,9,-9
0,0,0
0,0,0
2,0,2
7,4,3
40,0,40
0,0,0
5,5,0
1,7,-6
4,6,-2
7,1,6
7,0,7
21,3,18
8,2,6
12,3,9
3,1,2
4,0,4
2,0,2
17,0,17
0,0,0
0,0,0
0,0,0
14,13,1
10,4,6
3,1,2
1,1,0
9,0,9
1,4,-3
2,0,2
17,3,14
3,0,3
4,7,-3
9,2,7
17,17,0
9,5,4
0,0,0
5,12,-7
1,2,-1
2,0,2
0,0,0
2,0,2
47,9,38
1,2,-1
6,0,6
31,1,30
2,9,-7
1,0,1
1,1,0
3,2,1
37,82,-45
8,1,7
4,4,0
10,13,-3
8,2,6
7,1,6
66,1,65
5,2,3
0,1,-1
1,5,-4
1,3,-2
2,0,2
7,2,5
1,0,1
8,21,-13
0,0,0
13,1,12
4,3,1
11,0,11
51,21,30
14,1,13
3,0,3
14,0,14
6,1,5
0,0,0
1,1,0
4,13,-9
0,0,0
0,0,0
6,1,5
2,1,1
0,10,-10
3,0,3
1,0,1
0,0,0
3,0,3
18,12,6
6,1,5
2,3,-1
18,7,11
0,0,0
0,0,0
2,1,1
0,1,-1
13,0,13
12,0,12
0,2,-2
3,14,-11
0,0,0
6,0,6
6,0,6
13,10,3
1,0,1
15,4,11
11,0,11
2,0,2
2,1,1
6,0,6
6,1,5
13,5,8
0,0,0
0,0,0
1,0,1
6,5,1
22,0,22
9,0,9
5,0,5
11,1,10
11,0,11
0,1,-1
0,0,0
4,1,3
0,1,-1
6,0,6
4,1,3
36,1,35
13,15,-2
12,3,9
0,0,0
0,0,0
9,0,9
10,3,7
6,0,6
4,1,3
0,2,-2
9,0,9
3,2,1
6,7,-1
2,5,-3
5,6,-1
2,0,2
4,0,4
0,2,-2
0,2,-2
6,1,5
3,15,-12
6,3,3
0,0,0
36,0,36
2,0,2
2,0,2
0,0,0
1,3,-2
13,1,12
0,0,0
0,0,0
0,1,-1
0,0,0
0,0,0
5,0,5
9,1,8
2,5,-3
15,2,13
6,4,2
0,0,0
16,0,16
0,3,-3
2,2,0
0,0,0
0,0,0
0,0,0
3,0,3
2,0,2
9,5,4
4,10,-6
2,12,-10
0,1,-1
1,1,0
10,0,10
0,0,0
0,0,0
2,0,2
2,4,-2
25,0,25
10,1,9
0,0,0
6,0,6
1,0,1
0,0,0
3,2,1
1,1,0
0,0,0
3,2,1
4,5,-1
2,1,1
0,2,-2
21,4,17
0,0,0
1,0,1
0,0,0
0,0,0
5,1,4
12,1,11
11,58,-47
3,0,3
1,0,1
6,5,1
0,0,0
0,0,0
27,1,26
16,0,16
3,1,2
8,1,7
0,0,0
3,1,2
25,8,17
2,0,2
5,1,4
11,0,11
1,1,0
0,0,0
2,7,-5
0,0,0
6,0,6
8,2,6
14,1,13
0,1,-1
0,0,0
1,0,1
11,10,1
20,1,19
9,2,7
0,0,0
3,0,3
23,2,21
2,0,2
2,0,2
16,1,15
6,1,5
0,0,0
0,0,0
0,3,-3
19,2,17
0,0,0
14,0,14
2,5,-3
1,0,1
17,10,7
1,5,-4
3,1,2
0,0,0
0,2,-2
0,0,0
2,0,2
12,17,-5
12,0,12
5,6,-1
0,0,0
5,0,5
2,0,2
8,0,8
2,1,1
9,13,-4
3,0,3
2,48,-46
4,0,4
5,4,1
5,5,0
0,3,-3
7,0,7
4,0,4
12,1,11
10,2,8
32,45,-13
28,17,11
5,1,4
6,5,1
6,0,6
0,1,-1
16,1,15
3,4,-1
34,2,32
0,0,0
24,21,3
0,0,0
0,0,0
0,2,-2
6,2,4
3,0,3
15,1,14
0,0,0
34,0,34
18,18,0
10,1,9
39,18,21
3,0,3
2,1,1
8,1,7
6,9,-3
9,8,1
4,5,-1
0,0,0
4,33,-29
1,33,-32
6,1,5
3,0,3
1,4,-3
19,16,3
5,1,4
10,4,6
3,1,2
7,5,2
1,1,0
13,0,13
25,1,24
7,7,0
1,1,0
1,0,1
6,0,6
7,3,4
3,2,1
17,13,4
3,0,3
4,0,4
0,0,0
3,4,-1
6,0,6
6,0,6
3,0,3
15,16,-1
2,0,2
15,1,14
7,9,-2
10,0,10
13,2,11
6,0,6
0,0,0
4,1,3
1,0,1
1,0,1
14,0,14
0,0,0
16,8,8
11,0,11
1,1,0
18,0,18
0,1,-1
0,0,0
12,1,11
4,0,4
3,0,3
0,0,0
17,4,13
3,0,3
11,2,9
0,0,0
1,3,-2
0,0,0
8,1,7
8,4,4
8,26,-18
6,0,6
2,1,1
5,0,5
1,1,0
27,3,24
12,0,12
1,0,1
1,1,0
15,8,7
0,0,0
0,0,0
13,0,13
43,0,43
3,3,0
1,0,1
1,0,1
0,0,0
3,2,1
4,0,4
0,0,0
4,0,4
0,0,0
0,1,-1
2,0,2
14,1,13
2,0,2
0,1,-1
18,1,17
1,34,-33
13,0,13
0,0,0
12,8,4
38,1,37
10,2,8
6,9,-3
3,1,2
20,0,20
0,1,-1
2,0,2
0,0,0
0,0,0
0,0,0
8,2,6
3,0,3
0,0,0
3,3,0
9,1,8
0,0,0
3,0,3
8,0,8
0,0,0
7,0,7
6,1,5
2,0,2
0,0,0
5,1,4
2,1,1
2,0,2
2,0,2
19,0,19
0,5,-5
5,1,4
2,2,0
0,0,0
5,6,-1
4,0,4
5,0,5
0,0,0
0,0,0
7,2,5
6,8,-2
0,0,0
2,0,2
12,1,11
1,0,1
6,9,-3
1,0,1
0,1,-1
1,0,1
42,8,34
8,2,6
4,0,4
0,0,0
0,0,0
6,1,5
1,0,1
9,1,8
0,0,0
0,0,0
5,0,5
0,1,-1
0,0,0
0,0,0
0,0,0
0,0,0
0,0,0
6,0,6
12,2,10
0,0,0
3,6,-3
6,2,4
21,1,20
23,21,2
2,0,2
11,0,11
4,0,4
4,5,-1
15,0,15
2,0,2
10,0,10
0,0,0
0,0,0
2,0,2
5,0,5
13,0,13
4,2,2
6,2,4
12,6,6
21,2,19
0,0,0
20,0,20
12,11,1
29,13,16
1,4,-3
0,0,0
12,0,12
1,1,0
0,0,0
0,0,0
3,0,3
2,1,1
15,0,15
3,5,-2
7,4,3
20,3,17
16,0,16
9,3,6
9,16,-7
24,0,24
0,0,0
0,0,0
18,17,1
6,6,0
0,2,-2
26,1,25
14,0,14
0,0,0
0,1,-1
6,4,2
0,0,0
1,0,1
11,2,9
5,0,5
52,2,50
8,56,-48
0,0,0
0,0,0
19,1,18
2,0,2
2,1,1
4,0,4
1,1,0
9,0,9
0,1,-1
19,0,19
0,0,0
0,1,-1
19,1,18
2,0,2
24,24,0
1,2,-1
1,1,0
3,1,2
0,0,0
1,4,-3
2,0,2
34,34,0
8,0,8
3,2,1
18,0,18
6,6,0
13,4,9
1,1,0
13,6,7
2,1,1
13,2,11
0,0,0
6,6,0
0,0,0
10,10,0
0,0,0
3,2,1
1,0,1
1,0,1
0,2,-2
9,7,2
10,2,8
0,0,0
0,4,-4
19,6,13
5,0,5
0,18,-18
0,0,0
17,1,16
16,12,4
9,8,1
8,0,8
2,1,1
1,0,1
0,21,-21
0,0,0
12,11,1
4,0,4
0,0,0
0,0,0
0,1,-1
9,2,7
5,13,-8
1,1,0
2,0,2
3,1,2
9,0,9
0,4,-4
1,0,1
8,10,-2
5,5,0
0,0,0
5,8,-3
13,0,13
0,0,0
1,1,0
0,6,-6
7,0,7
6,1,5
0,0,0
1,0,1
2,0,2
7,8,-1
13,0,13
4,0,4
1,6,-5
6,1,5
5,0,5
7,0,7
0,0,0
14,14,0
5,0,5
0,9,-9
1,3,-2
56,0,56
5,2,3
4,2,2
4,0,4
33,0,33
3,0,3
0,0,0
7,3,4
1,0,1
9,22,-13
1,0,1
10,3,7
33,5,28
15,0,15
5,0,5
5,2,3
1,0,1
39,34,5
2,0,2
2,0,2
0,0,0
12,3,9
8,6,2
1,1,0
1,1,0
0,0,0
1,0,1
1,0,1
0,3,-3
1,1,0
5,3,2
9,9,0
1,1,0
7,1,6
2,0,2
5,0,5
12,5,7
6,6,0
16,9,7
2,0,2
5,0,5
2,0,2
5,1,4
4,7,-3
0,0,0
0,1,-1
7,2,5
14,0,14
0,0,0
37,4,33
4,5,-1
16,1,15
1,0,1
0,0,0
1,1,0
0,0,0
3,0,3
0,3,-3
7,3,4
1,0,1
17,0,17
14,1,13
2,1,1
11,1,10
1,2,-1
15,0,15
16,0,16
12,2,10
22,1,21
14,1,13
7,0,7
3,0,3
23,5,18
5,2,3
12,10,2
0,6,-6
4,0,4
1,2,-1
6,0,6
5,0,5
0,0,0
5,1,4
0,0,0
5,2,3
16,12,4
3,0,3
15,23,-8
17,13,4
0,0,0
0,0,0
0,0,0
1,0,1
5,0,5
2,3,-1
3,0,3
33,0,33
2,0,2
6,9,-3
0,0,0
3,2,1
18,6,12
6,0,6
0,5,-5
5,5,0
29,0,29
3,0,3
1,0,1
10,1,9
0,0,0
2,1,1
2,1,1
3,4,-1
3,0,3
2,2,0
0,0,0
0,0,0
3,1,2
2,3,-1
11,0,11
12,2,10
8,2,6
20,4,16
9,1,8
1,4,-3
7,0,7
12,5,7
4,0,4
1,2,-1
11,10,1
10,0,10
15,33,-18
0,0,0
12,14,-2
6,2,4
8,1,7
38,14,24
5,1,4
15,2,13
2,1,1
0,8,-8
3,0,3
4,9,-5
9,1,8
1,1,0
1,0,1
4,3,1
4,1,3
3,0,3
8,0,8
0,0,0
0,0,0
2,1,1
6,0,6
3,51,-48
3,0,3
13,8,5
13,0,13
2,1,1
22,0,22
4,0,4
1,0,1
3,1,2
15,4,11
4,3,1
13,4,9
1,0,1
11,14,-3
13,1,12
2,2,0
2,4,-2
0,0,0
3,0,3
4,2,2
2,8,-6
11,1,10
2,1,1
3,3,0
9,4,5
3,0,3
5,10,-5
12,0,12
8,0,8
39,2,37
0,0,0
10,1,9
0,0,0
29,27,2
10,0,10
3,0,3
4,1,3
34,0,34
0,3,-3
3,0,3
7,0,7
6,0,6
3,1,2
0,0,0
0,2,-2
0,0,0
8,7,1
0,6,-6
2,1,1
68,17,51
1,1,0
6,1,5
12,12,0
5,1,4
0,0,0
2,0,2
2,2,0
1,0,1
20,11,9
0,4,-4
7,0,7
13,2,11
9,4,5
0,1,-1
7,2,5
11,4,7
29,4,25
4,7,-3
6,6,0
0,0,0
4,1,3
43,0,43
4,0,4
17,5,12
1,0,1
0,0,0
0,0,0
14,0,14
9,1,8
0,1,-1
14,8,6
12,33,-21
6,1,5
5,2,3
9,3,6
0,0,0
2,1,1
0,0,0
2,0,2
0,1,-1
4,0,4
13,2,11
9,8,1
1,0,1
0,1,-1
16,1,15
7,0,7
6,6,0
0,0,0
4,3,1
10,2,8
9,6,3
1,4,-3
0,0,0
0,0,0
0,0,0
2,0,2
20,11,9
18,19,-1
0,0,0
4,0,4
2,0,2
7,2,5
2,5,-3
0,0,0
10,0,10
1,3,-2
0,0,0
9,0,9
4,0,4
2,0,2
0,0,0
0,0,0
16,11,5
7,34,-27
7,0,7
0,9,-9
6,0,6
4,1,3
0,1,-1
0,0,0
0,0,0
4,0,4
1,1,0
1,0,1
15,8,7
8,7,1
1,2,-1
4,8,-4
37,29,8
3,0,3
3,3,0
3,6,-3
17,4,13
3,0,3
0,0,0
6,3,3
20,0,20
1,0,1
10,0,10
1,2,-1
0,2,-2
9,7,2
1,0,1
3,5,-2
0,0,0
2,2,0
22,5,17
19,5,14
26,2,24
11,0,11
3,2,1
3,0,3
30,1,29
8,3,5
3,0,3
0,2,-2
7,1,6
2,4,-2
17,0,17
1,2,-1
8,5,3
0,2,-2
6,0,6
17,1,16
20,5,15
10,2,8
12,0,12
0,0,0
1,4,-3
0,4,-4
3,0,3
4,0,4
3,1,2
8,6,2
1,0,1
6,0,6
1,5,-4
48,0,48
2,2,0
2,1,1
0,0,0
3,2,1
6,1,5
3,10,-7
0,0,0
10,0,10
0,0,0
5,7,-2
36,5,31
9,2,7
38,9,29
22,4,18
11,5,6
0,0,0
3,1,2
1,0,1
9,0,9
1,1,0
9,2,7
3,3,0
1,0,1
0,0,0
2,0,2
0,0,0
11,4,7
5,1,4
5,5,0
1,0,1
27,2,25
2,0,2
4,2,2
18,2,16
0,0,0
1,0,1
11,1,10
0,0,0
14,0,14
0,1,-1
20,5,15
11,1,10
1,0,1
2,1,1
1,1,0
6,5,1
1,1,0
4,43,-39
4,0,4
3,1,2
5,0,5
0,0,0
2,2,0
1,5,-4
13,13,0
0,0,0
2,2,0
0,0,0
1,1,0
9,1,8
15,8,7
14,1,13
2,1,1
4,0,4
17,0,17
14,0,14
6,3,3
0,0,0
2,5,-3
2,0,2
0,0,0
3,1,2
4,67,-63
0,0,0
0,0,0
10,21,-11
3,0,3
10,17,-7
3,3,0
11,1,10
2,0,2
0,0,0
0,0,0
9,39,-30
13,3,10
3,1,2
0,0,0
0,0,0
2,0,2
6,5,1
2,1,1
3,1,2
9,9,0
3,0,3
0,5,-5
0,0,0
4,1,3
4,5,-1
11,0,11
0,0,0
19,57,-38
7,0,7
9,5,4
21,0,21
4,0,4
5,7,-2
4,0,4
2,1,1
16,0,16
1,4,-3
44,0,44
16,1,15
2,2,0
31,0,31
34,18,16
0,0,0
1,1,0
3,6,-3
0,0,0
6,4,2
6,2,4
1,0,1
7,7,0
1,1,0
0,0,0
19,0,19
3,8,-5
2,1,1
0,0,0
0,0,0
5,1,4
12,0,12
0,2,-2
6,17,-11
15,2,13
13,1,12
2,1,1
17,1,16
15,0,15
9,0,9
0,2,-2
7,0,7
8,0,8
0,0,0
1,2,-1
13,0,13
0,0,0
3,0,3
12,0,12
8,0,8
16,2,14
25,12,13
12,2,10
9,0,9
6,2,4
7,0,7
9,0,9
11,0,11
0,0,0
4,0,4
1,0,1
0,0,0
1,1,0
2,1,1
46,6,40
12,1,11
1,1,0
2,1,1
2,5,-3
2,1,1
39,5,34
1,2,-1
0,0,0
6,2,4
36,15,21
0,20,-20
40,0,40
3,1,2
0,0,0
0,0,0
1,0,1
40,0,40
1,1,0
3,2,1
3,0,3
0,0,0
5,41,-36
0,2,-2
1,1,0
17,0,17
26,1,25
18,1,17
2,1,1
27,1,26
0,0,0
12,4,8
8,7,1
5,4,1
8,0,8
10,1,9
8,0,8
0,0,0
1,0,1
3,0,3
1,0,1
3,0,3
12,0,12
1,2,-1
13,0,13
3,0,3
0,0,0
1,3,-2
5,12,-7
1,0,1
7,0,7
0,0,0
2,1,1
1,1,0
11,9,2
1,0,1
5,0,5
4,0,4
1,12,-11
0,0,0
3,5,-2
1,0,1
8,0,8
10,0,10
5,2,3
26,0,26
1,1,0
0,1,-1
1,0,1
20,0,20
0,0,0
9,2,7
9,2,7
1,1,0
1,1,0
12,4,8
0,0,0
6,0,6
0,2,-2
7,0,7
10,2,8
2,40,-38
1,0,1
4,1,3
10,1,9
9,7,2
7,1,6
5,2,3
1,1,0
6,8,-2
10,12,-2
2,0,2
1,0,1
6,0,6
24,1,23
0,0,0
1,0,1
7,0,7
16,0,16
6,1,5
11,1,10
2,0,2
84,84,0
1,0,1
5,6,-1
20,1,19
0,0,0
0,1,-1
0,0,0
8,0,8
4,34,-30
4,0,4
0,0,0
0,1,-1
8,2,6
10,2,8
32,0,32
15,0,15
3,3,0
3,1,2
0,0,0
6,8,-2
1,0,1
29,2,27
2,4,-2
0,1,-1
0,0,0
7,0,7
44,8,36
0,4,-4
15,0,15
2,1,1
2,0,2
1,0,1
4,1,3
22,1,21
0,0,0
31,13,18
3,0,3
5,3,2
14,4,10
0,0,0
39,5,34
4,1,3
2,0,2
9,3,6
1,0,1
10,1,9
0,0,0
3,1,2
8,0,8
7,3,4
0,0,0
0,0,0
23,36,-13
18,0,18
7,4,3
2,0,2
0,0,0
3,1,2
1,0,1
5,1,4
0,0,0
0,0,0
14,11,3
31,5,26
0,1,-1
4,0,4
1,0,1
1,1,0
1,2,-1
2,0,2
7,0,7
16,3,13
0,1,-1
23,4,19
2,0,2
25,2,23
6,2,4
0,11,-11
0,0,0
37,7,30
1,0,1
6,0,6
6,0,6
0,0,0
1,0,1
7,1,6
2,1,1
0,0,0
4,0,4
6,3,3
0,37,-37
0,0,0
0,3,-3
4,0,4
1,0,1
5,1,4
4,4,0
11,6,5
0,0,0
1,2,-1
1,3,-2
8,6,2
9,1,8
1,1,0
1,2,-1
1,0,1
11,0,11
21,0,21
2,0,2
1,0,1
2,1,1
1,0,1
15,7,8
8,0,8
3,4,-1
6,5,1
13,0,13
12,1,11
0,0,0
1,0,1
0,1,-1
0,0,0
0,0,0
2,0,2
6,1,5
0,0,0
11,8,3
3,5,-2
5,7,-2
0,0,0
4,5,-1
4,0,4
3,0,3
9,1,8
0,2,-2
5,0,5
0,0,0
0,0,0
3,0,3
4,3,1
5,2,3
1,2,-1
3,1,2
0,0,0
2,1,1
61,61,0
15,8,7
1,0,1
7,12,-5
5,2,3
0,0,0
2,1,1
24,10,14
8,0,8
12,6,6
0,0,0
3,0,3
11,4,7
1,0,1
0,1,-1
3,8,-5
7,1,6
2,0,2
1,3,-2
0,7,-7
0,2,-2
0,0,0
3,0,3
3,5,-2
28,0,28
14,0,14
10,6,4
0,0,0
16,0,16
4,5,-1
4,0,4
21,5,16
6,5,1
6,0,6
6,2,4
0,1,-1
3,2,1
3,13,-10
0,5,-5
6,6,0
0,0,0
25,1,24
5,0,5
31,25,6
18,0,18
0,0,0
6,0,6
11,0,11
1,0,1
1,4,-3
6,0,6
0,2,-2
5,5,0
6,1,5
4,2,2
5,2,3
7,1,6
36,0,36
49,0,49
4,3,1
13,13,0
7,1,6
3,4,-1
2,5,-3
27,27,0
1,2,-1
11,0,11
0,44,-44
1,0,1
1,2,-1
9,88,-79
4,0,4
2,0,2
0,0,0
18,1,17
4,0,4
4,4,0
5,1,4
0,2,-2
4,2,2
0,2,-2
1,0,1
2,0,2
10,13,-3
4,2,2
1,0,1
1,0,1
5,2,3
0,0,0
2,4,-2
28,2,26
1,1,0
2,2,0
8,0,8
0,0,0
15,0,15
5,2,3
3,2,1
1,0,1
1,0,1
12,1,11
4,0,4
7,2,5
0,0,0
7,0,7
0,0,0
1,1,0
9,9,0
2,12,-10
0,0,0
4,0,4
3,5,-2
1,0,1
13,0,13
18,0,18
0,1,-1
10,0,10
1,3,-2
1,0,1
3,0,3
0,0,0
11,12,-1
0,8,-8
8,0,8
0,0,0
3,0,3
10,0,10
8,1,7
14,2,12
3,0,3
2,0,2
2,0,2
1,0,1
8,5,3
1,8,-7
0,2,-2
66,66,0
2,3,-1
0,0,0
10,0,10
6,2,4
1,0,1
1,0,1
10,30,-20
3,8,-5
0,0,0
52,0,52
6,0,6
2,1,1
12,1,11
0,2,-2
6,0,6
3,0,3
13,1,12
1,3,-2
1,0,1
16,13,3
2,1,1
8,3,5
11,0,11
1,1,0
3,0,3
32,0,32
7,0,7
0,4,-4
0,0,0
5,8,-3
18,2,16
1,0,1
7,1,6
0,1,-1
5,0,5
4,0,4
1,2,-1
2,0,2
10,10,0
3,1,2
16,2,14
4,0,4
1,2,-1
1,1,0
0,8,-8
2,0,2
0,0,0
2,0,2
1,4,-3
0,0,0
1,22,-21
0,0,0
0,7,-7
9,4,5
2,1,1
3,39,-36
2,0,2
3,3,0
1,0,1
3,0,3
0,5,-5
0,0,0
1,0,1
1,4,-3
1,0,1
0,0,0
1,1,0
3,0,3
9,2,7
24,12,12
2,0,2
4,0,4
28,0,28
15,2,13
1,0,1
2,0,2
2,0,2
3,0,3
3,52,-49
2,1,1
3,1,2
0,51,-51
4,3,1
16,1,15
2,0,2
3,0,3
7,7,0
0,0,0
5,1,4
6,0,6
5,0,5
4,1,3
0,0,0
2,0,2
0,2,-2
0,0,0
11,0,11
4,2,2
2,1,1
17,2,15
25,18,7
2,1,1
47,6,41
0,0,0
2,0,2
2,1,1
5,0,5
36,0,36
12,0,12
0,0,0
4,1,3
36,3,33
1,0,1
8,0,8
3,1,2
8,3,5
4,1,3
3,0,3
7,8,-1
5,0,5
2,1,1
16,13,3
8,2,6
6,4,2
1,0,1
3,0,3
14,1,13
3,0,3
6,2,4
17,0,17
14,55,-41
1,0,1
7,2,5
7,0,7
30,27,3
21,2,19
0,2,-2
2,2,0
24,0,24
9,0,9
0,1,-1
1,0,1
1,1,0
5,3,2
9,0,9
9,1,8
5,0,5
39,0,39
0,1,-1
0,0,0
11,2,9
0,0,0
7,1,6
10,0,10
5,4,1
0,0,0
0,3,-3
8,0,8
2,1,1
0,2,-2
12,0,12
6,0,6
11,2,9
10,6,4
9,1,8
0,1,-1
9,0,9
9,1,8
0,0,0
2,0,2
1,0,1
7,0,7
1,0,1
10,2,8
15,11,4
4,2,2
76,76,0
13,3,10
7,0,7
9,1,8
6,5,1
1,0,1
0,0,0
9,3,6
0,0,0
0,0,0
0,0,0
4,0,4
11,0,11
12,10,2
1,5,-4
3,15,-12
2,0,2
0,0,0
0,13,-13
1,4,-3
14,1,13
0,0,0
0,1,-1
0,0,0
5,1,4
7,1,6
0,1,-1
8,7,1
25,1,24
4,3,1
18,19,-1
4,11,-7
0,0,0
0,0,0
48,0,48
2,20,-18
12,19,-7
20,5,15
25,19,6
1,0,1
0,3,-3
8,0,8
10,1,9
8,5,3
1,0,1
4,1,3
5,0,5
4,0,4
14,0,14
3,1,2
1,1,0
1,1,0
2,0,2
2,6,-4
9,1,8
8,2,6
18,2,16
0,0,0
7,3,4
2,6,-4
3,0,3
8,2,6
5,0,5
1,0,1
1,2,-1
0,0,0
18,2,16
14,34,-20
26,28,-2
0,0,0
4,0,4
8,8,0
0,0,0
0,1,-1
4,0,4
0,0,0
5,1,4
2,0,2
0,0,0
0,0,0
10,1,9
4,1,3
20,38,-18
7,0,7
4,6,-2
14,0,14
9,5,4
10,4,6
1,1,0
9,0,9
13,0,13
8,8,0
5,4,1
4,0,4
21,13,8
21,66,-45
5,1,4
7,2,5
0,0,0
3,2,1
36,0,36
8,0,8
5,0,5
9,2,7
2,1,1
0,13,-13
10,14,-4
0,0,0
3,5,-2
3,5,-2
12,1,11
0,0,0
15,0,15
5,2,3
5,0,5
109,109,0
0,0,0
0,2,-2
5,1,4
6,0,6
0,0,0
7,0,7
0,0,0
0,0,0
0,0,0
3,0,3
3,1,2
0,0,0
0,0,0
6,0,6
30,0,30
3,1,2
4,0,4
2,0,2
24,5,19
9,0,9
11,3,8
1,0,1
3,0,3
22,0,22
16,1,15
13,1,12
2,0,2
2,1,1
5,1,4
25,0,25
0,31,-31
4,2,2
7,1,6
24,1,23
0,0,0
12,22,-10
0,0,0
35,0,35
0,0,0
1,6,-5
5,0,5
37,4,33
4,0,4
0,0,0
11,1,10
10,5,5
4,7,-3
5,0,5
8,4,4
4,0,4
7,0,7
4,22,-18
3,0,3
1,0,1
3,0,3
0,0,0
10,4,6
8,1,7
2,0,2
1,13,-12
0,16,-16
3,0,3
1,0,1
1,0,1
2,2,0
43,1,42
4,2,2
8,2,6
4,4,0
34,4,30
3,4,-1
1,0,1
0,0,0
4,12,-8
0,1,-1
1,1,0
3,2,1
0,0,0
3,0,3
5,0,5
0,2,-2
5,1,4
5,0,5
5,0,5
10,5,5
40,0,40
1,6,-5
1,0,1
5,2,3
16,1,15
10,0,10
3,0,3
3,1,2
2,4,-2
3,1,2
5,1,4
0,0,0
0,0,0
4,0,4
16,52,-36
2,0,2
3,3,0
4,2,2
1,1,0
10,34,-24
12,3,9
0,0,0
1,3,-2
5,0,5
20,1,19
16,0,16
0,0,0
9,2,7
0,1,-1
4,0,4
14,1,13
7,0,7
4,0,4
1,66,-65
1,10,-9
0,0,0
8,0,8
2,2,0
6,0,6
21,21,0
5,1,4
0,1,-1
0,0,0
1,1,0
6,3,3
7,6,1
1,5,-4
5,5,0
9,2,7
2,0,2
12,1,11
1,0,1
0,0,0
7,41,-34
4,3,1
12,0,12
6,0,6
3,4,-1
7,13,-6
9,10,-1
13,14,-1
6,12,-6
4,0,4
10,2,8
3,20,-17
1,0,1
7,13,-6
1,0,1
11,1,10
0,3,-3
1,0,1
15,0,15
5,5,0
11,20,-9
11,0,11
2,5,-3
18,5,13
1,0,1
5,0,5
13,0,13
1,0,1
13,3,10
6,2,4
1,1,0
2,1,1
2,1,1
1,1,0
13,13,0
9,6,3
13,0,13
5,10,-5
19,7,12
1,8,-7
3,0,3
3,6,-3
8,4,4
8,8,0
21,1,20
11,1,10
0,1,-1
15,5,10
3,3,0
3,62,-59
0,0,0
0,0,0
12,0,12
1,1,0
1,0,1
2,0,2
0,1,-1
2,0,2
0,1,-1
0,0,0
0,5,-5
0,0,0
20,0,20
7,1,6
4,3,1
1,0,1
0,0,0
4,0,4
2,0,2
6,3,3
0,4,-4
8,0,8
3,0,3
1,4,-3
0,0,0
9,1,8
6,6,0
0,0,0
0,0,0
3,0,3
0,0,0
6,0,6
15,2,13
2,1,1
2,0,2
17,4,13
24,0,24
1,3,-2
0,0,0
45,7,38
11,0,11
1,1,0
2,1,1
9,3,6
24,20,4
2,1,1
0,0,0
0,0,0
5,0,5
7,1,6
8,0,8
7,0,7
3,9,-6
2,0,2
0,1,-1
0,0,0
14,1,13
0,0,0
25,1,24
10,10,0
1,0,1
0,35,-35
1,0,1
50,50,0
8,0,8
6,0,6
6,0,6
0,0,0
6,10,-4
12,0,12
2,5,-3
7,0,7
17,11,6
0,0,0
3,0,3
9,2,7
7,2,5
0,0,0
12,0,12
15,1,14
2,1,1
10,0,10
2,0,2
5,0,5
7,1,6
4,4,0
13,4,9
5,3,2
16,0,16
10,0,10
0,5,-5
18,0,18
13,55,-42
6,2,4
0,0,0
0,1,-1
7,5,2
5,8,-3
11,2,9
4,3,1
9,2,7
0,0,0
12,0,12
4,0,4
11,6,5
31,62,-31
11,4,7
6,1,5
4,13,-9
1,0,1
1,4,-3
12,0,12
9,0,9
3,0,3
5,0,5
2,17,-15
16,2,14
1,0,1
1,0,1
0,0,0
2,0,2
0,0,0
0,1,-1
3,0,3
13,4,9
0,1,-1
1,0,1
11,0,11
6,0,6
6,4,2
6,0,6
8,2,6
4,1,3
2,4,-2
0,0,0
20,8,12
3,0,3
3,2,1
10,2,8
4,0,4
3,0,3
11,13,-2
0,0,0
0,0,0
10,0,10
5,0,5
27,0,27
0,0,0
9,2,7
0,0,0
22,0,22
34,1,33
10,1,9
4,2,2
4,1,3
4,1,3
29,1,28
12,0,12
13,5,8
12,1,11
4,2,2
1,0,1
3,4,-1
36,1,35
30,55,-25
5,0,5
5,2,3
0,22,-22
4,6,-2
7,0,7
5,0,5
0,0,0
7,2,5
5,1,4
15,27,-12
1,2,-1
0,0,0
1,0,1
43,1,42
1,3,-2
2,0,2
0,0,0
16,2,14
1,0,1
2,4,-2
15,4,11
5,1,4
3,0,3
4,0,4
12,1,11
1,0,1
4,4,0
14,17,-3
0,0,0
12,0,12
24,0,24
0,1,-1
22,14,8
6,6,0
26,6,20
12,5,7
2,0,2
0,0,0
13,0,13
5,5,0
0,0,0
10,5,5
0,0,0
6,0,6
6,1,5
9,10,-1
23,5,18
17,0,17
10,0,10
43,12,31
2,0,2
0,0,0
0,2,-2
24,2,22
6,0,6
10,1,9
3,3,0
4,0,4
5,5,0
8,8,0
0,1,-1
2,1,1
1,3,-2
5,4,1
3,0,3
3,0,3
2,0,2
17,0,17
7,1,6
7,1,6
3,4,-1
0,0,0
99,99,0
6,1,5
9,3,6
5,1,4
0,0,0
34,0,34
18,0,18
3,5,-2
15,4,11
46,4,42
15,1,14
4,2,2
3,1,2
0,0,0
15,5,10
4,1,3
0,2,-2
0,0,0
1,4,-3
18,22,-4
10,7,3
0,0,0
17,9,8
4,0,4
31,4,27
9,1,8
9,4,5
0,0,0
4,0,4
3,0,3
4,1,3
11,0,11
1,1,0
5,3,2
4,5,-1
7,0,7
6,7,-1
20,4,16
3,5,-2
0,2,-2
0,2,-2
12,1,11
40,1,39
7,0,7
17,0,17
0,0,0
6,3,3
1,0,1
5,0,5
14,5,9
3,2,1
3,0,3
2,2,0
3,0,3
15,0,15
9,6,3
0,0,0
0,0,0
11,11,0
0,5,-5
4,2,2
1,0,1
2,0,2
29,0,29
8,52,-44
3,8,-5
13,1,12
23,4,19
1,0,1
17,12,5
2,0,2
4,1,3
3,1,2
11,2,9
22,1,21
2,0,2
4,0,4
6,2,4
3,0,3
6,0,6
4,2,2
0,2,-2
9,0,9
0,0,0
5,1,4
0,5,-5
35,0,35
0,0,0
12,19,-7
10,6,4
0,0,0
3,5,-2
5,0,5
0,0,0
5,0,5
0,0,0
5,1,4
2,0,2
3,2,1
1,0,1
20,1,19
25,18,7
5,2,3
2,6,-4
1,4,-3
2,1,1
11,7,4
0,0,0
11,9,2
16,1,15
5,8,-3
10,0,10
14,17,-3
3,0,3
10,2,8
22,11,11
1,0,1
12,14,-2
0,0,0
5,3,2
2,1,1
0,1,-1
2,2,0
0,0,0
8,0,8
0,1,-1
2,9,-7
4,1,3
15,44,-29
1,0,1
46,0,46
2,20,-18
0,0,0
10,11,-1
4,1,3
0,0,0
13,1,12
0,1,-1
4,2,2
4,0,4
5,0,5
8,2,6
1,1,0
4,50,-46
3,0,3
2,0,2
1,0,1
3,4,-1
2,0,2
23,2,21
6,1,5
4,4,0
7,1,6
5,2,3
1,0,1
3,0,3
16,0,16
17,0,17
0,0,0
1,0,1
0,0,0
10,0,10
2,1,1
5,3,2
38,2,36
0,2,-2
1,2,-1
9,2,7
0,0,0
5,0,5
6,0,6
3,8,-5
0,0,0
4,1,3
6,2,4
4,0,4
0,0,0
4,5,-1
5,0,5
1,0,1
0,0,0
7,0,7
1,0,1
4,0,4
5,4,1
3,0,3
10,3,7
3,6,-3
1,1,0
1,0,1
3,0,3
13,0,13
1,1,0
6,3,3
5,0,5
2,0,2
5,0,5
9,4,5
9,0,9
1,2,-1
0,0,0
1,0,1
0,0,0
1,1,0
0,0,0
13,2,11
10,0,10
34,0,34
23,0,23
9,0,9
6,1,5
0,0,0
15,13,2
2,3,-1
13,5,8
1,0,1
10,1,9
30,0,30
53,0,53
19,6,13
5,0,5
5,1,4
2,2,0
8,6,2
28,0,28
5,0,5
70,32,38
6,1,5
5,0,5
5,1,4
15,0,15
2,2,0
0,0,0
3,6,-3
2,0,2
0,0,0
10,17,-7
0,0,0
3,1,2
0,0,0
0,0,0
18,0,18
3,2,1
14,1,13
8,2,6
0,0,0
2,0,2
4,2,2
11,0,11
3,7,-4
5,2,3
7,0,7
14,44,-30
0,0,0
0,2,-2
0,0,0
13,4,9
2,2,0
7,2,5
5,6,-1
1,1,0
8,2,6
13,0,13
4,0,4
0,0,0
6,10,-4
16,5,11
1,0,1
0,0,0
6,5,1
14,2,12
5,17,-12
24,1,23
4,1,3
10,0,10
0,4,-4
34,0,34
0,0,0
38,9,29
4,0,4
25,0,25
1,1,0
4,0,4
0,3,-3
4,0,4
1,1,0
2,0,2
12,10,2
3,1,2
2,0,2
0,1,-1
4,1,3
20,2,18
3,0,3
1,1,0
2,5,-3
0,0,0
1,0,1
2,1,1
1,0,1
2,3,-1
0,0,0
4,2,2
0,0,0
12,1,11
4,1,3
0,0,0
8,0,8
6,0,6
0,0,0
2,2,0
3,12,-9
16,1,15
2,0,2
2,0,2
2,0,2
0,0,0
1,0,1
18,4,14
2,1,1
0,0,0
7,0,7
1,0,1
3,4,-1
3,0,3
0,0,0
3,17,-14
1,0,1
10,5,5
12,3,9
75,4,71
15,9,6
2,1,1
6,0,6
6,0,6
4,13,-9
34,1,33
15,4,11
3,0,3
1,1,0
2,2,0
15,12,3
13,0,13
18,1,17
13,8,5
3,0,3
20,1,19
2,0,2
0,1,-1
12,0,12
9,0,9
9,2,7
31,36,-5
1,1,0
0,0,0
3,0,3
2,1,1
0,7,-7
5,2,3
9,5,4
24,0,24
0,4,-4
1,0,1
3,0,3
21,0,21
12,2,10
11,0,11
11,1,10
0,2,-2
19,1,18
7,2,5
5,1,4
0,13,-13
35,0,35
10,2,8
8,4,4
3,0,3
0,0,0
4,4,0
11,4,7
2,0,2
22,5,17
0,2,-2
0,0,0
5,13,-8
2,5,-3
5,2,3
0,0,0
7,1,6
2,1,1
28,0,28
0,2,-2
2,0,2
0,1,-1
4,1,3
3,8,-5
18,0,18
4,3,1
0,0,0
23,1,22
16,4,12
9,1,8
6,2,4
3,0,3
10,0,10
6,0,6
8,1,7
0,0,0
4,1,3
3,0,3
11,0,11
6,1,5
11,3,8
2,0,2
3,0,3
5,2,3
5,1,4
7,2,5
0,0,0
4,0,4
0,5,-5
0,0,0
24,0,24
0,71,-71
2,0,2
7,0,7
7,4,3
0,0,0
6,0,6
3,0,3
1,3,-2
6,0,6
11,0,11
10,0,10
1,2,-1
10,1,9
9,5,4
0,0,0
9,10,-1
0,0,0
4,2,2
0,2,-2
1,0,1
0,0,0
8,0,8
8,0,8
8,4,4
10,1,9
1,0,1
1,5,-4
5,10,-5
0,4,-4
0,0,0
4,0,4
23,3,20
2,0,2
2,0,2
71,0,71
0,1,-1
0,4,-4
1,0,1
2,1,1
0,0,0
0,0,0
0,0,0
1,3,-2
2,0,2
16,0,16
3,0,3
7,17,-10
14,15,-1
10,0,10
5,1,4
9,0,9
2,2,0
2,0,2
0,1,-1
23,0,23
7,18,-11
0,2,-2
1,0,1
7,0,7
0,2,-2
0,0,0
2,0,2
3,10,-7
9,4,5
7,0,7
0,0,0
9,0,9
3,1,2
0,0,0
5,5,0
21,1,20
0,0,0
0,0,0
3,0,3
3,8,-5
5,0,5
25,2,23
0,0,0
0,0,0
6,1,5
14,47,-33
5,1,4
27,0,27
15,8,7
2,0,2
3,2,1
24,2,22
0,0,0
29,4,25
3,2,1
0,0,0
5,2,3
17,0,17
10,2,8
0,0,0
2,0,2
2,1,1
6,6,0
0,0,0
5,0,5
1,1,0
0,0,0
27,15,12
3,2,1
1,0,1
3,0,3
4,2,2
3,1,2
5,2,3
3,1,2
13,2,11
11,8,3
19,1,18
0,2,-2
11,0,11
1,0,1
7,6,1
18,0,18
10,10,0
0,0,0
17,0,17
5,0,5
1,0,1
1,3,-2
0,0,0
20,29,-9
18,0,18
7,5,2
2,0,2
8,2,6
2,0,2
5,13,-8
8,1,7
13,4,9
14,54,-40
24,1,23
5,0,5
5,8,-3
11,0,11
2,0,2
9,7,2
6,0,6
0,1,-1
3,0,3
0,0,0
11,4,7
2,2,0
11,0,11
13,1,12
1,0,1
8,7,1
7,13,-6
6,1,5
16,18,-2
23,0,23
0,0,0
1,2,-1
4,2,2
12,0,12
5,1,4
2,2,0
0,0,0
5,0,5
30,9,21
0,0,0
5,0,5
42,0,42
6,0,6
0,0,0
19,0,19
8,0,8
1,1,0
6,5,1
6,0,6
3,1,2
10,20,-10
0,0,0
10,2,8
1,2,-1
4,0,4
8,1,7
0,0,0
0,5,-5
5,0,5
2,0,2
13,1,12
0,24,-24
24,0,24
11,2,9
2,4,-2
8,1,7
7,1,6
33,32,1
9,0,9
6,6,0
2,1,1
0,2,-2
1,1,0
0,0,0
1,0,1
0,0,0
3,1,2
1,1,0
4,0,4
1,0,1
1,0,1
19,0,19
8,0,8
0,0,0
0,0,0
9,8,1
7,8,-1
2,0,2
5,0,5
0,1,-1
1,4,-3
23,5,18
4,1,3
11,13,-2
1,0,1
5,0,5
6,2,4
3,0,3
2,0,2
17,0,17
4,0,4
4,5,-1
19,0,19
5,17,-12
18,3,15
23,0,23
7,22,-15
0,0,0
4,1,3
31,1,30
7,5,2
2,1,1
23,3,20
20,5,15
5,0,5
5,0,5
10,13,-3
3,1,2
8,4,4
0,0,0
7,1,6
10,0,10
0,0,0
4,0,4
7,8,-1
27,0,27
21,3,18
0,0,0
9,2,7
5,4,1
7,5,2
0,6,-6
9,0,9
4,0,4
1,2,-1
0,0,0
2,0,2
0,7,-7
1,0,1
23,0,23
0,3,-3
8,2,6
20,14,6
3,2,1
0,0,0
10,2,8
4,0,4
1,5,-4
1,0,1
0,2,-2
13,2,11
9,3,6
2,0,2
0,0,0
0,0,0
0,0,0
3,1,2
3,1,2
3,0,3
31,0,31
0,3,-3
15,0,15
0,33,-33
12,0,12
1,0,1
0,0,0
0,0,0
0,0,0
0,0,0
0,0,0
0,0,0
1,0,1
5,1,4
7,10,-3
7,12,-5
4,5,-1
0,0,0
0,0,0
1,0,1
12,1,11
0,0,0
1,77,-76
1,1,0
10,0,10
18,11,7
5,0,5
2,10,-8
0,0,0
5,0,5
1,0,1
11,6,5
1,1,0
11,4,7
6,2,4
5,1,4
5,2,3
3,4,-1
0,0,0
0,1,-1
4,0,4
20,0,20
23,1,22
7,13,-6
1,0,1
6,0,6
2,0,2
0,1,-1
4,0,4
4,3,1
8,2,6
8,0,8
0,2,-2
1,5,-4
14,1,13
5,4,1
1,0,1
6,6,0
0,0,0
7,0,7
12,37,-25
1,0,1
5,0,5
7,1,6
0,0,0
0,0,0
0,0,0
2,5,-3
5,1,4
15,0,15
9,2,7
1,17,-16
16,0,16
2,0,2
4,0,4
5,0,5
0,0,0
0,3,-3
4,1,3
10,2,8
9,6,3
10,8,2
2,6,-4
40,0,40
2,2,0
3,1,2
15,0,15
4,0,4
1,0,1
30,0,30
2,0,2
7,1,6
0,1,-1
15,6,9
7,0,7
1,2,-1
1,0,1
3,2,1
0,0,0
1,0,1
34,34,0
13,5,8
11,1,10
3,0,3
1,0,1
2,0,2
5,3,2
1,0,1
4,0,4
2,1,1
4,1,3
13,0,13
21,8,13
6,0,6
1,0,1
1,1,0
0,1,-1
3,0,3
0,0,0
10,5,5
5,1,4
13,1,12
0,0,0
7,0,7
4,0,4
3,5,-2
4,0,4
16,1,15
2,0,2
2,0,2
1,2,-1
12,15,-3
3,1,2
0,1,-1
30,4,26
33,1,32
0,0,0
20,3,17
4,0,4
1,0,1
8,8,0
15,23,-8
19,0,19
9,2,7
7,3,4
3,2,1
3,0,3
11,0,11
0,0,0
1,0,1
0,1,-1
1,1,0
0,0,0
6,5,1
4,0,4
1,0,1
9,0,9
1,1,0
0,0,0
2,0,2
32,1,31
11,1,10
0,0,0
2,1,1
5,5,0
0,0,0
2,4,-2
13,3,10
9,1,8
0,0,0
11,2,9
24,0,24
13,1,12
0,0,0
9,1,8
0,0,0
1,0,1
18,0,18
2,2,0
14,1,13
2,0,2
1,0,1
2,42,-40
5,0,5
0,0,0
24,0,24
5,3,2
8,2,6
7,2,5
5,0,5
3,0,3
4,29,-25
27,5,22
0,0,0
9,0,9
0,0,0
1,1,0
1,6,-5
7,2,5
7,1,6
4,8,-4
24,0,24
6,2,4
0,0,0
1,0,1
10,6,4
2,0,2
0,0,0
1,0,1
16,8,8
22,0,22
2,0,2
15,0,15
17,1,16
17,2,15
7,7,0
0,1,-1
16,3,13
1,0,1
14,1,13
2,3,-1
6,1,5
1,0,1
37,34,3
1,5,-4
5,2,3
0,0,0
5,1,4
0,0,0
6,9,-3
18,1,17
1,0,1
22,3,19
1,11,-10
7,0,7
0,0,0
34,1,33
8,0,8
2,0,2
2,0,2
8,5,3
1,1,0
1,20,-19
3,1,2
27,6,21
1,0,1
1,0,1
4,7,-3
17,1,16
0,0,0
8,2,6
3,0,3
0,1,-1
1,0,1
7,4,3
16,0,16
6,1,5
0,0,0
35,8,27
1,0,1
4,0,4
17,2,15
0,0,0
1,0,1
0,0,0
4,0,4
6,2,4
7,0,7
3,0,3
5,0,5
2,1,1
9,5,4
4,0,4
3,7,-4
4,0,4
7,0,7
0,0,0
25,1,24
0,0,0
0,0,0
17,8,9
15,8,7
7,4,3
19,0,19
1,0,1
63,55,8
1,0,1
3,3,0
5,2,3
0,5,-5
12,61,-49
1,4,-3
8,0,8
0,0,0
12,0,12
5,0,5
3,3,0
4,1,3
1,0,1
5,0,5
4,1,3
14,1,13
3,0,3
44,0,44
6,0,6
0,0,0
8,6,2
0,1,-1
0,1,-1
2,0,2
3,1,2
2,1,1
4,3,1
4,1,3
5,5,0
2,0,2
30,30,0
20,1,19
8,0,8
4,0,4
22,0,22
0,0,0
0,0,0
6,2,4
2,0,2
3,0,3
0,0,0
8,4,4
3,0,3
9,9,0
0,0,0
0,1,-1
3,0,3
2,2,0
7,1,6
0,0,0
2,0,2
0,0,0
11,0,11
3,1,2
0,1,-1
3,7,-4
3,5,-2
20,13,7
1,2,-1
6,0,6
0,1,-1
1,4,-3
0,0,0
4,0,4
0,0,0
5,0,5
15,1,14
2,0,2
3,4,-1
5,2,3
9,7,2
1,0,1
4,3,1
8,0,8
4,0,4
0,0,0
100,100,0
10,1,9
1,0,1
7,2,5
4,1,3
15,43,-28
5,2,3
2,4,-2
3,0,3
0,0,0
8,0,8
2,2,0
11,0,11
5,0,5
9,0,9
0,0,0
4,0,4
0,0,0
9,1,8
13,3,10
3,42,-39
28,0,28
43,2,41
6,1,5
4,1,3
2,1,1
6,2,4
10,0,10
1,0,1
2,8,-6
16,6,10
20,1,19
0,0,0
6,0,6
3,0,3
2,4,-2
1,0,1
10,10,0
3,1,2
4,0,4
23,1,22
6,2,4
2,8,-6
17,2,15
6,1,5
3,0,3
2,2,0
0,3,-3
7,0,7
2,1,1
4,0,4
4,1,3
3,6,-3
9,2,7
0,0,0
22,2,20
3,1,2
9,0,9
4,1,3
14,3,11
10,34,-24
0,0,0
8,2,6
0,0,0
3,1,2
12,2,10
19,13,6
10,0,10
5,1,4
0,0,0
1,1,0
2,2,0
1,2,-1
1,0,1
2,0,2
1,1,0
1,0,1
12,0,12
12,0,12
2,1,1
3,11,-8
7,5,2
7,0,7
27,1,26
5,3,2
11,2,9
2,0,2
5,2,3
9,14,-5
0,0,0
1,1,0
13,0,13
4,0,4
0,0,0
5,1,4
1,2,-1
13,0,13
13,1,12
18,0,18
2,0,2
1,5,-4
9,0,9
3,0,3
1,8,-7
34,4,30
35,0,35
7,0,7
6,0,6
33,2,31
2,0,2
1,2,-1
7,20,-13
0,4,-4
1,1,0
1,0,1
1,1,0
3,0,3
0,0,0
3,5,-2
4,0,4
4,4,0
25,2,23
13,2,11
3,5,-2
1,1,0
2,5,-3
0,1,-1
3,3,0
11,2,9
5,11,-6
8,2,6
0,0,0
29,0,29
20,10,10
5,0,5
2,3,-1
1,0,1
5,3,2
6,0,6
2,7,-5
1,0,1
3,4,-1
9,0,9
48,4,44
7,1,6
4,0,4
3,0,3
7,0,7
0,3,-3
26,0,26
2,0,2
2,1,1
0,0,0
0,0,0
6,0,6
3,0,3
6,1,5
0,0,0
2,2,0
16,72,-56
2,0,2
2,0,2
11,2,9
18,5,13
2,6,-4
4,5,-1
13,0,13
1,1,0
1,0,1
64,73,-9
1,0,1
12,4,8
2,0,2
1,0,1
31,0,31
1,1,0
7,0,7
26,8,18
8,1,7
0,0,0
4,0,4
5,2,3
0,21,-21
0,0,0
4,4,0
1,0,1
4,0,4
8,8,0
0,0,0
1,1,0
7,0,7
9,8,1
3,5,-2
14,0,14
0,1,-1
9,10,-1
11,1,10
3,4,-1
3,1,2
5,7,-2
1,1,0
0,1,-1
0,0,0
13,7,6
13,5,8
2,0,2
1,0,1
2,0,2
0,0,0
0,5,-5
6,1,5
1,1,0
18,8,10
8,1,7
11,1,10
2,0,2
2,5,-3
0,1,-1
1,0,1
42,1,41
0,0,0
10,0,10
5,0,5
1,0,1
3,1,2
6,5,1
1,0,1
0,0,0
5,0,5
11,1,10
1,1,0
2,7,-5
2,4,-2
5,0,5
2,0,2
4,1,3
37,17,20
2,4,-2
0,2,-2
5,0,5
5,11,-6
0,2,-2
11,5,6
35,34,1
0,0,0
6,1,5
6,11,-5
19,14,5
0,1,-1
1,10,-9
0,0,0
2,0,2
55,38,17
0,0,0
14,0,14
2,1,1
0,2,-2
3,1,2
6,2,4
9,0,9
1,0,1
5,2,3
5,6,-1
16,13,3
8,2,6
1,1,0
4,0,4
1,3,-2
5,1,4
1,0,1
2,0,2
1,2,-1
2,0,2
12,0,12
18,4,14
0,0,0
1,0,1
2,4,-2
2,0,2
0,0,0
1,3,-2
5,0,5
0,0,0
1,0,1
1,1,0
1,0,1
12,1,11
14,0,14
5,6,-1
3,3,0
3,1,2
25,14,11
3,1,2
5,0,5
1,0,1
1,1,0
13,0,13
4,1,3
4,1,3
1,0,1
5,1,4
17,0,17
16,1,15
12,12,0
10,4,6
0,0,0
0,2,-2
25,29,-4
2,1,1
8,0,8
11,2,9
1,0,1
1,1,0
2,0,2
5,2,3
2,6,-4
12,0,12
6,1,5
1,0,1
7,1,6
10,0,10
14,42,-28
1,1,0
3,0,3
0,0,0
0,0,0
4,0,4
20,2,18
1,0,1
0,0,0
2,0,2
34,18,16
14,3,11
0,0,0
15,0,15
8,0,8
15,0,15
18,1,17
1,0,1
1,0,1
9,7,2
5,0,5
0,0,0
0,0,0
3,2,1
1,0,1
0,2,-2
0,2,-2
1,0,1
15,0,15
0,0,0
11,0,11
4,10,-6
1,5,-4
10,0,10
6,1,5
14,0,14
0,0,0
1,0,1
2,0,2
23,0,23
17,23,-6
0,0,0
9,71,-62
12,0,12
17,1,16
1,0,1
2,3,-1
8,2,6
2,0,2
4,1,3
1,2,-1
2,0,2
36,10,26
42,0,42
0,0,0
15,2,13
1,0,1
2,0,2
0,0,0
7,1,6
16,12,4
0,1,-1
22,1,21
20,2,18
1,0,1
0,0,0
1,0,1
25,2,23
10,7,3
2,0,2
0,0,0
0,0,0
1,0,1
3,0,3
6,3,3
0,1,-1
5,11,-6
0,14,-14
0,0,0
33,1,32
15,5,10
0,1,-1
2,0,2
0,2,-2
8,1,7
5,1,4
23,0,23
0,0,0
1,0,1
0,2,-2
11,8,3
3,21,-18
0,0,0
33,0,33
1,1,0
1,0,1
5,2,3
3,0,3
2,0,2
7,0,7
0,4,-4
7,36,-29
1,1,0
1,0,1
1,0,1
1,0,1
6,0,6
36,3,33
0,0,0
0,0,0
0,0,0
1,3,-2
4,1,3
0,1,-1
28,8,20
0,0,0
1,9,-8
15,0,15
7,5,2
23,24,-1
3,2,1
4,0,4
1,0,1
10,0,10
8,0,8
4,2,2
2,2,0
1,1,0
12,0,12
40,1,39
2,1,1
0,0,0
11,0,11
0,0,0
12,6,6
16,3,13
2,1,1
17,0,17
2,0,2
0,0,0
14,0,14
0,0,0
1,0,1
2,29,-27
38,0,38
4,1,3
0,0,0
8,2,6
3,0,3
1,0,1
3,3,0
0,0,0
54,0,54
13,23,-10
19,2,17
4,0,4
5,1,4
6,1,5
10,3,7
5,1,4
6,5,1
0,0,0
9,4,5
3,0,3
0,0,0
3,0,3
3,0,3
0,0,0
14,21,-7
0,0,0
10,2,8
0,5,-5
5,12,-7
9,2,7
5,15,-10
8,2,6
7,1,6
1,1,0
3,0,3
3,0,3
20,0,20
0,1,-1
1,0,1
7,5,2
16,0,16
1,0,1
1,0,1
2,9,-7
1,0,1
11,1,10
7,0,7
5,10,-5
4,2,2
2,1,1
0,0,0
0,10,-10
6,7,-1
9,0,9
0,0,0
2,5,-3
0,0,0
8,0,8
0,2,-2
11,0,11
0,0,0
6,1,5
14,1,13
0,1,-1
20,20,0
5,2,3
29,3,26
1,2,-1
0,0,0
0,0,0
2,0,2
7,4,3
6,0,6
7,0,7
0,0,0
23,1,22
23,0,23
3,3,0
0,0,0
3,1,2
3,0,3
2,0,2
26,3,23
2,5,-3
0,0,0
7,0,7
6,0,6
0,0,0
3,0,3
33,43,-10
27,43,-16
3,1,2
6,0,6
24,8,16
8,0,8
2,0,2
9,1,8
0,0,0
40,1,39
8,3,5
1,2,-1
19,10,9
5,0,5
38,4,34
2,4,-2
8,0,8
0,0,0
2,0,2
1,2,-1
7,1,6
0,0,0
0,0,0
6,9,-3
8,1,7
4,1,3
1,3,-2
3,5,-2
12,1,11
6,0,6
3,1,2
0,0,0
7,2,5
0,0,0
25,19,6
31,0,31
9,8,1
12,1,11
0,0,0
1,0,1
1,0,1
6,2,4
15,2,13
0,1,-1
0,0,0
1,2,-1
12,0,12
4,1,3
26,0,26
17,6,11
9,12,-3
1,0,1
6,1,5
10,2,8
0,0,0
2,1,1
5,0,5
3,0,3
8,5,3
3,0,3
5,2,3
1,2,-1
16,4,12
2,1,1
0,0,0
16,4,12
24,27,-3
0,0,0
16,0,16
16,1,15
1,0,1
3,3,0
8,40,-32
7,9,-2
0,0,0
20,0,20
0,0,0
0,0,0
0,0,0
1,1,0
0,0,0
1,0,1
4,2,2
12,1,11
3,0,3
1,0,1
5,5,0
4,2,2
4,1,3
17,0,17
7,2,5
1,0,1
2,0,2
4,4,0
9,1,8
20,4,16
4,0,4
8,0,8
19,3,16
3,2,1
31,0,31
0,4,-4
1,2,-1
0,0,0
15,0,15
11,0,11
0,5,-5
1,0,1
10,5,5
17,1,16
5,0,5
3,4,-1
2,0,2
6,2,4
3,0,3
13,2,11
3,2,1
10,0,10
2,0,2
1,0,1
0,0,0
1,2,-1
3,0,3
0,0,0
0,0,0
6,2,4
2,1,1
2,0,2
6,0,6
1,0,1
20,0,20
0,0,0
3,0,3
0,0,0
2,1,1
1,1,0
1,0,1
2,1,1
2,0,2
10,0,10
6,4,2
4,1,3
5,0,5
0,0,0
4,1,3
0,0,0
1,0,1
8,2,6
0,0,0
13,0,13
5,0,5
0,0,0
1,8,-7
1,1,0
5,0,5
8,0,8
4,0,4
6,5,1
22,22,0
1,1,0
0,0,0
0,1,-1
0,0,0
8,2,6
1,0,1
0,0,0
1,0,1
7,0,7
26,0,26
5,0,5
4,0,4
6,50,-44
15,0,15
3,2,1
18,0,18
5,2,3
1,0,1
3,1,2
0,0,0
26,1,25
0,0,0
0,1,-1
2,6,-4
4,3,1
0,3,-3
25,0,25
0,5,-5
3,0,3
0,0,0
0,0,0
2,1,1
3,0,3
16,0,16
5,2,3
3,0,3
1,1,0
2,5,-3
14,4,10
19,29,-10
5,0,5
10,8,2
0,1,-1
3,6,-3
0,0,0
4,0,4
2,0,2
3,1,2
11,8,3
25,2,23
53,0,53
0,0,0
53,2,51
15,5,10
12,1,11
8,3,5
2,0,2
1,1,0
5,3,2
2,2,0
6,0,6
10,1,9
0,5,-5
0,0,0
84,84,0
2,0,2
8,0,8
1,3,-2
0,0,0
5,0,5
1,2,-1
0,0,0
11,35,-24
9,8,1
3,0,3
1,1,0
2,0,2
0,0,0
14,17,-3
14,0,14
1,0,1
4,0,4
7,1,6
0,0,0
5,0,5
1,0,1
2,0,2
17,2,15
14,9,5
2,0,2
1,1,0
0,0,0
0,2,-2
12,1,11
2,0,2
53,53,0
9,4,5
6,1,5
0,1,-1
11,0,11
0,1,-1
6,0,6
27,5,22
4,1,3
14,0,14
42,4,38
3,0,3
20,5,15
3,1,2
0,0,0
12,6,6
5,0,5
4,6,-2
6,2,4
1,0,1
8,8,0
3,0,3
1,0,1
1,1,0
3,1,2
0,0,0
7,0,7
5,1,4
0,0,0
10,1,9
6,0,6
0,0,0
6,20,-14
6,0,6
3,1,2
2,0,2
4,4,0
4,0,4
8,0,8
10,5,5
2,0,2
19,0,19
5,6,-1
40,69,-29
2,0,2
4,1,3
39,0,39
19,0,19
3,0,3
0,2,-2
1,5,-4
1,5,-4
1,5,-4
10,1,9
4,0,4
15,0,15
3,12,-9
15,12,3
1,0,1
0,2,-2
0,0,0
6,0,6
0,0,0
0,0,0
10,0,10
5,8,-3
1,0,1
2,0,2
4,6,-2
1,0,1
0,2,-2
4,1,3
11,1,10
1,1,0
2,0,2
0,4,-4
2,5,-3
2,0,2
18,3,15
4,0,4
0,0,0
1,0,1
1,2,-1
3,0,3
0,0,0
0,0,0
12,4,8
3,1,2
13,4,9
31,2,29
0,6,-6
2,0,2
0,0,0
4,2,2
9,0,9
4,2,2
8,1,7
7,2,5
3,2,1
2,0,2
9,2,7
2,0,2
7,4,3
14,3,11
25,4,21
1,0,1
0,0,0
1,0,1
1,1,0
3,0,3
0,1,-1
7,14,-7
1,1,0
0,2,-2
2,0,2
5,0,5
0,1,-1
13,0,13
5,5,0
1,0,1
3,1,2
3,4,-1
7,0,7
4,0,4
0,4,-4
7,1,6
0,1,-1
6,4,2
4,0,4
1,1,0
10,0,10
0,1,-1
0,0,0
1,0,1
4,4,0
6,5,1
4,1,3
4,7,-3
2,2,0
2,0,2
5,0,5
1,0,1
3,0,3
8,6,2
0,0,0
4,2,2
18,12,6
5,5,0
3,1,2
17,2,15
13,0,13
7,5,2
3,0,3
3,1,2
0,0,0
14,0,14
0,0,0
0,19,-19
6,0,6
0,0,0
17,1,16
4,0,4
12,0,12
12,3,9
0,0,0
1,0,1
16,8,8
11,1,10
16,0,16
0,2,-2
2,1,1
0,1,-1
10,0,10
26,0,26
0,0,0
6,0,6
1,2,-1
0,2,-2
0,0,0
0,0,0
3,0,3
2,1,1
3,0,3
10,0,10
4,2,2
8,0,8
16,4,12
4,0,4
10,5,5
3,0,3
0,1,-1
6,1,5
5,2,3
4,10,-6
7,1,6
2,1,1
8,4,4
1,1,0
6,0,6
1,3,-2
1,0,1
0,8,-8
0,0,0
2,0,2
1,0,1
1,1,0
1,0,1
9,0,9
13,13,0
1,0,1
6,2,4
0,0,0
8,0,8
14,0,14
2,1,1
1,0,1
3,0,3
1,2,-1
8,2,6
1,0,1
8,1,7
4,13,-9
38,17,21
18,0,18
12,12,0
7,2,5
25,0,25
16,6,10
3,5,-2
3,0,3
0,0,0
7,0,7
0,0,0
1,0,1
1,1,0
6,0,6
7,0,7
0,0,0
16,0,16
1,0,1
15,2,13
0,0,0
15,2,13
2,0,2
14,9,5
2,4,-2
22,0,22
9,1,8
2,0,2
1,1,0
1,0,1
2,0,2
1,0,1
1,0,1
2,0,2
3,0,3
1,0,1
3,2,1
0,5,-5
4,3,1
1,0,1
5,0,5
3,1,2
16,0,16
0,1,-1
1,1,0
10,3,7
4,1,3
2,2,0
1,0,1
18,4,14
0,2,-2
4,0,4
2,0,2
17,1,16
2,3,-1
0,1,-1
0,0,0
1,0,1
4,3,1
12,4,8
11,0,11
3,13,-10
0,0,0
1,1,0
6,0,6
0,0,0
7,7,0
0,0,0
6,0,6
2,0,2
0,0,0
0,0,0
5,0,5
0,0,0
2,0,2
8,1,7
9,2,7
8,4,4
6,2,4
6,6,0
1,0,1
50,1,49
0,0,0
1,2,-1
1,1,0
1,2,-1
5,1,4
10,0,10
2,3,-1
0,0,0
1,1,0
14,8,6
7,4,3
3,1,2
1,2,-1
15,5,10
11,7,4
2,2,0
0,0,0
87,7,80
1,1,0
0,1,-1
3,7,-4
2,1,1
25,0,25
4,1,3
27,50,-23
1,0,1
16,10,6
8,15,-7
0,0,0
6,4,2
3,0,3
12,1,11
9,4,5
24,2,22
5,1,4
0,0,0
2,0,2
2,0,2
12,0,12
4,0,4
7,0,7
1,0,1
0,0,0
13,1,12
6,0,6
5,0,5
7,0,7
0,0,0
7,1,6
0,1,-1
0,1,-1
0,2,-2
4,1,3
3,0,3
8,0,8
15,1,14
8,1,7
2,0,2
2,0,2
3,7,-4
0,0,0
28,2,26
2,81,-79
20,8,12
23,0,23
8,0,8
6,1,5
6,7,-1
1,0,1
0,1,-1
0,0,0
1,0,1
6,9,-3
18,4,14
8,9,-1
10,2,8
1,1,0
0,0,0
0,0,0
4,0,4
43,10,33
3,0,3
9,1,8
3,38,-35
3,0,3
1,3,-2
8,0,8
15,2,13
1,2,-1
2,0,2
1,0,1
0,0,0
12,1,11
3,0,3
3,6,-3
4,2,2
20,5,15
4,0,4
1,2,-1
5,6,-1
0,1,-1
1,0,1
26,10,16
6,0,6
5,2,3
0,0,0
3,0,3
1,0,1
0,2,-2
2,0,2
16,0,16
0,0,0
0,1,-1
7,1,6
22,29,-7
16,0,16
14,0,14
3,1,2
1,2,-1
1,0,1
0,0,0
1,0,1
4,0,4
0,0,0
19,1,18
0,0,0
3,0,3
4,4,0
8,0,8
4,8,-4
17,0,17
6,3,3
7,0,7
2,3,-1
1,4,-3
27,45,-18
2,0,2
1,0,1
3,0,3
7,0,7
1,1,0
6,0,6
7,5,2
0,4,-4
4,11,-7
7,2,5
5,0,5
3,1,2
4,1,3
1,0,1
13,1,12
2,0,2
3,0,3
4,0,4
3,9,-6
1,0,1
3,0,3
0,0,0
0,0,0
6,0,6
3,3,0
0,2,-2
1,0,1
3,3,0
1,0,1
0,0,0
4,0,4
3,9,-6
0,0,0
4,0,4
15,8,7
2,1,1
10,0,10
5,0,5
17,2,15
3,1,2
13,9,4
4,0,4
8,1,7
0,1,-1
1,0,1
1,0,1
21,1,20
5,2,3
6,2,4
0,0,0
2,0,2
4,13,-9
51,33,18
2,0,2
1,1,0
67,67,0
15,0,15
2,9,-7
7,2,5
0,0,0
0,0,0
16,5,11
22,1,21
0,0,0
6,1,5
9,3,6
6,2,4
2,0,2
4,0,4
6,1,5
19,10,9
8,0,8
8,0,8
2,0,2
1,2,-1
25,0,25
1,0,1
6,2,4
7,4,3
20,0,20
0,0,0
1,1,0
0,1,-1
0,0,0
5,1,4
7,4,3
8,2,6
6,4,2
6,8,-2
8,2,6
3,0,3
0,0,0
1,0,1
9,1,8
17,20,-3
7,1,6
5,6,-1
2,0,2
0,2,-2
4,0,4
1,1,0
0,6,-6
1,1,0
6,0,6
51,13,38
15,0,15
1,0,1
11,1,10
22,1,21
14,0,14
30,71,-41
0,0,0
6,1,5
8,0,8
2,2,0
3,0,3
11,0,11
2,0,2
0,0,0
0,0,0
9,1,8
7,3,4
2,0,2
6,0,6
0,0,0
1,1,0
10,0,10
5,1,4
3,0,3
0,0,0
1,0,1
0,1,-1
1,1,0
0,0,0
27,33,-6
2,6,-4
15,0,15
3,1,2
0,0,0
11,0,11
4,4,0
34,0,34
0,0,0
10,0,10
3,8,-5
85,7,78
3,1,2
3,0,3
30,4,26
7,0,7
6,2,4
3,2,1
2,0,2
5,0,5
1,3,-2
9,2,7
0,1,-1
10,0,10
2,0,2
24,1,23
6,2,4
8,0,8
2,2,0
21,1,20
8,1,7
11,5,6
0,0,0
2,5,-3
3,2,1
7,1,6
0,1,-1
30,25,5
0,1,-1
2,0,2
3,0,3
31,0,31
0,0,0
81,81,0
2,0,2
6,2,4
5,4,1
3,0,3
32,1,31
2,1,1
8,5,3
1,0,1
0,0,0
9,3,6
23,4,19
10,1,9
0,0,0
2,0,2
3,0,3
0,0,0
8,2,6
1,0,1
0,0,0
13,0,13
6,0,6
0,0,0
5,7,-2
2,0,2
3,0,3
2,2,0
12,0,12
1,0,1
0,1,-1
0,1,-1
2,1,1
3,1,2
3,13,-10
0,0,0
31,2,29
4,0,4
9,0,9
5,2,3
19,19,0
7,0,7
38,1,37
17,0,17
14,0,14
4,3,1
7,3,4
0,0,0
4,2,2
1,0,1
13,0,13
14,2,12
9,21,-12
7,0,7
1,0,1
2,0,2
3,4,-1
7,0,7
1,0,1
2,0,2
24,42,-18
15,1,14
21,2,19
24,1,23
8,3,5
1,0,1
9,2,7
2,0,2
3,0,3
2,0,2
2,0,2
7,0,7
8,1,7
0,0,0
10,1,9
3,2,1
9,0,9
7,0,7
0,3,-3
5,2,3
16,0,16
7,3,4
18,32,-14
13,0,13
1,0,1
17,2,15
4,3,1
10,0,10
17,4,13
1,1,0
8,13,-5
15,4,11
5,0,5
11,2,9
15,0,15
21,1,20
6,2,4
1,0,1
1,2,-1
0,10,-10
1,0,1
1,4,-3
3,7,-4
4,0,4
3,0,3
1,0,1
10,0,10
39,0,39
12,0,12
29,1,28
2,0,2
13,13,0
10,3,7
2,0,2
0,0,0
16,0,16
0,0,0
7,6,1
1,0,1
0,0,0
21,0,21
2,0,2
18,18,0
4,0,4
3,2,1
4,5,-1
7,3,4
11,0,11
3,1,2
2,5,-3
5,29,-24
1,6,-5
2,1,1
5,1,4
0,0,0
2,0,2
3,0,3
0,0,0
7,4,3
0,0,0
5,0,5
0,1,-1
49,6,43
1,0,1
13,1,12
4,0,4
2,0,2
7,2,5
8,0,8
0,37,-37
13,5,8
2,0,2
4,0,4
6,1,5
5,0,5
0,0,0
5,0,5
8,3,5
24,0,24
4,2,2
23,0,23
0,1,-1
5,3,2
11,2,9
0,0,0
10,0,10
0,0,0
4,0,4
0,0,0
5,2,3
7,2,5
1,1,0
14,5,9
2,0,2
0,0,0
2,0,2
3,0,3
14,2,12
1,0,1
10,2,8
14,8,6
0,4,-4
0,0,0
1,2,-1
0,1,-1
3,1,2
9,9,0
1,1,0
1,0,1
0,0,0
0,0,0
0,0,0
16,0,16
13,0,13
4,8,-4
0,0,0
1,0,1
0,0,0
0,0,0
10,2,8
67,58,9
6,0,6
1,1,0
7,3,4
1,2,-1
4,0,4
0,0,0
0,0,0
1,0,1
4,50,-46
3,0,3
9,6,3
1,0,1
0,3,-3
8,0,8
10,0,10
9,2,7
2,0,2
0,0,0
19,13,6
5,0,5
5,0,5
15,5,10
2,0,2
0,1,-1
2,0,2
1,1,0
0,0,0
3,5,-2
1,0,1
0,0,0
0,0,0
1,4,-3
0,0,0
2,0,2
3,0,3
12,4,8
0,1,-1
3,0,3
2,2,0
8,0,8
4,4,0
0,0,0
12,4,8
3,3,0
9,0,9
6,6,0
2,1,1
5,9,-4
7,0,7
0,0,0
8,0,8
6,0,6
3,4,-1
9,0,9
7,0,7
6,6,0
12,0,12
32,52,-20
1,0,1
5,14,-9
3,0,3
0,4,-4
6,2,4
0,0,0
25,0,25
2,0,2
0,0,0
1,6,-5
1,0,1
1,0,1
2,0,2
3,3,0
4,1,3
2,4,-2
13,8,5
16,2,14
0,0,0
10,0,10
11,1,10
7,4,3
2,5,-3
12,0,12
0,0,0
5,0,5
44,36,8
1,1,0
7,0,7
5,13,-8
0,6,-6
8,1,7
18,0,18
20,33,-13
0,0,0
0,0,0
2,4,-2
3,0,3
1,2,-1
5,4,1
37,20,17
3,2,1
6,0,6
22,11,11
4,1,3
3,5,-2
13,5,8
16,60,-44
3,0,3
0,0,0
8,84,-76
1,2,-1
8,5,3
7,4,3
5,0,5
0,1,-1
1,0,1
15,1,14
1,1,0
3,0,3
5,1,4
3,5,-2
3,0,3
5,7,-2
5,6,-1
2,4,-2
0,0,0
1,0,1
5,1,4
9,0,9
13,1,12
4,0,4
11,0,11
19,0,19
17,9,8
8,1,7
0,0,0
13,0,13
18,8,10
6,0,6
2,1,1
11,0,11
18,4,14
5,1,4
12,0,12
1,1,0
9,4,5
9,2,7
11,5,6
3,0,3
26,1,25
21,0,21
5,49,-44
0,0,0
1,0,1
6,5,1
1,0,1
6,1,5
7,8,-1
6,0,6
1,0,1
1,0,1
16,8,8
1,0,1
3,0,3
2,2,0
4,0,4
22,6,16
7,1,6
15,3,12
5,0,5
0,0,0
0,0,0
0,0,0
6,6,0
0,54,-54
4,9,-5
9,2,7
7,2,5
10,1,9
3,0,3
0,0,0
1,1,0
0,0,0
37,1,36
1,5,-4
33,2,31
0,0,0
4,2,2
16,0,16
11,0,11
7,29,-22
0,1,-1
1,0,1
5,0,5
2,2,0
5,0,5
0,1,-1
2,1,1
1,5,-4
5,1,4
5,0,5
11,0,11
17,10,7
21,5,16
12,5,7
5,5,0
8,0,8
2,0,2
0,0,0
19,0,19
12,1,11
2,1,1
2,0,2
0,0,0
15,4,11
11,8,3
7,1,6
7,2,5
0,0,0
2,0,2
4,6,-2
4,0,4
1,0,1
36,0,36
4,1,3
2,0,2
0,0,0
2,0,2
2,1,1
3,6,-3
10,2,8
10,1,9
6,5,1
2,0,2
9,8,1
12,5,7
0,1,-1
1,0,1
1,1,0
1,1,0
4,0,4
0,0,0
3,1,2
0,0,0
23,7,16
3,0,3
3,3,0
2,1,1
6,2,4
10,20,-10
6,1,5
10,0,10
26,1,25
0,4,-4
5,1,4
1,0,1
0,0,0
5,5,0
2,0,2
1,7,-6
1,0,1
5,10,-5
13,3,10
1,1,0
16,1,15
0,0,0
3,0,3
5,5,0
0,1,-1
13,1,12
12,2,10
0,0,0
7,1,6
10,2,8
2,0,2
0,0,0
0,0,0
2,0,2
9,1,8
3,2,1
12,12,0
13,6,7
13,0,13
0,0,0
3,0,3
10,1,9
0,1,-1
1,2,-1
1,1,0
2,12,-10
8,1,7
59,10,49
0,0,0
4,1,3
10,1,9
1,1,0
0,2,-2
0,0,0
0,0,0
2,0,2
1,0,1
5,20,-15
3,3,0
5,0,5
0,0,0
8,5,3
5,0,5
4,0,4
0,0,0
11,9,2
5,6,-1
7,0,7
0,3,-3
4,0,4
3,0,3
8,7,1
0,9,-9
2,0,2
15,1,14
12,5,7
1,6,-5
2,1,1
12,4,8
19,3,16
2,0,2
2,0,2
0,1,-1
1,0,1
1,0,1
2,0,2
4,2,2
9,0,9
2,10,-8
5,6,-1
3,0,3
3,3,0
0,0,0
15,0,15
2,0,2
1,0,1
0,0,0
5,5,0
5,0,5
2,2,0
41,6,35
3,0,3
23,19,4
2,2,0
9,3,6
0,0,0
31,1,30
2,1,1
3,3,0
9,0,9
2,2,0
1,1,0
115,115,0
0,1,-1
10,4,6
0,0,0
16,4,12
1,1,0
9,0,9
1,2,-1
32,6,26
0,0,0
9,1,8
8,1,7
2,0,2
9,1,8
0,0,0
2,1,1
2,26,-24
2,1,1
1,3,-2
2,4,-2
9,34,-25
4,0,4
14,1,13
3,1,2
4,1,3
7,2,5
11,0,11
6,2,4
9,1,8
16,0,16
6,29,-23
4,6,-2
3,0,3
5,17,-12
2,0,2
4,4,0
0,1,-1
0,0,0
1,0,1
1,0,1
6,0,6
3,0,3
4,3,1
21,8,13
4,1,3
5,0,5
5,3,2
0,0,0
17,0,17
4,2,2
0,0,0
0,3,-3
2,1,1
0,0,0
0,0,0
5,3,2
2,1,1
4,3,1
18,0,18
2,1,1
8,5,3
30,1,29
8,5,3
0,1,-1
0,0,0
22,4,18
15,7,8
0,0,0
2,1,1
3,2,1
12,0,12
16,0,16
7,4,3
12,5,7
9,3,6
2,5,-3
16,0,16
9,0,9
31,33,-2
3,1,2
5,4,1
3,5,-2
1,1,0
0,0,0
23,2,21
1,35,-34
2,0,2
1,0,1
1,3,-2
11,1,10
0,0,0
2,1,1
2,1,1
8,0,8
10,9,1
2,1,1
5,1,4
4,3,1
25,0,25
5,0,5
4,2,2
0,0,0
0,1,-1
3,1,2
22,9,13
17,26,-9
10,0,10
0,1,-1
0,2,-2
15,8,7
1,0,1
16,8,8
10,0,10
3,1,2
11,12,-1
3,0,3
12,2,10
2,0,2
0,0,0
0,0,0
2,0,2
0,0,0
0,0,0
44,44,0
0,0,0
0,0,0
7,6,1
0,0,0
66,0,66
0,0,0
17,1,16
6,1,5
0,0,0
7,0,7
3,3,0
27,6,21
36,61,-25
1,0,1
3,0,3
13,0,13
0,1,-1
9,2,7
20,31,-11
6,1,5
7,2,5
10,8,2
6,1,5
0,0,0
3,0,3
2,1,1
18,1,17
10,1,9
7,3,4
0,3,-3
7,4,3
3,0,3
17,6,11
0,3,-3
3,0,3
3,1,2
2,0,2
0,0,0
12,0,12
4,0,4
4,0,4
3,0,3
6,0,6
4,0,4
0,0,0
0,2,-2
5,8,-3
0,0,0
15,0,15
17,8,9
7,1,6
2,1,1
0,0,0
0,0,0
17,11,6
4,1,3
1,0,1
0,0,0
0,1,-1
0,11,-11
4,0,4
5,1,4
0,1,-1
0,5,-5
2,0,2
10,0,10
3,0,3
0,0,0
18,1,17
2,0,2
8,0,8
16,22,-6
9,6,3
4,4,0
9,1,8
6,1,5
0,0,0
23,1,22
15,13,2
11,5,6
7,0,7
12,1,11
2,0,2
20,0,20
20,1,19
2,0,2
6,5,1
9,0,9
4,5,-1
0,0,0
0,0,0
3,4,-1
1,0,1
0,0,0
0,0,0
20,5,15
0,0,0
1,1,0
22,5,17
50,8,42
3,0,3
2,24,-22
10,17,-7
29,0,29
0,2,-2
0,2,-2
3,0,3
13,0,13
17,7,10
2,1,1
1,0,1
1,1,0
6,14,-8
6,0,6
0,0,0
7,5,2
0,0,0
3,1,2
0,0,0
0,9,-9
8,2,6
7,23,-16
9,0,9
0,2,-2
11,3,8
0,0,0
7,10,-3
7,6,1
15,0,15
1,1,0
0,0,0
1,3,-2
26,1,25
0,0,0
12,0,12
0,0,0
2,1,1
1,0,1
0,1,-1
0,0,0
2,0,2
5,23,-18
4,0,4
1,7,-6
0,0,0
0,0,0
6,8,-2
19,0,19
1,0,1
1,0,1
66,0,66
23,0,23
2,0,2
1,0,1
0,0,0
5,0,5
3,0,3
6,0,6
0,0,0
1,0,1
3,2,1
2,5,-3
6,1,5
3,0,3
8,1,7
3,12,-9
2,0,2
6,2,4
1,0,1
15,5,10
13,2,11
6,6,0
4,1,3
18,0,18
5,5,0
9,2,7
2,1,1
2,0,2
1,0,1
0,0,0
0,8,-8
4,0,4
13,4,9
10,1,9
56,53,3
3,0,3
11,4,7
8,10,-2
0,0,0
48,48,0
1,2,-1
24,4,20
2,5,-3
1,0,1
3,0,3
1,11,-10
1,0,1
6,4,2
15,6,9
0,0,0
0,0,0
15,4,11
1,1,0
1,6,-5
26,1,25
0,0,0
36,14,22
0,0,0
19,5,14
8,29,-21
0,0,0
10,11,-1
7,13,-6
0,1,-1
4,0,4
3,1,2
0,0,0
16,12,4
2,0,2
5,0,5
4,0,4
1,0,1
0,0,0
0,2,-2
6,6,0
0,0,0
1,1,0
3,0,3
0,0,0
2,18,-16
0,0,0
18,4,14
1,4,-3
1,1,0
2,7,-5
1,0,1
0,0,0
1,0,1
3,3,0
6,1,5
0,55,-55
5,0,5
0,0,0
17,1,16
5,2,3
0,0,0
46,8,38
37,2,35
18,5,13
16,0,16
14,2,12
7,2,5
6,0,6
0,5,-5
0,0,0
1,0,1
1,0,1
4,1,3
0,0,0
1,0,1
3,3,0
16,0,16
13,0,13
0,0,0
8,13,-5
1,0,1
25,35,-10
0,0,0
6,1,5
1,0,1
0,0,0
2,0,2
0,0,0
4,0,4
8,5,3
3,4,-1
4,2,2
8,5,3
6,2,4
1,0,1
2,10,-8
11,2,9
5,5,0
1,0,1
10,3,7
0,0,0
3,1,2
0,5,-5
6,2,4
9,1,8
12,0,12
5,2,3
3,4,-1
8,0,8
6,1,5
1,6,-5
2,2,0
1,8,-7
0,1,-1
11,5,6
3,0,3
9,2,7
13,4,9
5,0,5
22,0,22
11,0,11
2,1,1
0,0,0
1,0,1
25,4,21
5,1,4
10,7,3
0,0,0
0,0,0
14,0,14
4,0,4
5,0,5
37,0,37
2,0,2
0,0,0
12,6,6
8,0,8
2,0,2
7,2,5
6,2,4
7,2,5
3,1,2
33,1,32
10,0,10
0,0,0
2,0,2
1,0,1
5,1,4
4,0,4
2,0,2
1,1,0
0,1,-1
14,0,14
2,0,2
19,2,17
4,3,1
30,10,20
4,1,3
0,0,0
4,2,2
6,0,6
0,0,0
56,43,13
12,0,12
32,3,29
10,0,10
0,0,0
3,1,2
0,1,-1
0,2,-2
2,5,-3
11,0,11
2,0,2
7,0,7
1,2,-1
0,1,-1
4,2,2
0,0,0
0,0,0
18,0,18
2,0,2
0,0,0
5,0,5
2,0,2
4,2,2
21,22,-1
8,0,8
14,1,13
14,2,12
16,5,11
10,1,9
0,1,-1
6,1,5
0,0,0
1,0,1
0,0,0
2,0,2
30,1,29
9,2,7
3,0,3
8,0,8
3,2,1
5,4,1
2,0,2
5,1,4
8,3,5
9,0,9
0,1,-1
5,1,4
0,1,-1
20,0,20
2,3,-1
42,0,42
5,0,5
2,2,0
9,0,9
0,0,0
34,1,33
1,1,0
11,0,11
222,78,144
1,0,1
0,0,0
0,3,-3
3,0,3
20,0,20
25,2,23
2,0,2
0,0,0
7,1,6
17,1,16
4,0,4
0,0,0
2,4,-2
1,0,1
0,0,0
0,1,-1
3,2,1
2,0,2
3,3,0
0,0,0
11,2,9
14,2,12
2,1,1
3,1,2
7,22,-15
31,0,31
3,0,3
1,8,-7
37,14,23
25,4,21
4,5,-1
5,1,4
1,0,1
3,1,2
1,4,-3
9,1,8
6,4,2
10,1,9
6,2,4
2,0,2
0,2,-2
9,2,7
5,1,4
2,0,2
8,2,6
7,0,7
0,0,0
15,4,11
6,1,5
11,0,11
4,0,4
15,15,0
21,0,21
2,0,2
1,0,1
5,0,5
16,1,15
0,1,-1
6,19,-13
0,1,-1
5,59,-54
10,1,9
0,1,-1
0,1,-1
7,0,7
9,1,8
10,3,7
13,0,13
1,4,-3
7,0,7
5,4,1
0,0,0
1,1,0
2,3,-1
25,0,25
6,8,-2
8,0,8
2,0,2
12,0,12
7,5,2
8,0,8
6,1,5
0,0,0
29,0,29
9,13,-4
2,0,2
0,0,0
2,0,2
5,1,4
1,2,-1
0,2,-2
11,8,3
7,2,5
10,3,7
4,0,4
15,1,14
3,0,3
12,0,12
0,0,0
8,4,4
4,1,3
22,1,21
1,0,1
0,0,0
9,6,3
1,2,-1
7,7,0
2,1,1
1,0,1
4,0,4
9,0,9
2,0,2
8,1,7
3,0,3
7,0,7
3,3,0
1,5,-4
1,1,0
15,5,10
16,0,16
1,0,1
5,2,3
14,0,14
16,1,15
2,2,0
5,0,5
12,1,11
5,11,-6
4,0,4
11,4,7
15,2,13
9,9,0
19,18,1
7,6,1
0,10,-10
25,0,25
11,4,7
4,1,3
1,0,1
2,0,2
7,0,7
20,0,20
1,5,-4
1,0,1
3,0,3
2,2,0
0,0,0
7,2,5
25,2,23
9,0,9
0,0,0
1,0,1
0,0,0
5,7,-2
6,0,6
0,0,0
12,3,9
11,0,11
8,0,8
13,4,9
2,0,2
18,2,16
1,0,1
4,1,3
23,0,23
2,0,2
5,37,-32
5,0,5
0,0,0
8,8,0
16,14,2
1,2,-1
1,0,1
1,0,1
11,3,8
3,0,3
21,0,21
1,0,1
11,0,11
9,1,8
3,3,0
11,1,10
3,0,3
6,10,-4
3,0,3
2,1,1
1,0,1
4,11,-7
2,0,2
5,0,5
8,1,7
2,2,0
0,0,0
0,0,0
9,11,-2
21,21,0
6,41,-35
2,3,-1
1,0,1
1,2,-1
2,0,2
12,14,-2
11,7,4
2,2,0
3,1,2
10,22,-12
17,1,16
5,3,2
0,1,-1
11,0,11
9,2,7
1,0,1
2,0,2
1,1,0
0,0,0
2,0,2
2,1,1
6,1,5
3,0,3
4,3,1
1,0,1
6,1,5
11,4,7
3,4,-1
9,0,9
46,0,46
5,0,5
2,0,2
8,0,8
6,3,3
5,6,-1
14,0,14
13,9,4
25,1,24
1,0,1
13,2,11
22,4,18
5,13,-8
8,52,-44
1,1,0
6,4,2
0,0,0
3,22,-19
6,1,5
16,1,15
2,0,2
15,0,15
2,3,-1
0,0,0
36,1,35
4,2,2
1,0,1
2,1,1
1,11,-10
18,19,-1
8,0,8
0,0,0
7,1,6
51,4,47
1,0,1
10,8,2
5,0,5
0,1,-1
16,0,16
0,3,-3
2,2,0
2,14,-12
1,0,1
6,5,1
2,1,1
20,0,20
3,4,-1
3,2,1
2,0,2
18,7,11
5,1,4
0,0,0
9,1,8
0,0,0
4,0,4
18,0,18
1,6,-5
8,1,7
11,1,10
12,4,8
5,0,5
5,0,5
2,0,2
1,0,1
13,2,11
4,0,4
1,0,1
6,1,5
25,1,24
2,1,1
7,0,7
3,0,3
50,68,-18
6,0,6
30,29,1
8,0,8
2,5,-3
1,1,0
1,1,0
0,0,0
26,20,6
0,0,0
0,0,0
19,0,19
0,0,0
31,1,30
59,1,58
4,6,-2
0,3,-3
9,2,7
1,0,1
0,0,0
0,0,0
0,0,0
2,10,-8
5,54,-49
3,3,0
6,5,1
3,0,3
2,0,2
13,1,12
1,0,1
0,0,0
4,0,4
18,0,18
0,0,0
10,2,8
1,1,0
3,5,-2
0,0,0
8,0,8
6,1,5
14,4,10
5,0,5
3,0,3
0,8,-8
0,1,-1
5,3,2
8,0,8
20,2,18
12,5,7
42,8,34
2,4,-2
24,0,24
8,8,0
0,0,0
14,0,14
0,0,0
2,0,2
12,17,-5
0,0,0
1,0,1
11,1,10
0,4,-4
3,0,3
0,0,0
23,19,4
1,0,1
1,2,-1
10,2,8
5,5,0
17,12,5
7,2,5
17,0,17
17,0,17
1,0,1
0,0,0
8,0,8
5,0,5
1,3,-2
18,1,17
0,0,0
2,0,2
9,1,8
13,4,9
5,3,2
5,3,2
2,0,2
2,2,0
2,1,1
0,0,0
7,2,5
10,0,10
6,1,5
9,14,-5
5,2,3
6,0,6
5,0,5
8,1,7
1,0,1
0,0,0
7,10,-3
9,3,6
12,2,10
1,0,1
3,0,3
5,0,5
0,0,0
3,1,2
3,1,2
81,18,63
6,1,5
17,25,-8
4,1,3
2,0,2
12,2,10
2,0,2
6,3,3
3,0,3
9,22,-13
22,0,22
7,0,7
32,0,32
1,0,1
14,0,14
13,4,9
0,0,0
2,1,1
1,0,1
14,0,14
3,1,2
0,0,0
1,2,-1
4,3,1
10,2,8
0,0,0
0,0,0
0,1,-1
1,0,1
1,4,-3
0,0,0
0,0,0
8,0,8
2,1,1
5,5,0
2,0,2
2,0,2
5,0,5
6,0,6
14,1,13
1,0,1
11,0,11
12,1,11
3,3,0
9,2,7
2,0,2
5,6,-1
0,0,0
2,0,2
0,0,0
6,3,3
29,1,28
12,13,-1
45,0,45
0,0,0
0,1,-1
5,0,5
4,0,4
0,0,0
45,45,0
1,0,1
0,0,0
2,0,2
1,0,1
21,0,21
16,1,15
0,0,0
21,44,-23
10,0,10
4,0,4
4,0,4
8,0,8
2,2,0
3,1,2
0,0,0
0,0,0
6,4,2
1,0,1
1,3,-2
0,1,-1
1,0,1
16,38,-22
16,0,16
9,5,4
49,0,49
2,0,2
2,0,2
2,0,2
12,1,11
6,3,3
5,7,-2
7,1,6
1,0,1
2,1,1
0,0,0
2,0,2
10,13,-3
2,0,2
6,0,6
6,4,2
7,3,4
3,1,2
5,5,0
1,0,1
1,0,1
5,3,2
1,0,1
9,10,-1
27,0,27
10,4,6
5,2,3
7,7,0
13,1,12
7,4,3
14,1,13
4,0,4
6,1,5
0,0,0
4,2,2
8,4,4
1,0,1
16,13,3
45,45,0
3,0,3
7,5,2
1,0,1
0,0,0
4,0,4
1,6,-5
8,2,6
1,3,-2
2,0,2
0,0,0
5,0,5
1,0,1
33,0,33
12,1,11
6,6,0
0,4,-4
9,1,8
0,1,-1
0,0,0
0,4,-4
20,1,19
2,4,-2
3,0,3
4,1,3
14,0,14
11,13,-2
11,8,3
1,0,1
6,5,1
4,7,-3
18,6,12
0,0,0
5,9,-4
23,12,11
9,2,7
11,25,-14
4,4,0
13,5,8
29,13,16
5,4,1
0,0,0
8,3,5
2,0,2
3,0,3
5,0,5
0,0,0
4,0,4
10,2,8
0,0,0
6,0,6
29,1,28
6,2,4
6,16,-10
24,0,24
9,6,3
5,4,1
3,0,3
28,0,28
10,0,10
1,0,1
13,1,12
10,0,10
2,0,2
28,1,27
2,1,1
0,0,0
18,0,18
1,15,-14
0,0,0
1,0,1
13,1,12
16,4,12
10,4,6
5,0,5
4,0,4
3,0,3
26,2,24
2,4,-2
0,5,-5
16,0,16
4,0,4
0,1,-1
0,2,-2
8,0,8
3,0,3
5,2,3
2,0,2
1,0,1
0,0,0
5,1,4
1,13,-12
1,0,1
3,2,1
1,0,1
0,0,0
0,0,0
3,0,3
2,0,2
8,19,-11
1,1,0
1,4,-3
6,3,3
21,2,19
5,0,5
1,1,0
3,3,0
2,0,2
3,0,3
16,5,11
0,7,-7
3,0,3
9,10,-1
29,0,29
2,15,-13
0,0,0
1,53,-52
5,10,-5
0,0,0
8,10,-2
2,13,-11
2,0,2
0,0,0
1,1,0
0,1,-1
5,21,-16
35,4,31
23,0,23
1,2,-1
0,0,0
13,1,12
0,0,0
12,5,7
11,1,10
20,1,19
13,0,13
7,7,0
23,13,10
11,0,11
0,1,-1
6,2,4
3,0,3
2,0,2
1,2,-1
9,0,9
10,5,5
9,0,9
2,0,2
2,2,0
10,0,10
3,2,1
0,0,0
29,0,29
2,2,0
4,4,0
14,1,13
11,18,-7
2,0,2
2,5,-3
7,0,7
7,1,6
9,1,8
0,0,0
3,7,-4
22,4,18
0,0,0
0,0,0
9,5,4
0,4,-4
13,0,13
17,0,17
8,1,7
3,10,-7
3,0,3
5,5,0
19,0,19
5,0,5
17,1,16
0,0,0
1,2,-1
10,1,9
2,0,2
12,2,10
8,5,3
34,4,30
5,1,4
33,0,33
0,1,-1
0,1,-1
3,9,-6
6,0,6
12,0,12
3,6,-3
2,0,2
0,0,0
33,3,30
2,2,0
0,0,0
2,0,2
0,0,0
52,23,29
1,3,-2
0,0,0
3,4,-1
3,1,2
5,1,4
18,49,-31
14,8,6
11,11,0
9,8,1
2,5,-3
5,0,5
6,0,6
3,0,3
2,0,2
4,1,3
20,20,0
0,0,0
0,1,-1
1,2,-1
6,6,0
2,2,0
0,0,0
16,1,15
6,6,0
109,1,108
15,1,14
0,2,-2
8,6,2
5,3,2
0,1,-1
32,1,31
14,9,5
3,0,3
0,0,0
0,5,-5
1,0,1
13,62,-49
1,1,0
46,0,46
21,59,-38
9,1,8
1,2,-1
9,0,9
2,0,2
32,2,30
3,3,0
12,1,11
6,0,6
48,12,36
8,0,8
4,0,4
2,19,-17
5,21,-16
6,5,1
1,0,1
46,46,0
0,1,-1
4,4,0
5,0,5
0,0,0
1,2,-1
2,2,0
1,0,1
3,2,1
2,0,2
9,1,8
5,5,0
77,1,76
3,0,3
0,0,0
3,17,-14
1,0,1
1,2,-1
1,0,1
5,5,0
11,8,3
5,4,1
2,0,2
1,1,0
1,9,-8
2,0,2
0,0,0
0,0,0
1,0,1
4,0,4
15,5,10
2,0,2
0,0,0
1,0,1
5,4,1
0,0,0
17,0,17
1,1,0
10,4,6
29,34,-5
0,0,0
6,33,-27
5,0,5
4,9,-5
0,0,0
0,2,-2
7,4,3
1,1,0
1,5,-4
11,3,8
6,8,-2
5,0,5
0,0,0
1,8,-7
2,1,1
0,0,0
5,0,5
0,2,-2
14,0,14
2,0,2
23,0,23
1,0,1
33,13,20
1,0,1
2,18,-16
1,0,1
1,2,-1
0,3,-3
1,0,1
18,1,17
6,3,3
0,0,0
8,2,6
25,5,20
14,0,14
22,0,22
4,3,1
0,1,-1
0,1,-1
35,0,35
11,2,9
3,0,3
0,0,0
1,5,-4
0,0,0
2,0,2
21,0,21
3,0,3
2,14,-12
7,1,6
3,0,3
3,2,1
5,1,4
1,0,1
12,5,7
1,0,1
7,1,6
0,1,-1
0,2,-2
13,3,10
2,2,0
13,19,-6
1,2,-1
0,0,0
6,0,6
26,0,26
0,0,0
1,1,0
19,0,19
11,2,9
2,5,-3
17,0,17
2,0,2
7,4,3
3,1,2
0,0,0
18,0,18
12,0,12
12,2,10
6,0,6
1,0,1
19,4,15
7,0,7
7,0,7
37,2,35
5,5,0
10,2,8
12,4,8
7,2,5
2,2,0
2,0,2
6,1,5
1,0,1
18,3,15
6,2,4
0,0,0
1,8,-7
0,0,0
4,0,4
1,0,1
10,5,5
9,10,-1
3,0,3
9,2,7
11,2,9
28,1,27
10,2,8
1,0,1
4,0,4
4,10,-6
1,0,1
1,0,1
4,0,4
32,2,30
11,1,10
47,47,0
0,0,0
15,0,15
80,80,0
1,1,0
11,31,-20
0,17,-17
7,6,1
3,0,3
18,1,17
0,0,0
11,0,11
0,0,0
0,0,0
10,1,9
5,2,3
9,0,9
13,8,5
9,1,8
1,0,1
10,6,4
24,2,22
1,0,1
5,0,5
4,0,4
1,0,1
34,50,-16
0,7,-7
2,0,2
1,0,1
18,8,10
9,0,9
12,8,4
17,6,11
15,0,15
5,0,5
33,17,16
4,0,4
5,4,1
1,2,-1
7,0,7
4,1,3
5,0,5
10,9,1
8,0,8
5,1,4
11,3,8
15,16,-1
1,0,1
4,0,4
22,0,22
35,3,32
1,2,-1
1,0,1
0,0,0
1,51,-50
6,2,4
1,1,0
1,5,-4
3,1,2
0,1,-1
5,0,5
2,5,-3
0,0,0
14,0,14
1,0,1
6,1,5
13,0,13
0,1,-1
7,1,6
36,13,23
5,1,4
7,0,7
0,4,-4
6,1,5
5,5,0
4,0,4
1,0,1
12,1,11
0,0,0
1,2,-1
3,0,3
9,1,8
8,8,0
16,5,11
27,4,23
3,0,3
0,2,-2
2,0,2
0,0,0
1,3,-2
22,1,21
4,0,4
6,0,6
0,0,0
43,0,43
4,0,4
32,1,31
13,0,13
0,4,-4
3,2,1
18,0,18
8,3,5
3,0,3
3,0,3
1,1,0
0,0,0
1,4,-3
0,0,0
6,0,6
5,0,5
7,0,7
21,6,15
0,0,0
7,1,6
5,0,5
4,2,2
2,1,1
11,8,3
1,0,1
1,1,0
7,0,7
33,17,16
10,62,-52
4,0,4
19,2,17
0,0,0
1,0,1
1,0,1
10,0,10
2,1,1
3,4,-1
7,16,-9
0,0,0
3,4,-1
8,51,-43
9,2,7
0,1,-1
7,0,7
3,0,3
8,2,6
12,1,11
1,0,1
2,1,1
5,12,-7
2,6,-4
5,0,5
1,0,1
16,17,-1
8,7,1
0,0,0
5,3,2
3,1,2
0,1,-1
3,0,3
2,0,2
21,5,16
34,2,32
7,0,7
2,0,2
9,8,1
31,2,29
4,1,3
4,0,4
11,0,11
1,0,1
0,0,0
1,1,0
0,0,0
2,8,-6
1,0,1
1,0,1
1,0,1
13,3,10
5,0,5
2,0,2
2,1,1
6,1,5
12,2,10
16,0,16
6,0,6
6,6,0
1,0,1
6,5,1
4,0,4
0,0,0
2,0,2
0,0,0
0,92,-92
2,4,-2
20,1,19
0,0,0
1,0,1
2,8,-6
0,0,0
1,0,1
3,1,2
0,0,0
0,0,0
6,2,4
0,1,-1
17,5,12
5,8,-3
5,0,5
13,0,13
4,0,4
7,43,-36
6,1,5
0,0,0
4,2,2
0,0,0
1,4,-3
1,0,1
10,8,2
5,0,5
5,2,3
1,2,-1
1,1,0
3,0,3
0,3,-3
0,0,0
1,2,-1
9,1,8
1,0,1
0,0,0
2,0,2
6,0,6
0,0,0
3,17,-14
6,0,6
2,1,1
3,2,1
22,4,18
10,1,9
0,0,0
6,6,0
0,0,0
18,0,18
3,0,3
2,1,1
2,0,2
4,2,2
0,0,0
3,4,-1
10,1,9
0,0,0
7,6,1
15,4,11
10,5,5
9,13,-4
35,0,35
2,1,1
5,0,5
10,56,-46
1,1,0
0,0,0
7,2,5
4,0,4
17,0,17
2,0,2
33,1,32
6,1,5
2,2,0
0,0,0
7,2,5
1,1,0
0,0,0
0,1,-1
24,6,18
16,0,16
2,44,-42
6,2,4
6,0,6
29,29,0
0,0,0
3,4,-1
5,1,4
7,2,5
17,0,17
0,0,0
5,1,4
7,6,1
0,0,0
4,1,3
7,2,5
1,1,0
5,1,4
7,0,7
1,0,1
3,1,2
0,2,-2
5,1,4
1,0,1
2,0,2
2,0,2
0,7,-7
13,0,13
5,8,-3
7,7,0
9,3,6
5,13,-8
13,52,-39
24,2,22
3,0,3
0,0,0
0,11,-11
6,0,6
17,0,17
1,0,1
1,0,1
5,4,1
9,0,9
5,3,2
13,7,6
0,0,0
0,0,0
4,4,0
7,1,6
1,0,1
14,1,13
4,0,4
5,0,5
9,2,7
5,4,1
0,1,-1
18,37,-19
2,4,-2
15,1,14
1,0,1
9,5,4
7,4,3
8,4,4
27,3,24
1,0,1
6,1,5
3,1,2
36,1,35
0,0,0
4,0,4
8,1,7
0,0,0
4,1,3
8,9,-1
8,1,7
2,0,2
0,0,0
1,0,1
0,0,0
0,0,0
12,10,2
5,1,4
0,0,0
18,7,11
10,6,4
0,0,0
0,0,0
3,5,-2
0,0,0
13,2,11
0,1,-1
1,0,1
3,0,3
10,0,10
7,1,6
2,0,2
0,0,0
8,2,6
31,12,19
14,5,9
6,0,6
2,5,-3
0,0,0
38,0,38
13,1,12
0,0,0
1,2,-1
0,0,0
9,3,6
6,4,2
3,0,3
2,0,2
1,5,-4
3,1,2
15,0,15
3,0,3
1,0,1
4,13,-9
0,0,0
0,0,0
21,3,18
6,1,5
5,7,-2
6,0,6
11,0,11
17,10,7
13,0,13
9,2,7
6,0,6
1,0,1
3,3,0
8,0,8
6,1,5
40,0,40
2,4,-2
8,0,8
1,0,1
5,2,3
13,8,5
1,2,-1
11,1,10
10,1,9
1,1,0
0,0,0
2,38,-36
16,5,11
7,2,5
1,0,1
2,0,2
5,1,4
7,2,5
1,0,1
1,2,-1
9,1,8
1,0,1
44,0,44
0,0,0
0,19,-19
1,9,-8
1,3,-2
1,0,1
17,1,16
5,6,-1
20,16,4
17,1,16
1,4,-3
5,0,5
7,0,7
5,0,5
0,0,0
6,0,6
22,1,21
0,0,0
6,3,3
9,5,4
0,0,0
2,0,2
0,0,0
5,0,5
24,12,12
6,1,5
6,0,6
9,0,9
0,2,-2
35,48,-13
10,7,3
0,2,-2
2,1,1
1,1,0
4,1,3
0,0,0
7,2,5
4,2,2
7,8,-1
0,0,0
0,0,0
0,0,0
8,0,8
15,0,15
10,10,0
2,5,-3
9,4,5
1,1,0
9,1,8
2,1,1
1,0,1
3,0,3
2,7,-5
4,0,4
10,0,10
12,1,11
6,0,6
13,4,9
3,8,-5
1,0,1
5,0,5
0,0,0
1,1,0
3,1,2
0,0,0
0,0,0
1,0,1
36,0,36
49,34,15
1,1,0
0,0,0
0,0,0
0,1,-1
32,1,31
3,2,1
13,2,11
1,0,1
1,1,0
0,0,0
10,11,-1
0,0,0
2,0,2
10,8,2
14,1,13
6,0,6
3,0,3
0,0,0
7,5,2
0,1,-1
58,58,0
0,0,0
19,19,0
16,2,14
5,2,3
0,0,0
6,0,6
2,4,-2
3,4,-1
21,0,21
6,21,-15
0,3,-3
3,5,-2
5,6,-1
1,2,-1
3,2,1
9,0,9
1,0,1
2,1,1
0,0,0
1,1,0
23,1,22
0,1,-1
1,2,-1
1,0,1
0,2,-2
26,1,25
6,4,2
3,1,2
6,0,6
7,5,2
15,7,8
1,0,1
15,5,10
5,0,5
3,0,3
2,1,1
3,1,2
3,0,3
0,0,0
16,1,15
0,1,-1
0,0,0
50,50,0
2,0,2
0,0,0
14,1,13
2,5,-3
3,3,0
13,1,12
8,0,8
9,3,6
28,2,26
8,4,4
3,0,3
11,1,10
23,5,18
0,0,0
46,1,45
13,2,11
0,0,0
0,0,0
4,4,0
6,2,4
1,6,-5
16,3,13
4,1,3
1,6,-5
3,1,2
0,0,0
6,17,-11
24,0,24
0,0,0
4,1,3
61,25,36
9,7,2
30,0,30
8,3,5
2,0,2
12,0,12
0,0,0
7,1,6
2,4,-2
1,4,-3
0,2,-2
0,0,0
24,0,24
0,0,0
1,2,-1
2,1,1
0,0,0
12,3,9
1,0,1
10,3,7
1,0,1
10,8,2
9,2,7
1,0,1
16,4,12
2,4,-2
0,0,0
1,0,1
1,2,-1
5,4,1
1,0,1
7,2,5
14,11,3
20,2,18
1,0,1
0,0,0
1,2,-1
23,2,21
31,0,31
0,0,0
1,0,1
0,0,0
6,0,6
0,0,0
12,4,8
6,9,-3
4,0,4
7,1,6
3,8,-5
2,0,2
6,0,6
25,8,17
1,1,0
0,0,0
5,1,4
0,1,-1
2,1,1
8,5,3
1,1,0
3,1,2
3,7,-4
0,2,-2
2,0,2
7,4,3
5,2,3
2,3,-1
0,0,0
6,0,6
0,2,-2
3,1,2
11,4,7
21,0,21
2,3,-1
18,1,17
0,0,0
0,0,0
17,0,17
0,0,0
2,8,-6
1,2,-1
32,0,32
10,1,9
15,2,13
4,7,-3
5,0,5
1,13,-12
2,7,-5
18,18,0
6,0,6
12,0,12
25,0,25
1,1,0
2,2,0
43,13,30
7,3,4
3,0,3
6,1,5
0,0,0
7,3,4
0,0,0
6,0,6
47,0,47
12,0,12
50,9,41
4,1,3
1,0,1
8,8,0
1,0,1
8,0,8
4,1,3
17,0,17
6,0,6
0,0,0
2,0,2
17,2,15
0,0,0
0,0,0
1,1,0
0,0,0
13,1,12
30,30,0
1,1,0
1,0,1
0,0,0
0,12,-12
1,0,1
2,0,2
0,0,0
0,0,0
0,0,0
10,0,10
9,0,9
2,0,2
1,1,0
9,12,-3
8,4,4
2,10,-8
6,7,-1
0,0,0
3,10,-7
34,0,34
7,0,7
22,0,22
11,3,8
0,1,-1
4,2,2
16,1,15
14,0,14
0,0,0
0,1,-1
6,1,5
2,0,2
9,2,7
1,1,0
5,2,3
0,14,-14
3,0,3
5,1,4
8,4,4
7,0,7
2,0,2
7,0,7
14,0,14
0,0,0
4,0,4
3,0,3
1,0,1
0,4,-4
0,0,0
0,9,-9
7,0,7
0,2,-2
0,0,0
0,5,-5
6,1,5
2,2,0
16,3,13
0,0,0
27,1,26
0,0,0
2,0,2
2,6,-4
2,4,-2
0,0,0
1,0,1
0,0,0
13,5,8
1,1,0
3,6,-3
0,1,-1
0,0,0
30,0,30
0,1,-1
7,5,2
5,0,5
6,1,5
4,0,4
7,1,6
6,1,5
9,0,9
1,2,-1
1,2,-1
0,0,0
2,0,2
4,1,3
18,5,13
0,0,0
0,0,0
5,1,4
1,0,1
5,3,2
6,2,4
7,0,7
3,0,3
0,0,0
23,0,23
21,9,12
4,1,3
3,3,0
1,0,1
7,13,-6
9,1,8
14,0,14
36,1,35
3,3,0
17,1,16
6,1,5
0,0,0
2,1,1
14,2,12
4,1,3
0,0,0
0,1,-1
0,0,0
0,2,-2
10,1,9
0,0,0
3,0,3
11,5,6
1,0,1
2,0,2
18,1,17
12,2,10
12,7,5
2,0,2
2,0,2
5,0,5
1,2,-1
2,0,2
4,1,3
5,1,4
12,4,8
5,5,0
1,1,0
0,0,0
7,3,4
1,0,1
18,15,3
1,0,1
8,0,8
4,5,-1
5,1,4
10,8,2
5,0,5
8,5,3
4,1,3
11,10,1
10,0,10
5,2,3
6,1,5
1,0,1
0,0,0
5,2,3
27,0,27
2,25,-23
3,0,3
2,0,2
4,4,0
0,0,0
3,1,2
16,7,9
0,0,0
8,3,5
4,0,4
12,4,8
10,2,8
5,0,5
9,1,8
7,0,7
4,0,4
0,0,0
0,0,0
2,0,2
0,3,-3
4,0,4
9,0,9
2,1,1
30,3,27
0,0,0
3,9,-6
13,5,8
0,0,0
8,0,8
1,1,0
7,1,6
0,1,-1
1,0,1
1,0,1
5,1,4
1,50,-49
1,0,1
4,3,1
0,1,-1
9,0,9
23,0,23
12,4,8
4,0,4
5,8,-3
7,1,6
0,1,-1
33,0,33
5,2,3
12,0,12
46,3,43
2,1,1
15,2,13
0,1,-1
17,1,16
8,1,7
8,1,7
1,1,0
0,0,0
1,1,0
2,1,1
4,20,-16
0,2,-2
16,2,14
10,6,4
0,1,-1
4,12,-8
2,1,1
1,8,-7
0,0,0
1,1,0
7,0,7
1,0,1
1,19,-18
1,1,0
3,3,0
8,0,8
0,7,-7
1,0,1
0,2,-2
9,0,9
4,0,4
2,2,0
2,0,2
9,6,3
38,5,33
2,4,-2
1,1,0
14,2,12
7,0,7
7,13,-6
2,0,2
0,0,0
36,4,32
6,1,5
9,6,3
35,14,21
7,1,6
2,0,2
17,0,17
16,22,-6
0,0,0
27,0,27
32,0,32
1,0,1
6,0,6
3,0,3
0,17,-17
1,0,1
5,1,4
3,1,2
5,2,3
5,0,5
1,0,1
4,1,3
1,0,1
3,1,2
10,3,7
9,0,9
0,0,0
18,0,18
8,0,8
2,0,2
2,0,2
2,1,1
6,0,6
3,0,3
1,2,-1
4,0,4
2,0,2
10,0,10
1,1,0
3,0,3
4,19,-15
3,3,0
0,1,-1
5,0,5
2,0,2
1,0,1
4,1,3
1,4,-3
3,1,2
13,1,12
4,0,4
3,6,-3
2,0,2
1,0,1
1,0,1
0,0,0
1,4,-3
7,0,7
5,72,-67
8,1,7
24,0,24
3,8,-5
10,1,9
19,1,18
0,0,0
36,29,7
0,0,0
0,0,0
6,1,5
5,1,4
27,1,26
2,3,-1
22,1,21
10,7,3
1,1,0
2,0,2
16,3,13
0,0,0
10,4,6
2,0,2
0,0,0
0,0,0
9,1,8
11,7,4
3,0,3
11,0,11
0,0,0
0,10,-10
21,2,19
1,0,1
16,3,13
2,0,2
16,4,12
0,2,-2
5,0,5
8,0,8
14,0,14
0,0,0
37,0,37
6,1,5
5,2,3
13,2,11
11,0,11
1,4,-3
23,1,22
6,0,6
6,4,2
1,0,1
2,2,0
3,0,3
8,0,8
1,0,1
0,0,0
6,0,6
0,0,0
0,1,-1
4,0,4
14,2,12
2,0,2
14,1,13
34,8,26
41,31,10
4,0,4
0,0,0
11,14,-3
5,5,0
1,12,-11
2,0,2
2,4,-2
1,0,1
4,0,4
0,0,0
5,2,3
13,0,13
1,2,-1
7,1,6
3,0,3
19,4,15
39,0,39
10,10,0
0,0,0
2,0,2
0,1,-1
2,2,0
0,0,0
7,2,5
2,0,2
11,3,8
3,0,3
11,8,3
1,0,1
14,1,13
2,0,2
4,2,2
16,10,6
2,1,1
3,1,2
1,1,0
0,0,0
0,0,0
4,2,2
3,8,-5
1,0,1
6,0,6
1,2,-1
5,5,0
6,2,4
8,0,8
0,0,0
21,1,20
8,1,7
0,4,-4
1,1,0
0,1,-1
3,1,2
1,1,0
3,2,1
10,17,-7
3,0,3
16,0,16
0,0,0
0,2,-2
11,0,11
27,5,22
21,0,21
14,0,14
6,0,6
14,2,12
9,4,5
16,0,16
1,1,0
6,4,2
8,3,5
0,0,0
1,0,1
0,48,-48
0,1,-1
10,0,10
45,51,-6
2,0,2
71,71,0
13,10,3
6,9,-3
0,2,-2
9,0,9
0,0,0
1,4,-3
5,2,3
0,0,0
3,2,1
4,2,2
9,14,-5
2,4,-2
6,71,-65
1,1,0
8,5,3
0,0,0
2,0,2
6,20,-14
0,0,0
11,9,2
2,3,-1
18,0,18
6,1,5
17,17,0
0,1,-1
0,1,-1
113,113,0
15,13,2
1,1,0
0,0,0
26,2,24
72,72,0
0,0,0
7,4,3
2,1,1
8,4,4
12,0,12
1,3,-2
4,0,4
27,1,26
19,4,15
0,0,0
0,0,0
1,0,1
1,1,0
0,0,0
12,3,9
8,1,7
0,1,-1
1,0,1
0,0,0
1,2,-1
3,0,3
2,1,1
2,0,2
20,0,20
4,0,4
1,0,1
1,1,0
5,0,5
1,1,0
0,1,-1
1,0,1
9,1,8
14,1,13
4,0,4
0,1,-1
14,0,14
8,5,3
1,0,1
3,0,3
18,0,18
8,3,5
16,0,16
0,0,0
1,1,0
2,0,2
2,0,2
2,0,2
8,0,8
3,0,3
3,12,-9
10,5,5
0,0,0
35,0,35
1,0,1
4,2,2
4,0,4
3,4,-1
5,0,5
0,0,0
10,0,10
0,0,0
8,0,8
10,22,-12
0,0,0
2,0,2
0,0,0
6,9,-3
3,3,0
0,5,-5
0,0,0
5,4,1
2,1,1
37,53,-16
6,3,3
3,0,3
3,1,2
13,1,12
1,5,-4
5,0,5
0,0,0
14,3,11
1,1,0
7,0,7
8,6,2
34,2,32
0,0,0
1,0,1
7,0,7
12,0,12
6,9,-3
1,0,1
0,0,0
4,2,2
5,21,-16
0,2,-2
14,0,14
0,0,0
31,1,30
8,2,6
12,0,12
1,0,1
1,0,1
0,0,0
1,0,1
10,1,9
2,0,2
0,0,0
5,0,5
2,3,-1
11,0,11
2,0,2
2,0,2
19,0,19
0,0,0
8,17,-9
12,4,8
17,1,16
0,0,0
12,3,9
1,3,-2
0,0,0
0,0,0
10,9,1
0,6,-6
12,1,11
1,0,1
8,0,8
8,5,3
3,0,3
0,0,0
12,0,12
4,1,3
1,2,-1
2,2,0
5,0,5
8,4,4
6,3,3
6,1,5
0,0,0
4,8,-4
0,0,0
12,8,4
1,0,1
2,1,1
3,0,3
1,0,1
0,0,0
5,4,1
8,11,-3
5,4,1
1,2,-1
3,1,2
3,0,3
4,0,4
0,0,0
37,1,36
0,0,0
21,17,4
0,0,0
1,0,1
12,0,12
2,0,2
3,0,3
4,4,0
4,2,2
0,0,0
5,1,4
22,2,20
1,0,1
1,0,1
4,1,3
5,1,4
0,1,-1
0,0,0
3,0,3
2,2,0
1,5,-4
0,0,0
6,3,3
2,2,0
1,0,1
1,1,0
15,3,12
3,2,1
1,3,-2
4,5,-1
0,2,-2
4,2,2
8,0,8
9,0,9
6,4,2
10,5,5
0,0,0
0,0,0
5,0,5
8,2,6
4,13,-9
1,0,1
1,0,1
1,0,1
1,0,1
18,1,17
11,1,10
1,0,1
0,0,0
8,13,-5
8,30,-22
0,2,-2
4,0,4
0,5,-5
36,21,15
1,0,1
9,6,3
0,0,0
2,0,2
8,2,6
3,0,3
5,0,5
44,30,14
4,1,3
8,1,7
5,1,4
5,1,4
8,8,0
1,1,0
8,0,8
2,0,2
6,1,5
0,1,-1
0,0,0
47,0,47
1,0,1
9,0,9
0,0,0
0,0,0
12,1,11
1,1,0
13,13,0
0,0,0
6,0,6
42,1,41
1,0,1
4,1,3
6,0,6
3,0,3
4,5,-1
28,59,-31
40,3,37
9,0,9
5,2,3
0,2,-2
0,0,0
1,0,1
5,2,3
2,0,2
0,0,0
0,2,-2
9,2,7
2,1,1
3,3,0
0,0,0
4,6,-2
1,0,1
8,1,7
1,1,0
0,2,-2
4,17,-13
0,1,-1
3,2,1
5,1,4
3,0,3
2,1,1
0,0,0
0,0,0
0,1,-1
0,0,0
0,0,0
0,0,0
7,0,7
4,0,4
0,0,0
5,0,5
14,0,14
2,2,0
3,0,3
0,0,0
2,74,-72
5,0,5
3,3,0
0,1,-1
0,2,-2
1,25,-24
0,0,0
1,0,1
1,0,1
17,1,16
36,16,20
1,0,1
9,3,6
3,1,2
1,1,0
0,0,0
4,1,3
8,0,8
0,1,-1
3,0,3
6,0,6
4,0,4
6,0,6
5,0,5
17,0,17
24,2,22
0,0,0
1,1,0
36,15,21
13,5,8
21,2,19
5,1,4
3,7,-4
3,1,2
1,0,1
2,0,2
1,0,1
10,6,4
2,1,1
1,0,1
4,49,-45
6,0,6
0,4,-4
10,2,8
7,1,6
0,0,0
0,0,0
24,0,24
0,0,0
7,0,7
1,7,-6
2,0,2
4,2,2
1,0,1
1,0,1
13,1,12
1,0,1
1,5,-4
2,4,-2
0,2,-2
0,1,-1
3,0,3
0,0,0
4,0,4
5,0,5
11,5,6
1,0,1
8,1,7
5,0,5
1,0,1
0,0,0
5,1,4
2,0,2
14,3,11
1,0,1
4,3,1
3,21,-18
7,0,7
0,1,-1
10,17,-7
1,4,-3
3,5,-2
23,1,22
8,2,6
2,2,0
5,1,4
12,2,10
1,1,0
0,0,0
7,0,7
1,0,1
0,0,0
3,0,3
3,6,-3
0,0,0
5,1,4
0,0,0
13,0,13
0,0,0
1,0,1
4,2,2
6,0,6
24,8,16
4,4,0
6,7,-1
0,1,-1
0,0,0
0,5,-5
10,0,10
0,1,-1
4,8,-4
0,0,0
1,0,1
6,0,6
12,1,11
8,1,7
8,1,7
3,5,-2
21,6,15
0,1,-1
0,0,0
0,0,0
5,1,4
1,0,1
0,0,0
6,1,5
6,0,6
23,1,22
4,5,-1
16,71,-55
7,0,7
7,1,6
0,0,0
1,7,-6
4,5,-1
7,1,6
23,1,22
1,2,-1
1,0,1
0,0,0
0,0,0
0,0,0
2,1,1
3,4,-1
22,5,17
14,6,8
14,5,9
2,0,2
8,0,8
5,0,5
21,1,20
2,0,2
12,0,12
13,17,-4
42,0,42
0,0,0
1,0,1
1,0,1
21,20,1
36,2,34
4,1,3
51,4,47
4,4,0
0,0,0
5,4,1
3,1,2
3,6,-3
2,0,2
7,2,5
4,0,4
2,0,2
7,4,3
3,1,2
0,3,-3
4,1,3
0,6,-6
9,8,1
2,1,1
5,0,5
16,13,3
7,1,6
4,5,-1
0,0,0
0,0,0
1,0,1
8,6,2
2,10,-8
7,0,7
0,0,0
0,0,0
5,0,5
1,0,1
12,3,9
0,0,0
9,4,5
3,4,-1
12,3,9
7,0,7
0,0,0
2,0,2
0,0,0
7,1,6
9,12,-3
6,4,2
6,6,0
3,0,3
4,1,3
0,0,0
20,14,6
9,2,7
3,3,0
1,5,-4
6,7,-1
9,0,9
1,0,1
8,1,7
0,2,-2
2,0,2
0,2,-2
8,4,4
12,7,5
3,0,3
0,0,0
1,0,1
3,0,3
1,1,0
3,0,3
3,0,3
2,29,-27
4,4,0
3,0,3
1,1,0
0,0,0
5,1,4
0,0,0
20,0,20
1,0,1
1,1,0
4,2,2
3,0,3
3,2,1
9,5,4
4,2,2
0,0,0
0,1,-1
1,0,1
18,65,-47
0,1,-1
6,0,6
0,0,0
1,1,0
2,3,-1
10,2,8
0,0,0
3,1,2
6,0,6
0,0,0
31,5,26
1,1,0
1,0,1
4,0,4
5,0,5
0,0,0
11,4,7
1,0,1
8,0,8
2,2,0
4,2,2
4,0,4
14,12,2
7,3,4
0,0,0
21,5,16
0,0,0
0,31,-31
1,4,-3
17,1,16
9,7,2
6,0,6
0,0,0
0,0,0
11,0,11
0,0,0
4,4,0
5,1,4
1,1,0
0,5,-5
33,0,33
9,2,7
0,0,0
6,0,6
4,22,-18
2,1,1
0,0,0
20,3,17
2,0,2
9,65,-56
0,77,-77
0,0,0
0,0,0
13,0,13
3,6,-3
22,0,22
9,0,9
7,4,3
1,1,0
1,0,1
3,4,-1
1,0,1
1,0,1
43,42,1
2,0,2
0,2,-2
24,18,6
1,1,0
3,0,3
5,2,3
1,0,1
0,1,-1
2,0,2
2,0,2
12,1,11
17,1,16
0,0,0
33,13,20
10,1,9
2,0,2
7,0,7
0,0,0
11,0,11
2,0,2
0,78,-78
0,0,0
3,4,-1
2,1,1
22,0,22
1,0,1
10,0,10
0,0,0
49,2,47
6,1,5
13,0,13
3,17,-14
1,0,1
0,1,-1
0,0,0
4,3,1
23,3,20
5,5,0
5,1,4
5,5,0
9,3,6
4,0,4
0,0,0
7,0,7
6,1,5
11,5,6
40,23,17
19,7,12
0,0,0
13,0,13
33,0,33
15,0,15
1,0,1
1,0,1
14,4,10
1,7,-6
26,1,25
0,0,0
0,0,0
3,4,-1
0,0,0
3,1,2
6,1,5
4,0,4
3,2,1
0,0,0
1,0,1
1,3,-2
0,0,0
6,1,5
3,0,3
0,0,0
14,1,13
16,11,5
5,0,5
0,0,0
5,7,-2
6,4,2
3,3,0
1,0,1
2,4,-2
1,1,0
3,0,3
0,0,0
4,1,3
10,0,10
6,1,5
1,0,1
1,4,-3
25,5,20
8,1,7
0,1,-1
14,0,14
15,4,11
5,2,3
7,0,7
13,13,0
21,0,21
11,0,11
0,2,-2
12,1,11
2,4,-2
0,0,0
1,1,0
2,0,2
14,5,9
1,1,0
0,0,0
2,2,0
1,0,1
33,1,32
2,4,-2
2,0,2
2,0,2
2,0,2
17,1,16
12,20,-8
10,20,-10
14,14,0
2,0,2
3,2,1
0,0,0
0,1,-1
14,20,-6
1,1,0
39,4,35
4,0,4
5,29,-24
14,1,13
20,5,15
0,0,0
0,5,-5
1,0,1
2,4,-2
57,35,22
0,0,0
0,0,0
24,0,24
21,2,19
7,3,4
2,12,-10
12,1,11
2,0,2
1,0,1
1,1,0
10,18,-8
0,8,-8
1,0,1
4,5,-1
0,1,-1
1,0,1
4,1,3
4,10,-6
6,0,6
0,0,0
9,0,9
6,4,2
11,1,10
4,3,1
2,1,1
43,1,42
1,17,-16
0,3,-3
8,5,3
0,5,-5
4,4,0
4,0,4
2,0,2
8,1,7
2,0,2
7,0,7
6,6,0
7,0,7
7,1,6
3,0,3
0,0,0
2,0,2
2,3,-1
0,0,0
3,5,-2
4,0,4
2,1,1
12,5,7
3,1,2
25,0,25
17,6,11
10,1,9
16,2,14
2,0,2
0,0,0
0,1,-1
1,0,1
3,0,3
9,3,6
0,0,0
2,1,1
0,0,0
4,0,4
2,1,1
1,0,1
17,1,16
10,4,6
0,0,0
0,0,0
12,7,5
9,11,-2
5,3,2
2,0,2
2,2,0
16,5,11
0,1,-1
11,10,1
0,0,0
7,1,6
17,6,11
4,1,3
4,0,4
0,0,0
13,51,-38
6,2,4
8,6,2
4,7,-3
6,2,4
2,29,-27
6,2,4
6,1,5
5,2,3
15,2,13
33,5,28
3,5,-2
8,0,8
0,0,0
0,10,-10
3,0,3
0,1,-1
4,0,4
3,1,2
6,4,2
4,0,4
1,1,0
0,0,0
1,1,0
28,77,-49
1,7,-6
5,1,4
2,0,2
14,4,10
0,1,-1
12,4,8
11,3,8
0,0,0
0,0,0
27,0,27
6,0,6
0,0,0
8,8,0
5,3,2
10,2,8
10,7,3
3,0,3
5,1,4
5,9,-4
27,1,26
26,4,22
6,4,2
7,1,6
21,3,18
8,5,3
4,0,4
1,0,1
14,0,14
15,0,15
25,10,15
0,0,0
2,2,0
7,1,6
8,0,8
2,2,0
0,0,0
7,0,7
23,6,17
13,13,0
42,1,41
4,4,0
0,0,0
8,1,7
6,4,2
3,2,1
2,0,2
0,3,-3
0,5,-5
0,0,0
19,1,18
16,0,16
26,4,22
3,0,3
45,0,45
0,5,-5
1,0,1
0,0,0
1,2,-1
3,0,3
3,0,3
12,35,-23
4,1,3
2,8,-6
6,2,4
8,1,7
24,48,-24
7,10,-3
4,2,2
0,0,0
7,0,7
45,1,44
5,8,-3
9,1,8
7,2,5
30,1,29
0,0,0
2,1,1
2,9,-7
3,1,2
4,0,4
4,0,4
4,4,0
0,0,0
9,0,9
0,2,-2
0,2,-2
8,0,8
1,3,-2
2,0,2
8,2,6
2,2,0
6,11,-5
14,0,14
3,5,-2
2,3,-1
5,12,-7
22,1,21
13,1,12
14,0,14
0,0,0
3,37,-34
6,0,6
2,4,-2
1,3,-2
12,0,12
23,25,-2
8,10,-2
3,0,3
2,0,2
0,0,0
1,0,1
20,6,14
5,0,5
1,0,1
0,0,0
1,0,1
17,4,13
8,1,7
5,0,5
2,28,-26
32,1,31
2,0,2
2,12,-10
5,10,-5
15,11,4
28,0,28
0,0,0
2,3,-1
0,0,0
2,1,1
29,0,29
8,3,5
0,0,0
0,0,0
6,0,6
2,0,2
0,0,0
32,0,32
3,2,1
6,6,0
3,0,3
5,0,5
11,1,10
16,2,14
0,0,0
1,2,-1
9,5,4
2,0,2
3,0,3
32,0,32
3,1,2
0,1,-1
60,38,22
0,0,0
0,0,0
4,0,4
0,3,-3
0,0,0
0,0,0
11,7,4
12,16,-4
10,6,4
0,0,0
2,0,2
0,0,0
2,0,2
0,0,0
2,0,2
11,4,7
14,0,14
8,3,5
5,6,-1
6,49,-43
5,1,4
2,4,-2
19,1,18
1,0,1
1,0,1
0,1,-1
0,0,0
2,3,-1
2,0,2
1,0,1
6,0,6
16,1,15
14,0,14
2,0,2
1,1,0
22,0,22
14,1,13
4,1,3
19,6,13
1,2,-1
1,0,1
11,1,10
11,52,-41
12,11,1
20,0,20
13,10,3
14,0,14
1,0,1
48,48,0
2,2,0
2,1,1
1,2,-1
0,0,0
25,3,22
43,45,-2
12,8,4
5,5,0
14,2,12
0,0,0
0,0,0
1,60,-59
23,0,23
4,0,4
2,5,-3
7,3,4
2,0,2
135,0,135
18,0,18
11,2,9
3,0,3
2,6,-4
3,1,2
0,0,0
4,0,4
2,0,2
114,8,106
0,0,0
0,0,0
1,1,0
0,0,0
15,0,15
1,0,1
1,0,1
1,0,1
13,0,13
0,0,0
17,11,6
11,9,2
0,0,0
6,1,5
15,0,15
19,1,18
16,0,16
20,4,16
6,42,-36
84,31,53
0,1,-1
0,1,-1
2,5,-3
4,1,3
1,5,-4
11,3,8
3,0,3
0,0,0
9,45,-36
1,0,1
0,0,0
0,0,0
0,0,0
0,0,0
7,68,-61
15,2,13
0,0,0
3,3,0
4,0,4
3,0,3
4,2,2
1,0,1
14,4,10
6,1,5
1,5,-4
2,0,2
27,0,27
1,0,1
8,2,6
3,0,3
1,0,1
5,0,5
2,0,2
2,0,2
7,1,6
0,0,0
0,1,-1
11,0,11
1,5,-4
0,0,0
0,0,0
9,0,9
19,0,19
7,5,2
1,0,1
4,1,3
1,0,1
3,5,-2
3,8,-5
6,7,-1
5,4,1
2,0,2
17,13,4
5,0,5
7,0,7
0,0,0
0,0,0
7,1,6
42,0,42
6,5,1
0,0,0
0,2,-2
0,0,0
3,0,3
16,1,15
0,1,-1
3,7,-4
1,0,1
1,1,0
3,0,3
4,2,2
5,4,1
0,1,-1
22,1,21
2,3,-1
0,2,-2
3,0,3
14,1,13
2,9,-7
10,2,8
1,0,1
7,0,7
2,1,1
6,1,5
0,0,0
1,1,0
1,2,-1
7,1,6
0,0,0
0,0,0
0,0,0
0,0,0
1,0,1
4,0,4
31,0,31
5,3,2
1,1,0
0,0,0
14,4,10
3,4,-1
0,0,0
9,0,9
2,4,-2
0,4,-4
7,22,-15
3,1,2
7,2,5
10,0,10
0,0,0
2,0,2
15,0,15
2,6,-4
1,0,1
16,2,14
11,5,6
3,1,2
0,0,0
8,5,3
4,0,4
11,1,10
11,13,-2
1,0,1
3,0,3
4,4,0
3,1,2
0,1,-1
6,4,2
1,0,1
0,1,-1
5,2,3
0,0,0
9,1,8
9,0,9
1,1,0
26,31,-5
13,0,13
1,1,0
2,1,1
4,0,4
1,0,1
0,3,-3
0,0,0
8,8,0
2,1,1
2,3,-1
0,2,-2
9,8,1
0,0,0
0,0,0
45,45,0
4,2,2
3,0,3
5,13,-8
14,21,-7
0,1,-1
7,6,1
5,0,5
5,0,5
12,1,11
3,2,1
8,3,5
42,0,42
3,1,2
3,0,3
11,2,9
7,0,7
6,1,5
1,0,1
20,9,11
18,29,-11
9,1,8
7,15,-8
19,1,18
1,0,1
8,1,7
3,1,2
3,2,1
8,1,7
11,0,11
6,2,4
11,2,9
4,2,2
6,0,6
7,0,7
2,1,1
0,1,-1
5,0,5
3,2,1
1,0,1
1,4,-3
8,0,8
4,0,4
4,0,4
1,0,1
3,2,1
4,1,3
0,0,0
8,0,8
2,0,2
0,1,-1
31,30,1
5,0,5
5,1,4
7,2,5
1,7,-6
0,0,0
10,3,7
11,8,3
9,6,3
0,0,0
4,2,2
3,0,3
0,0,0
1,1,0
6,1,5
11,0,11
1,3,-2
0,0,0
57,57,0
16,5,11
4,6,-2
2,0,2
7,2,5
2,0,2
5,1,4
0,0,0
1,0,1
4,0,4
2,2,0
0,0,0
2,0,2
7,1,6
6,0,6
5,0,5
10,6,4
6,1,5
9,0,9
2,0,2
4,1,3
0,1,-1
44,44,0
1,0,1
0,1,-1
2,1,1
13,7,6
2,0,2
1,22,-21
44,11,33
4,1,3
5,1,4
13,2,11
14,14,0
0,1,-1
3,0,3
1,3,-2
5,0,5
2,0,2
0,0,0
1,0,1
20,0,20
3,0,3
1,1,0
3,2,1
2,10,-8
1,0,1
4,0,4
6,0,6
18,14,4
0,0,0
13,13,0
2,0,2
8,3,5
8,43,-35
0,1,-1
4,0,4
2,0,2
0,0,0
13,0,13
0,1,-1
1,0,1
3,4,-1
31,35,-4
18,6,12
6,5,1
16,0,16
0,0,0
5,0,5
6,12,-6
4,3,1
0,0,0
20,0,20
4,1,3
9,2,7
0,0,0
2,1,1
17,5,12
1,2,-1
3,17,-14
0,2,-2
0,0,0
17,0,17
3,0,3
13,4,9
2,0,2
0,0,0
12,1,11
3,0,3
4,2,2
3,4,-1
0,0,0
2,0,2
3,0,3
3,4,-1
1,2,-1
17,2,15
3,2,1
7,1,6
0,4,-4
0,0,0
3,2,1
1,0,1
5,1,4
18,0,18
2,0,2
2,0,2
4,4,0
36,1,35
0,1,-1
8,0,8
0,0,0
4,4,0
2,4,-2
4,0,4
5,0,5
3,0,3
18,0,18
2,1,1
10,5,5
13,30,-17
2,5,-3
0,0,0
5,1,4
0,1,-1
0,0,0
16,12,4
7,0,7
9,1,8
4,2,2
1,1,0
0,0,0
9,0,9
8,0,8
1,4,-3
0,1,-1
3,1,2
5,2,3
0,0,0
7,8,-1
1,9,-8
14,2,12
4,1,3
0,0,0
33,0,33
4,0,4
6,4,2
7,2,5
5,3,2
0,0,0
4,0,4
1,0,1
1,0,1
1,0,1
0,2,-2
0,0,0
7,0,7
5,0,5
1,0,1
1,0,1
1,2,-1
5,0,5
0,0,0
0,1,-1
1,1,0
0,0,0
2,0,2
28,1,27
3,4,-1
12,0,12
6,6,0
6,0,6
5,1,4
4,0,4
6,4,2
10,0,10
14,22,-8
5,0,5
15,5,10
0,0,0
2,2,0
2,8,-6
6,5,1
23,0,23
4,0,4
6,5,1
33,12,21
3,0,3
4,1,3
10,2,8
0,2,-2
1,0,1
6,14,-8
17,11,6
0,0,0
17,13,4
18,2,16
10,0,10
23,1,22
10,4,6
2,2,0
2,0,2
2,0,2
23,0,23
0,0,0
18,0,18
0,0,0
1,17,-16
2,0,2
8,3,5
20,6,14
6,3,3
26,8,18
0,0,0
29,0,29
8,9,-1
2,4,-2
1,0,1
3,2,1
4,8,-4
0,0,0
6,0,6
17,0,17
4,1,3
1,1,0
9,2,7
3,0,3
1,1,0
10,0,10
15,6,9
5,0,5
6,17,-11
0,0,0
0,1,-1
8,14,-6
2,0,2
3,0,3
0,0,0
20,1,19
2,1,1
4,0,4
9,2,7
7,0,7
9,5,4
13,0,13
1,0,1
5,0,5
0,0,0
13,2,11
0,4,-4
0,0,0
11,1,10
8,0,8
3,5,-2
9,5,4
3,1,2
0,0,0
9,2,7
12,1,11
13,13,0
22,0,22
13,12,1
0,0,0
2,2,0
1,0,1
1,0,1
4,1,3
2,0,2
6,2,4
8,10,-2
3,1,2
3,0,3
0,1,-1
56,9,47
5,1,4
6,8,-2
0,0,0
0,0,0
0,0,0
9,2,7
0,0,0
24,1,23
9,1,8
2,0,2
1,0,1
2,0,2
101,101,0
2,2,0
20,2,18
11,1,10
1,0,1
5,2,3
3,0,3
13,16,-3
3,0,3
12,0,12
5,0,5
3,0,3
6,0,6
2,0,2
8,8,0
1,0,1
16,0,16
6,2,4
0,1,-1
5,10,-5
7,0,7
6,2,4
9,14,-5
0,25,-25
2,0,2
1,0,1
0,0,0
19,13,6
4,4,0
7,18,-11
5,6,-1
4,1,3
6,1,5
11,16,-5
5,1,4
0,0,0
21,3,18
5,0,5
2,0,2
4,1,3
3,1,2
16,0,16
2,5,-3
3,1,2
5,4,1
0,8,-8
0,0,0
7,3,4
4,1,3
7,0,7
1,0,1
2,2,0
1,0,1
8,0,8
6,1,5
1,2,-1
21,21,0
3,1,2
6,1,5
5,3,2
18,0,18
0,0,0
0,1,-1
7,10,-3
0,2,-2
0,0,0
6,11,-5
1,1,0
1,2,-1
1,1,0
1,2,-1
13,9,4
7,0,7
0,0,0
5,8,-3
1,0,1
17,1,16
0,2,-2
5,0,5
0,0,0
9,2,7
0,0,0
11,9,2
11,1,10
5,0,5
1,5,-4
0,2,-2
1,0,1
7,4,3
0,0,0
0,0,0
11,0,11
1,2,-1
0,0,0
1,1,0
1,1,0
2,3,-1
6,8,-2
0,0,0
2,0,2
20,0,20
9,14,-5
0,2,-2
2,0,2
11,5,6
25,49,-24
13,1,12
7,8,-1
12,2,10
0,1,-1
10,0,10
22,0,22
1,0,1
7,1,6
18,9,9
2,7,-5
6,0,6
15,10,5
0,0,0
2,1,1
0,0,0
0,0,0
1,1,0
10,2,8
0,1,-1
15,13,2
6,0,6
2,1,1
3,2,1
37,50,-13
21,0,21
1,2,-1
0,0,0
0,4,-4
36,3,33
0,0,0
1,0,1
45,25,20
0,0,0
11,0,11
3,3,0
1,0,1
1,0,1
5,7,-2
1,1,0
3,1,2
0,4,-4
1,0,1
4,19,-15
3,0,3
11,1,10
10,8,2
16,3,13
8,0,8
2,12,-10
1,1,0
12,3,9
4,0,4
1,0,1
0,0,0
6,1,5
0,0,0
7,10,-3
2,14,-12
0,0,0
24,15,9
55,2,53
5,2,3
1,1,0
12,4,8
0,0,0
1,0,1
6,0,6
4,0,4
34,10,24
0,0,0
0,0,0
18,3,15
18,0,18
1,0,1
2,0,2
5,0,5
20,5,15
1,0,1
1,9,-8
19,1,18
11,0,11
15,7,8
23,0,23
18,0,18
5,2,3
0,0,0
0,18,-18
14,4,10
1,1,0
5,0,5
5,1,4
20,0,20
10,8,2
2,0,2
4,0,4
5,0,5
0,0,0
5,7,-2
13,16,-3
0,2,-2
0,0,0
9,4,5
2,0,2
0,0,0
19,14,5
11,45,-34
0,2,-2
2,1,1
3,0,3
0,0,0
75,1,74
11,0,11
21,1,20
10,0,10
1,0,1
8,0,8
7,0,7
0,0,0
3,0,3
4,1,3
8,0,8
4,1,3
1,0,1
5,4,1
0,0,0
10,0,10
0,1,-1
9,1,8
13,4,9
0,0,0
1,2,-1
0,0,0
16,5,11
5,1,4
0,7,-7
5,1,4
0,1,-1
0,0,0
8,2,6
5,0,5
0,0,0
3,4,-1
6,0,6
24,0,24
0,0,0
27,11,16
1,1,0
0,0,0
0,0,0
62,31,31
0,0,0
22,4,18
5,4,1
0,3,-3
12,5,7
2,7,-5
4,0,4
8,1,7
5,1,4
5,0,5
6,0,6
0,0,0
51,2,49
0,0,0
16,2,14
7,5,2
5,2,3
5,4,1
1,2,-1
0,2,-2
5,5,0
7,0,7
14,1,13
0,0,0
10,1,9
0,0,0
14,1,13
0,0,0
10,0,10
0,1,-1
1,0,1
1,1,0
3,0,3
5,0,5
0,0,0
4,5,-1
3,0,3
0,0,0
8,1,7
3,0,3
10,6,4
20,1,19
6,4,2
13,0,13
1,0,1
19,11,8
35,7,28
2,0,2
6,1,5
8,1,7
4,59,-55
4,3,1
9,6,3
1,0,1
19,2,17
0,1,-1
1,1,0
4,0,4
0,0,0
1,0,1
0,0,0
19,0,19
3,0,3
5,17,-12
3,1,2
0,0,0
0,0,0
6,2,4
14,1,13
1,0,1
0,0,0
14,0,14
1,1,0
1,1,0
7,3,4
0,12,-12
9,2,7
0,0,0
31,0,31
5,1,4
46,0,46
19,0,19
6,15,-9
1,2,-1
4,1,3
8,0,8
10,2,8
3,2,1
21,49,-28
16,11,5
6,3,3
7,5,2
0,1,-1
22,0,22
4,0,4
25,1,24
30,9,21
3,2,1
6,0,6
5,5,0
0,0,0
9,1,8
5,4,1
12,21,-9
2,0,2
5,0,5
6,0,6
6,9,-3
0,1,-1
0,0,0
0,0,0
10,0,10
2,0,2
7,5,2
29,0,29
7,0,7
1,2,-1
11,13,-2
1,0,1
2,4,-2
1,2,-1
1,0,1
0,0,0
19,6,13
10,6,4
3,4,-1
2,1,1
12,3,9
5,3,2
1,0,1
8,1,7
4,1,3
2,0,2
10,6,4
11,18,-7
10,0,10
1,0,1
39,2,37
5,3,2
2,1,1
5,0,5
0,2,-2
1,0,1
18,1,17
1,4,-3
0,0,0
20,14,6
6,0,6
12,3,9
2,0,2
4,5,-1
8,2,6
50,0,50
9,0,9
0,0,0
1,0,1
2,4,-2
16,0,16
0,0,0
4,7,-3
11,0,11
9,1,8
0,1,-1
43,13,30
7,1,6
1,36,-35
1,1,0
8,1,7
19,16,3
0,3,-3
3,0,3
0,0,0
0,0,0
4,0,4
1,0,1
0,0,0
9,1,8
7,1,6
0,0,0
13,1,12
31,10,21
14,33,-19
1,0,1
0,0,0
27,5,22
9,0,9
43,16,27
2,1,1
5,0,5
11,0,11
2,0,2
8,4,4
2,0,2
0,0,0
14,13,1
7,0,7
5,0,5
2,0,2
4,17,-13
6,4,2
6,4,2
2,0,2
2,9,-7
2,0,2
9,0,9
3,0,3
10,3,7
12,5,7
0,0,0
1,8,-7
3,5,-2
0,0,0
2,2,0
0,1,-1
0,18,-18
4,2,2
0,17,-17
7,1,6
3,1,2
13,11,2
26,14,12
3,0,3
11,0,11
0,1,-1
61,67,-6
5,0,5
7,0,7
17,3,14
0,0,0
9,1,8
12,1,11
5,59,-54
0,0,0
2,1,1
9,1,8
9,0,9
1,8,-7
6,0,6
5,2,3
60,2,58
4,0,4
2,2,0
1,2,-1
3,1,2
21,11,10
0,0,0
0,0,0
0,0,0
0,0,0
77,12,65
0,0,0
0,0,0
1,0,1
2,0,2
0,0,0
14,4,10
0,0,0
3,4,-1
7,0,7
3,7,-4
0,0,0
5,0,5
15,1,14
18,2,16
0,0,0
1,0,1
0,0,0
10,10,0
1,0,1
10,0,10
6,0,6
5,5,0
2,2,0
3,3,0
0,2,-2
13,0,13
7,2,5
9,1,8
7,0,7
11,1,10
1,0,1
1,1,0
3,7,-4
5,0,5
10,11,-1
4,1,3
10,0,10
2,1,1
5,0,5
11,10,1
4,2,2
1,0,1
4,5,-1
4,0,4
13,0,13
2,0,2
55,1,54
19,1,18
1,2,-1
3,0,3
0,0,0
1,4,-3
4,1,3
18,1,17
2,1,1
18,1,17
1,0,1
0,2,-2
0,1,-1
26,20,6
0,2,-2
5,45,-40
0,0,0
8,0,8
1,0,1
0,0,0
5,5,0
3,2,1
3,3,0
6,0,6
2,2,0
12,1,11
5,0,5
8,5,3
2,0,2
16,0,16
0,0,0
0,1,-1
10,0,10
2,5,-3
34,2,32
7,1,6
2,1,1
4,0,4
0,0,0
1,0,1
0,0,0
0,3,-3
0,0,0
7,0,7
2,0,2
34,2,32
18,0,18
28,9,19
24,8,16
2,1,1
9,4,5
6,1,5
5,0,5
5,14,-9
19,2,17
0,1,-1
0,1,-1
20,1,19
1,1,0
9,0,9
2,0,2
6,13,-7
0,0,0
11,4,7
5,2,3
0,2,-2
13,4,9
3,0,3
0,0,0
0,0,0
3,2,1
3,1,2
4,3,1
2,1,1
6,2,4
25,2,23
10,0,10
12,2,10
0,0,0
4,0,4
3,1,2
5,2,3
6,2,4
5,0,5
3,4,-1
1,0,1
6,0,6
4,1,3
5,0,5
14,0,14
12,0,12
0,0,0
11,0,11
17,2,15
5,6,-1
15,10,5
1,0,1
23,0,23
8,2,6
8,0,8
6,0,6
0,0,0
4,0,4
3,0,3
0,0,0
14,4,10
7,2,5
13,0,13
2,0,2
4,0,4
0,0,0
1,4,-3
1,1,0
0,0,0
4,1,3
0,3,-3
1,1,0
13,0,13
20,1,19
6,1,5
26,3,23
0,0,0
6,1,5
19,13,6
1,8,-7
0,0,0
7,2,5
4,1,3
10,0,10
11,0,11
11,8,3
0,0,0
24,2,22
6,2,4
2,1,1
1,0,1
16,4,12
4,0,4
1,1,0
0,0,0
1,0,1
3,0,3
0,0,0
5,4,1
0,0,0
0,0,0
3,0,3
12,3,9
5,1,4
9,2,7
9,3,6
37,7,30
5,1,4
7,8,-1
8,1,7
1,0,1
6,0,6
0,7,-7
18,18,0
13,0,13
0,0,0
1,0,1
0,0,0
0,0,0
1,0,1
0,5,-5
12,3,9
9,4,5
2,0,2
1,5,-4
14,1,13
0,0,0
3,4,-1
21,5,16
7,1,6
5,0,5
6,12,-6
3,1,2
13,80,-67
0,0,0
10,4,6
4,2,2
7,1,6
0,14,-14
0,1,-1
25,0,25
1,0,1
0,1,-1
0,2,-2
2,0,2
5,0,5
10,2,8
0,1,-1
18,2,16
7,5,2
1,0,1
12,12,0
4,4,0
0,0,0
0,0,0
1,1,0
4,1,3
0,0,0
0,2,-2
2,0,2
1,2,-1
2,1,1
11,1,10
5,2,3
0,1,-1
0,1,-1
5,2,3
6,0,6
0,0,0
0,0,0
3,0,3
42,14,28
2,0,2
0,1,-1
4,1,3
0,0,0
32,29,3
0,0,0
2,8,-6
54,0,54
6,1,5
0,0,0
22,0,22
4,0,4
2,0,2
1,0,1
2,0,2
0,0,0
0,2,-2
18,18,0
7,1,6
4,1,3
4,0,4
8,0,8
2,2,0
7,4,3
11,4,7
2,0,2
1,0,1
7,0,7
0,0,0
0,0,0
3,1,2
1,0,1
9,1,8
0,0,0
6,8,-2
5,0,5
0,0,0
0,0,0
1,1,0
1,4,-3
24,0,24
4,1,3
5,5,0
0,2,-2
10,1,9
10,1,9
0,0,0
12,5,7
5,3,2
0,0,0
38,38,0
5,1,4
9,4,5
2,0,2
1,0,1
4,3,1
1,2,-1
24,4,20
6,12,-6
1,0,1
2,0,2
27,8,19
0,0,0
4,0,4
11,3,8
0,0,0
8,0,8
6,0,6
0,0,0
8,1,7
1,1,0
10,0,10
10,0,10
4,1,3
1,2,-1
1,1,0
2,6,-4
11,0,11
0,0,0
23,2,21
0,0,0
5,0,5
34,8,26
26,1,25
0,8,-8
3,1,2
16,2,14
14,8,6
11,1,10
7,0,7
0,0,0
2,1,1
0,0,0
0,0,0
7,1,6
13,1,12
2,2,0
2,0,2
8,2,6
2,1,1
5,0,5
2,0,2
0,0,0
40,1,39
3,0,3
13,8,5
1,0,1
1,6,-5
6,4,2
3,5,-2
6,1,5
0,0,0
2,1,1
1,0,1
0,0,0
2,2,0
2,0,2
6,0,6
1,0,1
0,0,0
6,4,2
0,2,-2
0,0,0
10,0,10
8,0,8
0,0,0
0,1,-1
33,0,33
0,0,0
4,0,4
66,0,66
0,0,0
17,4,13
3,0,3
0,0,0
0,1,-1
1,3,-2
3,0,3
5,0,5
3,0,3
15,8,7
5,2,3
7,0,7
10,0,10
7,0,7
5,0,5
3,0,3
0,1,-1
18,18,0
5,21,-16
1,0,1
3,2,1
7,6,1
1,10,-9
0,1,-1
4,1,3
11,8,3
5,12,-7
0,0,0
8,1,7
2,0,2
2,3,-1
24,7,17
2,6,-4
5,0,5
9,1,8
6,1,5
3,0,3
49,8,41
17,0,17
0,0,0
9,0,9
4,2,2
9,7,2
7,1,6
14,0,14
12,0,12
0,0,0
1,1,0
7,7,0
1,6,-5
4,2,2
8,4,4
1,1,0
0,0,0
0,16,-16
21,1,20
0,0,0
1,0,1
20,0,20
7,0,7
0,0,0
2,2,0
7,0,7
0,0,0
0,0,0
9,3,6
10,2,8
0,5,-5
0,1,-1
35,33,2
0,2,-2
26,42,-16
4,2,2
17,2,15
9,8,1
0,0,0
1,0,1
2,0,2
1,0,1
1,0,1
10,1,9
8,1,7
0,0,0
30,21,9
11,6,5
10,8,2
0,0,0
0,0,0
4,0,4
1,1,0
4,1,3
6,3,3
9,8,1
0,0,0
2,1,1
10,2,8
2,0,2
4,0,4
2,2,0
1,0,1
3,17,-14
2,8,-6
1,0,1
5,4,1
8,0,8
14,6,8
0,0,0
4,4,0
0,0,0
6,1,5
17,5,12
0,2,-2
0,1,-1
6,0,6
12,0,12
5,10,-5
5,5,0
0,2,-2
2,2,0
0,1,-1
7,3,4
2,0,2
10,5,5
4,0,4
0,0,0
0,0,0
0,1,-1
16,0,16
8,0,8
0,0,0
6,0,6
6,1,5
1,0,1
45,0,45
8,3,5
0,0,0
4,0,4
2,1,1
1,5,-4
6,3,3
1,0,1
0,2,-2
3,0,3
7,3,4
36,5,31
1,4,-3
18,8,10
0,0,0
2,2,0
8,1,7
5,1,4
5,0,5
7,1,6
1,2,-1
0,0,0
13,4,9
0,0,0
4,0,4
1,0,1
4,1,3
19,1,18
5,0,5
4,0,4
0,0,0
22,1,21
0,1,-1
4,1,3
2,2,0
0,0,0
6,0,6
1,0,1
2,5,-3
0,0,0
0,0,0
4,11,-7
2,9,-7
0,2,-2
1,0,1
1,0,1
1,1,0
7,0,7
0,0,0
10,2,8
13,1,12
5,4,1
7,1,6
8,1,7
0,2,-2
1,0,1
3,0,3
3,4,-1
2,0,2
0,0,0
0,0,0
3,0,3
9,7,2
2,2,0
2,1,1
7,0,7
2,0,2
3,1,2
4,0,4
6,1,5
0,0,0
8,2,6
25,0,25
1,2,-1
14,0,14
0,0,0
16,0,16
2,0,2
0,0,0
1,0,1
1,1,0
0,0,0
14,1,13
2,1,1
13,0,13
7,3,4
0,2,-2
16,1,15
2,1,1
2,1,1
63,8,55
16,3,13
0,1,-1
23,0,23
8,0,8
1,0,1
17,7,10
3,0,3
83,83,0
1,0,1
1,1,0
29,0,29
29,7,22
7,0,7
1,1,0
0,1,-1
1,0,1
2,0,2
10,0,10
37,0,37
0,1,-1
0,0,0
3,1,2
1,2,-1
3,0,3
27,0,27
11,1,10
19,1,18
14,41,-27
9,2,7
20,0,20
35,8,27
19,0,19
5,1,4
4,1,3
1,0,1
5,6,-1
17,4,13
6,0,6
14,2,12
1,1,0
6,20,-14
4,0,4
3,0,3
1,1,0
0,1,-1
2,0,2
2,1,1
14,74,-60
0,0,0
0,1,-1
1,2,-1
4,0,4
0,0,0
3,0,3
4,2,2
2,2,0
5,0,5
0,1,-1
18,0,18
0,0,0
27,19,8
34,77,-43
7,0,7
1,0,1
5,1,4
6,0,6
12,4,8
9,1,8
9,2,7
4,1,3
1,50,-49
4,4,0
4,1,3
16,0,16
0,0,0
16,10,6
0,0,0
7,5,2
5,1,4
1,1,0
0,0,0
6,0,6
2,0,2
0,0,0
0,0,0
0,0,0
2,1,1
2,4,-2
0,0,0
4,2,2
8,8,0
2,0,2
29,1,28
54,0,54
2,2,0
1,0,1
4,8,-4
9,0,9
10,18,-8
6,3,3
0,1,-1
0,1,-1
16,5,11
2,0,2
2,0,2
133,133,0
1,0,1
2,2,0
0,0,0
24,4,20
5,9,-4
3,1,2
1,0,1
18,1,17
44,4,40
1,1,0
10,0,10
11,3,8
6,0,6
1,1,0
11,5,6
0,0,0
11,0,11
14,2,12
0,0,0
0,1,-1
1,0,1
3,2,1
33,10,23
0,0,0
23,1,22
0,0,0
7,0,7
30,1,29
0,10,-10
3,4,-1
2,0,2
0,1,-1
3,0,3
12,0,12
8,8,0
1,0,1
0,0,0
5,0,5
6,6,0
19,43,-24
13,13,0
6,1,5
15,0,15
20,11,9
1,3,-2
7,6,1
1,0,1
5,2,3
16,0,16
2,2,0
2,9,-7
1,0,1
42,82,-40
2,2,0
28,0,28
1,2,-1
1,0,1
2,4,-2
0,1,-1
23,2,21
12,10,2
8,6,2
21,0,21
0,0,0
0,0,0
3,0,3
1,2,-1
2,0,2
0,1,-1
8,1,7
0,1,-1
22,4,18
3,8,-5
1,0,1
24,3,21
1,0,1
0,0,0
5,2,3
1,1,0
6,8,-2
0,1,-1
7,1,6
0,0,0
1,0,1
18,0,18
7,4,3
0,0,0
12,1,11
4,0,4
6,0,6
1,0,1
6,3,3
33,33,0
9,5,4
11,5,6
18,1,17
2,0,2
2,0,2
1,0,1
4,2,2
1,0,1
6,0,6
0,0,0
16,0,16
0,0,0
0,1,-1
16,2,14
1,1,0
4,0,4
1,0,1
2,1,1
0,2,-2
16,14,2
6,4,2
9,9,0
23,0,23
38,0,38
3,0,3
0,1,-1
1,2,-1
5,0,5
6,0,6
0,0,0
8,42,-34
50,1,49
7,4,3
11,0,11
19,0,19
1,0,1
0,2,-2
1,1,0
1,1,0
31,1,30
31,8,23
2,0,2
0,0,0
0,1,-1
2,0,2
14,2,12
0,0,0
1,1,0
6,2,4
2,0,2
1,9,-8
2,0,2
2,0,2
0,0,0
7,0,7
28,1,27
4,0,4
1,0,1
1,0,1
0,7,-7
3,0,3
0,2,-2
0,1,-1
15,0,15
0,3,-3
39,2,37
27,37,-10
7,4,3
1,7,-6
12,4,8
1,0,1
4,1,3
0,6,-6
2,0,2
0,0,0
8,0,8
1,0,1
12,0,12
13,1,12
7,4,3
10,0,10
0,0,0
1,3,-2
9,10,-1
2,0,2
17,6,11
1,0,1
3,0,3
3,5,-2
0,0,0
5,8,-3
1,0,1
7,0,7
22,21,1
3,0,3
0,0,0
0,0,0
5,2,3
0,0,0
12,17,-5
0,4,-4
8,6,2
13,3,10
7,6,1
0,0,0
0,0,0
2,3,-1
4,0,4
3,2,1
6,3,3
3,0,3
15,0,15
12,1,11
2,0,2
2,0,2
0,0,0
81,8,73
17,5,12
0,0,0
1,0,1
8,0,8
27,1,26
3,2,1
6,3,3
3,0,3
7,1,6
5,4,1
8,0,8
0,0,0
3,6,-3
9,1,8
0,0,0
4,4,0
2,4,-2
6,0,6
14,8,6
0,2,-2
53,3,50
2,0,2
39,4,35
2,0,2
0,0,0
0,0,0
5,1,4
15,5,10
5,2,3
16,62,-46
12,7,5
3,3,0
11,0,11
78,1,77
3,2,1
10,1,9
7,1,6
14,10,4
11,1,10
7,17,-10
2,5,-3
42,1,41
0,0,0
2,2,0
14,6,8
5,5,0
3,2,1
2,1,1
15,6,9
5,10,-5
19,1,18
20,3,17
12,4,8
1,0,1
1,1,0
5,0,5
14,2,12
1,0,1
2,0,2
4,1,3
9,5,4
5,0,5
1,2,-1
3,0,3
9,0,9
0,0,0
4,2,2
1,1,0
0,1,-1
2,2,0
0,0,0
14,1,13
38,38,0
7,30,-23
0,0,0
10,0,10
0,5,-5
0,0,0
3,8,-5
0,0,0
28,11,17
9,3,6
18,57,-39
4,1,3
4,0,4
4,9,-5
0,0,0
1,2,-1
7,1,6
6,4,2
0,1,-1
1,0,1
24,0,24
15,0,15
4,4,0
2,2,0
0,0,0
3,4,-1
1,0,1
21,0,21
28,10,18
0,0,0
5,4,1
2,2,0
1,2,-1
5,1,4
2,1,1
4,6,-2
11,0,11
6,6,0
0,1,-1
1,0,1
8,0,8
5,0,5
1,0,1
0,0,0
1,0,1
8,0,8
25,4,21
2,6,-4
2,2,0
8,0,8
0,0,0
2,0,2
0,12,-12
6,0,6
1,2,-1
2,2,0
21,0,21
4,6,-2
15,0,15
0,0,0
6,5,1
2,0,2
2,1,1
0,0,0
1,0,1
10,5,5
5,3,2
7,1,6
18,1,17
31,2,29
0,0,0
18,3,15
6,0,6
4,0,4
1,0,1
0,0,0
0,0,0
17,0,17
2,0,2
6,0,6
2,0,2
0,2,-2
0,0,0
4,4,0
0,0,0
3,15,-12
3,1,2
20,4,16
0,88,-88
1,0,1
6,0,6
1,1,0
5,2,3
6,1,5
7,8,-1
27,4,23
6,0,6
16,8,8
0,1,-1
9,1,8
17,2,15
10,2,8
1,0,1
25,0,25
1,0,1
0,1,-1
0,0,0
0,1,-1
0,0,0
13,0,13
5,7,-2
1,0,1
8,11,-3
5,2,3
12,14,-2
1,1,0
16,0,16
0,0,0
2,0,2
7,1,6
11,1,10
18,12,6
9,4,5
1,0,1
1,0,1
0,1,-1
1,0,1
15,2,13
0,0,0
4,2,2
58,15,43
9,3,6
1,1,0
2,0,2
6,0,6
0,0,0
8,0,8
9,2,7
1,0,1
0,0,0
10,10,0
0,2,-2
9,0,9
9,0,9
0,0,0
0,0,0
11,1,10
3,4,-1
15,21,-6
10,0,10
14,6,8
0,0,0
5,38,-33
5,3,2
1,0,1
2,0,2
7,18,-11
0,3,-3
1,1,0
0,0,0
0,2,-2
0,0,0
14,1,13
7,7,0
1,1,0
25,25,0
27,0,27
4,1,3
0,1,-1
3,0,3
9,7,2
0,0,0
2,0,2
0,0,0
3,2,1
12,0,12
8,1,7
0,0,0
4,0,4
18,0,18
21,2,19
14,13,1
3,2,1
16,0,16
8,19,-11
0,0,0
1,1,0
26,68,-42
0,0,0
7,0,7
0,0,0
0,0,0
7,6,1
0,1,-1
2,1,1
4,12,-8
1,0,1
3,4,-1
9,2,7
5,0,5
1,2,-1
6,0,6
4,0,4
0,0,0
1,0,1
3,0,3
18,2,16
14,5,9
2,2,0
2,0,2
4,0,4
11,0,11
5,0,5
6,0,6
12,0,12
2,0,2
11,12,-1
5,5,0
10,2,8
11,16,-5
0,0,0
4,0,4
2,0,2
10,0,10
14,10,4
10,7,3
29,8,21
7,1,6
0,1,-1
0,5,-5
32,0,32
12,14,-2
4,0,4
8,1,7
11,0,11
12,2,10
4,1,3
3,0,3
3,2,1
10,0,10
16,12,4
4,1,3
24,2,22
5,2,3
5,0,5
24,0,24
19,10,9
3,4,-1
3,1,2
1,1,0
2,1,1
5,0,5
2,1,1
0,1,-1
1,0,1
3,2,1
3,0,3
12,0,12
3,2,1
2,0,2
0,15,-15
3,0,3
28,1,27
3,4,-1
3,0,3
19,1,18
1,0,1
1,0,1
0,2,-2
5,2,3
8,2,6
0,1,-1
3,5,-2
32,4,28
1,31,-30
6,0,6
1,0,1
11,0,11
1,2,-1
6,5,1
7,10,-3
10,9,1
8,1,7
1,0,1
0,0,0
9,1,8
9,7,2
19,0,19
6,2,4
2,0,2
14,4,10
7,13,-6
0,0,0
0,0,0
1,2,-1
18,0,18
4,1,3
3,1,2
8,5,3
11,1,10
2,1,1
11,4,7
16,1,15
13,0,13
1,0,1
6,1,5
0,0,0
2,0,2
4,1,3
5,0,5
1,0,1
5,2,3
22,0,22
1,0,1
9,4,5
37,3,34
7,10,-3
0,0,0
5,0,5
19,22,-3
7,1,6
0,2,-2
6,1,5
0,0,0
0,0,0
5,0,5
1,0,1
0,1,-1
12,1,11
1,9,-8
5,0,5
24,0,24
0,1,-1
11,11,0
7,2,5
6,1,5
0,0,0
1,3,-2
0,2,-2
53,3,50
11,3,8
0,0,0
2,1,1
0,0,0
13,1,12
0,0,0
0,3,-3
1,0,1
1,1,0
0,0,0
1,5,-4
0,0,0
1,0,1
24,1,23
1,31,-30
28,0,28
3,0,3
2,0,2
10,0,10
20,0,20
9,1,8
0,0,0
7,4,3
0,2,-2
1,1,0
0,0,0
1,9,-8
2,13,-11
4,0,4
1,0,1
24,18,6
0,0,0
2,0,2
0,0,0
2,3,-1
0,0,0
12,1,11
7,7,0
15,1,14
0,1,-1
10,0,10
25,39,-14
0,5,-5
2,4,-2
32,0,32
2,0,2
1,2,-1
2,2,0
10,2,8
0,0,0
0,2,-2
0,0,0
0,0,0
0,1,-1
44,66,-22
3,1,2
17,1,16
6,76,-70
11,5,6
5,0,5
1,0,1
6,0,6
12,0,12
2,4,-2
3,1,2
0,0,0
6,50,-44
0,2,-2
2,4,-2
17,10,7
5,0,5
18,0,18
2,0,2
11,0,11
11,5,6
1,0,1
21,1,20
4,0,4
4,3,1
0,0,0
0,0,0
6,3,3
1,0,1
1,1,0
11,1,10
0,2,-2
10,3,7
9,0,9
28,1,27
1,1,0
16,4,12
2,1,1
0,0,0
1,40,-39
4,0,4
9,32,-23
14,8,6
11,4,7
5,1,4
1,1,0
1,0,1
8,0,8
16,19,-3
0,1,-1
3,0,3
13,2,11
2,3,-1
2,0,2
26,5,21
1,1,0
26,1,25
7,2,5
2,0,2
3,0,3
4,0,4
5,5,0
3,3,0
26,8,18
6,1,5
5,0,5
23,0,23
4,0,4
20,0,20
6,4,2
13,1,12
0,0,0
6,1,5
4,5,-1
8,8,0
0,2,-2
60,10,50
2,0,2
0,0,0
2,0,2
1,4,-3
3,0,3
1,3,-2
0,0,0
6,0,6
0,0,0
11,0,11
16,9,7
11,0,11
6,5,1
8,0,8
1,0,1
7,0,7
8,5,3
13,0,13
1,0,1
1,0,1
11,8,3
1,0,1
0,1,-1
9,2,7
5,1,4
9,3,6
3,0,3
8,5,3
2,1,1
6,5,1
46,9,37
0,0,0
0,0,0
0,0,0
11,0,11
7,7,0
1,1,0
0,0,0
12,0,12
5,2,3
3,1,2
1,0,1
0,1,-1
18,2,16
4,4,0
0,1,-1
1,2,-1
2,10,-8
1,0,1
31,3,28
1,0,1
2,1,1
1,0,1
2,2,0
8,0,8
7,0,7
12,0,12
1,0,1
3,0,3
14,1,13
11,3,8
11,1,10
1,0,1
2,0,2
0,0,0
3,0,3
41,0,41
9,9,0
1,0,1
0,0,0
3,2,1
22,2,20
21,0,21
19,0,19
7,7,0
19,1,18
5,4,1
1,1,0
3,1,2
5,0,5
6,2,4
7,1,6
0,0,0
2,1,1
8,5,3
1,0,1
2,0,2
36,0,36
1,0,1
0,2,-2
1,0,1
0,15,-15
20,0,20
7,8,-1
2,2,0
6,0,6
1,38,-37
3,1,2
1,1,0
1,1,0
7,0,7
0,0,0
5,4,1
8,0,8
2,3,-1
12,0,12
2,0,2
13,0,13
1,6,-5
2,2,0
0,0,0
0,0,0
6,2,4
1,0,1
1,2,-1
3,2,1
3,3,0
35,0,35
0,5,-5
29,0,29
4,4,0
5,0,5
3,0,3
4,0,4
4,3,1
19,0,19
2,0,2
0,2,-2
10,0,10
8,0,8
8,9,-1
3,1,2
10,0,10
0,2,-2
32,4,28
1,0,1
1,0,1
6,21,-15
14,6,8
5,0,5
6,0,6
18,5,13
2,1,1
3,2,1
9,0,9
3,0,3
6,1,5
2,1,1
32,0,32
9,1,8
2,0,2
4,0,4
14,0,14
0,0,0
1,1,0
0,0,0
6,5,1
11,7,4
8,2,6
23,20,3
8,0,8
4,0,4
3,0,3
1,0,1
4,4,0
0,0,0
10,0,10
3,0,3
6,5,1
10,3,7
0,0,0
5,28,-23
22,0,22
3,0,3
13,6,7
16,12,4
8,0,8
17,1,16
5,0,5
1,0,1
3,0,3
0,0,0
0,0,0
7,2,5
39,0,39
0,2,-2
10,0,10
4,2,2
3,2,1
5,2,3
10,4,6
1,0,1
0,1,-1
0,0,0
8,0,8
0,0,0
32,4,28
15,14,1
7,0,7
2,1,1
30,1,29
1,0,1
11,3,8
16,5,11
10,1,9
2,0,2
10,2,8
13,7,6
0,0,0
3,2,1
6,0,6
9,1,8
1,0,1
2,5,-3
1,0,1
28,1,27
1,0,1
16,5,11
0,0,0
0,0,0
0,0,0
0,0,0
9,1,8
3,0,3
5,5,0
29,13,16
10,6,4
0,0,0
0,0,0
2,0,2
3,0,3
0,0,0
0,0,0
5,1,4
1,0,1
0,0,0
0,0,0
5,5,0
6,1,5
0,0,0
1,3,-2
3,0,3
0,0,0
12,5,7
7,0,7
19,2,17
2,0,2
0,8,-8
3,3,0
1,1,0
0,0,0
13,3,10
27,23,4
0,0,0
3,2,1
0,0,0
0,0,0
15,1,14
17,1,16
11,1,10
9,3,6
8,2,6
13,0,13
12,7,5
5,0,5
0,0,0
1,1,0
3,4,-1
8,0,8
0,0,0
2,0,2
0,2,-2
24,10,14
3,0,3
16,0,16
11,2,9
1,0,1
4,12,-8
2,1,1
2,0,2
7,1,6
10,0,10
0,0,0
0,0,0
5,0,5
0,0,0
0,0,0
0,1,-1
5,0,5
0,0,0
12,7,5
3,9,-6
2,4,-2
0,0,0
6,1,5
9,0,9
13,2,11
24,25,-1
1,1,0
0,0,0
1,1,0
4,1,3
2,0,2
4,0,4
3,2,1
5,2,3
18,8,10
11,15,-4
1,0,1
2,0,2
1,0,1
12,0,12
15,1,14
15,0,15
14,0,14
2,0,2
0,0,0
0,0,0
10,1,9
3,1,2
4,8,-4
0,1,-1
15,1,14
3,1,2
5,1,4
6,0,6
0,11,-11
8,1,7
2,2,0
2,2,0
0,0,0
17,5,12
11,11,0
1,0,1
3,2,1
0,3,-3
8,0,8
48,0,48
0,0,0
4,6,-2
16,0,16
3,1,2
3,0,3
10,0,10
11,0,11
9,1,8
6,16,-10
16,1,15
12,0,12
4,0,4
2,2,0
1,0,1
6,0,6
11,0,11
1,0,1
0,0,0
1,0,1
1,0,1
0,1,-1
4,1,3
0,0,0
2,0,2
17,4,13
3,1,2
8,8,0
20,1,19
2,0,2
4,0,4
32,3,29
3,6,-3
0,0,0
4,5,-1
1,0,1
7,0,7
4,0,4
21,0,21
0,0,0
1,0,1
3,0,3
4,0,4
7,0,7
10,22,-12
6,1,5
49,0,49
12,2,10
17,2,15
7,0,7
2,2,0
4,0,4
0,0,0
18,31,-13
0,0,0
1,1,0
3,4,-1
3,2,1
8,7,1
3,0,3
35,19,16
5,2,3
2,0,2
2,0,2
11,22,-11
6,0,6
1,0,1
0,0,0
1,0,1
0,0,0
1,0,1
6,0,6
8,1,7
1,17,-16
25,1,24
37,7,30
7,7,0
18,1,17
7,2,5
0,0,0
7,0,7
0,2,-2
0,0,0
0,6,-6
9,0,9
11,0,11
7,6,1
11,0,11
1,0,1
3,1,2
1,2,-1
11,10,1
8,7,1
21,1,20
0,0,0
2,1,1
7,1,6
6,0,6
6,4,2
0,0,0
7,0,7
3,2,1
1,1,0
2,0,2
5,1,4
10,3,7
1,0,1
4,0,4
1,0,1
18,5,13
1,1,0
19,7,12
0,37,-37
16,16,0
0,0,0
11,0,11
28,1,27
1,0,1
10,3,7
1,0,1
0,5,-5
0,1,-1
1,0,1
6,0,6
8,2,6
1,2,-1
3,0,3
0,0,0
1,1,0
6,0,6
9,0,9
0,8,-8
7,0,7
27,9,18
5,0,5
49,8,41
1,0,1
2,0,2
1,1,0
24,1,23
10,2,8
27,5,22
9,0,9
0,0,0
5,1,4
4,0,4
1,0,1
26,3,23
8,1,7
10,0,10
10,0,10
0,0,0
2,2,0
0,0,0
4,0,4
5,1,4
4,0,4
0,0,0
0,1,-1
2,1,1
4,2,2
14,1,13
1,7,-6
6,1,5
2,0,2
28,4,24
1,1,0
18,2,16
2,1,1
1,6,-5
7,4,3
7,0,7
7,0,7
1,0,1
0,1,-1
10,0,10
3,0,3
0,1,-1
26,28,-2
10,5,5
11,3,8
21,1,20
0,0,0
0,1,-1
48,6,42
0,0,0
11,20,-9
3,0,3
2,0,2
24,4,20
8,2,6
13,0,13
8,0,8
0,0,0
0,2,-2
0,4,-4
1,2,-1
0,0,0
1,1,0
0,1,-1
8,0,8
15,0,15
0,17,-17
3,1,2
11,0,11
9,1,8
9,6,3
8,4,4
2,0,2
2,2,0
1,2,-1
8,4,4
16,11,5
1,2,-1
8,2,6
8,13,-5
6,2,4
0,0,0
1,0,1
7,0,7
21,1,20
0,0,0
11,4,7
1,1,0
14,13,1
4,1,3
7,3,4
5,2,3
8,2,6
0,0,0
0,0,0
10,0,10
0,0,0
0,4,-4
4,4,0
2,0,2
12,1,11
0,0,0
6,5,1
0,0,0
6,2,4
0,0,0
2,2,0
14,0,14
2,0,2
1,0,1
1,1,0
9,0,9
17,10,7
0,0,0
0,0,0
1,5,-4
7,0,7
25,19,6
2,0,2
2,30,-28
2,0,2
1,0,1
14,4,10
10,0,10
10,1,9
1,4,-3
7,1,6
1,1,0
3,4,-1
5,1,4
14,0,14
0,0,0
0,0,0
16,1,15
5,13,-8
9,1,8
1,1,0
8,4,4
3,0,3
0,0,0
0,0,0
8,4,4
12,0,12
0,0,0
1,2,-1
2,0,2
0,0,0
11,1,10
3,0,3
0,0,0
20,2,18
0,0,0
4,2,2
10,0,10
28,0,28
3,4,-1
7,9,-2
0,1,-1
3,1,2
10,7,3
2,0,2
3,0,3
1,1,0
11,0,11
1,1,0
12,5,7
1,2,-1
1,0,1
4,5,-1
10,13,-3
15,58,-43
0,1,-1
1,1,0
4,0,4
4,0,4
3,4,-1
1,5,-4
0,0,0
7,1,6
2,0,2
4,2,2
4,1,3
2,4,-2
1,0,1
3,1,2
2,7,-5
2,1,1
4,0,4
0,0,0
2,0,2
2,6,-4
0,0,0
10,0,10
10,1,9
1,0,1
3,1,2
5,5,0
11,17,-6
10,0,10
4,0,4
46,8,38
9,2,7
6,0,6
1,0,1
14,0,14
1,0,1
11,1,10
1,9,-8
4,0,4
39,4,35
1,1,0
2,18,-16
9,0,9
0,0,0
33,6,27
3,0,3
0,0,0
1,4,-3
3,0,3
27,1,26
15,4,11
8,8,0
5,4,1
8,0,8
4,0,4
3,0,3
4,0,4
5,1,4
0,0,0
0,0,0
11,4,7
2,2,0
8,6,2
1,0,1
2,2,0
15,3,12
20,2,18
22,1,21
10,2,8
1,0,1
6,3,3
0,0,0
13,0,13
4,0,4
1,0,1
3,3,0
12,17,-5
10,0,10
5,0,5
0,0,0
41,1,40
3,0,3
0,0,0
0,0,0
0,0,0
5,0,5
2,0,2
0,0,0
10,0,10
23,0,23
6,4,2
3,1,2
0,0,0
12,0,12
10,0,10
0,5,-5
13,2,11
14,2,12
42,0,42
3,4,-1
1,0,1
23,0,23
1,21,-20
2,0,2
4,0,4
25,27,-2
4,0,4
0,0,0
4,0,4
2,3,-1
1,0,1
11,0,11
6,2,4
21,0,21
4,2,2
3,7,-4
0,4,-4
0,0,0
5,2,3
59,1,58
4,14,-10
7,0,7
18,0,18
2,0,2
5,29,-24
32,0,32
0,0,0
0,0,0
12,12,0
6,7,-1
4,0,4
15,3,12
0,6,-6
1,1,0
6,0,6
3,0,3
11,0,11
0,1,-1
24,6,18
31,1,30
4,0,4
11,5,6
7,2,5
0,0,0
8,2,6
11,1,10
1,1,0
0,0,0
6,0,6
5,0,5
1,0,1
1,3,-2
1,2,-1
1,4,-3
3,2,1
0,0,0
4,0,4
0,0,0
2,4,-2
0,0,0
14,1,13
19,26,-7
2,8,-6
2,1,1
22,0,22
1,0,1
2,2,0
3,5,-2
30,23,7
0,6,-6
7,1,6
7,0,7
12,0,12
4,2,2
0,5,-5
1,1,0
1,0,1
10,8,2
7,5,2
9,1,8
1,10,-9
1,1,0
1,1,0
7,5,2
6,1,5
7,6,1
4,68,-64
5,2,3
29,0,29
0,0,0
9,10,-1
3,5,-2
3,0,3
23,4,19
26,5,21
1,33,-32
2,1,1
5,4,1
9,0,9
0,2,-2
27,16,11
6,3,3
4,8,-4
7,1,6
0,0,0
27,0,27
1,0,1
1,0,1
5,0,5
9,8,1
11,0,11
1,0,1
0,1,-1
11,6,5
8,0,8
10,2,8
18,21,-3
15,6,9
0,0,0
6,0,6
6,0,6
1,1,0
7,0,7
19,6,13
0,0,0
5,0,5
4,1,3
0,0,0
0,1,-1
0,0,0
7,6,1
2,9,-7
26,0,26
1,1,0
18,31,-13
1,6,-5
3,1,2
1,0,1
0,0,0
4,1,3
9,2,7
0,0,0
0,0,0
18,0,18
12,4,8
15,2,13
0,0,0
30,0,30
4,10,-6
0,1,-1
0,3,-3
8,0,8
3,0,3
0,0,0
9,0,9
2,1,1
0,0,0
24,64,-40
1,1,0
1,1,0
4,1,3
2,0,2
2,0,2
10,3,7
2,0,2
1,1,0
4,1,3
1,0,1
4,0,4
0,1,-1
1,0,1
5,1,4
3,4,-1
1,0,1
11,5,6
0,0,0
6,0,6
0,0,0
0,1,-1
10,1,9
0,0,0
3,0,3
0,17,-17
12,12,0
4,4,0
7,19,-12
3,1,2
3,0,3
2,1,1
1,1,0
9,0,9
15,1,14
9,0,9
14,1,13
1,1,0
4,1,3
2,0,2
0,0,0
3,0,3
2,6,-4
5,2,3
1,1,0
2,1,1
2,0,2
0,1,-1
4,0,4
20,0,20
5,0,5
13,1,12
8,0,8
2,1,1
8,0,8
2,89,-87
2,9,-7
2,1,1
15,0,15
7,0,7
0,1,-1
2,0,2
1,3,-2
1,0,1
1,1,0
8,0,8
1,0,1
11,0,11
6,6,0
4,5,-1
2,0,2
3,0,3
0,0,0
7,5,2
2,1,1
10,2,8
21,1,20
20,0,20
17,13,4
7,1,6
0,1,-1
7,6,1
0,0,0
9,9,0
0,0,0
4,0,4
4,2,2
2,1,1
19,0,19
6,2,4
4,0,4
7,13,-6
19,16,3
4,1,3
2,0,2
5,0,5
25,0,25
25,0,25
6,1,5
7,1,6
15,18,-3
0,0,0
1,1,0
1,0,1
3,2,1
2,0,2
19,19,0
7,0,7
4,1,3
1,0,1
0,0,0
13,3,10
1,0,1
0,2,-2
5,2,3
4,0,4
0,0,0
5,4,1
1,2,-1
10,2,8
0,0,0
8,1,7
5,0,5
5,50,-45
1,4,-3
0,0,0
1,0,1
29,56,-27
3,0,3
0,0,0
3,8,-5
3,0,3
1,0,1
0,1,-1
0,0,0
0,0,0
1,0,1
1,0,1
11,0,11
0,0,0
4,7,-3
8,0,8
7,7,0
4,1,3
21,0,21
3,0,3
2,1,1
1,0,1
10,29,-19
4,0,4
0,0,0
4,0,4
5,2,3
0,0,0
2,0,2
3,0,3
4,0,4
4,0,4
1,0,1
3,0,3
0,0,0
4,0,4
0,0,0
10,12,-2
1,0,1
1,0,1
3,1,2
2,0,2
0,1,-1
0,0,0
4,0,4
5,0,5
1,0,1
0,13,-13
0,0,0
0,2,-2
1,0,1
13,20,-7
9,0,9
3,1,2
23,12,11
31,2,29
1,1,0
15,23,-8
3,0,3
0,1,-1
4,0,4
0,0,0
2,6,-4
9,0,9
1,1,0
3,4,-1
12,10,2
7,1,6
4,0,4
0,1,-1
0,0,0
6,1,5
10,10,0
2,2,0
5,0,5
1,0,1
3,0,3
1,1,0
1,1,0
1,0,1
1,0,1
42,1,41
19,8,11
1,0,1
0,0,0
17,0,17
7,2,5
25,4,21
16,2,14
1,0,1
42,0,42
10,0,10
15,5,10
0,0,0
7,1,6
3,0,3
0,0,0
11,0,11
7,8,-1
1,2,-1
18,4,14
34,0,34
5,2,3
0,0,0
20,2,18
0,0,0
2,7,-5
5,5,0
3,0,3
2,4,-2
0,0,0
5,3,2
11,2,9
4,1,3
1,0,1
29,1,28
3,0,3
5,1,4
3,0,3
10,1,9
6,0,6
0,0,0
4,1,3
0,2,-2
6,0,6
2,0,2
14,0,14
13,1,12
26,7,19
1,1,0
16,2,14
1,0,1
4,0,4
12,0,12
5,0,5
8,0,8
7,1,6
1,2,-1
3,0,3
2,0,2
1,1,0
6,1,5
8,4,4
0,0,0
0,0,0
2,0,2
5,2,3
0,0,0
2,1,1
1,0,1
1,0,1
15,29,-14
16,2,14
9,0,9
0,0,0
9,0,9
0,3,-3
18,0,18
1,2,-1
19,0,19
0,5,-5
7,1,6
2,0,2
33,1,32
11,0,11
6,2,4
14,4,10
0,0,0
0,0,0
0,0,0
0,0,0
20,8,12
2,0,2
3,5,-2
7,1,6
43,1,42
14,4,10
1,1,0
4,1,3
8,7,1
2,0,2
12,0,12
3,1,2
10,0,10
2,8,-6
29,0,29
7,0,7
21,0,21
5,4,1
6,1,5
11,8,3
14,2,12
27,1,26
9,0,9
3,0,3
9,1,8
3,2,1
0,0,0
1,1,0
0,1,-1
3,2,1
2,7,-5
18,1,17
7,1,6
3,3,0
3,0,3
11,1,10
1,0,1
0,0,0
1,0,1
1,2,-1
8,7,1
2,0,2
0,0,0
0,0,0
0,0,0
2,0,2
8,0,8
1,0,1
1,0,1
3,0,3
10,37,-27
9,9,0
13,5,8
6,3,3
11,2,9
1,2,-1
4,0,4
3,0,3
17,0,17
8,4,4
6,0,6
11,3,8
0,0,0
5,0,5
13,0,13
27,1,26
7,1,6
15,0,15
2,28,-26
13,1,12
0,0,0
1,0,1
1,0,1
9,0,9
0,0,0
2,14,-12
1,1,0
12,3,9
3,1,2
60,15,45
10,13,-3
1,1,0
0,0,0
0,0,0
2,2,0
6,5,1
1,1,0
0,0,0
5,0,5
1,31,-30
4,4,0
3,1,2
13,10,3
2,2,0
4,3,1
22,0,22
8,9,-1
3,0,3
40,1,39
4,6,-2
0,0,0
4,2,2
8,0,8
1,2,-1
5,1,4
0,0,0
4,1,3
4,1,3
9,25,-16
42,0,42
0,0,0
2,0,2
9,7,2
2,3,-1
4,1,3
1,0,1
0,0,0
2,0,2
10,0,10
0,0,0
2,9,-7
1,0,1
7,16,-9
15,6,9
37,5,32
1,0,1
3,1,2
5,0,5
6,1,5
9,0,9
24,1,23
1,0,1
10,1,9
2,0,2
6,5,1
1,0,1
8,0,8
0,0,0
6,0,6
3,0,3
20,11,9
6,11,-5
9,1,8
7,4,3
1,2,-1
13,19,-6
1,0,1
33,1,32
1,1,0
23,8,15
4,2,2
7,0,7
4,1,3
27,0,27
13,2,11
1,0,1
2,0,2
3,1,2
15,1,14
4,0,4
12,1,11
6,0,6
1,0,1
0,0,0
0,9,-9
3,1,2
0,0,0
7,1,6
7,0,7
3,0,3
9,7,2
1,0,1
9,1,8
27,48,-21
2,2,0
5,4,1
0,0,0
1,1,0
34,0,34
11,1,10
1,2,-1
5,1,4
1,1,0
5,3,2
14,25,-11
22,0,22
1,0,1
2,0,2
1,0,1
2,0,2
8,14,-6
16,2,14
8,44,-36
1,0,1
3,0,3
2,1,1
5,0,5
32,32,0
4,0,4
13,0,13
11,1,10
2,0,2
11,2,9
0,0,0
4,0,4
1,11,-10
11,0,11
1,4,-3
3,0,3
3,0,3
6,1,5
0,0,0
1,0,1
10,20,-10
9,1,8
7,1,6
0,0,0
2,29,-27
10,1,9
1,2,-1
12,6,6
6,0,6
2,0,2
1,3,-2
4,0,4
8,10,-2
8,1,7
3,7,-4
3,2,1
7,1,6
15,0,15
8,1,7
9,3,6
6,3,3
1,1,0
13,0,13
24,1,23
0,0,0
2,61,-59
0,0,0
2,0,2
4,1,3
0,6,-6
7,5,2
3,1,2
6,0,6
13,10,3
0,1,-1
10,1,9
18,7,11
0,0,0
13,12,1
0,2,-2
7,1,6
10,0,10
6,0,6
1,0,1
26,20,6
0,0,0
0,0,0
2,5,-3
1,1,0
20,0,20
13,4,9
1,0,1
5,5,0
1,1,0
1,0,1
2,0,2
2,7,-5
24,0,24
0,1,-1
4,1,3
2,5,-3
2,73,-71
4,1,3
7,0,7
10,0,10
0,17,-17
2,0,2
5,0,5
1,2,-1
8,2,6
28,0,28
6,2,4
3,0,3
13,1,12
17,6,11
0,0,0
6,3,3
0,0,0
6,3,3
8,0,8
3,2,1
12,3,9
2,0,2
11,1,10
1,1,0
5,0,5
0,0,0
0,0,0
11,8,3
17,0,17
15,0,15
2,0,2
3,0,3
7,1,6
8,0,8
1,1,0
12,1,11
10,5,5
1,7,-6
1,7,-6
1,0,1
7,6,1
8,0,8
2,12,-10
13,1,12
1,2,-1
2,0,2
11,0,11
0,2,-2
4,0,4
0,0,0
10,3,7
14,1,13
28,6,22
0,14,-14
3,0,3
1,1,0
34,0,34
2,0,2
7,0,7
0,0,0
10,4,6
5,1,4
3,3,0
18,1,17
1,1,0
6,4,2
2,1,1
19,1,18
10,1,9
49,29,20
4,0,4
53,0,53
1,12,-11
16,3,13
11,0,11
11,7,4
2,14,-12
0,0,0
7,3,4
2,0,2
22,0,22
2,0,2
2,10,-8
4,0,4
2,1,1
13,0,13
1,0,1
2,0,2
4,0,4
12,14,-2
17,2,15
13,1,12
13,5,8
12,12,0
7,0,7
11,2,9
1,0,1
6,4,2
23,0,23
1,0,1
13,0,13
9,0,9
2,0,2
1,0,1
4,0,4
0,0,0
8,1,7
4,5,-1
0,0,0
1,12,-11
9,1,8
2,4,-2
1,0,1
0,0,0
0,0,0
1,1,0
33,45,-12
20,1,19
14,0,14
25,17,8
9,1,8
12,27,-15
1,4,-3
5,0,5
1,5,-4
1,1,0
42,42,0
16,2,14
5,48,-43
18,0,18
33,2,31
4,2,2
2,0,2
12,2,10
1,3,-2
15,13,2
25,20,5
1,1,0
17,12,5
1,0,1
0,0,0
2,0,2
0,0,0
41,10,31
1,4,-3
0,0,0
1,3,-2
0,0,0
0,0,0
19,15,4
4,1,3
12,0,12
1,0,1
7,5,2
5,0,5
4,1,3
0,0,0
2,0,2
2,0,2
8,2,6
0,0,0
27,0,27
10,7,3
22,1,21
5,7,-2
28,12,16
3,0,3
2,4,-2
7,6,1
19,1,18
8,6,2
1,0,1
8,7,1
9,0,9
14,1,13
21,4,17
2,5,-3
3,1,2
1,0,1
1,1,0
2,0,2
0,0,0
0,4,-4
13,16,-3
3,3,0
0,4,-4
0,1,-1
5,1,4
3,0,3
0,0,0
5,5,0
25,40,-15
11,5,6
2,0,2
8,2,6
2,0,2
3,4,-1
7,4,3
4,0,4
13,10,3
2,0,2
3,5,-2
1,0,1
1,8,-7
0,0,0
2,2,0
48,64,-16
29,0,29
3,2,1
16,10,6
0,0,0
13,0,13
76,76,0
11,0,11
17,8,9
8,4,4
0,0,0
1,0,1
17,0,17
33,8,25
0,0,0
16,0,16
4,1,3
1,6,-5
0,12,-12
2,4,-2
4,1,3
18,1,17
0,1,-1
10,0,10
0,0,0
3,0,3
3,1,2
15,0,15
4,5,-1
6,10,-4
7,8,-1
1,1,0
9,0,9
0,0,0
32,0,32
7,2,5
1,0,1
5,4,1
0,13,-13
39,2,37
30,3,27
0,0,0
9,6,3
15,0,15
0,7,-7
16,10,6
3,1,2
1,1,0
15,8,7
12,0,12
1,0,1
4,1,3
5,0,5
1,1,0
4,1,3
0,0,0
1,0,1
2,1,1
0,0,0
4,5,-1
2,8,-6
0,0,0
0,0,0
22,1,21
49,3,46
0,0,0
12,1,11
0,0,0
2,2,0
0,2,-2
0,0,0
2,2,0
0,0,0
1,3,-2
2,2,0
8,0,8
17,4,13
14,5,9
14,2,12
1,0,1
1,0,1
4,1,3
5,0,5
3,3,0
22,0,22
2,0,2
2,0,2
16,1,15
13,9,4
0,0,0
17,3,14
0,0,0
9,2,7
3,2,1
20,10,10
7,9,-2
0,4,-4
4,1,3
31,0,31
7,3,4
12,3,9
4,0,4
1,1,0
0,0,0
11,5,6
5,1,4
0,0,0
5,0,5
4,4,0
0,20,-20
5,0,5
11,0,11
0,1,-1
3,1,2
6,10,-4
2,0,2
10,4,6
1,0,1
12,0,12
17,2,15
1,0,1
0,0,0
19,0,19
4,2,2
0,0,0
0,1,-1
2,6,-4
2,3,-1
6,2,4
37,0,37
16,10,6
0,0,0
1,1,0
5,0,5
5,0,5
1,1,0
14,1,13
2,10,-8
6,0,6
2,0,2
19,13,6
1,2,-1
17,1,16
1,1,0
3,21,-18
0,0,0
2,0,2
9,0,9
6,1,5
4,0,4
2,0,2
0,0,0
1,1,0
29,7,22
1,0,1
0,0,0
5,1,4
0,1,-1
1,3,-2
0,0,0
9,8,1
4,1,3
2,0,2
3,13,-10
1,0,1
2,7,-5
14,1,13
6,0,6
4,7,-3
21,3,18
15,0,15
0,0,0
1,1,0
2,2,0
3,0,3
0,0,0
2,13,-11
1,0,1
28,28,0
2,1,1
5,6,-1
16,42,-26
12,8,4
58,58,0
4,0,4
20,42,-22
3,1,2
1,2,-1
4,3,1
3,0,3
3,0,3
0,0,0
15,2,13
1,1,0
3,0,3
18,0,18
1,0,1
0,1,-1
1,1,0
3,4,-1
0,0,0
11,0,11
1,0,1
0,9,-9
0,0,0
0,1,-1
1,1,0
0,7,-7
5,1,4
3,47,-44
2,3,-1
2,0,2
5,4,1
4,1,3
31,0,31
23,17,6
1,0,1
24,0,24
21,0,21
5,0,5
6,25,-19
15,2,13
6,2,4
3,7,-4
20,60,-40
1,0,1
5,0,5
38,38,0
3,2,1
8,1,7
24,0,24
9,5,4
13,6,7
0,0,0
6,3,3
2,1,1
14,1,13
0,0,0
12,0,12
1,0,1
19,4,15
0,0,0
1,0,1
0,3,-3
11,4,7
0,0,0
4,2,2
5,0,5
2,2,0
6,0,6
6,0,6
0,0,0
0,0,0
12,7,5
0,4,-4
0,1,-1
7,6,1
10,0,10
0,0,0
7,3,4
8,1,7
3,3,0
0,0,0
46,1,45
19,5,14
21,3,18
1,1,0
12,4,8
0,0,0
2,0,2
1,0,1
5,0,5
16,1,15
33,1,32
4,2,2
2,0,2
0,0,0
2,1,1
7,13,-6
1,0,1
5,0,5
9,0,9
3,0,3
8,1,7
3,0,3
0,1,-1
0,1,-1
11,1,10
4,0,4
9,3,6
1,0,1
6,5,1
7,0,7
10,2,8
20,0,20
6,2,4
4,1,3
1,33,-32
1,0,1
1,1,0
71,71,0
11,0,11
18,1,17
19,1,18
0,37,-37
5,2,3
5,8,-3
12,13,-1
8,1,7
9,3,6
18,1,17
0,0,0
14,0,14
4,5,-1
15,11,4
17,12,5
6,4,2
16,0,16
11,1,10
0,1,-1
0,1,-1
5,1,4
26,1,25
0,0,0
7,1,6
4,3,1
0,0,0
0,1,-1
2,9,-7
15,2,13
0,0,0
8,5,3
2,0,2
0,0,0
48,1,47
12,0,12
1,2,-1
41,1,40
9,1,8
0,0,0
0,4,-4
0,0,0
2,0,2
3,0,3
11,1,10
15,2,13
0,1,-1
0,0,0
13,0,13
21,4,17
11,1,10
1,1,0
0,0,0
1,0,1
0,2,-2
4,10,-6
2,2,0
8,1,7
6,2,4
2,5,-3
8,1,7
19,6,13
0,0,0
9,2,7
1,0,1
9,2,7
21,5,16
53,1,52
0,0,0
3,4,-1
0,0,0
9,0,9
2,0,2
13,1,12
16,0,16
8,1,7
10,2,8
0,0,0
0,0,0
1,1,0
4,1,3
0,1,-1
15,2,13
0,0,0
0,7,-7
26,0,26
10,0,10
17,13,4
4,3,1
20,5,15
27,0,27
2,0,2
0,1,-1
0,0,0
4,0,4
8,5,3
0,0,0
24,0,24
6,9,-3
9,0,9
3,8,-5
17,3,14
6,1,5
2,5,-3
24,0,24
0,1,-1
0,0,0
16,5,11
1,0,1
0,7,-7
2,1,1
1,1,0
2,5,-3
12,0,12
8,0,8
2,0,2
10,1,9
0,0,0
6,0,6
8,2,6
0,0,0
6,0,6
3,0,3
2,4,-2
0,8,-8
4,1,3
1,0,1
3,1,2
8,0,8
4,16,-12
1,1,0
7,4,3
0,1,-1
12,0,12
1,0,1
29,29,0
4,2,2
25,3,22
3,2,1
3,3,0
10,0,10
4,1,3
2,5,-3
2,1,1
2,0,2
2,2,0
0,0,0
11,1,10
0,0,0
1,0,1
3,1,2
1,0,1
0,0,0
3,4,-1
0,0,0
0,1,-1
5,1,4
3,1,2
0,0,0
3,9,-6
0,4,-4
4,0,4
7,1,6
1,2,-1
39,21,18
20,14,6
1,0,1
0,1,-1
1,1,0
2,0,2
1,0,1
3,8,-5
0,0,0
0,0,0
2,2,0
0,0,0
7,3,4
7,8,-1
12,10,2
11,2,9
6,0,6
1,1,0
4,1,3
4,0,4
5,0,5
7,4,3
4,4,0
0,5,-5
4,0,4
5,18,-13
0,0,0
7,3,4
3,8,-5
0,0,0
2,0,2
17,11,6
0,4,-4
2,0,2
0,4,-4
14,4,10
6,1,5
1,0,1
9,1,8
1,0,1
11,1,10
1,1,0
22,2,20
0,0,0
11,0,11
3,2,1
1,2,-1
6,0,6
9,1,8
0,0,0
2,0,2
4,21,-17
1,0,1
14,16,-2
5,2,3
4,1,3
13,0,13
25,4,21
5,2,3
2,0,2
9,1,8
7,3,4
14,7,7
14,0,14
0,0,0
0,0,0
2,1,1
0,0,0
6,4,2
0,0,0
6,0,6
10,0,10
2,0,2
10,14,-4
0,0,0
6,4,2
9,0,9
0,2,-2
0,0,0
16,0,16
4,0,4
5,9,-4
12,1,11
19,0,19
1,0,1
3,0,3
1,1,0
38,3,35
15,5,10
7,6,1
2,1,1
10,0,10
3,2,1
10,4,6
3,2,1
2,0,2
1,0,1
7,1,6
1,0,1
7,5,2
18,0,18
10,5,5
3,1,2
0,1,-1
0,2,-2
22,4,18
1,0,1
14,0,14
0,0,0
5,1,4
13,1,12
8,1,7
1,1,0
34,37,-3
2,0,2
1,1,0
7,1,6
5,0,5
0,1,-1
8,7,1
3,3,0
4,2,2
23,0,23
42,0,42
0,0,0
6,9,-3
5,0,5
0,0,0
8,0,8
9,0,9
9,4,5
0,2,-2
0,0,0
7,0,7
5,4,1
0,0,0
1,1,0
1,11,-10
12,0,12
23,1,22
3,2,1
1,0,1
0,3,-3
8,2,6
7,2,5
7,0,7
7,0,7
20,3,17
6,0,6
15,0,15
0,0,0
12,5,7
0,0,0
0,0,0
12,0,12
1,0,1
16,1,15
0,0,0
5,1,4
2,4,-2
5,3,2
2,0,2
1,0,1
5,1,4
9,0,9
0,0,0
5,4,1
13,5,8
7,7,0
2,1,1
10,0,10
1,8,-7
5,1,4
5,0,5
1,0,1
0,0,0
0,1,-1
0,2,-2
2,1,1
14,2,12
0,0,0
0,0,0
2,0,2
37,20,17
3,0,3
2,10,-8
6,0,6
4,2,2
12,1,11
48,1,47
1,1,0
4,0,4
1,0,1
0,1,-1
8,5,3
0,1,-1
1,0,1
0,0,0
2,0,2
4,1,3
3,34,-31
4,4,0
6,4,2
2,0,2
20,1,19
3,3,0
0,0,0
7,2,5
0,0,0
2,0,2
9,11,-2
3,2,1
14,4,10
8,5,3
11,5,6
18,1,17
1,0,1
1,1,0
6,4,2
5,2,3
5,5,0
4,10,-6
3,6,-3
0,2,-2
2,0,2
1,1,0
0,1,-1
4,0,4
16,9,7
0,0,0
1,1,0
0,0,0
2,2,0
7,1,6
8,0,8
10,1,9
1,0,1
5,0,5
0,30,-30
12,8,4
3,0,3
4,1,3
9,7,2
30,0,30
2,0,2
2,0,2
8,1,7
27,31,-4
1,0,1
0,2,-2
11,0,11
0,0,0
5,0,5
1,0,1
10,7,3
3,5,-2
5,12,-7
3,0,3
14,2,12
0,0,0
0,3,-3
17,1,16
0,0,0
35,0,35
1,17,-16
2,2,0
8,5,3
0,0,0
1,0,1
14,0,14
9,25,-16
3,5,-2
14,1,13
2,0,2
7,2,5
2,0,2
28,1,27
5,0,5
18,2,16
2,4,-2
12,4,8
7,7,0
5,0,5
14,0,14
9,7,2
3,4,-1
0,0,0
0,0,0
1,0,1
10,4,6
0,2,-2
16,2,14
2,0,2
22,1,21
0,0,0
0,0,0
2,1,1
13,8,5
7,4,3
4,0,4
3,3,0
6,2,4
6,6,0
1,0,1
0,0,0
8,2,6
3,0,3
3,0,3
2,0,2
2,0,2
3,1,2
7,0,7
0,0,0
2,0,2
1,8,-7
2,0,2
13,1,12
2,0,2
13,1,12
4,0,4
1,1,0
8,0,8
0,0,0
0,0,0
15,1,14
0,0,0
3,0,3
20,2,18
6,0,6
4,5,-1
2,1,1
2,0,2
20,4,16
0,0,0
16,5,11
1,0,1
0,0,0
1,1,0
3,0,3
3,1,2
9,1,8
0,0,0
0,0,0
0,1,-1
18,0,18
4,0,4
0,0,0
3,0,3
1,1,0
0,0,0
14,1,13
5,0,5
1,2,-1
9,0,9
1,0,1
12,0,12
1,0,1
1,1,0
5,3,2
1,0,1
12,36,-24
8,8,0
20,4,16
19,1,18
1,2,-1
15,11,4
6,0,6
24,0,24
17,1,16
10,11,-1
9,2,7
28,0,28
4,11,-7
25,1,24
20,13,7
0,2,-2
11,6,5
0,0,0
19,1,18
20,0,20
126,1,125
9,2,7
5,0,5
0,0,0
1,0,1
13,14,-1
15,2,13
6,1,5
0,0,0
6,2,4
6,1,5
1,0,1
2,4,-2
0,2,-2
2,2,0
0,1,-1
2,0,2
1,0,1
5,5,0
1,6,-5
0,0,0
8,6,2
11,0,11
10,1,9
3,2,1
18,0,18
9,12,-3
9,5,4
2,0,2
2,4,-2
9,5,4
0,0,0
12,0,12
21,0,21
0,1,-1
4,0,4
0,1,-1
0,1,-1
24,0,24
4,0,4
4,0,4
2,1,1
8,0,8
2,0,2
0,1,-1
0,2,-2
9,0,9
1,1,0
2,0,2
3,0,3
13,0,13
6,1,5
3,0,3
9,5,4
0,1,-1
9,13,-4
9,2,7
16,0,16
1,3,-2
0,8,-8
0,1,-1
2,1,1
21,0,21
1,0,1
5,0,5
0,0,0
5,1,4
3,0,3
3,5,-2
2,0,2
1,0,1
14,1,13
1,0,1
8,1,7
3,0,3
7,1,6
2,2,0
4,55,-51
15,0,15
15,4,11
27,0,27
2,2,0
5,4,1
14,0,14
0,0,0
6,0,6
9,0,9
2,1,1
13,3,10
19,3,16
16,16,0
9,2,7
9,7,2
8,5,3
20,2,18
11,0,11
6,3,3
2,0,2
0,0,0
16,16,0
5,2,3
11,4,7
5,4,1
2,2,0
16,10,6
0,0,0
0,17,-17
4,10,-6
5,3,2
6,0,6
2,2,0
35,8,27
1,0,1
6,8,-2
1,4,-3
37,22,15
12,0,12
9,7,2
23,0,23
5,0,5
4,2,2
12,1,11
8,0,8
4,6,-2
16,5,11
14,5,9
1,0,1
7,8,-1
6,0,6
3,9,-6
4,0,4
0,0,0
0,0,0
6,6,0
10,3,7
45,32,13
9,6,3
0,0,0
13,0,13
3,0,3
12,5,7
16,12,4
5,8,-3
3,2,1
4,0,4
15,9,6
0,3,-3
3,1,2
0,0,0
0,0,0
1,0,1
11,0,11
6,0,6
3,2,1
1,2,-1
4,0,4
4,1,3
2,5,-3
1,2,-1
0,0,0
0,1,-1
1,0,1
0,1,-1
2,28,-26
2,5,-3
0,4,-4
3,0,3
0,0,0
5,8,-3
0,0,0
3,0,3
22,0,22
21,21,0
0,0,0
13,0,13
14,0,14
4,4,0
0,0,0
16,2,14
16,19,-3
0,1,-1
4,0,4
3,0,3
5,0,5
0,1,-1
29,5,24
10,2,8
16,0,16
32,2,30
3,0,3
0,0,0
6,1,5
12,0,12
20,1,19
0,0,0
3,0,3
6,9,-3
16,1,15
33,17,16
0,0,0
8,13,-5
0,9,-9
1,1,0
10,4,6
24,0,24
11,0,11
0,0,0
0,9,-9
16,1,15
5,3,2
8,0,8
6,0,6
0,2,-2
14,13,1
21,0,21
10,3,7
0,0,0
4,1,3
13,1,12
3,0,3
3,2,1
0,0,0
10,0,10
5,1,4
24,13,11
8,1,7
3,0,3
0,4,-4
19,0,19
8,0,8
7,7,0
12,7,5
3,2,1
15,1,14
2,0,2
3,4,-1
2,1,1
1,0,1
13,1,12
16,48,-32
16,15,1
23,0,23
0,1,-1
4,0,4
1,0,1
1,0,1
27,17,10
21,0,21
1,1,0
14,1,13
1,0,1
0,0,0
7,1,6
14,0,14
2,0,2
11,0,11
0,0,0
6,4,2
3,0,3
24,5,19
8,1,7
11,0,11
1,3,-2
5,0,5
1,1,0
27,1,26
6,2,4
16,0,16
7,2,5
14,1,13
3,2,1
3,2,1
3,1,2
50,1,49
4,2,2
0,0,0
17,0,17
7,1,6
1,0,1
2,2,0
11,1,10
0,1,-1
18,2,16
8,24,-16
25,21,4
0,0,0
18,3,15
5,1,4
2,10,-8
8,1,7
0,0,0
8,0,8
3,1,2
21,7,14
16,20,-4
3,0,3
2,8,-6
0,0,0
0,0,0
9,1,8
3,10,-7
1,0,1
7,4,3
3,0,3
27,0,27
1,5,-4
1,0,1
1,0,1
17,2,15
6,0,6
17,2,15
0,2,-2
6,5,1
2,0,2
0,1,-1
11,0,11
4,0,4
6,2,4
7,2,5
1,0,1
13,2,11
4,2,2
29,0,29
11,0,11
8,0,8
10,4,6
2,8,-6
13,0,13
0,0,0
10,1,9
21,29,-8
4,15,-11
34,0,34
19,5,14
15,8,7
2,3,-1
17,11,6
13,0,13
9,0,9
0,0,0
2,0,2
7,1,6
10,3,7
0,0,0
4,0,4
15,4,11
2,0,2
1,0,1
12,4,8
0,0,0
3,6,-3
2,0,2
15,0,15
0,4,-4
28,1,27
1,0,1
9,4,5
6,9,-3
0,0,0
6,2,4
6,0,6
21,1,20
1,4,-3
2,2,0
0,0,0
6,1,5
0,0,0
10,2,8
2,0,2
2,1,1
4,8,-4
29,2,27
4,0,4
2,0,2
2,4,-2
0,0,0
0,0,0
5,1,4
3,0,3
2,0,2
6,2,4
15,5,10
44,8,36
11,2,9
4,0,4
0,0,0
6,1,5
0,17,-17
2,0,2
0,0,0
22,1,21
0,0,0
8,5,3
7,1,6
18,4,14
0,0,0
5,0,5
1,0,1
4,0,4
33,1,32
4,3,1
16,5,11
4,1,3
2,2,0
3,12,-9
2,0,2
10,5,5
0,0,0
1,1,0
2,0,2
1,1,0
0,0,0
0,0,0
24,1,23
0,0,0
0,1,-1
11,4,7
0,0,0
8,1,7
11,4,7
0,0,0
3,3,0
2,0,2
2,1,1
0,0,0
2,1,1
5,1,4
1,0,1
0,0,0
1,0,1
5,0,5
2,0,2
5,5,0
1,0,1
6,1,5
6,5,1
3,1,2
11,0,11
20,0,20
10,0,10
4,0,4
11,5,6
7,9,-2
9,4,5
0,0,0
3,1,2
2,0,2
0,1,-1
6,1,5
1,1,0
4,0,4
1,6,-5
2,0,2
2,6,-4
6,0,6
3,1,2
6,8,-2
63,29,34
0,1,-1
20,4,16
5,0,5
9,2,7
0,1,-1
1,1,0
4,6,-2
3,0,3
0,0,0
0,2,-2
0,0,0
0,0,0
16,0,16
7,0,7
8,0,8
3,0,3
0,0,0
9,0,9
0,0,0
3,0,3
22,0,22
0,0,0
4,1,3
0,2,-2
3,1,2
6,0,6
2,0,2
23,1,22
8,1,7
30,0,30
28,6,22
1,0,1
0,0,0
4,5,-1
1,1,0
2,0,2
30,0,30
1,0,1
0,0,0
0,1,-1
0,0,0
0,21,-21
3,1,2
3,0,3
3,1,2
1,2,-1
5,1,4
0,0,0
20,0,20
0,2,-2
8,3,5
0,0,0
19,1,18
4,0,4
13,1,12
0,0,0
5,0,5
3,23,-20
0,0,0
29,0,29
12,12,0
1,0,1
1,2,-1
0,0,0
7,1,6
14,0,14
5,1,4
11,4,7
4,2,2
0,0,0
0,0,0
1,0,1
0,0,0
1,2,-1
3,1,2
1,1,0
1,34,-33
1,0,1
6,0,6
12,1,11
1,0,1
0,0,0
41,0,41
0,4,-4
0,0,0
10,1,9
3,0,3
15,1,14
0,0,0
1,0,1
15,1,14
7,3,4
0,0,0
0,0,0
33,2,31
4,3,1
3,1,2
1,0,1
9,1,8
4,1,3
2,1,1
0,2,-2
0,0,0
4,0,4
16,1,15
1,0,1
21,1,20
5,2,3
2,0,2
9,1,8
8,1,7
2,0,2
3,0,3
6,2,4
0,0,0
5,0,5
0,0,0
23,5,18
0,0,0
1,2,-1
7,7,0
6,0,6
7,1,6
2,6,-4
2,2,0
9,1,8
1,3,-2
4,0,4
27,16,11
13,2,11
0,0,0
7,1,6
9,1,8
1,0,1
15,2,13
10,0,10
2,1,1
2,0,2
20,20,0
2,0,2
0,21,-21
2,29,-27
4,0,4
20,4,16
0,0,0
23,29,-6
0,2,-2
22,0,22
12,9,3
0,2,-2
0,0,0
1,0,1
3,6,-3
6,1,5
0,0,0
1,0,1
3,3,0
19,0,19
24,1,23
0,0,0
12,2,10
11,2,9
58,2,56
9,1,8
8,1,7
2,0,2
1,1,0
10,0,10
0,0,0
9,13,-4
11,0,11
0,0,0
1,86,-85
10,2,8
8,1,7
22,0,22
6,3,3
6,0,6
1,0,1
5,2,3
1,0,1
6,1,5
10,0,10
17,22,-5
0,0,0
0,0,0
1,0,1
6,0,6
3,4,-1
3,0,3
5,0,5
0,0,0
3,0,3
6,1,5
1,2,-1
15,1,14
1,0,1
16,5,11
27,0,27
0,2,-2
2,2,0
8,0,8
5,5,0
11,0,11
5,0,5
14,10,4
13,18,-5
11,0,11
0,0,0
9,3,6
4,1,3
2,4,-2
11,0,11
1,0,1
3,0,3
2,0,2
12,2,10
0,0,0
2,0,2
2,0,2
15,0,15
6,2,4
0,3,-3
21,0,21
35,0,35
10,5,5
15,0,15
4,2,2
5,1,4
26,10,16
9,8,1
0,1,-1
2,7,-5
6,8,-2
1,0,1
6,4,2
0,0,0
0,0,0
0,1,-1
18,1,17
7,0,7
0,0,0
28,5,23
0,0,0
0,0,0
0,0,0
1,0,1
4,0,4
3,0,3
1,0,1
0,1,-1
11,0,11
8,0,8
4,49,-45
1,3,-2
7,1,6
9,22,-13
1,3,-2
0,0,0
14,4,10
1,0,1
11,2,9
37,0,37
11,0,11
3,0,3
18,40,-22
16,1,15
60,2,58
0,0,0
0,0,0
11,62,-51
2,0,2
5,0,5
2,0,2
1,0,1
2,3,-1
0,2,-2
27,1,26
0,0,0
7,13,-6
23,9,14
4,2,2
10,0,10
5,1,4
15,21,-6
27,1,26
1,0,1
3,2,1
11,3,8
0,0,0
3,1,2
13,2,11
2,1,1
11,0,11
9,1,8
3,0,3
1,3,-2
31,8,23
3,3,0
1,0,1
7,0,7
0,0,0
8,9,-1
3,1,2
0,0,0
0,0,0
7,0,7
14,2,12
7,0,7
8,1,7
0,0,0
0,0,0
17,0,17
0,0,0
3,1,2
3,2,1
13,0,13
12,0,12
4,0,4
6,0,6
28,2,26
0,1,-1
0,0,0
17,2,15
6,7,-1
0,1,-1
22,3,19
25,1,24
16,6,10
0,0,0
18,10,8
9,3,6
21,21,0
14,11,3
30,2,28
11,8,3
12,0,12
4,0,4
9,1,8
18,8,10
3,1,2
12,0,12
0,1,-1
15,31,-16
3,0,3
0,0,0
30,9,21
1,0,1
12,4,8
12,0,12
11,21,-10
10,8,2
10,0,10
22,4,18
0,1,-1
7,2,5
22,3,19
0,0,0
2,0,2
1,1,0
9,1,8
63,6,57
10,6,4
16,2,14
1,1,0
6,0,6
0,0,0
11,7,4
9,5,4
0,2,-2
0,0,0
2,4,-2
2,0,2
18,8,10
4,0,4
1,1,0
0,0,0
4,0,4
1,1,0
15,1,14
6,1,5
8,0,8
0,0,0
43,0,43
0,1,-1
3,1,2
0,4,-4
3,1,2
16,10,6
4,1,3
1,0,1
26,0,26
1,1,0
4,3,1
6,0,6
14,21,-7
9,6,3
1,0,1
3,0,3
0,0,0
4,0,4
9,4,5
1,0,1
3,4,-1
0,0,0
0,0,0
3,0,3
3,2,1
1,0,1
16,1,15
1,0,1
0,0,0
0,1,-1
1,0,1
8,0,8
1,2,-1
14,2,12
3,0,3
3,1,2
6,0,6
102,10,92
0,0,0
2,0,2
8,10,-2
4,4,0
1,1,0
19,2,17
29,29,0
2,2,0
2,0,2
6,0,6
4,29,-25
5,1,4
5,35,-30
1,2,-1
0,0,0
5,0,5
3,0,3
1,0,1
5,0,5
4,4,0
0,0,0
1,1,0
1,0,1
8,2,6
9,4,5
0,0,0
15,13,2
0,0,0
0,0,0
1,0,1
7,0,7
1,1,0
8,3,5
3,4,-1
22,0,22
7,0,7
30,1,29
2,8,-6
17,19,-2
6,5,1
8,8,0
25,1,24
10,10,0
19,0,19
9,0,9
20,4,16
2,11,-9
3,8,-5
10,1,9
0,0,0
0,2,-2
0,0,0
0,0,0
4,0,4
0,0,0
28,8,20
14,14,0
8,0,8
5,2,3
12,0,12
65,8,57
1,0,1
0,1,-1
10,2,8
1,0,1
1,0,1
2,1,1
2,0,2
0,0,0
4,3,1
5,0,5
12,0,12
7,5,2
0,0,0
42,1,41
1,2,-1
0,0,0
4,0,4
0,2,-2
9,1,8
0,0,0
8,0,8
4,1,3
12,2,10
41,41,0
3,0,3
0,0,0
3,1,2
3,2,1
1,4,-3
1,2,-1
0,0,0
2,2,0
8,2,6
1,0,1
3,8,-5
12,34,-22
26,2,24
2,0,2
4,1,3
2,9,-7
13,0,13
28,36,-8
7,1,6
2,1,1
0,0,0
14,1,13
12,7,5
25,5,20
5,1,4
12,1,11
0,0,0
4,3,1
1,0,1
2,0,2
0,1,-1
28,8,20
6,1,5
5,1,4
1,2,-1
1,2,-1
4,1,3
2,2,0
4,1,3
5,2,3
4,0,4
29,2,27
15,17,-2
11,0,11
18,1,17
33,33,0
5,2,3
26,1,25
16,21,-5
11,35,-24
18,0,18
2,2,0
13,1,12
2,0,2
1,1,0
2,5,-3
4,0,4
0,2,-2
0,0,0
0,1,-1
3,1,2
0,0,0
5,0,5
0,7,-7
13,0,13
4,2,2
2,0,2
0,0,0
4,0,4
2,0,2
0,0,0
13,0,13
10,0,10
36,0,36
0,0,0
6,4,2
4,1,3
5,0,5
5,0,5
3,0,3
1,0,1
0,0,0
2,0,2
2,0,2
6,4,2
7,0,7
2,0,2
1,0,1
7,0,7
1,1,0
18,2,16
3,1,2
8,0,8
3,0,3
1,0,1
39,2,37
5,0,5
0,0,0
2,0,2
14,1,13
10,6,4
5,1,4
3,1,2
1,1,0
21,2,19
6,2,4
9,14,-5
4,0,4
29,11,18
17,1,16
6,5,1
1,1,0
1,0,1
14,0,14
5,2,3
6,0,6
1,0,1
0,0,0
3,3,0
0,0,0
8,0,8
1,1,0
0,2,-2
2,0,2
0,0,0
14,0,14
15,47,-32
0,1,-1
5,0,5
0,0,0
4,0,4
1,1,0
1,4,-3
15,6,9
8,8,0
0,0,0
1,9,-8
6,4,2
17,8,9
74,8,66
4,0,4
2,4,-2
0,1,-1
25,25,0
4,1,3
12,0,12
14,9,5
4,0,4
16,2,14
0,0,0
2,0,2
8,0,8
0,0,0
0,0,0
4,12,-8
5,2,3
10,4,6
14,9,5
0,0,0
3,0,3
0,3,-3
4,0,4
6,0,6
12,4,8
1,0,1
16,44,-28
8,2,6
34,5,29
3,0,3
0,1,-1
20,1,19
12,6,6
3,1,2
18,1,17
5,1,4
0,1,-1
7,0,7
1,4,-3
10,0,10
13,1,12
6,0,6
1,2,-1
5,1,4
3,3,0
3,1,2
7,7,0
0,0,0
6,9,-3
3,0,3
0,0,0
1,0,1
4,0,4
6,5,1
7,6,1
0,0,0
3,1,2
0,0,0
14,1,13
2,2,0
0,1,-1
1,0,1
2,1,1
0,0,0
7,0,7
1,0,1
3,3,0
8,2,6
10,0,10
13,0,13
0,1,-1
2,0,2
17,19,-2
6,0,6
0,0,0
16,11,5
18,0,18
23,0,23
3,0,3
11,1,10
5,1,4
0,0,0
1,0,1
0,0,0
8,0,8
5,1,4
14,0,14
4,0,4
0,1,-1
0,1,-1
10,1,9
12,0,12
4,1,3
11,1,10
18,8,10
17,2,15
5,0,5
29,4,25
27,2,25
0,0,0
0,0,0
1,0,1
9,0,9
10,1,9
0,0,0
21,0,21
1,2,-1
4,1,3
1,0,1
20,1,19
8,4,4
0,3,-3
0,1,-1
1,0,1
0,0,0
12,7,5
4,8,-4
2,6,-4
5,0,5
0,0,0
52,0,52
27,3,24
1,0,1
14,4,10
11,2,9
0,0,0
3,0,3
2,0,2
3,0,3
16,0,16
1,4,-3
3,0,3
1,0,1
6,0,6
6,0,6
1,0,1
1,0,1
2,1,1
1,0,1
5,0,5
14,1,13
5,2,3
0,19,-19
0,0,0
1,0,1
4,1,3
2,2,0
2,3,-1
1,4,-3
1,1,0
8,0,8
12,2,10
2,0,2
9,0,9
40,4,36
4,5,-1
0,0,0
0,0,0
3,0,3
2,1,1
26,0,26
6,4,2
48,6,42
12,1,11
0,0,0
15,9,6
4,0,4
3,3,0
5,0,5
1,1,0
0,0,0
8,1,7
1,0,1
7,2,5
24,41,-17
10,55,-45
15,5,10
13,5,8
32,12,20
0,0,0
0,0,0
2,1,1
20,4,16
0,0,0
0,0,0
0,0,0
0,4,-4
23,2,21
1,2,-1
5,3,2
8,18,-10
9,5,4
0,1,-1
2,2,0
2,1,1
1,4,-3
5,2,3
18,6,12
2,0,2
0,0,0
3,0,3
0,0,0
0,0,0
0,0,0
3,3,0
1,1,0
0,0,0
0,0,0
0,0,0
0,0,0
14,0,14
16,13,3
0,5,-5
4,2,2
0,0,0
30,5,25
3,0,3
12,0,12
0,5,-5
1,0,1
3,3,0
55,5,50
20,2,18
0,0,0
0,0,0
1,0,1
4,2,2
5,0,5
4,3,1
9,0,9
23,23,0
15,7,8
5,1,4
2,0,2
3,0,3
0,0,0
5,0,5
8,4,4
0,2,-2
2,0,2
1,0,1
10,1,9
4,0,4
2,1,1
29,1,28
13,0,13
25,2,23
6,7,-1
19,0,19
0,0,0
0,0,0
17,8,9
3,2,1
25,1,24
0,0,0
5,10,-5
8,3,5
10,0,10
1,0,1
3,0,3
0,1,-1
13,3,10
3,1,2
2,0,2
3,13,-10
2,0,2
0,0,0
5,1,4
9,4,5
56,1,55
0,0,0
1,1,0
5,3,2
0,0,0
1,0,1
0,0,0
47,52,-5
9,3,6
0,0,0
7,4,3
10,0,10
6,5,1
2,0,2
0,0,0
17,0,17
2,0,2
0,0,0
21,1,20
3,0,3
7,0,7
19,0,19
13,13,0
13,2,11
6,0,6
6,2,4
9,0,9
2,5,-3
10,0,10
0,0,0
29,0,29
11,5,6
1,0,1
5,4,1
8,3,5
6,1,5
1,3,-2
4,0,4
4,0,4
0,1,-1
2,0,2
0,0,0
0,0,0
18,3,15
1,0,1
7,1,6
8,1,7
3,0,3
29,12,17
6,5,1
4,11,-7
1,1,0
10,1,9
5,0,5
3,31,-28
0,0,0
0,1,-1
3,0,3
0,2,-2
17,2,15
5,2,3
4,2,2
1,0,1
0,1,-1
6,8,-2
0,0,0
5,11,-6
1,1,0
0,1,-1
7,0,7
3,2,1
29,1,28
6,0,6
9,0,9
39,2,37
3,1,2
21,3,18
1,0,1
10,0,10
3,2,1
4,0,4
0,0,0
9,13,-4
5,8,-3
2,0,2
6,3,3
20,0,20
0,1,-1
3,1,2
21,5,16
0,0,0
6,4,2
1,0,1
18,0,18
4,6,-2
0,0,0
1,0,1
15,6,9
0,2,-2
7,2,5
1,0,1
20,15,5
1,5,-4
3,1,2
2,0,2
2,13,-11
1,0,1
5,4,1
5,0,5
9,0,9
8,1,7
10,3,7
7,0,7
0,0,0
18,5,13
4,1,3
13,1,12
0,1,-1
5,5,0
3,0,3
2,0,2
8,2,6
1,0,1
1,1,0
2,5,-3
6,11,-5
1,7,-6
7,0,7
7,5,2
10,2,8
29,0,29
0,1,-1
17,6,11
8,0,8
2,0,2
2,8,-6
1,0,1
13,2,11
2,0,2
18,1,17
4,7,-3
1,0,1
4,0,4
10,3,7
8,3,5
27,4,23
5,1,4
3,1,2
5,3,2
3,0,3
2,2,0
0,0,0
2,0,2
0,2,-2
0,0,0
6,13,-7
16,3,13
1,0,1
15,14,1
1,0,1
0,0,0
19,3,16
1,0,1
7,0,7
3,1,2
5,15,-10
1,0,1
2,0,2
2,0,2
2,0,2
1,7,-6
1,0,1
27,0,27
1,0,1
11,3,8
1,5,-4
0,0,0
24,24,0
2,1,1
1,0,1
6,0,6
2,2,0
3,0,3
3,4,-1
6,7,-1
6,2,4
17,0,17
0,0,0
5,1,4
7,8,-1
10,8,2
0,4,-4
13,2,11
2,1,1
4,1,3
4,1,3
0,0,0
35,0,35
7,1,6
20,0,20
0,2,-2
0,0,0
15,1,14
0,0,0
3,2,1
9,14,-5
0,0,0
1,1,0
15,0,15
4,1,3
1,6,-5
11,2,9
2,0,2
2,1,1
0,0,0
0,3,-3
3,0,3
6,1,5
7,4,3
9,4,5
0,0,0
0,1,-1
0,0,0
2,0,2
1,1,0
25,6,19
17,0,17
77,1,76
2,0,2
0,0,0
0,0,0
4,1,3
9,3,6
15,0,15
4,1,3
8,37,-29
9,1,8
5,7,-2
3,2,1
1,0,1
14,0,14
4,1,3
7,2,5
0,3,-3
3,1,2
8,2,6
52,0,52
15,1,14
0,0,0
0,0,0
34,34,0
0,0,0
2,2,0
2,0,2
0,0,0
1,1,0
12,0,12
0,0,0
8,8,0
2,0,2
7,0,7
1,0,1
0,0,0
3,1,2
12,4,8
5,0,5
1,44,-43
22,14,8
27,0,27
4,1,3
0,2,-2
3,0,3
4,0,4
0,0,0
10,0,10
2,0,2
1,0,1
12,1,11
18,62,-44
3,0,3
27,11,16
1,5,-4
2,5,-3
0,1,-1
4,1,3
0,0,0
0,1,-1
1,2,-1
9,1,8
15,7,8
12,0,12
24,3,21
1,0,1
14,4,10
15,0,15
5,2,3
0,1,-1
0,0,0
0,6,-6
2,2,0
1,0,1
4,4,0
8,2,6
0,0,0
10,3,7
17,1,16
2,0,2
4,3,1
7,4,3
6,1,5
1,0,1
6,0,6
0,0,0
3,1,2
1,0,1
19,4,15
0,0,0
0,0,0
3,0,3
4,0,4
0,1,-1
0,0,0
0,0,0
4,1,3
0,0,0
6,0,6
1,0,1
0,0,0
0,0,0
0,0,0
0,0,0
1,0,1
0,0,0
0,0,0
3,3,0
1,0,1
2,2,0
19,6,13
0,0,0
0,0,0
3,3,0
1,0,1
44,10,34
7,5,2
26,0,26
15,0,15
2,1,1
1,0,1
1,0,1
0,0,0
2,0,2
0,0,0
4,17,-13
2,0,2
10,2,8
5,9,-4
0,0,0
4,3,1
2,0,2
4,0,4
3,0,3
3,0,3
1,1,0
4,0,4
11,7,4
1,0,1
10,0,10
9,0,9
0,0,0
0,0,0
2,0,2
8,3,5
0,0,0
0,0,0
5,8,-3
0,0,0
0,0,0
6,0,6
1,1,0
7,7,0
0,0,0
3,0,3
19,0,19
8,1,7
0,0,0
5,5,0
12,1,11
3,1,2
7,1,6
6,0,6
17,13,4
3,0,3
0,0,0
1,0,1
1,0,1
1,0,1
14,1,13
5,2,3
4,0,4
0,2,-2
8,2,6
1,1,0
4,5,-1
15,13,2
3,1,2
1,2,-1
3,19,-16
2,7,-5
9,3,6
7,0,7
0,6,-6
20,0,20
4,3,1
1,2,-1
4,0,4
1,0,1
0,3,-3
17,17,0
1,0,1
3,4,-1
3,0,3
11,2,9
0,0,0
3,7,-4
0,0,0
10,0,10
0,0,0
9,0,9
19,0,19
1,0,1
1,0,1
0,2,-2
29,29,0
3,4,-1
1,0,1
1,0,1
4,3,1
6,1,5
0,0,0
0,0,0
1,3,-2
1,0,1
0,0,0
0,7,-7
9,2,7
0,0,0
0,37,-37
10,0,10
7,5,2
4,0,4
2,0,2
0,0,0
0,0,0
0,2,-2
9,0,9
1,2,-1
6,0,6
2,0,2
8,7,1
27,2,25
1,0,1
0,0,0
7,0,7
0,0,0
3,0,3
6,0,6
1,0,1
2,1,1
2,0,2
7,1,6
0,0,0
8,1,7
8,9,-1
19,0,19
6,6,0
1,0,1
0,0,0
0,0,0
15,69,-54
4,2,2
0,0,0
19,1,18
2,0,2
2,0,2
4,2,2
6,25,-19
2,1,1
7,2,5
0,0,0
0,1,-1
7,0,7
6,3,3
2,2,0
5,5,0
0,4,-4
0,0,0
11,0,11
2,8,-6
0,1,-1
84,84,0
7,13,-6
10,2,8
5,6,-1
19,0,19
32,1,31
17,10,7
0,0,0
7,0,7
2,0,2
0,0,0
56,62,-6
0,0,0
2,14,-12
1,1,0
0,0,0
2,2,0
0,0,0
0,0,0
4,0,4
14,6,8
11,2,9
11,16,-5
0,0,0
0,0,0
5,0,5
2,0,2
11,13,-2
0,11,-11
0,0,0
2,0,2
4,5,-1
10,0,10
0,1,-1
6,4,2
1,1,0
9,5,4
15,1,14
3,3,0
11,0,11
0,0,0
22,0,22
0,0,0
3,0,3
2,1,1
22,17,5
8,0,8
22,53,-31
3,0,3
0,0,0
0,0,0
0,0,0
1,0,1
10,10,0
4,1,3
13,21,-8
43,2,41
15,0,15
6,0,6
3,4,-1
18,1,17
5,2,3
0,0,0
0,0,0
0,0,0
2,0,2
1,1,0
5,2,3
0,0,0
12,3,9
1,12,-11
2,0,2
0,0,0
8,2,6
22,9,13
0,0,0
13,0,13
3,2,1
1,0,1
2,0,2
4,0,4
4,13,-9
21,0,21
2,1,1
5,6,-1
0,0,0
4,3,1
0,4,-4
0,0,0
2,4,-2
14,8,6
1,1,0
1,1,0
2,1,1
6,2,4
1,0,1
5,2,3
1,2,-1
20,4,16
0,0,0
0,0,0
0,0,0
5,0,5
1,0,1
64,2,62
13,13,0
0,5,-5
4,8,-4
2,1,1
1,0,1
1,0,1
0,0,0
8,0,8
8,31,-23
5,0,5
10,1,9
0,0,0
4,1,3
1,38,-37
2,0,2
11,2,9
4,0,4
0,0,0
5,21,-16
6,2,4
0,0,0
13,0,13
12,0,12
6,2,4
0,4,-4
0,0,0
2,5,-3
1,0,1
12,2,10
3,2,1
0,0,0
0,0,0
3,0,3
0,0,0
12,0,12
8,16,-8
19,12,7
12,7,5
7,1,6
9,2,7
3,0,3
17,12,5
0,0,0
17,1,16
0,1,-1
3,1,2
12,10,2
1,0,1
4,2,2
4,2,2
20,2,18
18,0,18
5,1,4
0,0,0
5,0,5
2,0,2
0,0,0
3,0,3
0,3,-3
0,0,0
39,0,39
7,5,2
35,0,35
0,0,0
20,1,19
16,0,16
0,0,0
10,0,10
0,0,0
1,0,1
0,0,0
6,0,6
5,1,4
0,18,-18
1,0,1
0,0,0
5,2,3
11,0,11
0,0,0
10,17,-7
6,1,5
4,2,2
1,1,0
1,0,1
1,2,-1
2,0,2
13,0,13
6,0,6
1,2,-1
4,1,3
1,6,-5
1,0,1
14,5,9
6,0,6
4,0,4
2,33,-31
4,0,4
16,0,16
2,1,1
12,5,7
3,1,2
10,0,10
0,0,0
9,4,5
0,2,-2
0,0,0
1,2,-1
16,34,-18
0,0,0
1,1,0
5,0,5
0,1,-1
0,0,0
0,0,0
2,0,2
2,0,2
6,3,3
1,2,-1
2,0,2
13,1,12
2,1,1
1,0,1
10,2,8
11,9,2
0,0,0
4,10,-6
8,11,-3
1,1,0
14,4,10
0,1,-1
6,0,6
2,0,2
10,1,9
1,0,1
18,0,18
3,0,3
10,13,-3
8,0,8
18,0,18
3,2,1
3,9,-6
4,1,3
25,18,7
50,7,43
0,0,0
1,0,1
2,7,-5
8,0,8
4,0,4
1,1,0
1,1,0
1,1,0
2,2,0
17,3,14
2,0,2
1,4,-3
6,0,6
1,0,1
0,0,0
5,2,3
5,0,5
6,7,-1
16,16,0
0,1,-1
0,3,-3
5,0,5
25,0,25
15,8,7
0,0,0
0,0,0
2,0,2
0,1,-1
13,0,13
0,0,0
7,3,4
0,0,0
0,0,0
5,3,2
2,0,2
6,2,4
15,0,15
8,10,-2
9,1,8
5,0,5
0,0,0
0,0,0
21,0,21
38,0,38
0,0,0
8,0,8
0,0,0
7,0,7
92,0,92
2,0,2
9,3,6
4,6,-2
29,8,21
5,9,-4
1,0,1
4,0,4
21,10,11
16,1,15
6,0,6
2,0,2
3,1,2
7,3,4
1,0,1
13,8,5
0,1,-1
2,0,2
48,3,45
20,1,19
0,8,-8
1,0,1
0,0,0
29,0,29
1,3,-2
3,0,3
0,0,0
19,0,19
0,2,-2
1,1,0
3,0,3
24,7,17
10,8,2
0,1,-1
8,5,3
4,2,2
3,2,1
1,0,1
20,0,20
13,0,13
19,2,17
7,7,0
7,8,-1
0,4,-4
4,12,-8
6,5,1
17,42,-25
14,3,11
0,0,0
0,4,-4
11,0,11
5,1,4
0,2,-2
22,13,9
3,1,2
12,0,12
0,0,0
1,1,0
1,0,1
12,33,-21
19,41,-22
0,0,0
1,0,1
36,0,36
13,6,7
50,37,13
3,0,3
0,0,0
0,0,0
2,0,2
6,0,6
2,21,-19
0,0,0
3,1,2
2,2,0
8,2,6
4,6,-2
2,0,2
3,2,1
18,4,14
12,6,6
5,6,-1
0,0,0
3,0,3
1,1,0
0,0,0
5,2,3
3,0,3
1,1,0
0,5,-5
0,0,0
8,0,8
1,2,-1
8,10,-2
0,0,0
16,14,2
5,8,-3
1,1,0
0,0,0
4,0,4
3,1,2
3,4,-1
11,0,11
2,3,-1
1,1,0
1,1,0
8,10,-2
4,1,3
1,0,1
0,0,0
23,17,6
5,1,4
11,5,6
2,1,1
4,1,3
38,0,38
10,5,5
5,2,3
0,0,0
6,1,5
2,0,2
1,0,1
1,0,1
5,0,5
3,0,3
11,5,6
6,0,6
3,2,1
11,18,-7
9,9,0
0,0,0
4,0,4
6,4,2
4,1,3
12,0,12
1,0,1
0,0,0
10,2,8
0,0,0
4,0,4
0,0,0
4,0,4
1,0,1
2,1,1
12,1,11
17,8,9
0,0,0
20,1,19
0,0,0
0,6,-6
5,0,5
0,2,-2
1,1,0
0,1,-1
10,10,0
4,0,4
0,0,0
0,1,-1
21,8,13
7,1,6
0,13,-13
8,4,4
9,2,7
0,1,-1
1,1,0
2,1,1
16,2,14
19,0,19
29,29,0
9,1,8
12,1,11
6,0,6
10,1,9
18,42,-24
10,4,6
11,2,9
8,0,8
9,4,5
11,1,10
1,0,1
1,0,1
6,4,2
0,0,0
16,1,15
0,5,-5
2,0,2
0,9,-9
4,2,2
4,0,4
0,0,0
3,3,0
3,1,2
13,1,12
1,11,-10
82,0,82
6,2,4
1,0,1
4,2,2
5,0,5
2,0,2
1,2,-1
28,37,-9
7,2,5
2,0,2
7,1,6
14,5,9
1,0,1
0,4,-4
3,0,3
3,2,1
1,0,1
2,0,2
8,4,4
1,1,0
31,0,31
2,3,-1
3,1,2
4,2,2
0,0,0
7,1,6
13,13,0
0,0,0
13,0,13
4,6,-2
14,0,14
2,0,2
3,2,1
3,2,1
1,0,1
8,0,8
15,20,-5
2,1,1
0,0,0
2,6,-4
3,0,3
5,1,4
0,1,-1
2,5,-3
2,1,1
5,1,4
8,0,8
0,0,0
3,4,-1
2,0,2
12,0,12
2,0,2
9,5,4
1,1,0
0,0,0
2,0,2
3,2,1
0,0,0
9,6,3
0,0,0
9,7,2
4,1,3
0,1,-1
1,0,1
0,0,0
3,1,2
2,0,2
6,0,6
3,18,-15
19,0,19
4,0,4
14,4,10
17,4,13
0,4,-4
25,0,25
11,12,-1
0,0,0
31,0,31
3,3,0
6,2,4
7,0,7
13,6,7
2,4,-2
3,6,-3
15,2,13
5,0,5
10,0,10
1,0,1
0,0,0
3,6,-3
2,0,2
28,0,28
32,30,2
22,0,22
8,7,1
4,0,4
2,0,2
1,21,-20
24,1,23
15,14,1
1,1,0
4,0,4
5,2,3
8,0,8
0,0,0
30,1,29
7,7,0
3,1,2
5,0,5
0,0,0
2,0,2
13,1,12
5,0,5
6,9,-3
2,0,2
10,1,9
0,0,0
1,0,1
4,0,4
0,1,-1
12,1,11
8,0,8
0,1,-1
1,9,-8
0,1,-1
9,3,6
1,0,1
7,16,-9
12,0,12
2,0,2
5,8,-3
12,0,12
3,0,3
9,0,9
1,0,1
3,0,3
0,1,-1
6,0,6
8,0,8
10,1,9
1,0,1
0,1,-1
4,5,-1
3,0,3
2,2,0
9,4,5
4,0,4
4,4,0
2,0,2
10,3,7
2,0,2
16,0,16
0,45,-45
4,1,3
12,1,11
4,0,4
11,1,10
6,2,4
0,25,-25
17,13,4
3,0,3
7,0,7
6,9,-3
0,0,0
1,2,-1
0,0,0
16,0,16
0,0,0
1,1,0
0,0,0
1,0,1
1,0,1
4,0,4
9,9,0
0,0,0
11,7,4
10,1,9
0,1,-1
13,6,7
5,0,5
13,34,-21
1,7,-6
4,1,3
0,0,0
0,0,0
3,1,2
3,0,3
1,1,0
8,0,8
1,0,1
0,1,-1
10,5,5
3,2,1
20,0,20
0,0,0
11,2,9
26,0,26
5,0,5
11,2,9
1,1,0
1,0,1
2,1,1
1,4,-3
1,0,1
2,0,2
16,1,15
7,2,5
18,0,18
3,0,3
2,4,-2
22,0,22
7,0,7
9,0,9
0,0,0
5,4,1
3,1,2
0,0,0
3,3,0
15,34,-19
0,0,0
1,0,1
4,0,4
6,0,6
0,1,-1
22,0,22
0,17,-17
0,0,0
9,1,8
14,0,14
5,6,-1
0,2,-2
5,1,4
4,0,4
2,0,2
2,0,2
23,51,-28
1,0,1
0,1,-1
37,0,37
0,0,0
1,0,1
3,2,1
0,1,-1
14,60,-46
1,0,1
9,4,5
38,8,30
0,0,0
8,0,8
4,5,-1
2,0,2
7,0,7
1,0,1
19,0,19
7,1,6
28,23,5
1,1,0
18,1,17
7,3,4
9,0,9
31,3,28
38,3,35
4,0,4
14,24,-10
1,0,1
7,1,6
0,0,0
2,3,-1
2,12,-10
5,0,5
7,2,5
32,1,31
0,0,0
0,0,0
1,0,1
15,1,14
14,6,8
2,0,2
0,0,0
3,1,2
1,0,1
3,2,1
2,3,-1
56,0,56
14,1,13
18,8,10
0,0,0
1,0,1
0,0,0
7,1,6
7,4,3
2,2,0
23,8,15
8,1,7
0,0,0
7,9,-2
6,0,6
0,10,-10
1,0,1
5,0,5
27,6,21
4,0,4
20,1,19
1,0,1
10,4,6
4,0,4
19,1,18
10,1,9
1,0,1
3,4,-1
6,10,-4
10,0,10
0,9,-9
0,0,0
0,0,0
9,6,3
6,6,0
0,0,0
9,0,9
12,12,0
0,1,-1
20,0,20
3,2,1
0,2,-2
8,0,8
2,0,2
89,1,88
2,0,2
35,2,33
0,1,-1
6,0,6
5,1,4
0,1,-1
19,5,14
0,0,0
3,0,3
5,5,0
2,0,2
0,1,-1
8,0,8
0,1,-1
26,20,6
12,2,10
2,0,2
6,1,5
2,1,1
3,0,3
31,12,19
40,10,30
9,2,7
5,0,5
1,0,1
4,0,4
3,3,0
26,3,23
5,0,5
0,0,0
0,7,-7
3,0,3
4,56,-52
8,1,7
11,0,11
15,0,15
0,0,0
0,0,0
37,28,9
7,0,7
1,0,1
2,10,-8
2,2,0
0,0,0
12,4,8
0,0,0
5,1,4
0,1,-1
2,0,2
11,0,11
4,4,0
1,7,-6
0,2,-2
9,6,3
2,4,-2
50,42,8
6,1,5
0,0,0
4,0,4
0,1,-1
2,7,-5
0,0,0
1,0,1
1,1,0
0,0,0
1,0,1
4,0,4
11,0,11
1,1,0
3,1,2
0,0,0
0,0,0
0,0,0
1,0,1
0,8,-8
3,4,-1
0,0,0
0,0,0
2,0,2
3,1,2
0,1,-1
4,1,3
3,3,0
27,1,26
4,0,4
2,0,2
6,0,6
7,8,-1
0,0,0
1,0,1
0,3,-3
1,0,1
0,0,0
5,2,3
2,0,2
8,1,7
19,0,19
1,0,1
27,2,25
3,2,1
1,4,-3
4,2,2
12,3,9
20,8,12
1,3,-2
0,0,0
7,2,5
2,4,-2
9,0,9
9,0,9
0,0,0
0,0,0
3,3,0
5,0,5
9,1,8
11,0,11
13,21,-8
12,1,11
8,2,6
2,1,1
5,0,5
19,0,19
12,2,10
3,5,-2
3,10,-7
2,0,2
17,17,0
17,1,16
22,0,22
15,1,14
22,22,0
4,2,2
15,11,4
1,0,1
2,2,0
14,8,6
7,1,6
2,0,2
6,1,5
2,2,0
9,3,6
6,0,6
6,2,4
11,0,11
1,1,0
46,0,46
4,0,4
3,0,3
4,1,3
5,1,4
17,0,17
1,0,1
1,4,-3
14,0,14
3,0,3
59,43,16
11,0,11
0,0,0
4,0,4
18,2,16
1,0,1
24,0,24
10,0,10
0,1,-1
4,0,4
1,2,-1
14,0,14
4,0,4
9,4,5
7,1,6
4,0,4
3,0,3
0,0,0
0,5,-5
17,0,17
2,0,2
2,1,1
0,4,-4
4,64,-60
15,0,15
2,3,-1
1,0,1
10,0,10
8,1,7
2,4,-2
0,0,0
25,0,25
9,0,9
15,2,13
1,0,1
2,5,-3
2,13,-11
1,0,1
10,2,8
10,0,10
7,0,7
32,0,32
9,6,3
0,0,0
20,0,20
5,0,5
0,0,0
13,0,13
3,4,-1
3,0,3
4,1,3
13,50,-37
15,0,15
0,0,0
3,4,-1
1,0,1
0,0,0
2,0,2
1,0,1
2,0,2
1,0,1
7,12,-5
8,0,8
1,1,0
35,66,-31
21,21,0
3,1,2
0,0,0
12,8,4
4,2,2
0,1,-1
1,4,-3
0,0,0
80,80,0
1,0,1
2,2,0
9,9,0
4,0,4
1,2,-1
1,4,-3
3,1,2
0,0,0
6,1,5
6,0,6
0,0,0
5,1,4
0,1,-1
1,1,0
0,0,0
0,0,0
17,6,11
0,0,0
1,1,0
0,0,0
28,0,28
12,0,12
7,4,3
1,1,0
7,0,7
1,1,0
3,1,2
6,29,-23
0,1,-1
5,1,4
11,2,9
0,0,0
6,0,6
3,3,0
2,1,1
1,0,1
32,0,32
0,0,0
1,0,1
2,1,1
2,2,0
8,0,8
13,0,13
13,4,9
0,1,-1
2,2,0
5,2,3
12,5,7
2,0,2
0,1,-1
0,0,0
1,0,1
3,1,2
20,2,18
8,2,6
0,0,0
1,0,1
11,4,7
2,1,1
0,0,0
1,1,0
2,5,-3
3,0,3
2,5,-3
7,3,4
6,10,-4
2,0,2
3,0,3
0,0,0
0,0,0
29,7,22
0,7,-7
26,9,17
2,1,1
11,1,10
17,2,15
15,1,14
1,0,1
14,0,14
36,20,16
0,0,0
7,1,6
60,21,39
1,1,0
2,0,2
1,1,0
2,0,2
1,0,1
1,6,-5
4,0,4
7,1,6
1,1,0
0,2,-2
4,1,3
52,4,48
0,0,0
0,0,0
18,0,18
10,1,9
1,0,1
19,19,0
4,0,4
4,2,2
0,0,0
3,0,3
6,0,6
8,9,-1
1,0,1
1,0,1
6,0,6
26,0,26
5,5,0
1,0,1
4,2,2
8,1,7
0,0,0
0,0,0
18,0,18
2,0,2
10,3,7
6,5,1
7,7,0
5,0,5
5,0,5
0,0,0
12,0,12
6,13,-7
8,1,7
12,1,11
1,3,-2
8,0,8
1,1,0
1,1,0
5,2,3
10,1,9
3,2,1
0,0,0
0,1,-1
16,8,8
14,1,13
1,0,1
2,1,1
8,1,7
6,0,6
1,0,1
5,2,3
6,3,3
17,1,16
1,0,1
0,0,0
6,5,1
0,4,-4
6,13,-7
2,2,0
2,0,2
12,9,3
2,1,1
6,3,3
0,0,0
2,0,2
3,0,3
22,0,22
0,0,0
2,5,-3
6,0,6
0,0,0
6,3,3
5,1,4
7,0,7
3,0,3
9,7,2
0,0,0
34,7,27
2,0,2
6,4,2
10,7,3
19,4,15
17,0,17
0,0,0
0,0,0
34,2,32
1,0,1
10,12,-2
0,0,0
16,5,11
2,0,2
1,1,0
24,1,23
0,1,-1
15,1,14
1,0,1
2,0,2
1,0,1
5,2,3
1,2,-1
1,2,-1
2,0,2
1,1,0
3,3,0
2,0,2
21,3,18
19,10,9
14,1,13
16,8,8
4,2,2
5,0,5
13,0,13
25,0,25
11,0,11
11,5,6
8,1,7
1,0,1
5,2,3
1,1,0
3,0,3
2,0,2
7,1,6
0,0,0
4,1,3
0,0,0
21,1,20
20,0,20
19,1,18
1,2,-1
3,0,3
0,0,0
0,0,0
1,2,-1
1,0,1
10,6,4
19,3,16
3,0,3
6,24,-18
0,1,-1
2,0,2
3,13,-10
19,22,-3
1,0,1
20,1,19
1,3,-2
5,3,2
15,1,14
3,1,2
12,0,12
14,0,14
0,0,0
0,0,0
4,0,4
0,0,0
4,3,1
4,1,3
1,5,-4
1,0,1
0,14,-14
0,7,-7
2,0,2
0,0,0
10,4,6
0,4,-4
1,0,1
0,0,0
1,0,1
1,0,1
14,0,14
11,8,3
18,0,18
7,1,6
3,0,3
2,0,2
0,2,-2
10,0,10
0,0,0
1,1,0
15,0,15
61,0,61
27,0,27
1,1,0
7,0,7
20,13,7
11,2,9
4,0,4
18,0,18
0,2,-2
8,0,8
3,1,2
0,0,0
0,0,0
5,12,-7
5,5,0
3,0,3
2,0,2
2,1,1
6,1,5
5,0,5
1,0,1
0,0,0
1,0,1
12,1,11
12,0,12
0,0,0
25,0,25
39,0,39
6,0,6
7,0,7
10,3,7
18,0,18
3,1,2
0,0,0
4,0,4
4,4,0
34,0,34
3,4,-1
0,0,0
0,0,0
1,0,1
1,0,1
1,0,1
1,0,1
2,0,2
8,0,8
0,0,0
3,0,3
3,3,0
21,0,21
1,0,1
2,0,2
0,1,-1
6,1,5
1,0,1
2,2,0
10,1,9
3,5,-2
8,0,8
6,2,4
2,0,2
2,1,1
5,2,3
0,0,0
8,0,8
9,7,2
3,1,2
0,14,-14
3,0,3
1,1,0
2,0,2
9,5,4
4,2,2
4,0,4
0,1,-1
7,0,7
0,0,0
4,0,4
0,0,0
4,3,1
6,2,4
10,0,10
1,1,0
13,0,13
1,1,0
7,1,6
11,0,11
4,3,1
2,0,2
1,1,0
0,2,-2
9,0,9
8,5,3
4,0,4
5,0,5
0,0,0
24,29,-5
11,8,3
1,0,1
4,4,0
24,1,23
11,1,10
10,3,7
7,0,7
0,1,-1
8,1,7
40,0,40
2,1,1
0,1,-1
4,0,4
5,7,-2
1,0,1
16,0,16
17,0,17
0,0,0
32,66,-34
9,2,7
12,0,12
8,2,6
7,5,2
1,0,1
4,0,4
55,1,54
14,5,9
12,1,11
3,0,3
53,9,44
0,0,0
2,0,2
17,9,8
8,56,-48
6,0,6
16,4,12
11,8,3
13,1,12
3,2,1
0,2,-2
12,0,12
20,13,7
1,0,1
5,2,3
13,18,-5
6,6,0
12,1,11
0,0,0
0,2,-2
0,1,-1
1,0,1
2,0,2
3,4,-1
18,5,13
4,1,3
14,1,13
19,0,19
4,1,3
3,2,1
11,1,10
23,0,23
0,1,-1
0,0,0
7,2,5
0,4,-4
1,0,1
0,0,0
3,0,3
5,0,5
0,0,0
1,0,1
23,14,9
7,1,6
1,2,-1
31,21,10
0,0,0
5,5,0
1,0,1
2,1,1
5,1,4
1,0,1
9,1,8
4,1,3
7,1,6
12,4,8
7,0,7
16,2,14
9,11,-2
0,0,0
2,3,-1
24,1,23
2,2,0
4,0,4
1,1,0
16,0,16
1,0,1
2,15,-13
1,2,-1
0,5,-5
1,0,1
1,0,1
0,0,0
6,3,3
1,0,1
7,2,5
1,1,0
3,3,0
0,0,0
3,1,2
1,0,1
3,3,0
3,0,3
0,2,-2
0,3,-3
2,1,1
17,21,-4
0,0,0
7,0,7
5,1,4
4,1,3
15,0,15
12,42,-30
1,0,1
1,0,1
18,1,17
1,0,1
19,29,-10
5,0,5
16,0,16
10,2,8
1,1,0
0,4,-4
1,0,1
0,0,0
15,0,15
2,0,2
15,2,13
0,0,0
9,6,3
1,0,1
3,4,-1
6,0,6
12,4,8
1,1,0
1,0,1
6,5,1
0,1,-1
5,2,3
5,1,4
12,0,12
3,0,3
1,0,1
9,2,7
12,1,11
0,0,0
0,0,0
0,1,-1
11,35,-24
5,31,-26
39,0,39
25,9,16
9,5,4
9,0,9
1,1,0
3,1,2
0,0,0
0,9,-9
1,4,-3
1,3,-2
0,0,0
0,0,0
1,0,1
5,1,4
8,0,8
1,0,1
9,2,7
1,3,-2
2,0,2
2,0,2
8,14,-6
0,0,0
0,0,0
4,0,4
4,0,4
37,17,20
28,0,28
9,5,4
6,1,5
16,5,11
0,0,0
15,0,15
7,0,7
1,1,0
12,0,12
3,6,-3
4,0,4
4,3,1
6,0,6
0,0,0
5,3,2
24,0,24
9,2,7
11,6,5
6,2,4
9,1,8
1,0,1
20,0,20
1,1,0
5,0,5
11,4,7
3,0,3
0,0,0
0,0,0
3,1,2
0,0,0
0,0,0
1,0,1
6,0,6
12,0,12
4,6,-2
11,0,11
0,0,0
3,3,0
0,0,0
3,0,3
1,0,1
0,0,0
3,6,-3
12,2,10
6,3,3
0,0,0
32,17,15
22,1,21
7,0,7
0,0,0
12,0,12
2,0,2
5,3,2
1,0,1
19,5,14
0,0,0
8,2,6
3,1,2
0,0,0
2,0,2
3,0,3
0,0,0
0,1,-1
5,1,4
6,2,4
4,3,1
13,0,13
0,5,-5
1,0,1
3,0,3
14,7,7
21,0,21
3,17,-14
1,33,-32
7,7,0
5,0,5
3,0,3
0,0,0
5,1,4
15,1,14
8,0,8
13,0,13
24,24,0
36,23,13
8,2,6
2,4,-2
14,1,13
14,6,8
1,1,0
4,0,4
8,32,-24
6,0,6
15,0,15
15,0,15
0,0,0
3,1,2
1,0,1
2,3,-1
1,0,1
1,0,1
8,0,8
5,3,2
4,1,3
11,0,11
23,34,-11
10,0,10
14,0,14
2,0,2
7,8,-1
5,2,3
3,0,3
8,0,8
1,0,1
5,1,4
5,0,5
9,3,6
3,0,3
9,4,5
1,0,1
2,2,0
7,1,6
1,0,1
0,0,0
1,1,0
5,0,5
27,4,23
4,0,4
1,1,0
4,4,0
108,18,90
51,7,44
7,0,7
1,0,1
2,0,2
5,0,5
1,0,1
7,0,7
0,0,0
9,3,6
8,6,2
7,2,5
1,1,0
4,0,4
5,2,3
0,0,0
4,2,2
8,2,6
0,0,0
0,0,0
15,7,8
9,8,1
12,5,7
4,1,3
0,1,-1
7,4,3
1,0,1
0,1,-1
23,0,23
2,2,0
0,0,0
4,3,1
9,0,9
0,0,0
5,0,5
1,0,1
7,1,6
1,0,1
6,0,6
1,0,1
0,0,0
0,1,-1
1,0,1
9,3,6
8,10,-2
0,0,0
1,0,1
4,10,-6
19,4,15
1,0,1
3,0,3
35,5,30
3,0,3
2,0,2
5,3,2
1,0,1
25,46,-21
0,1,-1
4,1,3
11,1,10
7,0,7
1,5,-4
15,13,2
0,0,0
2,0,2
5,1,4
1,2,-1
16,1,15
5,0,5
1,0,1
1,1,0
1,0,1
8,0,8
24,0,24
13,2,11
13,0,13
9,1,8
1,0,1
3,5,-2
18,1,17
7,0,7
1,0,1
2,3,-1
3,2,1
5,4,1
3,0,3
12,6,6
6,8,-2
4,12,-8
2,1,1
1,1,0
22,18,4
5,4,1
0,0,0
7,0,7
0,16,-16
8,13,-5
0,0,0
1,0,1
0,0,0
5,0,5
2,0,2
5,0,5
8,10,-2
9,0,9
0,7,-7
2,0,2
6,1,5
0,0,0
1,0,1
3,0,3
2,0,2
9,21,-12
28,0,28
4,8,-4
21,0,21
4,3,1
5,34,-29
2,0,2
0,0,0
12,6,6
10,0,10
8,11,-3
2,0,2
4,11,-7
3,0,3
9,0,9
0,0,0
4,5,-1
7,0,7
4,6,-2
9,0,9
4,4,0
22,0,22
0,0,0
6,2,4
3,0,3
1,6,-5
4,2,2
0,0,0
4,0,4
9,2,7
4,2,2
17,3,14
0,1,-1
4,0,4
14,0,14
2,0,2
5,0,5
0,0,0
2,1,1
2,1,1
4,2,2
5,1,4
11,2,9
2,4,-2
15,1,14
2,3,-1
6,1,5
3,0,3
7,0,7
9,0,9
25,0,25
0,0,0
0,0,0
0,0,0
0,0,0
4,0,4
2,0,2
2,0,2
6,0,6
11,0,11
1,4,-3
2,4,-2
0,0,0
6,14,-8
1,0,1
5,0,5
26,35,-9
0,0,0
6,2,4
7,1,6
0,0,0
3,19,-16
1,1,0
8,0,8
2,4,-2
1,5,-4
0,0,0
0,0,0
1,0,1
0,0,0
9,9,0
2,0,2
3,1,2
9,0,9
5,59,-54
1,0,1
4,2,2
0,0,0
5,0,5
8,2,6
0,0,0
0,0,0
2,1,1
5,2,3
0,0,0
11,4,7
3,6,-3
2,0,2
0,0,0
1,44,-43
21,0,21
0,0,0
0,0,0
3,0,3
0,0,0
51,2,49
12,1,11
8,2,6
5,0,5
7,1,6
2,0,2
1,0,1
0,0,0
42,1,41
17,4,13
11,43,-32
7,0,7
3,2,1
3,0,3
0,0,0
8,1,7
2,2,0
0,0,0
1,0,1
4,0,4
0,2,-2
17,4,13
0,2,-2
8,4,4
24,9,15
2,0,2
16,0,16
19,4,15
0,0,0
2,1,1
6,1,5
48,0,48
1,0,1
1,0,1
4,0,4
1,0,1
13,1,12
10,2,8
7,0,7
7,0,7
0,0,0
9,0,9
3,3,0
2,0,2
2,0,2
0,0,0
5,2,3
7,0,7
4,4,0
18,5,13
23,1,22
0,0,0
19,31,-12
0,0,0
0,0,0
5,5,0
13,1,12
40,0,40
7,0,7
6,21,-15
6,2,4
0,1,-1
5,0,5
1,1,0
3,2,1
13,7,6
14,4,10
2,2,0
2,0,2
0,2,-2
1,0,1
9,1,8
1,1,0
6,5,1
8,1,7
8,2,6
12,0,12
0,1,-1
4,0,4
0,2,-2
0,1,-1
8,2,6
13,29,-16
1,2,-1
0,0,0
2,0,2
4,4,0
9,2,7
12,2,10
0,0,0
1,4,-3
4,0,4
2,5,-3
34,4,30
0,1,-1
1,0,1
6,2,4
14,0,14
5,0,5
5,0,5
3,0,3
2,0,2
3,6,-3
2,0,2
17,7,10
0,0,0
1,0,1
16,2,14
8,4,4
1,0,1
4,0,4
3,0,3
11,36,-25
4,10,-6
1,0,1
15,0,15
6,12,-6
19,1,18
2,2,0
0,0,0
5,0,5
4,0,4
7,3,4
2,0,2
12,1,11
0,0,0
9,1,8
3,0,3
1,0,1
31,0,31
0,0,0
13,0,13
0,6,-6
1,1,0
1,0,1
3,1,2
0,0,0
4,0,4
5,0,5
2,0,2
26,0,26
1,2,-1
14,0,14
6,1,5
0,0,0
0,0,0
0,0,0
28,3,25
2,0,2
7,0,7
2,0,2
9,4,5
0,0,0
0,8,-8
0,1,-1
7,2,5
1,0,1
8,2,6
2,4,-2
20,6,14
29,0,29
10,0,10
0,0,0
0,0,0
14,1,13
9,0,9
16,3,13
4,2,2
1,1,0
0,0,0
0,0,0
3,0,3
0,0,0
2,0,2
1,2,-1
1,5,-4
18,1,17
6,4,2
4,2,2
8,6,2
1,0,1
11,3,8
0,0,0
1,1,0
0,0,0
10,10,0
5,6,-1
0,6,-6
34,22,12
19,0,19
0,0,0
3,0,3
21,2,19
6,1,5
64,64,0
0,0,0
11,21,-10
2,2,0
4,0,4
7,1,6
1,1,0
5,1,4
11,6,5
54,0,54
10,1,9
5,4,1
0,0,0
0,2,-2
2,0,2
4,3,1
7,0,7
6,1,5
0,0,0
1,0,1
8,7,1
4,31,-27
4,0,4
9,6,3
0,0,0
3,3,0
1,14,-13
1,0,1
1,0,1
1,0,1
6,4,2
0,0,0
9,1,8
9,0,9
0,0,0
8,0,8
0,0,0
0,1,-1
5,5,0
33,1,32
2,2,0
6,1,5
47,47,0
7,1,6
2,0,2
9,0,9
2,0,2
12,3,9
0,0,0
1,0,1
1,0,1
0,0,0
1,3,-2
12,0,12
4,0,4
3,3,0
27,1,26
0,0,0
1,0,1
9,0,9
0,0,0
4,0,4
1,0,1
13,1,12
6,0,6
10,2,8
1,1,0
1,0,1
5,1,4
0,13,-13
1,0,1
6,4,2
4,4,0
14,8,6
5,1,4
1,0,1
0,0,0
1,0,1
7,1,6
4,1,3
0,0,0
5,0,5
0,0,0
2,2,0
3,0,3
8,4,4
16,1,15
26,1,25
1,0,1
2,2,0
4,0,4
1,0,1
1,0,1
30,1,29
16,2,14
0,0,0
0,2,-2
0,0,0
0,0,0
0,0,0
5,3,2
1,0,1
0,0,0
6,22,-16
25,6,19
1,0,1
0,2,-2
4,0,4
1,0,1
2,8,-6
34,1,33
4,1,3
1,0,1
3,2,1
2,1,1
1,0,1
9,18,-9
1,0,1
1,1,0
6,0,6
3,2,1
43,5,38
2,0,2
10,4,6
0,1,-1
1,0,1
40,15,25
18,1,17
2,0,2
20,2,18
0,0,0
4,0,4
0,0,0
4,2,2
4,11,-7
0,0,0
3,0,3
2,1,1
2,0,2
2,1,1
13,0,13
1,0,1
1,0,1
8,0,8
0,0,0
24,1,23
2,0,2
7,3,4
7,0,7
29,0,29
1,0,1
29,29,0
16,2,14
12,1,11
11,3,8
12,2,10
2,0,2
11,0,11
1,0,1
5,0,5
3,2,1
1,0,1
0,3,-3
65,0,65
1,0,1
7,0,7
0,0,0
20,11,9
18,4,14
20,4,16
2,0,2
0,0,0
15,2,13
23,4,19
2,0,2
7,1,6
9,1,8
4,0,4
11,2,9
2,0,2
2,0,2
0,0,0
3,0,3
1,0,1
45,25,20
0,0,0
0,0,0
2,0,2
1,1,0
2,0,2
1,2,-1
3,3,0
4,0,4
0,0,0
9,0,9
11,0,11
0,0,0
5,2,3
4,4,0
8,0,8
17,34,-17
17,0,17
5,2,3
0,0,0
2,2,0
11,21,-10
9,2,7
0,2,-2
0,0,0
2,2,0
1,0,1
11,0,11
7,0,7
7,6,1
0,0,0
3,1,2
0,5,-5
17,6,11
5,4,1
15,2,13
0,0,0
6,0,6
11,2,9
2,0,2
7,0,7
9,0,9
16,0,16
0,0,0
0,1,-1
0,0,0
6,8,-2
4,1,3
2,0,2
18,2,16
0,0,0
1,3,-2
1,1,0
1,0,1
5,8,-3
0,5,-5
0,1,-1
8,15,-7
5,1,4
0,1,-1
0,0,0
0,0,0
8,1,7
19,25,-6
90,0,90
10,1,9
6,2,4
1,0,1
2,8,-6
3,0,3
7,5,2
2,1,1
2,0,2
6,6,0
0,0,0
5,0,5
12,4,8
6,0,6
9,3,6
0,0,0
0,1,-1
0,0,0
14,0,14
2,0,2
1,0,1
1,0,1
1,0,1
10,0,10
1,0,1
1,0,1
2,0,2
10,1,9
11,3,8
9,0,9
10,7,3
10,42,-32
6,1,5
10,6,4
0,0,0
5,1,4
0,2,-2
13,5,8
10,1,9
0,0,0
2,0,2
19,0,19
44,5,39
3,0,3
0,0,0
3,2,1
1,0,1
10,2,8
0,0,0
8,8,0
5,1,4
2,0,2
0,1,-1
7,1,6
4,0,4
4,0,4
25,17,8
1,4,-3
14,6,8
3,0,3
9,0,9
7,0,7
8,3,5
22,1,21
0,0,0
7,0,7
3,0,3
4,4,0
1,1,0
13,1,12
23,6,17
7,3,4
11,2,9
12,2,10
6,3,3
4,0,4
3,1,2
22,28,-6
4,50,-46
2,2,0
22,5,17
22,0,22
0,0,0
1,10,-9
3,0,3
0,0,0
1,0,1
0,0,0
1,0,1
6,9,-3
6,0,6
1,0,1
6,1,5
14,10,4
3,2,1
8,48,-40
1,0,1
10,5,5
0,0,0
3,1,2
0,1,-1
1,0,1
3,0,3
3,0,3
1,0,1
2,1,1
24,64,-40
6,1,5
1,1,0
0,1,-1
3,2,1
5,0,5
24,8,16
8,0,8
13,6,7
6,0,6
5,0,5
10,3,7
3,3,0
10,4,6
1,0,1
1,0,1
5,0,5
8,0,8
10,2,8
14,2,12
0,0,0
22,4,18
6,0,6
1,1,0
7,2,5
8,0,8
8,1,7
11,0,11
2,1,1
0,4,-4
2,0,2
1,0,1
15,1,14
12,1,11
0,0,0
14,0,14
3,0,3
8,1,7
0,0,0
4,10,-6
12,0,12
2,0,2
5,0,5
1,4,-3
3,0,3
8,0,8
2,0,2
24,18,6
1,0,1
3,1,2
1,1,0
2,0,2
0,0,0
8,0,8
1,0,1
1,0,1
1,4,-3
4,0,4
4,0,4
1,1,0
8,1,7
8,2,6
5,2,3
10,2,8
0,0,0
7,1,6
4,0,4
4,0,4
1,2,-1
5,0,5
0,0,0
0,0,0
1,0,1
4,0,4
0,1,-1
5,0,5
7,0,7
1,0,1
3,0,3
8,1,7
0,0,0
0,0,0
4,1,3
2,3,-1
1,0,1
0,5,-5
0,1,-1
0,0,0
26,0,26
2,1,1
4,4,0
0,4,-4
11,29,-18
0,0,0
0,0,0
5,0,5
0,0,0
11,1,10
2,2,0
7,0,7
0,0,0
52,0,52
3,2,1
8,0,8
3,0,3
40,0,40
21,0,21
0,0,0
9,9,0
12,0,12
0,0,0
32,53,-21
4,0,4
4,0,4
1,2,-1
0,0,0
16,34,-18
18,0,18
8,4,4
10,4,6
1,7,-6
0,0,0
16,5,11
39,1,38
1,0,1
0,11,-11
4,0,4
14,0,14
2,0,2
4,0,4
0,0,0
3,8,-5
8,1,7
5,1,4
21,0,21
2,0,2
5,2,3
9,2,7
16,0,16
0,4,-4
1,1,0
15,0,15
0,0,0
4,0,4
0,8,-8
1,1,0
7,4,3
19,5,14
5,5,0
8,4,4
5,1,4
21,0,21
2,0,2
1,0,1
29,2,27
7,4,3
4,4,0
0,1,-1
3,0,3
0,1,-1
35,69,-34
8,6,2
3,1,2
4,1,3
0,0,0
21,2,19
1,0,1
1,3,-2
3,1,2
8,1,7
31,5,26
42,1,41
0,5,-5
2,0,2
2,0,2
2,0,2
3,31,-28
9,1,8
0,0,0
0,0,0
1,0,1
12,0,12
0,0,0
4,1,3
10,0,10
1,0,1
1,0,1
7,1,6
0,1,-1
14,21,-7
1,0,1
0,0,0
0,0,0
1,0,1
0,0,0
0,0,0
17,1,16
1,0,1
0,0,0
10,8,2
1,0,1
5,1,4
7,13,-6
11,0,11
30,30,0
2,7,-5
22,1,21
12,0,12
22,0,22
3,4,-1
9,6,3
3,4,-1
5,2,3
3,0,3
1,0,1
5,0,5
1,0,1
1,1,0
11,5,6
4,1,3
8,8,0
3,0,3
1,0,1
14,3,11
1,0,1
9,1,8
9,7,2
27,0,27
1,0,1
8,0,8
9,1,8
10,10,0
12,6,6
3,0,3
3,4,-1
1,0,1
60,4,56
11,0,11
2,0,2
7,7,0
5,4,1
2,0,2
0,1,-1
4,0,4
2,0,2
0,0,0
30,2,28
7,1,6
1,0,1
0,1,-1
24,5,19
1,2,-1
7,2,5
3,1,2
0,0,0
1,1,0
2,0,2
7,1,6
13,2,11
2,2,0
6,0,6
12,3,9
0,0,0
5,0,5
1,0,1
1,0,1
2,0,2
5,0,5
2,2,0
1,0,1
8,4,4
0,0,0
1,0,1
8,0,8
2,3,-1
6,1,5
6,1,5
3,0,3
6,0,6
6,6,0
21,0,21
2,1,1
3,3,0
40,0,40
8,6,2
0,0,0
0,0,0
1,0,1
0,0,0
6,0,6
2,0,2
4,2,2
16,1,15
0,4,-4
7,1,6
2,1,1
0,0,0
2,0,2
1,2,-1
1,0,1
31,0,31
14,8,6
6,1,5
1,1,0
3,1,2
0,0,0
9,7,2
1,2,-1
10,0,10
6,2,4
31,1,30
2,0,2
19,0,19
5,0,5
3,0,3
0,4,-4
2,0,2
8,0,8
0,2,-2
1,0,1
4,0,4
15,0,15
11,20,-9
3,1,2
6,4,2
7,0,7
1,0,1
0,0,0
5,4,1
0,0,0
3,0,3
0,0,0
10,2,8
7,1,6
1,0,1
25,1,24
3,0,3
0,0,0
10,0,10
1,1,0
14,0,14
0,0,0
10,10,0
15,1,14
11,0,11
2,0,2
4,0,4
10,0,10
4,1,3
5,8,-3
0,2,-2
0,0,0
0,0,0
4,1,3
1,1,0
19,5,14
12,54,-42
22,3,19
0,0,0
0,1,-1
1,2,-1
4,0,4
7,3,4
9,0,9
29,19,10
2,0,2
19,5,14
17,0,17
8,0,8
5,0,5
17,4,13
12,0,12
10,22,-12
3,34,-31
0,1,-1
10,2,8
0,0,0
1,10,-9
12,0,12
3,0,3
25,12,13
3,0,3
0,0,0
2,2,0
1,0,1
3,0,3
19,12,7
1,0,1
0,0,0
0,0,0
5,0,5
1,1,0
6,0,6
15,2,13
32,0,32
3,1,2
0,0,0
17,0,17
2,0,2
0,6,-6
13,31,-18
6,1,5
23,39,-16
5,2,3
5,0,5
0,1,-1
13,2,11
47,5,42
1,4,-3
8,1,7
1,0,1
0,0,0
8,2,6
8,8,0
7,2,5
4,3,1
1,0,1
7,0,7
7,0,7
11,0,11
2,0,2
11,0,11
0,0,0
0,0,0
5,0,5
14,0,14
1,0,1
29,7,22
28,36,-8
3,4,-1
3,1,2
15,1,14
10,6,4
3,1,2
4,3,1
8,0,8
7,0,7
0,0,0
16,78,-62
6,5,1
7,0,7
6,0,6
1,0,1
0,0,0
54,0,54
11,2,9
1,3,-2
4,8,-4
3,5,-2
5,0,5
10,1,9
0,1,-1
0,16,-16
4,0,4
12,1,11
1,0,1
12,0,12
1,0,1
0,0,0
2,1,1
37,1,36
4,2,2
1,1,0
11,7,4
3,2,1
0,0,0
14,0,14
15,1,14
7,4,3
2,0,2
0,0,0
30,0,30
0,0,0
0,0,0
27,42,-15
4,1,3
1,0,1
0,0,0
7,0,7
26,0,26
6,1,5
0,0,0
4,0,4
3,107,-104
4,1,3
2,1,1
11,2,9
2,1,1
18,3,15
27,52,-25
0,0,0
34,3,31
10,2,8
0,0,0
6,1,5
3,0,3
13,10,3
30,0,30
3,2,1
0,0,0
0,0,0
2,2,0
1,1,0
1,0,1
0,0,0
2,0,2
1,3,-2
16,0,16
1,0,1
33,0,33
1,0,1
6,1,5
1,0,1
6,5,1
4,0,4
0,0,0
0,0,0
12,0,12
3,5,-2
28,42,-14
10,4,6
39,2,37
9,1,8
6,2,4
4,2,2
5,2,3
10,15,-5
0,0,0
3,2,1
7,4,3
23,8,15
0,1,-1
0,0,0
7,1,6
1,1,0
0,0,0
1,1,0
7,3,4
1,1,0
1,0,1
18,2,16
2,0,2
2,0,2
2,5,-3
0,0,0
3,4,-1
0,0,0
2,3,-1
4,2,2
0,0,0
1,1,0
4,5,-1
2,1,1
31,20,11
0,0,0
1,1,0
6,0,6
6,1,5
3,0,3
10,2,8
4,0,4
2,1,1
19,12,7
19,0,19
8,0,8
3,1,2
5,7,-2
11,4,7
12,0,12
8,1,7
10,0,10
7,0,7
6,0,6
0,2,-2
7,1,6
3,1,2
43,45,-2
4,2,2
7,1,6
0,1,-1
8,7,1
9,0,9
0,0,0
3,0,3
3,2,1
1,0,1
0,0,0
9,0,9
0,2,-2
2,0,2
13,6,7
0,2,-2
1,6,-5
8,0,8
1,1,0
6,0,6
23,2,21
7,6,1
1,0,1
1,0,1
1,0,1
53,29,24
2,1,1
0,9,-9
17,0,17
4,4,0
2,2,0
9,4,5
0,0,0
9,1,8
0,6,-6
11,11,0
4,0,4
4,0,4
17,2,15
0,0,0
0,0,0
21,4,17
28,0,28
0,0,0
1,0,1
7,8,-1
0,0,0
0,0,0
9,0,9
0,1,-1
21,61,-40
20,0,20
38,8,30
4,4,0
0,0,0
2,0,2
12,0,12
5,0,5
6,0,6
5,1,4
1,0,1
8,0,8
2,1,1
0,0,0
18,3,15
1,1,0
6,5,1
7,8,-1
6,7,-1
0,0,0
2,1,1
4,0,4
15,1,14
2,1,1
10,1,9
0,0,0
2,0,2
2,0,2
2,2,0
5,2,3
1,1,0
10,1,9
16,0,16
0,0,0
4,4,0
6,0,6
13,0,13
0,7,-7
1,2,-1
1,1,0
1,0,1
0,1,-1
1,0,1
23,1,22
1,0,1
17,5,12
0,0,0
2,3,-1
7,0,7
10,0,10
4,0,4
1,0,1
4,0,4
0,0,0
25,11,14
2,1,1
8,0,8
6,0,6
4,1,3
1,37,-36
7,2,5
4,3,1
0,0,0
9,7,2
5,1,4
2,2,0
16,3,13
2,2,0
4,2,2
0,0,0
15,0,15
2,0,2
0,2,-2
11,0,11
18,9,9
11,7,4
1,4,-3
22,16,6
3,0,3
9,0,9
5,0,5
0,1,-1
20,0,20
2,1,1
0,0,0
5,5,0
12,0,12
13,0,13
5,0,5
4,2,2
6,0,6
2,4,-2
11,10,1
0,0,0
32,13,19
11,1,10
11,0,11
16,2,14
14,1,13
4,8,-4
3,0,3
5,1,4
17,9,8
8,0,8
7,4,3
3,8,-5
12,0,12
3,2,1
0,0,0
7,2,5
2,0,2
1,8,-7
7,5,2
8,0,8
0,0,0
5,0,5
3,5,-2
0,0,0
80,40,40
3,1,2
7,13,-6
27,7,20
6,2,4
4,5,-1
2,0,2
2,0,2
0,0,0
1,0,1
10,1,9
23,0,23
2,0,2
5,1,4
5,0,5
3,2,1
8,0,8
0,0,0
11,3,8
0,0,0
1,0,1
8,3,5
2,0,2
2,3,-1
1,4,-3
15,0,15
0,0,0
11,0,11
10,0,10
1,8,-7
1,1,0
0,0,0
13,0,13
7,0,7
0,0,0
1,0,1
7,7,0
0,0,0
0,0,0
7,4,3
28,10,18
14,4,10
5,3,2
3,0,3
0,0,0
4,2,2
2,2,0
4,1,3
2,3,-1
14,2,12
13,0,13
12,6,6
1,2,-1
0,1,-1
13,7,6
0,2,-2
4,0,4
21,35,-14
0,4,-4
4,0,4
10,2,8
12,0,12
11,0,11
0,3,-3
5,0,5
0,1,-1
0,2,-2
0,1,-1
0,1,-1
0,0,0
8,1,7
6,0,6
20,1,19
4,12,-8
0,0,0
35,8,27
0,0,0
6,4,2
7,0,7
0,0,0
0,0,0
13,0,13
9,6,3
5,0,5
0,0,0
11,2,9
18,2,16
7,1,6
0,0,0
47,3,44
24,69,-45
53,53,0
0,0,0
12,0,12
3,0,3
0,1,-1
2,18,-16
7,6,1
1,1,0
0,1,-1
5,0,5
16,2,14
3,0,3
2,1,1
4,1,3
13,4,9
13,5,8
1,0,1
5,0,5
1,31,-30
31,12,19
2,0,2
4,1,3
7,0,7
6,2,4
5,1,4
5,1,4
0,1,-1
1,0,1
12,1,11
9,15,-6
0,0,0
2,6,-4
7,0,7
2,10,-8
0,0,0
2,1,1
1,0,1
5,0,5
0,0,0
0,1,-1
4,15,-11
2,0,2
11,4,7
3,4,-1
4,0,4
14,9,5
22,33,-11
2,0,2
0,0,0
16,0,16
24,1,23
0,0,0
0,0,0
2,0,2
4,0,4
4,4,0
3,0,3
1,0,1
7,0,7
12,0,12
24,0,24
27,12,15
4,12,-8
11,12,-1
23,1,22
12,1,11
1,0,1
3,3,0
0,0,0
7,1,6
3,0,3
0,0,0
0,1,-1
0,0,0
12,5,7
8,7,1
1,1,0
0,0,0
0,1,-1
3,1,2
16,0,16
1,1,0
13,0,13
1,1,0
0,0,0
12,1,11
16,2,14
24,4,20
1,0,1
6,1,5
0,1,-1
0,1,-1
3,1,2
5,2,3
3,0,3
1,0,1
2,0,2
0,0,0
0,0,0
7,2,5
0,0,0
0,0,0
6,3,3
3,4,-1
0,0,0
0,0,0
18,2,16
0,0,0
5,0,5
0,0,0
10,11,-1
19,2,17
2,6,-4
5,0,5
7,17,-10
16,1,15
18,0,18
9,2,7
11,4,7
8,20,-12
1,0,1
0,1,-1
1,8,-7
1,0,1
12,0,12
4,0,4
2,3,-1
2,0,2
1,1,0
3,2,1
9,11,-2
3,7,-4
4,1,3
25,3,22
12,4,8
1,0,1
0,0,0
0,1,-1
4,2,2
0,0,0
1,0,1
8,0,8
3,0,3
2,0,2
6,2,4
2,0,2
5,0,5
18,12,6
4,0,4
40,1,39
37,2,35
10,1,9
6,3,3
2,1,1
8,1,7
8,2,6
2,1,1
1,0,1
3,2,1
1,8,-7
5,6,-1
9,6,3
3,0,3
2,0,2
1,0,1
0,1,-1
37,12,25
0,0,0
6,2,4
0,1,-1
4,0,4
2,0,2
0,8,-8
0,0,0
8,1,7
1,0,1
0,0,0
1,0,1
5,0,5
0,0,0
3,0,3
0,2,-2
0,2,-2
5,0,5
2,1,1
23,1,22
7,5,2
4,8,-4
6,2,4
7,2,5
25,0,25
0,0,0
3,21,-18
0,0,0
2,0,2
3,0,3
2,1,1
32,4,28
4,0,4
2,2,0
1,1,0
4,0,4
6,6,0
22,12,10
20,80,-60
15,5,10
4,3,1
0,3,-3
4,5,-1
5,4,1
6,0,6
4,0,4
0,3,-3
6,0,6
7,1,6
3,0,3
7,0,7
15,0,15
2,0,2
0,12,-12
5,10,-5
2,0,2
8,2,6
3,0,3
61,61,0
7,0,7
9,2,7
3,4,-1
16,1,15
18,16,2
3,3,0
1,2,-1
5,0,5
0,2,-2
13,0,13
7,6,1
0,1,-1
89,89,0
13,2,11
5,2,3
14,0,14
0,1,-1
2,2,0
20,3,17
4,0,4
18,0,18
4,7,-3
4,3,1
4,2,2
12,0,12
7,8,-1
15,13,2
4,0,4
0,1,-1
0,0,0
4,0,4
0,0,0
0,0,0
2,0,2
8,0,8
35,2,33
14,12,2
16,2,14
6,2,4
0,0,0
4,1,3
9,2,7
7,0,7
0,0,0
0,0,0
10,0,10
29,2,27
2,0,2
2,2,0
5,1,4
1,0,1
3,0,3
10,1,9
2,0,2
2,2,0
1,0,1
9,0,9
0,0,0
0,0,0
0,0,0
1,0,1
5,0,5
28,1,27
8,5,3
3,1,2
4,0,4
64,73,-9
13,0,13
0,0,0
4,1,3
19,1,18
6,4,2
2,4,-2
0,0,0
4,0,4
10,0,10
27,0,27
4,0,4
3,44,-41
6,4,2
22,5,17
15,6,9
6,1,5
0,0,0
2,2,0
3,1,2
3,0,3
10,5,5
3,2,1
22,11,11
4,1,3
18,16,2
18,4,14
1,0,1
1,4,-3
0,1,-1
12,0,12
18,17,1
5,0,5
21,8,13
12,1,11
16,1,15
6,1,5
4,1,3
4,1,3
5,4,1
6,0,6
4,2,2
2,1,1
9,14,-5
7,4,3
5,0,5
3,1,2
2,1,1
8,17,-9
45,13,32
4,1,3
9,5,4
0,2,-2
3,10,-7
3,2,1
0,0,0
13,0,13
0,0,0
10,0,10
20,1,19
17,48,-31
9,1,8
6,16,-10
16,15,1
29,2,27
1,1,0
2,0,2
12,1,11
11,7,4
0,0,0
10,0,10
12,6,6
12,11,1
17,3,14
0,1,-1
7,0,7
13,0,13
16,0,16
0,0,0
1,0,1
8,1,7
2,0,2
6,0,6
10,1,9
1,0,1
0,1,-1
7,0,7
0,0,0
11,1,10
1,0,1
1,1,0
3,2,1
2,0,2
10,1,9
8,1,7
12,0,12
16,1,15
3,4,-1
1,8,-7
6,0,6
5,0,5
1,38,-37
7,0,7
0,0,0
3,0,3
0,2,-2
5,1,4
2,0,2
0,6,-6
0,1,-1
4,0,4
10,10,0
5,2,3
0,0,0
9,15,-6
4,13,-9
9,18,-9
0,0,0
0,0,0
7,0,7
1,0,1
2,0,2
12,1,11
3,8,-5
6,4,2
44,1,43
5,0,5
3,0,3
2,0,2
2,4,-2
3,0,3
0,0,0
0,1,-1
22,71,-49
1,0,1
4,11,-7
1,1,0
0,0,0
6,1,5
9,0,9
0,2,-2
2,1,1
50,1,49
0,0,0
6,2,4
0,4,-4
13,0,13
19,3,16
2,0,2
0,2,-2
5,0,5
25,1,24
0,0,0
5,0,5
16,14,2
1,0,1
12,4,8
10,22,-12
0,0,0
0,0,0
11,2,9
2,0,2
1,1,0
3,0,3
8,19,-11
20,0,20
2,1,1
10,3,7
0,0,0
0,2,-2
0,2,-2
41,1,40
0,1,-1
2,1,1
5,0,5
10,0,10
0,0,0
4,5,-1
3,11,-8
2,3,-1
6,1,5
34,17,17
3,1,2
1,0,1
8,4,4
0,0,0
0,0,0
5,0,5
71,71,0
9,5,4
27,3,24
5,3,2
63,0,63
12,2,10
0,0,0
0,5,-5
3,0,3
6,1,5
1,0,1
7,1,6
16,0,16
0,0,0
0,1,-1
5,29,-24
13,4,9
2,5,-3
0,0,0
19,19,0
0,0,0
4,2,2
1,0,1
0,1,-1
9,0,9
0,5,-5
1,1,0
2,0,2
1,5,-4
30,0,30
2,2,0
0,8,-8
3,2,1
2,0,2
18,1,17
2,5,-3
33,0,33
8,0,8
3,0,3
20,4,16
8,0,8
20,1,19
0,0,0
53,4,49
0,0,0
15,0,15
3,2,1
11,6,5
3,0,3
0,0,0
12,0,12
2,0,2
1,0,1
5,4,1
6,24,-18
2,0,2
3,1,2
3,2,1
0,0,0
4,0,4
9,1,8
13,13,0
6,0,6
1,2,-1
4,1,3
0,0,0
15,0,15
15,4,11
6,0,6
2,0,2
2,1,1
0,0,0
0,1,-1
0,0,0
0,2,-2
0,0,0
12,0,12
0,1,-1
0,0,0
2,3,-1
1,0,1
2,2,0
0,0,0
29,0,29
26,10,16
37,1,36
6,0,6
49,42,7
12,2,10
6,1,5
7,0,7
15,21,-6
5,4,1
0,0,0
1,1,0
1,21,-20
2,4,-2
15,0,15
1,0,1
1,1,0
8,22,-14
2,0,2
0,0,0
1,0,1
23,9,14
2,0,2
18,6,12
6,0,6
0,1,-1
19,2,17
5,2,3
8,8,0
6,0,6
12,0,12
2,0,2
0,0,0
12,2,10
11,1,10
0,0,0
11,0,11
0,0,0
1,1,0
1,1,0
6,0,6
7,2,5
1,1,0
0,1,-1
1,2,-1
39,0,39
6,5,1
2,2,0
0,0,0
0,1,-1
0,1,-1
2,2,0
21,46,-25
17,14,3
6,1,5
0,0,0
0,0,0
0,4,-4
2,0,2
0,0,0
0,0,0
3,0,3
1,7,-6
2,0,2
8,1,7
4,1,3
3,4,-1
7,0,7
7,0,7
4,0,4
6,4,2
1,4,-3
0,1,-1
7,10,-3
8,0,8
3,1,2
0,0,0
5,9,-4
0,0,0
14,0,14
2,1,1
3,7,-4
12,4,8
3,0,3
0,4,-4
1,1,0
79,1,78
19,2,17
1,0,1
1,0,1
1,0,1
5,0,5
4,0,4
1,1,0
3,0,3
1,0,1
1,4,-3
5,3,2
0,0,0
21,9,12
10,0,10
0,0,0
1,2,-1
1,0,1
16,10,6
3,0,3
0,0,0
8,0,8
15,0,15
0,0,0
4,1,3
1,9,-8
13,2,11
5,0,5
12,0,12
6,2,4
2,17,-15
10,0,10
1,2,-1
5,5,0
0,4,-4
2,1,1
1,0,1
22,4,18
0,0,0
5,0,5
0,0,0
1,0,1
1,0,1
6,2,4
1,0,1
2,0,2
3,0,3
0,0,0
13,0,13
0,0,0
1,2,-1
2,0,2
0,0,0
1,0,1
3,0,3
19,0,19
7,1,6
3,0,3
2,3,-1
6,1,5
3,0,3
11,0,11
6,1,5
1,1,0
0,0,0
7,10,-3
8,0,8
4,0,4
4,1,3
12,4,8
0,0,0
4,0,4
0,0,0
24,14,10
14,8,6
12,1,11
9,0,9
9,1,8
0,0,0
2,0,2
6,0,6
8,4,4
2,10,-8
0,0,0
5,2,3
0,0,0
4,7,-3
2,0,2
14,0,14
3,0,3
2,2,0
11,0,11
14,0,14
23,2,21
0,0,0
20,10,10
24,0,24
2,2,0
3,3,0
1,0,1
3,0,3
1,1,0
4,0,4
21,1,20
2,12,-10
3,3,0
3,1,2
11,1,10
2,0,2
10,0,10
5,0,5
1,1,0
2,0,2
8,5,3
0,21,-21
33,0,33
0,0,0
0,1,-1
2,2,0
7,7,0
14,0,14
0,1,-1
0,0,0
2,4,-2
0,1,-1
0,2,-2
0,2,-2
9,5,4
0,1,-1
0,0,0
16,2,14
7,0,7
20,0,20
2,5,-3
4,4,0
23,5,18
1,0,1
5,0,5
0,0,0
29,14,15
3,7,-4
12,0,12
13,2,11
17,1,16
9,1,8
0,1,-1
8,3,5
0,0,0
4,1,3
0,4,-4
5,1,4
14,4,10
0,0,0
5,0,5
4,0,4
3,1,2
0,1,-1
1,0,1
1,0,1
4,8,-4
49,0,49
2,0,2
0,0,0
2,0,2
0,2,-2
14,2,12
1,0,1
20,2,18
25,1,24
10,1,9
0,2,-2
1,1,0
7,2,5
0,0,0
3,0,3
1,0,1
1,0,1
0,0,0
4,0,4
22,0,22
2,0,2
28,43,-15
3,0,3
2,0,2
2,0,2
6,12,-6
1,1,0
3,0,3
4,0,4
14,4,10
1,0,1
1,0,1
1,4,-3
3,1,2
0,0,0
0,0,0
1,5,-4
1,4,-3
3,0,3
2,0,2
0,0,0
25,0,25
0,0,0
0,1,-1
6,0,6
0,0,0
6,0,6
9,1,8
10,1,9
0,0,0
5,0,5
9,4,5
7,2,5
17,2,15
0,0,0
2,5,-3
0,0,0
2,4,-2
4,0,4
0,6,-6
6,12,-6
28,2,26
0,0,0
18,6,12
3,1,2
5,0,5
19,5,14
0,0,0
18,0,18
1,0,1
5,8,-3
7,1,6
2,0,2
2,0,2
21,2,19
11,31,-20
1,0,1
3,1,2
0,0,0
37,0,37
8,0,8
4,4,0
14,1,13
24,2,22
13,0,13
0,0,0
3,0,3
20,1,19
17,0,17
1,0,1
2,0,2
7,4,3
12,0,12
0,1,-1
6,2,4
2,1,1
2,0,2
7,2,5
11,2,9
5,18,-13
3,0,3
1,0,1
1,1,0
0,0,0
10,1,9
11,5,6
43,0,43
13,3,10
3,2,1
0,0,0
11,8,3
7,1,6
6,8,-2
1,0,1
9,0,9
0,0,0
23,0,23
1,0,1
5,0,5
1,5,-4
1,0,1
5,4,1
1,0,1
2,0,2
10,2,8
14,21,-7
11,2,9
8,4,4
11,4,7
5,0,5
1,1,0
51,39,12
6,1,5
9,1,8
4,10,-6
2,1,1
0,1,-1
0,0,0
78,2,76
0,0,0
3,0,3
1,1,0
0,0,0
13,4,9
0,0,0
0,0,0
0,0,0
1,0,1
36,0,36
0,0,0
12,1,11
11,0,11
6,1,5
0,0,0
3,0,3
2,0,2
0,0,0
6,1,5
0,1,-1
6,2,4
6,0,6
7,14,-7
2,2,0
0,0,0
35,1,34
1,1,0
7,1,6
17,0,17
1,1,0
3,3,0
0,0,0
2,4,-2
0,2,-2
30,0,30
0,0,0
27,9,18
0,1,-1
5,4,1
4,0,4
9,0,9
7,6,1
1,1,0
14,1,13
29,19,10
1,10,-9
0,0,0
1,0,1
0,0,0
3,0,3
0,0,0
12,9,3
2,0,2
1,1,0
2,0,2
5,0,5
7,2,5
6,0,6
5,6,-1
24,81,-57
4,7,-3
4,1,3
10,0,10
0,0,0
16,0,16
15,0,15
1,0,1
1,0,1
17,4,13
0,0,0
1,0,1
0,0,0
5,15,-10
12,12,0
2,0,2
8,6,2
19,6,13
2,0,2
3,0,3
0,0,0
2,0,2
6,0,6
1,0,1
2,0,2
7,32,-25
1,0,1
2,2,0
18,16,2
1,2,-1
22,6,16
14,7,7
2,0,2
4,0,4
0,0,0
9,3,6
0,1,-1
32,1,31
1,0,1
3,1,2
3,3,0
0,2,-2
0,0,0
2,4,-2
8,0,8
1,5,-4
1,0,1
3,1,2
1,0,1
5,16,-11
23,6,17
7,1,6
20,13,7
2,0,2
0,0,0
4,1,3
5,2,3
4,4,0
1,0,1
12,0,12
4,0,4
4,0,4
2,1,1
3,1,2
0,0,0
9,0,9
2,2,0
7,0,7
0,0,0
8,4,4
3,0,3
5,10,-5
2,0,2
0,0,0
28,1,27
6,1,5
1,1,0
4,1,3
16,25,-9
3,1,2
5,1,4
1,0,1
1,0,1
7,1,6
5,2,3
24,0,24
0,0,0
5,29,-24
1,0,1
22,9,13
1,0,1
0,0,0
5,0,5
1,0,1
10,2,8
4,9,-5
5,1,4
7,2,5
17,18,-1
12,13,-1
5,13,-8
2,6,-4
25,6,19
10,0,10
5,0,5
5,2,3
24,3,21
7,1,6
0,1,-1
0,0,0
2,0,2
0,0,0
0,1,-1
6,2,4
2,4,-2
9,1,8
24,1,23
16,10,6
0,0,0
4,0,4
6,2,4
0,4,-4
0,1,-1
1,4,-3
17,2,15
1,4,-3
1,1,0
7,4,3
26,14,12
2,1,1
3,0,3
10,6,4
0,1,-1
1,0,1
1,0,1
0,10,-10
2,0,2
2,0,2
13,4,9
7,2,5
0,0,0
0,0,0
2,0,2
20,7,13
3,0,3
9,0,9
0,0,0
1,1,0
10,15,-5
5,0,5
9,2,7
0,0,0
3,0,3
3,2,1
39,15,24
8,1,7
13,5,8
2,1,1
8,10,-2
7,2,5
6,6,0
1,0,1
3,0,3
25,0,25
13,0,13
15,0,15
3,0,3
4,4,0
0,0,0
2,0,2
12,1,11
5,0,5
1,1,0
3,0,3
6,2,4
1,1,0
3,3,0
9,1,8
1,1,0
0,0,0
1,1,0
0,4,-4
0,0,0
0,0,0
1,1,0
8,1,7
4,1,3
1,0,1
1,0,1
14,0,14
29,1,28
1,1,0
5,1,4
9,8,1
4,0,4
12,33,-21
3,2,1
14,0,14
2,0,2
1,3,-2
1,0,1
8,0,8
6,1,5
16,0,16
23,2,21
54,3,51
8,1,7
20,1,19
0,2,-2
7,1,6
5,1,4
1,0,1
1,4,-3
0,0,0
1,3,-2
4,1,3
13,1,12
9,20,-11
13,7,6
11,0,11
6,4,2
4,1,3
7,2,5
1,0,1
7,1,6
1,0,1
3,2,1
2,0,2
4,0,4
19,0,19
22,4,18
18,3,15
4,0,4
4,0,4
1,1,0
9,1,8
0,0,0
5,5,0
0,4,-4
4,1,3
5,5,0
0,0,0
0,0,0
5,0,5
6,0,6
7,0,7
0,0,0
12,1,11
2,1,1
4,1,3
2,0,2
4,0,4
4,1,3
0,0,0
8,23,-15
8,0,8
0,1,-1
5,1,4
0,20,-20
3,0,3
2,0,2
4,5,-1
1,0,1
0,0,0
6,1,5
1,24,-23
0,0,0
4,0,4
0,0,0
2,2,0
22,9,13
0,0,0
2,0,2
9,1,8
2,0,2
4,0,4
3,6,-3
18,0,18
2,4,-2
0,0,0
9,2,7
6,0,6
0,0,0
21,1,20
0,0,0
4,0,4
34,2,32
36,6,30
4,4,0
12,2,10
0,0,0
17,0,17
6,1,5
3,1,2
15,2,13
0,1,-1
8,0,8
4,0,4
7,0,7
5,8,-3
0,0,0
16,0,16
13,12,1
1,8,-7
41,2,39
5,0,5
5,0,5
0,0,0
2,0,2
7,1,6
1,0,1
11,5,6
9,4,5
1,6,-5
1,6,-5
3,4,-1
2,1,1
12,0,12
6,6,0
5,0,5
9,1,8
1,0,1
1,1,0
6,2,4
27,1,26
0,8,-8
12,0,12
0,0,0
4,0,4
4,14,-10
3,0,3
0,1,-1
2,2,0
28,5,23
10,1,9
3,0,3
1,0,1
8,0,8
0,5,-5
0,2,-2
4,9,-5
6,5,1
10,4,6
1,5,-4
5,0,5
0,0,0
1,4,-3
13,0,13
17,3,14
3,1,2
0,0,0
3,3,0
2,5,-3
5,0,5
2,0,2
4,0,4
5,1,4
2,0,2
10,2,8
0,0,0
0,0,0
2,2,0
7,0,7
0,1,-1
0,0,0
0,0,0
11,8,3
6,0,6
0,0,0
2,1,1
0,0,0
11,3,8
10,2,8
17,11,6
6,0,6
4,0,4
13,17,-4
7,3,4
1,0,1
13,6,7
0,0,0
2,5,-3
1,0,1
1,1,0
15,86,-71
2,0,2
6,0,6
10,0,10
4,2,2
0,0,0
5,0,5
8,1,7
4,1,3
14,55,-41
7,2,5
0,0,0
1,0,1
24,3,21
3,2,1
1,0,1
1,0,1
10,1,9
0,0,0
1,2,-1
17,1,16
0,0,0
8,0,8
5,1,4
13,1,12
14,2,12
14,8,6
0,0,0
3,4,-1
3,0,3
4,1,3
32,1,31
1,0,1
3,0,3
15,21,-6
11,1,10
1,0,1
2,0,2
0,0,0
5,1,4
10,3,7
0,1,-1
0,0,0
14,1,13
6,0,6
14,6,8
6,0,6
0,0,0
2,1,1
0,4,-4
6,8,-2
0,0,0
8,4,4
13,0,13
31,3,28
0,0,0
7,8,-1
4,1,3
3,3,0
0,0,0
1,0,1
11,3,8
44,1,43
1,4,-3
8,0,8
0,0,0
2,0,2
2,1,1
3,1,2
14,0,14
0,0,0
13,0,13
5,0,5
2,2,0
1,0,1
18,5,13
19,4,15
41,0,41
13,0,13
0,0,0
48,8,40
9,0,9
2,9,-7
5,1,4
4,2,2
2,0,2
8,1,7
12,4,8
0,3,-3
2,69,-67
2,2,0
1,1,0
16,2,14
4,1,3
13,2,11
3,0,3
14,13,1
2,0,2
7,33,-26
4,11,-7
6,1,5
1,1,0
6,11,-5
0,1,-1
7,5,2
1,0,1
11,0,11
4,0,4
7,1,6
2,4,-2
6,1,5
3,1,2
1,0,1
3,2,1
3,0,3
9,1,8
0,0,0
5,0,5
0,0,0
1,1,0
18,1,17
2,0,2
1,0,1
5,0,5
2,0,2
4,0,4
0,0,0
3,6,-3
11,1,10
1,0,1
4,0,4
4,5,-1
8,0,8
0,1,-1
0,0,0
4,2,2
7,1,6
15,0,15
0,2,-2
10,1,9
0,1,-1
27,1,26
0,4,-4
3,1,2
8,3,5
13,1,12
45,0,45
0,0,0
7,2,5
4,0,4
4,4,0
1,0,1
6,0,6
4,0,4
5,1,4
9,2,7
3,1,2
0,0,0
1,0,1
5,14,-9
20,13,7
7,35,-28
1,1,0
0,5,-5
18,2,16
3,3,0
1,0,1
3,5,-2
0,0,0
0,0,0
8,0,8
6,1,5
14,9,5
0,0,0
3,0,3
16,0,16
5,6,-1
12,5,7
5,1,4
25,0,25
2,0,2
0,0,0
9,0,9
5,0,5
0,0,0
13,11,2
12,5,7
3,0,3
0,1,-1
9,0,9
0,0,0
7,2,5
34,0,34
5,3,2
4,8,-4
0,0,0
0,0,0
7,10,-3
1,4,-3
3,0,3
2,0,2
1,0,1
26,20,6
3,2,1
0,1,-1
4,0,4
9,0,9
12,5,7
0,0,0
10,10,0
8,1,7
0,0,0
0,0,0
11,13,-2
12,4,8
1,1,0
0,0,0
0,0,0
11,0,11
0,0,0
13,0,13
0,0,0
8,0,8
69,69,0
28,0,28
0,2,-2
0,2,-2
2,0,2
1,8,-7
1,2,-1
19,2,17
7,1,6
8,6,2
2,1,1
0,0,0
1,0,1
21,17,4
0,0,0
2,4,-2
1,8,-7
2,0,2
0,0,0
6,0,6
0,0,0
2,0,2
8,14,-6
2,0,2
5,21,-16
7,2,5
11,1,10
6,1,5
0,1,-1
0,1,-1
0,0,0
2,0,2
14,17,-3
21,0,21
1,2,-1
7,0,7
2,0,2
7,0,7
21,5,16
3,3,0
5,1,4
7,1,6
23,1,22
2,2,0
19,29,-10
4,0,4
8,3,5
0,1,-1
1,0,1
8,3,5
2,0,2
28,1,27
11,7,4
2,4,-2
4,0,4
10,10,0
5,0,5
1,2,-1
5,0,5
1,0,1
18,2,16
4,16,-12
3,0,3
7,8,-1
11,1,10
2,4,-2
7,0,7
1,13,-12
22,0,22
0,1,-1
4,0,4
1,2,-1
10,0,10
0,0,0
1,1,0
11,8,3
5,2,3
27,0,27
1,0,1
0,1,-1
0,0,0
5,0,5
5,5,0
2,2,0
6,4,2
6,2,4
43,18,25
11,0,11
1,1,0
1,2,-1
8,0,8
2,42,-40
4,4,0
0,0,0
0,2,-2
24,0,24
8,4,4
5,1,4
5,2,3
4,2,2
11,5,6
1,2,-1
0,0,0
23,59,-36
7,0,7
24,3,21
31,14,17
22,9,13
0,8,-8
5,3,2
2,1,1
1,0,1
4,0,4
30,5,25
5,4,1
2,2,0
1,0,1
0,0,0
5,2,3
0,0,0
4,0,4
0,0,0
2,0,2
1,0,1
0,0,0
12,0,12
15,7,8
13,1,12
4,2,2
1,4,-3
0,2,-2
4,1,3
1,0,1
26,0,26
1,5,-4
5,1,4
2,0,2
0,0,0
2,7,-5
24,43,-19
14,0,14
4,0,4
11,2,9
1,5,-4
28,13,15
31,55,-24
0,0,0
4,2,2
23,20,3
0,2,-2
5,0,5
2,1,1
5,3,2
0,0,0
4,1,3
1,0,1
0,1,-1
6,0,6
0,0,0
9,0,9
0,0,0
0,1,-1
1,0,1
5,0,5
10,3,7
15,0,15
0,2,-2
32,0,32
10,0,10
5,0,5
0,1,-1
6,1,5
18,7,11
22,17,5
2,0,2
1,0,1
5,1,4
3,0,3
12,5,7
4,2,2
3,0,3
4,0,4
27,19,8
2,0,2
1,0,1
1,0,1
7,4,3
1,0,1
7,5,2
0,0,0
1,0,1
3,0,3
0,0,0
2,0,2
16,4,12
0,0,0
2,0,2
1,6,-5
2,2,0
29,0,29
5,2,3
24,1,23
3,1,2
0,0,0
8,7,1
3,2,1
2,0,2
6,1,5
3,1,2
4,1,3
10,3,7
0,2,-2
13,2,11
0,0,0
4,0,4
1,0,1
0,0,0
0,0,0
2,0,2
1,1,0
3,0,3
4,2,2
1,0,1
2,0,2
5,43,-38
5,3,2
2,5,-3
1,0,1
0,0,0
11,0,11
0,0,0
8,1,7
10,2,8
4,0,4
6,17,-11
3,0,3
11,1,10
2,0,2
0,0,0
9,1,8
21,6,15
5,51,-46
9,0,9
1,0,1
1,0,1
0,0,0
0,4,-4
31,57,-26
5,16,-11
29,29,0
9,0,9
23,31,-8
1,1,0
3,5,-2
7,0,7
3,0,3
2,0,2
8,2,6
4,0,4
0,2,-2
1,1,0
7,1,6
1,0,1
7,0,7
3,1,2
11,0,11
7,11,-4
1,0,1
3,3,0
7,0,7
6,4,2
0,2,-2
5,1,4
4,0,4
1,2,-1
3,4,-1
1,0,1
5,0,5
13,0,13
3,0,3
0,8,-8
6,0,6
12,0,12
34,0,34
0,4,-4
16,0,16
9,2,7
3,1,2
7,1,6
2,0,2
0,0,0
12,0,12
4,8,-4
4,3,1
2,0,2
2,7,-5
5,5,0
9,0,9
8,1,7
0,0,0
0,0,0
15,1,14
2,0,2
0,2,-2
5,1,4
8,1,7
2,0,2
12,1,11
2,1,1
1,0,1
1,0,1
3,1,2
0,0,0
13,0,13
9,0,9
7,7,0
14,0,14
15,0,15
10,3,7
2,0,2
1,1,0
5,18,-13
14,1,13
4,0,4
0,8,-8
0,0,0
78,14,64
3,3,0
0,0,0
9,3,6
6,9,-3
6,0,6
0,1,-1
2,5,-3
2,8,-6
10,4,6
10,8,2
5,1,4
2,1,1
3,0,3
5,6,-1
2,1,1
0,0,0
2,1,1
0,0,0
1,0,1
0,0,0
39,0,39
1,1,0
0,5,-5
1,0,1
0,0,0
0,0,0
0,0,0
0,1,-1
0,0,0
9,0,9
4,4,0
6,2,4
5,0,5
12,7,5
9,4,5
5,1,4
4,1,3
2,0,2
0,0,0
2,4,-2
13,1,12
0,0,0
19,10,9
0,0,0
4,5,-1
15,5,10
8,17,-9
7,0,7
0,0,0
8,0,8
0,0,0
0,0,0
10,9,1
10,0,10
5,1,4
2,2,0
28,0,28
2,0,2
4,0,4
11,0,11
4,0,4
57,2,55
4,6,-2
2,0,2
2,1,1
0,0,0
2,1,1
4,1,3
0,0,0
3,2,1
0,7,-7
1,1,0
1,3,-2
1,0,1
6,1,5
6,3,3
6,3,3
3,1,2
1,0,1
5,34,-29
12,52,-40
13,5,8
7,5,2
6,0,6
3,6,-3
13,1,12
1,0,1
0,0,0
13,3,10
1,0,1
4,1,3
6,6,0
2,1,1
2,0,2
40,5,35
23,1,22
8,0,8
4,0,4
7,0,7
2,5,-3
1,0,1
3,0,3
0,1,-1
27,1,26
8,13,-5
10,0,10
2,0,2
1,2,-1
9,6,3
8,1,7
11,8,3
0,2,-2
3,6,-3
8,1,7
43,1,42
15,5,10
5,3,2
7,0,7
2,1,1
2,2,0
11,7,4
4,2,2
2,0,2
4,0,4
3,4,-1
31,9,22
15,4,11
0,1,-1
4,0,4
4,0,4
9,10,-1
0,0,0
0,0,0
20,0,20
12,0,12
7,0,7
23,0,23
19,10,9
5,0,5
0,0,0
14,0,14
0,0,0
1,1,0
1,0,1
0,1,-1
18,6,12
1,0,1
11,2,9
5,0,5
0,1,-1
0,1,-1
4,4,0
2,0,2
22,21,1
0,0,0
0,0,0
7,1,6
3,0,3
0,0,0
6,1,5
17,21,-4
1,1,0
4,0,4
4,6,-2
1,2,-1
3,1,2
1,3,-2
2,6,-4
5,0,5
2,1,1
27,0,27
14,0,14
2,9,-7
1,1,0
19,0,19
7,2,5
1,0,1
1,2,-1
3,5,-2
4,3,1
5,8,-3
2,2,0
9,0,9
9,8,1
20,12,8
0,8,-8
0,0,0
1,0,1
7,0,7
8,1,7
7,8,-1
5,0,5
9,0,9
2,0,2
24,24,0
3,0,3
4,7,-3
13,10,3
9,13,-4
15,5,10
0,0,0
10,3,7
4,1,3
0,0,0
8,10,-2
0,0,0
2,3,-1
1,0,1
3,1,2
26,4,22
2,2,0
16,2,14
0,0,0
11,0,11
8,1,7
1,2,-1
7,3,4
6,2,4
3,1,2
6,1,5
34,0,34
4,1,3
0,0,0
1,1,0
0,0,0
2,0,2
8,0,8
11,5,6
9,1,8
1,0,1
1,0,1
6,0,6
6,2,4
0,0,0
61,13,48
8,5,3
0,0,0
25,2,23
5,1,4
3,0,3
1,54,-53
0,1,-1
10,1,9
13,1,12
4,4,0
0,0,0
0,4,-4
14,1,13
35,0,35
1,2,-1
8,1,7
5,0,5
28,13,15
6,2,4
0,0,0
2,0,2
4,0,4
13,2,11
1,0,1
1,0,1
29,0,29
2,0,2
0,0,0
2,0,2
0,0,0
16,0,16
11,5,6
3,1,2
2,0,2
0,0,0
8,0,8
2,0,2
1,0,1
3,4,-1
0,0,0
3,0,3
0,0,0
5,7,-2
0,0,0
11,2,9
2,0,2
1,4,-3
0,5,-5
12,0,12
17,2,15
15,1,14
19,0,19
16,6,10
3,0,3
6,0,6
11,4,7
10,12,-2
20,0,20
18,5,13
14,0,14
9,1,8
2,4,-2
4,0,4
0,0,0
13,2,11
0,0,0
1,0,1
13,5,8
1,0,1
2,0,2
0,0,0
7,5,2
54,31,23
9,2,7
18,57,-39
2,0,2
2,2,0
0,0,0
9,0,9
3,0,3
8,0,8
4,0,4
1,1,0
0,1,-1
4,0,4
0,2,-2
0,0,0
6,19,-13
7,4,3
3,0,3
1,2,-1
32,0,32
5,1,4
5,1,4
29,8,21
0,0,0
1,0,1
0,2,-2
21,8,13
1,2,-1
17,2,15
6,0,6
1,1,0
2,0,2
15,1,14
3,4,-1
2,0,2
16,1,15
0,0,0
0,18,-18
2,0,2
11,6,5
1,4,-3
6,4,2
2,0,2
3,0,3
11,2,9
2,0,2
8,0,8
9,5,4
3,4,-1
2,1,1
10,6,4
2,0,2
5,9,-4
0,0,0
0,0,0
16,2,14
2,0,2
1,3,-2
16,0,16
4,0,4
8,0,8
0,0,0
5,1,4
13,10,3
4,0,4
0,2,-2
25,1,24
1,1,0
16,4,12
9,34,-25
4,0,4
6,0,6
5,0,5
9,5,4
0,0,0
14,5,9
9,7,2
0,0,0
1,4,-3
3,0,3
6,2,4
4,2,2
0,0,0
7,0,7
20,1,19
11,1,10
3,0,3
29,0,29
1,3,-2
8,1,7
1,0,1
5,22,-17
4,1,3
9,1,8
0,0,0
4,3,1
9,2,7
0,0,0
2,2,0
0,0,0
2,3,-1
2,1,1
0,0,0
0,0,0
0,0,0
11,1,10
0,4,-4
5,0,5
12,0,12
0,1,-1
3,0,3
1,1,0
33,0,33
7,0,7
13,27,-14
9,0,9
8,4,4
1,0,1
1,0,1
10,1,9
10,2,8
0,0,0
2,1,1
12,1,11
0,0,0
9,3,6
0,0,0
6,0,6
7,0,7
10,1,9
103,103,0
4,0,4
15,7,8
6,1,5
2,1,1
1,0,1
6,0,6
5,2,3
3,3,0
6,1,5
0,0,0
14,1,13
9,0,9
1,0,1
0,0,0
5,0,5
8,2,6
4,2,2
3,4,-1
0,1,-1
4,2,2
0,0,0
2,0,2
0,0,0
0,0,0
4,0,4
1,0,1
18,0,18
1,0,1
1,0,1
4,1,3
32,0,32
2,1,1
6,3,3
13,2,11
0,6,-6
0,1,-1
22,5,17
2,1,1
13,0,13
0,0,0
14,1,13
12,0,12
15,8,7
13,0,13
0,0,0
6,0,6
2,0,2
0,1,-1
0,1,-1
0,0,0
1,0,1
4,1,3
1,3,-2
1,1,0
3,2,1
17,0,17
0,0,0
0,0,0
5,4,1
22,1,21
3,1,2
10,0,10
8,0,8
13,2,11
4,0,4
4,0,4
1,7,-6
1,0,1
7,1,6
9,17,-8
0,1,-1
20,18,2
1,0,1
14,2,12
5,0,5
0,0,0
5,0,5
6,0,6
0,0,0
13,1,12
10,1,9
1,1,0
9,0,9
4,0,4
8,2,6
6,0,6
9,21,-12
1,1,0
0,2,-2
0,0,0
4,4,0
0,0,0
1,0,1
2,1,1
12,8,4
0,2,-2
4,0,4
16,15,1
14,1,13
5,0,5
0,0,0
0,0,0
34,34,0
3,4,-1
9,0,9
0,0,0
11,0,11
0,1,-1
1,1,0
11,2,9
13,2,11
7,7,0
0,0,0
2,13,-11
17,0,17
1,2,-1
0,0,0
4,13,-9
0,0,0
2,1,1
3,1,2
29,17,12
16,16,0
13,3,10
12,0,12
0,0,0
8,0,8
27,25,2
5,1,4
3,0,3
0,0,0
0,0,0
0,0,0
10,0,10
1,0,1
1,0,1
27,46,-19
4,1,3
3,0,3
1,2,-1
0,2,-2
2,1,1
7,0,7
3,0,3
1,2,-1
12,0,12
8,4,4
11,5,6
5,1,4
3,5,-2
0,0,0
1,1,0
6,2,4
0,0,0
1,6,-5
0,1,-1
1,1,0
14,0,14
4,0,4
12,0,12
0,0,0
1,3,-2
22,0,22
0,1,-1
0,0,0
0,1,-1
1,1,0
16,0,16
19,21,-2
0,8,-8
10,0,10
0,0,0
2,37,-35
9,2,7
3,1,2
15,10,5
3,0,3
4,0,4
2,2,0
1,1,0
7,1,6
4,0,4
28,0,28
0,0,0
5,0,5
0,3,-3
3,0,3
5,0,5
0,0,0
1,2,-1
5,0,5
28,2,26
12,2,10
0,0,0
0,0,0
8,0,8
8,3,5
9,8,1
0,1,-1
1,0,1
4,0,4
1,3,-2
7,12,-5
0,0,0
2,1,1
1,1,0
2,0,2
8,1,7
3,0,3
2,0,2
10,0,10
26,21,5
3,4,-1
13,1,12
0,0,0
13,49,-36
0,1,-1
3,0,3
0,2,-2
2,1,1
8,1,7
4,0,4
9,0,9
0,0,0
0,0,0
29,24,5
2,2,0
0,3,-3
2,2,0
3,0,3
8,5,3
11,2,9
21,0,21
3,2,1
13,10,3
3,0,3
2,0,2
0,0,0
2,2,0
44,0,44
1,0,1
1,1,0
5,3,2
0,0,0
6,6,0
19,5,14
3,0,3
1,0,1
11,3,8
16,5,11
0,1,-1
9,0,9
7,1,6
0,1,-1
9,5,4
5,1,4
1,0,1
40,1,39
1,0,1
26,3,23
4,0,4
3,1,2
0,6,-6
1,1,0
10,12,-2
11,6,5
3,0,3
5,0,5
8,1,7
1,0,1
9,7,2
11,13,-2
5,4,1
0,1,-1
1,1,0
9,2,7
3,0,3
59,24,35
0,0,0
6,0,6
2,2,0
3,1,2
2,0,2
2,0,2
5,0,5
11,17,-6
4,0,4
17,0,17
0,0,0
1,1,0
13,0,13
7,1,6
1,0,1
3,1,2
1,0,1
0,0,0
3,1,2
2,1,1
0,0,0
1,0,1
0,0,0
3,0,3
6,0,6
1,0,1
3,1,2
3,2,1
17,8,9
0,0,0
6,0,6
7,3,4
3,0,3
4,0,4
3,0,3
0,0,0
2,0,2
1,5,-4
2,8,-6
0,0,0
3,0,3
8,2,6
12,0,12
18,14,4
11,1,10
0,0,0
1,1,0
0,1,-1
6,0,6
0,1,-1
2,0,2
48,0,48
0,1,-1
0,0,0
2,7,-5
2,1,1
2,2,0
3,1,2
0,0,0
11,17,-6
9,1,8
6,5,1
23,13,10
2,1,1
0,0,0
4,1,3
22,1,21
22,1,21
7,0,7
0,1,-1
1,3,-2
7,0,7
17,5,12
1,2,-1
11,1,10
29,0,29
0,0,0
1,0,1
0,0,0
0,0,0
0,0,0
3,0,3
4,11,-7
9,0,9
0,0,0
2,0,2
16,2,14
13,1,12
3,2,1
1,1,0
37,2,35
1,0,1
15,18,-3
0,0,0
0,0,0
0,0,0
1,0,1
1,0,1
1,0,1
3,3,0
9,1,8
3,6,-3
0,0,0
0,0,0
1,0,1
1,0,1
0,0,0
45,0,45
11,32,-21
0,24,-24
18,2,16
5,2,3
13,1,12
15,1,14
6,1,5
8,5,3
6,1,5
35,1,34
8,0,8
2,5,-3
0,2,-2
1,0,1
0,4,-4
5,1,4
0,0,0
1,0,1
0,0,0
0,1,-1
13,13,0
7,17,-10
10,9,1
1,0,1
8,14,-6
10,0,10
12,1,11
0,0,0
11,0,11
11,1,10
0,0,0
1,0,1
6,22,-16
9,0,9
15,0,15
0,0,0
3,1,2
0,6,-6
0,2,-2
2,0,2
1,1,0
7,7,0
0,1,-1
14,0,14
1,0,1
0,6,-6
0,0,0
7,0,7
11,8,3
0,0,0
0,0,0
0,1,-1
8,4,4
32,51,-19
22,0,22
6,0,6
8,1,7
1,1,0
4,0,4
0,0,0
3,3,0
6,1,5
1,0,1
9,40,-31
7,2,5
10,0,10
1,0,1
3,0,3
16,7,9
2,1,1
0,0,0
0,0,0
4,5,-1
3,21,-18
0,0,0
0,0,0
0,0,0
1,6,-5
9,0,9
2,1,1
6,9,-3
11,2,9
0,0,0
1,0,1
25,0,25
4,1,3
66,0,66
18,5,13
15,0,15
8,4,4
12,0,12
6,3,3
1,1,0
23,1,22
31,15,16
12,0,12
24,3,21
0,0,0
21,1,20
2,3,-1
0,0,0
18,1,17
0,0,0
10,6,4
9,4,5
7,0,7
7,4,3
0,8,-8
3,1,2
14,0,14
16,5,11
3,2,1
4,0,4
15,1,14
3,0,3
15,60,-45
2,0,2
11,5,6
2,0,2
1,0,1
3,0,3
6,5,1
0,0,0
2,0,2
1,2,-1
2,8,-6
1,1,0
3,0,3
15,0,15
2,0,2
1,0,1
2,1,1
17,10,7
12,0,12
27,11,16
3,4,-1
6,0,6
0,2,-2
8,5,3
3,1,2
7,4,3
5,0,5
0,0,0
3,3,0
22,5,17
12,4,8
0,0,0
0,0,0
3,0,3
4,1,3
1,0,1
1,1,0
2,2,0
0,1,-1
1,0,1
4,1,3
2,1,1
0,0,0
1,0,1
0,2,-2
4,10,-6
12,1,11
4,0,4
3,1,2
11,0,11
1,0,1
6,1,5
4,1,3
10,1,9
1,5,-4
13,2,11
1,0,1
10,1,9
0,3,-3
19,6,13
6,7,-1
5,0,5
0,1,-1
13,0,13
0,0,0
6,3,3
8,6,2
0,0,0
0,0,0
9,0,9
0,1,-1
1,1,0
34,0,34
6,0,6
0,1,-1
1,0,1
1,0,1
15,3,12
8,3,5
10,2,8
1,0,1
16,10,6
2,0,2
41,0,41
2,0,2
3,0,3
4,1,3
0,0,0
0,0,0
1,0,1
0,0,0
0,27,-27
40,5,35
13,0,13
5,0,5
5,1,4
3,2,1
17,1,16
2,6,-4
2,0,2
0,0,0
4,1,3
2,1,1
3,0,3
11,43,-32
4,0,4
4,1,3
0,0,0
37,1,36
11,4,7
7,0,7
2,0,2
4,1,3
3,1,2
1,1,0
0,0,0
12,2,10
0,0,0
3,0,3
0,2,-2
0,0,0
5,1,4
4,22,-18
0,0,0
1,0,1
10,1,9
5,1,4
7,2,5
0,0,0
5,0,5
2,0,2
2,4,-2
0,1,-1
16,0,16
6,0,6
7,0,7
11,0,11
1,1,0
3,0,3
0,7,-7
2,0,2
3,2,1
4,0,4
0,0,0
23,0,23
19,0,19
0,0,0
27,0,27
2,2,0
4,0,4
8,0,8
5,0,5
1,0,1
12,2,10
15,1,14
0,0,0
2,0,2
18,0,18
0,2,-2
6,0,6
0,0,0
2,0,2
3,2,1
1,2,-1
0,0,0
1,0,1
1,0,1
21,0,21
0,5,-5
0,0,0
8,0,8
1,0,1
0,0,0
6,1,5
11,1,10
10,0,10
1,1,0
0,0,0
3,0,3
2,3,-1
4,1,3
0,0,0
0,0,0
0,4,-4
6,1,5
34,0,34
0,0,0
0,0,0
9,0,9
3,2,1
8,0,8
7,38,-31
1,1,0
19,1,18
0,0,0
6,5,1
0,0,0
2,0,2
2,3,-1
6,0,6
4,3,1
11,3,8
0,9,-9
7,0,7
2,5,-3
3,1,2
7,0,7
24,1,23
6,1,5
1,1,0
16,1,15
5,0,5
2,0,2
2,0,2
0,1,-1
3,2,1
10,5,5
12,34,-22
3,0,3
25,2,23
8,2,6
8,33,-25
0,0,0
3,0,3
0,0,0
56,25,31
0,0,0
8,5,3
1,0,1
11,0,11
5,6,-1
3,5,-2
44,18,26
0,0,0
21,1,20
24,1,23
0,0,0
0,0,0
13,2,11
0,0,0
1,10,-9
25,4,21
26,5,21
4,7,-3
9,1,8
59,59,0
4,1,3
10,2,8
4,1,3
0,0,0
8,6,2
1,0,1
10,2,8
34,0,34
6,1,5
0,0,0
0,0,0
0,0,0
7,1,6
3,3,0
10,8,2
17,0,17
0,0,0
0,0,0
1,1,0
16,0,16
26,12,14
7,1,6
2,2,0
2,0,2
11,5,6
9,0,9
1,0,1
35,0,35
0,0,0
0,0,0
3,0,3
0,0,0
1,1,0
0,0,0
9,2,7
2,0,2
2,2,0
5,10,-5
0,0,0
0,0,0
14,2,12
6,0,6
12,0,12
12,4,8
1,0,1
5,7,-2
1,2,-1
1,0,1
18,4,14
3,0,3
6,5,1
3,17,-14
3,7,-4
4,0,4
9,9,0
9,0,9
2,0,2
0,1,-1
0,1,-1
2,0,2
2,0,2
5,5,0
1,0,1
4,1,3
9,0,9
13,0,13
28,1,27
26,0,26
0,1,-1
2,1,1
4,1,3
1,0,1
9,6,3
1,5,-4
19,4,15
0,0,0
1,0,1
3,1,2
8,0,8
1,1,0
16,0,16
1,20,-19
10,8,2
4,23,-19
6,1,5
0,2,-2
6,2,4
10,0,10
10,2,8
4,0,4
1,11,-10
11,2,9
3,0,3
0,0,0
1,0,1
11,14,-3
20,0,20
12,8,4
8,1,7
19,0,19
4,17,-13
4,0,4
1,5,-4
0,0,0
2,0,2
2,5,-3
1,1,0
4,0,4
5,0,5
9,1,8
0,0,0
1,0,1
2,1,1
1,0,1
46,3,43
2,0,2
20,0,20
5,0,5
2,5,-3
2,1,1
1,0,1
17,0,17
5,5,0
1,0,1
0,0,0
0,0,0
1,2,-1
0,0,0
2,2,0
5,0,5
39,4,35
0,0,0
0,0,0
5,7,-2
26,1,25
2,1,1
3,0,3
2,18,-16
3,2,1
6,1,5
4,0,4
5,5,0
2,7,-5
10,7,3
0,62,-62
7,0,7
1,6,-5
0,0,0
6,3,3
2,1,1
0,0,0
18,1,17
6,4,2
6,2,4
0,0,0
1,3,-2
22,0,22
0,2,-2
8,8,0
14,2,12
0,0,0
0,1,-1
0,0,0
5,5,0
1,0,1
7,5,2
38,9,29
2,0,2
19,0,19
7,8,-1
2,5,-3
3,0,3
1,0,1
17,0,17
13,0,13
0,0,0
37,1,36
14,0,14
10,2,8
7,2,5
10,0,10
14,14,0
6,1,5
12,1,11
0,0,0
2,7,-5
14,1,13
0,0,0
0,0,0
5,3,2
6,1,5
0,0,0
34,3,31
5,0,5
1,0,1
0,0,0
9,5,4
3,1,2
14,0,14
14,1,13
0,6,-6
0,0,0
0,0,0
15,0,15
3,3,0
1,1,0
27,1,26
0,0,0
4,8,-4
7,0,7
13,6,7
0,0,0
0,0,0
4,11,-7
1,0,1
1,5,-4
1,2,-1
9,5,4
7,6,1
2,0,2
11,0,11
19,1,18
4,14,-10
0,0,0
3,0,3
2,1,1
0,0,0
8,0,8
9,0,9
2,1,1
2,2,0
16,5,11
3,1,2
5,0,5
15,0,15
1,0,1
4,1,3
0,0,0
0,0,0
10,1,9
7,0,7
4,1,3
2,0,2
0,0,0
13,0,13
0,1,-1
7,0,7
24,4,20
4,0,4
2,3,-1
5,5,0
0,18,-18
27,1,26
2,1,1
0,0,0
1,1,0
0,0,0
4,2,2
3,0,3
1,1,0
0,0,0
1,63,-62
11,2,9
23,0,23
0,0,0
8,17,-9
25,34,-9
9,2,7
1,0,1
1,0,1
7,2,5
2,22,-20
9,3,6
0,0,0
7,9,-2
0,2,-2
0,0,0
7,5,2
0,0,0
0,0,0
10,0,10
8,4,4
12,0,12
5,1,4
11,0,11
2,2,0
5,0,5
1,0,1
7,1,6
3,0,3
0,2,-2
0,19,-19
1,1,0
6,2,4
0,0,0
2,0,2
2,0,2
6,0,6
3,1,2
9,0,9
10,2,8
1,0,1
5,0,5
1,1,0
16,0,16
5,2,3
3,3,0
22,19,3
12,4,8
1,0,1
11,1,10
1,0,1
12,0,12
1,1,0
3,0,3
4,2,2
15,1,14
16,3,13
6,0,6
8,8,0
3,3,0
3,9,-6
5,1,4
17,27,-10
10,0,10
5,3,2
16,5,11
27,2,25
14,10,4
1,0,1
0,0,0
2,3,-1
3,0,3
11,7,4
11,1,10
7,1,6
33,5,28
7,0,7
1,1,0
0,0,0
5,18,-13
4,2,2
9,6,3
9,0,9
13,1,12
25,21,4
20,1,19
0,0,0
0,0,0
4,1,3
0,4,-4
45,22,23
10,0,10
10,0,10
5,0,5
6,4,2
6,8,-2
2,0,2
0,0,0
1,0,1
1,1,0
8,0,8
37,0,37
16,8,8
2,4,-2
3,9,-6
17,7,10
12,0,12
0,0,0
24,1,23
3,0,3
0,0,0
16,17,-1
0,0,0
3,0,3
3,0,3
20,4,16
4,5,-1
4,0,4
0,0,0
4,0,4
0,0,0
0,0,0
0,0,0
5,0,5
2,3,-1
15,0,15
5,0,5
5,1,4
9,5,4
4,3,1
17,0,17
3,1,2
5,2,3
18,4,14
1,0,1
8,0,8
4,0,4
0,2,-2
11,0,11
3,4,-1
45,10,35
14,5,9
1,0,1
0,1,-1
3,0,3
9,0,9
6,4,2
5,0,5
3,1,2
3,0,3
1,0,1
3,0,3
12,0,12
7,7,0
1,0,1
0,0,0
20,17,3
40,1,39
44,2,42
2,8,-6
3,0,3
4,0,4
1,2,-1
0,0,0
16,13,3
1,0,1
13,0,13
0,2,-2
9,0,9
12,0,12
1,5,-4
31,11,20
4,1,3
27,0,27
14,7,7
1,0,1
2,0,2
0,0,0
1,2,-1
0,1,-1
4,4,0
9,0,9
8,0,8
2,0,2
7,0,7
5,1,4
0,0,0
11,1,10
16,11,5
25,0,25
16,9,7
0,0,0
19,1,18
0,1,-1
0,1,-1
21,21,0
5,0,5
3,0,3
7,2,5
2,1,1
2,12,-10
0,2,-2
5,2,3
27,11,16
0,1,-1
0,2,-2
0,0,0
0,2,-2
1,1,0
0,0,0
3,0,3
20,1,19
3,8,-5
3,2,1
1,4,-3
1,0,1
19,4,15
0,0,0
0,0,0
3,0,3
11,0,11
0,0,0
1,0,1
5,4,1
4,0,4
3,0,3
3,5,-2
19,3,16
11,4,7
44,0,44
0,0,0
4,1,3
0,0,0
6,0,6
2,0,2
4,3,1
4,16,-12
0,0,0
7,4,3
3,1,2
6,2,4
0,1,-1
2,1,1
0,1,-1
0,0,0
1,1,0
1,1,0
4,0,4
36,0,36
12,0,12
3,2,1
0,0,0
0,0,0
13,0,13
20,2,18
11,0,11
5,0,5
0,0,0
11,0,11
5,0,5
7,4,3
3,2,1
0,0,0
1,2,-1
4,0,4
2,0,2
3,0,3
5,0,5
1,10,-9
15,0,15
0,0,0
48,39,9
1,0,1
3,0,3
8,4,4
32,1,31
18,1,17
4,0,4
4,3,1
21,2,19
0,21,-21
16,0,16
0,0,0
2,1,1
8,3,5
1,3,-2
36,12,24
17,7,10
28,13,15
2,0,2
0,1,-1
4,0,4
10,1,9
2,2,0
2,0,2
2,0,2
0,0,0
8,73,-65
8,0,8
5,2,3
0,0,0
12,4,8
6,4,2
0,24,-24
13,74,-61
5,0,5
10,0,10
1,5,-4
0,2,-2
2,55,-53
19,0,19
2,9,-7
4,6,-2
1,9,-8
2,0,2
16,1,15
0,0,0
0,0,0
2,2,0
0,0,0
2,1,1
3,1,2
0,0,0
0,0,0
2,0,2
0,2,-2
0,0,0
0,0,0
1,0,1
3,1,2
12,6,6
0,0,0
0,1,-1
9,1,8
32,53,-21
4,3,1
9,0,9
0,0,0
5,0,5
6,0,6
1,0,1
35,43,-8
1,0,1
11,0,11
9,2,7
4,0,4
3,8,-5
18,8,10
0,1,-1
0,0,0
1,21,-20
3,0,3
3,0,3
11,2,9
0,0,0
0,1,-1
3,0,3
0,0,0
7,0,7
32,0,32
3,2,1
2,5,-3
10,1,9
3,1,2
2,0,2
10,3,7
9,1,8
3,0,3
3,0,3
3,4,-1
1,1,0
2,0,2
20,7,13
0,10,-10
16,43,-27
0,0,0
8,0,8
4,0,4
1,0,1
15,5,10
3,1,2
9,12,-3
10,2,8
7,4,3
1,0,1
23,9,14
10,2,8
2,0,2
15,1,14
2,25,-23
12,0,12
2,0,2
2,8,-6
8,5,3
2,0,2
4,0,4
3,0,3
0,1,-1
7,0,7
0,0,0
0,0,0
0,0,0
22,6,16
3,0,3
8,0,8
10,1,9
8,0,8
1,10,-9
2,2,0
36,2,34
15,7,8
31,5,26
6,1,5
6,3,3
0,0,0
4,1,3
2,12,-10
2,2,0
44,0,44
13,1,12
6,1,5
1,1,0
3,2,1
1,0,1
5,1,4
4,4,0
1,5,-4
14,0,14
0,1,-1
3,2,1
5,7,-2
5,6,-1
1,0,1
10,3,7
11,0,11
0,0,0
1,4,-3
21,1,20
9,1,8
1,2,-1
1,4,-3
5,5,0
2,1,1
6,1,5
4,3,1
7,3,4
3,0,3
0,0,0
26,9,17
0,13,-13
2,2,0
0,19,-19
0,0,0
1,0,1
60,4,56
6,0,6
3,0,3
16,1,15
39,2,37
9,2,7
9,25,-16
24,6,18
3,0,3
17,2,15
8,0,8
2,4,-2
4,2,2
13,0,13
3,4,-1
0,1,-1
6,6,0
2,0,2
4,0,4
0,1,-1
2,2,0
44,44,0
1,4,-3
11,0,11
0,0,0
3,5,-2
9,0,9
7,0,7
0,2,-2
18,0,18
11,5,6
15,0,15
0,0,0
0,1,-1
1,0,1
0,1,-1
2,0,2
8,1,7
3,0,3
7,0,7
0,0,0
2,1,1
5,17,-12
17,0,17
5,8,-3
0,0,0
7,2,5
3,0,3
13,0,13
4,0,4
0,0,0
0,0,0
0,1,-1
4,1,3
5,0,5
4,1,3
0,0,0
1,1,0
4,1,3
0,0,0
21,0,21
3,0,3
23,0,23
38,10,28
5,2,3
2,2,0
3,6,-3
6,2,4
0,2,-2
1,3,-2
1,0,1
4,1,3
7,1,6
31,1,30
13,2,11
11,0,11
8,8,0
9,0,9
0,1,-1
0,0,0
0,2,-2
2,0,2
2,0,2
4,0,4
8,2,6
2,2,0
9,2,7
4,5,-1
4,0,4
4,2,2
30,4,26
0,0,0
20,9,11
37,8,29
0,1,-1
6,1,5
7,2,5
3,0,3
0,1,-1
0,0,0
8,1,7
0,0,0
0,0,0
17,4,13
0,0,0
0,0,0
22,4,18
32,0,32
3,1,2
2,0,2
0,0,0
4,2,2
14,4,10
1,0,1
2,0,2
2,1,1
19,0,19
0,1,-1
2,0,2
0,0,0
2,2,0
1,0,1
0,0,0
10,0,10
2,1,1
2,0,2
4,0,4
12,0,12
25,1,24
2,2,0
32,5,27
1,0,1
0,1,-1
8,3,5
0,0,0
0,0,0
0,1,-1
0,0,0
1,3,-2
14,12,2
11,4,7
7,3,4
2,1,1
3,4,-1
5,0,5
0,0,0
6,6,0
10,0,10
6,2,4
4,0,4
5,0,5
5,1,4
0,0,0
4,4,0
5,4,1
6,0,6
1,10,-9
1,6,-5
0,0,0
1,1,0
1,1,0
5,1,4
4,3,1
0,1,-1
1,0,1
3,4,-1
1,0,1
3,0,3
2,2,0
0,0,0
2,0,2
1,1,0
1,4,-3
4,7,-3
5,3,2
24,1,23
3,0,3
2,9,-7
8,2,6
13,5,8
0,0,0
17,0,17
0,0,0
13,9,4
28,0,28
12,13,-1
0,1,-1
1,0,1
2,0,2
2,0,2
1,0,1
4,1,3
1,1,0
28,49,-21
9,1,8
0,2,-2
0,0,0
13,0,13
17,0,17
28,0,28
0,0,0
13,5,8
7,0,7
1,2,-1
4,46,-42
1,0,1
1,0,1
2,2,0
15,0,15
0,0,0
2,2,0
1,0,1
2,0,2
8,1,7
3,2,1
13,0,13
2,1,1
8,5,3
1,0,1
5,1,4
12,4,8
0,2,-2
0,1,-1
0,0,0
1,2,-1
16,12,4
3,56,-53
0,0,0
25,1,24
10,2,8
16,32,-16
0,0,0
0,0,0
12,5,7
6,10,-4
6,1,5
1,1,0
1,2,-1
0,1,-1
8,2,6
2,3,-1
4,0,4
8,0,8
7,2,5
6,0,6
6,5,1
6,0,6
0,0,0
0,1,-1
9,8,1
2,0,2
4,1,3
1,2,-1
0,0,0
7,2,5
5,5,0
4,0,4
9,1,8
6,0,6
20,0,20
1,0,1
0,0,0
1,0,1
1,0,1
4,0,4
0,0,0
3,0,3
1,2,-1
4,0,4
0,5,-5
2,1,1
1,0,1
1,0,1
1,1,0
33,13,20
0,2,-2
1,0,1
5,3,2
4,13,-9
2,1,1
5,0,5
9,4,5
0,0,0
4,1,3
1,0,1
0,0,0
6,0,6
47,1,46
26,1,25
2,1,1
1,0,1
0,1,-1
13,6,7
0,0,0
29,4,25
4,3,1
3,0,3
2,0,2
0,0,0
1,0,1
0,0,0
30,1,29
0,0,0
14,6,8
11,0,11
1,0,1
31,0,31
15,21,-6
20,8,12
11,6,5
0,8,-8
2,0,2
2,4,-2
0,57,-57
22,6,16
2,2,0
1,2,-1
0,0,0
17,8,9
0,0,0
8,16,-8
12,8,4
0,0,0
3,0,3
1,0,1
10,0,10
0,2,-2
0,0,0
7,0,7
4,1,3
16,0,16
0,0,0
5,5,0
5,1,4
7,1,6
7,1,6
9,1,8
0,1,-1
2,2,0
19,10,9
5,4,1
12,0,12
17,6,11
2,0,2
0,1,-1
0,2,-2
2,0,2
1,0,1
0,0,0
17,0,17
0,0,0
29,13,16
2,0,2
10,86,-76
0,0,0
5,8,-3
4,0,4
1,0,1
0,0,0
8,18,-10
9,13,-4
6,4,2
8,0,8
4,18,-14
0,1,-1
1,0,1
2,0,2
0,18,-18
2,0,2
33,31,2
7,0,7
8,2,6
10,0,10
3,2,1
0,0,0
14,1,13
8,0,8
9,0,9
0,0,0
0,0,0
0,0,0
2,1,1
5,0,5
0,0,0
0,0,0
0,0,0
6,3,3
11,1,10
17,1,16
41,41,0
7,0,7
2,2,0
0,0,0
0,0,0
1,0,1
1,5,-4
0,9,-9
13,11,2
0,7,-7
5,0,5
0,0,0
6,1,5
7,0,7
6,1,5
21,61,-40
35,1,34
18,1,17
11,2,9
1,0,1
0,0,0
15,0,15
11,8,3
4,0,4
2,0,2
9,22,-13
3,0,3
1,0,1
21,0,21
9,2,7
6,1,5
2,0,2
2,8,-6
1,45,-44
2,1,1
5,0,5
3,1,2
0,0,0
0,0,0
9,2,7
4,5,-1
6,5,1
2,0,2
14,5,9
2,5,-3
6,1,5
4,0,4
17,4,13
7,3,4
6,8,-2
15,0,15
3,0,3
23,9,14
3,1,2
0,20,-20
2,0,2
12,4,8
12,11,1
1,0,1
4,0,4
5,0,5
3,21,-18
10,1,9
2,0,2
1,0,1
8,9,-1
4,5,-1
1,0,1
3,1,2
3,55,-52
1,0,1
0,0,0
3,4,-1
1,1,0
1,5,-4
5,0,5
5,0,5
6,0,6
12,0,12
0,1,-1
22,2,20
47,12,35
12,1,11
7,1,6
8,3,5
4,0,4
3,3,0
3,2,1
3,0,3
0,0,0
8,1,7
1,4,-3
14,0,14
4,0,4
0,67,-67
3,0,3
0,0,0
10,4,6
9,4,5
4,80,-76
12,0,12
10,7,3
0,0,0
8,7,1
2,6,-4
1,0,1
1,1,0
2,3,-1
1,0,1
10,0,10
3,0,3
1,1,0
0,0,0
0,0,0
11,0,11
12,5,7
2,0,2
9,5,4
6,4,2
8,0,8
1,0,1
8,3,5
13,2,11
24,0,24
3,3,0
1,0,1
3,4,-1
7,0,7
0,4,-4
3,0,3
0,0,0
13,2,11
0,0,0
5,0,5
3,0,3
10,20,-10
1,2,-1
9,2,7
6,0,6
13,11,2
18,0,18
4,1,3
9,1,8
0,0,0
18,14,4
29,1,28
2,2,0
2,5,-3
1,7,-6
3,0,3
0,0,0
6,0,6
0,3,-3
4,1,3
0,0,0
15,1,14
1,1,0
0,0,0
0,1,-1
34,29,5
1,2,-1
2,1,1
2,0,2
0,3,-3
0,0,0
0,1,-1
6,2,4
1,0,1
1,1,0
6,1,5
0,0,0
15,3,12
0,0,0
1,0,1
0,11,-11
6,0,6
5,1,4
3,0,3
0,0,0
1,9,-8
11,2,9
1,0,1
1,0,1
7,0,7
4,0,4
2,0,2
4,2,2
0,2,-2
3,3,0
2,0,2
2,3,-1
0,0,0
1,1,0
3,1,2
29,1,28
0,0,0
2,0,2
2,2,0
10,47,-37
1,2,-1
0,0,0
11,2,9
0,4,-4
1,0,1
0,0,0
18,9,9
12,2,10
45,10,35
0,0,0
1,0,1
4,1,3
9,13,-4
14,18,-4
0,0,0
59,0,59
15,2,13
2,3,-1
8,4,4
2,0,2
5,0,5
7,2,5
0,0,0
7,3,4
2,0,2
13,0,13
7,2,5
12,2,10
1,0,1
3,4,-1
2,5,-3
1,3,-2
5,0,5
10,0,10
2,1,1
10,6,4
16,0,16
0,0,0
6,0,6
0,0,0
9,1,8
28,6,22
8,3,5
1,1,0
7,1,6
14,1,13
15,16,-1
3,2,1
0,0,0
4,1,3
14,4,10
0,0,0
1,0,1
14,0,14
4,0,4
0,0,0
0,0,0
5,0,5
7,1,6
15,1,14
0,0,0
3,1,2
2,0,2
10,0,10
7,1,6
32,8,24
10,0,10
0,0,0
10,0,10
0,0,0
2,0,2
9,0,9
29,33,-4
2,2,0
5,0,5
1,0,1
0,0,0
9,0,9
5,1,4
2,2,0
2,1,1
3,5,-2
2,2,0
3,4,-1
0,7,-7
10,0,10
2,1,1
22,0,22
27,2,25
5,1,4
0,0,0
15,0,15
6,4,2
0,1,-1
4,1,3
2,0,2
0,0,0
7,0,7
0,0,0
2,0,2
2,0,2
6,0,6
9,1,8
10,5,5
7,7,0
1,0,1
0,0,0
0,0,0
7,0,7
1,0,1
1,0,1
0,0,0
2,1,1
5,0,5
2,1,1
0,0,0
29,2,27
0,0,0
5,2,3
6,1,5
5,0,5
12,0,12
3,0,3
18,4,14
2,0,2
1,0,1
19,14,5
14,0,14
0,1,-1
5,35,-30
1,0,1
5,6,-1
13,5,8
0,0,0
2,0,2
2,0,2
0,0,0
0,0,0
6,12,-6
0,2,-2
4,5,-1
15,6,9
27,0,27
1,4,-3
13,4,9
4,3,1
5,0,5
5,4,1
7,2,5
0,0,0
14,0,14
7,2,5
0,0,0
0,1,-1
1,1,0
0,0,0
2,7,-5
24,1,23
2,0,2
2,0,2
1,0,1
9,0,9
4,0,4
26,13,13
8,44,-36
1,1,0
7,0,7
1,0,1
0,0,0
18,0,18
13,1,12
17,0,17
2,5,-3
6,0,6
0,2,-2
0,0,0
1,0,1
1,0,1
1,0,1
1,1,0
24,1,23
8,5,3
16,0,16
1,1,0
9,1,8
17,0,17
12,2,10
18,2,16
3,4,-1
1,0,1
0,0,0
1,0,1
2,1,1
1,0,1
10,0,10
3,1,2
0,0,0
0,0,0
7,0,7
2,1,1
1,0,1
3,2,1
6,0,6
5,1,4
3,1,2
0,2,-2
7,3,4
10,0,10
3,3,0
0,1,-1
32,0,32
22,2,20
0,0,0
14,3,11
2,0,2
3,0,3
7,6,1
1,5,-4
1,2,-1
10,2,8
0,1,-1
15,1,14
0,10,-10
9,8,1
1,0,1
2,6,-4
3,21,-18
5,0,5
0,1,-1
6,8,-2
3,0,3
0,0,0
5,6,-1
5,1,4
17,2,15
51,7,44
5,2,3
1,0,1
4,2,2
8,3,5
12,7,5
0,0,0
7,7,0
15,0,15
54,1,53
4,3,1
1,9,-8
0,0,0
0,0,0
3,0,3
6,0,6
4,0,4
0,0,0
14,12,2
4,15,-11
26,15,11
1,0,1
0,1,-1
6,0,6
0,1,-1
13,9,4
1,0,1
33,29,4
1,0,1
0,0,0
0,2,-2
2,4,-2
8,3,5
11,3,8
9,3,6
2,5,-3
6,0,6
29,73,-44
1,0,1
5,1,4
2,0,2
15,2,13
4,0,4
7,1,6
1,1,0
8,1,7
2,1,1
10,4,6
7,0,7
3,1,2
0,0,0
1,2,-1
0,0,0
0,0,0
11,11,0
28,7,21
0,0,0
18,45,-27
2,0,2
0,0,0
0,1,-1
5,1,4
6,6,0
6,0,6
2,0,2
5,0,5
1,0,1
0,0,0
1,1,0
36,43,-7
4,5,-1
3,0,3
36,1,35
0,0,0
5,0,5
3,0,3
12,0,12
2,6,-4
11,0,11
10,0,10
4,2,2
8,6,2
3,29,-26
11,5,6
2,0,2
5,1,4
2,0,2
46,5,41
0,0,0
16,2,14
12,3,9
8,1,7
28,2,26
14,1,13
10,2,8
3,3,0
6,1,5
6,2,4
16,11,5
8,4,4
15,15,0
8,0,8
1,0,1
37,22,15
8,8,0
14,0,14
0,0,0
4,2,2
0,0,0
2,0,2
8,11,-3
1,0,1
33,0,33
3,4,-1
10,1,9
0,0,0
0,0,0
7,1,6
74,0,74
24,0,24
12,0,12
0,2,-2
1,0,1
0,0,0
13,0,13
1,5,-4
0,0,0
34,4,30
0,0,0
0,1,-1
3,1,2
5,1,4
13,0,13
3,0,3
6,1,5
0,0,0
0,2,-2
0,2,-2
3,3,0
11,1,10
59,2,57
2,1,1
0,0,0
0,0,0
0,0,0
2,0,2
0,0,0
11,11,0
8,1,7
2,0,2
7,0,7
4,0,4
0,2,-2
14,11,3
3,4,-1
4,8,-4
5,0,5
4,0,4
2,0,2
4,3,1
5,0,5
0,0,0
12,2,10
4,1,3
19,1,18
0,2,-2
1,0,1
8,14,-6
0,1,-1
20,0,20
18,4,14
2,0,2
1,0,1
3,0,3
12,5,7
0,0,0
1,0,1
7,0,7
7,2,5
0,0,0
8,1,7
8,8,0
0,0,0
9,17,-8
5,0,5
2,7,-5
1,0,1
31,22,9
0,0,0
1,5,-4
12,0,12
3,3,0
45,4,41
1,0,1
8,7,1
2,1,1
12,0,12
7,1,6
0,2,-2
0,1,-1
4,4,0
0,0,0
8,3,5
7,4,3
4,1,3
0,0,0
2,0,2
2,0,2
1,0,1
14,1,13
3,8,-5
29,1,28
6,6,0
8,2,6
20,2,18
1,1,0
1,0,1
6,2,4
19,3,16
9,0,9
6,5,1
6,2,4
1,3,-2
16,8,8
0,0,0
24,20,4
2,0,2
11,0,11
0,0,0
15,0,15
5,5,0
12,7,5
10,0,10
6,12,-6
3,0,3
10,4,6
4,0,4
0,0,0
0,0,0
7,45,-38
2,66,-64
1,0,1
1,0,1
1,1,0
19,6,13
0,0,0
0,0,0
1,4,-3
2,1,1
2,1,1
1,5,-4
2,1,1
6,6,0
27,9,18
8,1,7
3,0,3
0,0,0
10,2,8
1,8,-7
3,0,3
0,0,0
20,0,20
9,0,9
8,1,7
2,0,2
0,0,0
1,39,-38
8,4,4
8,13,-5
12,3,9
19,14,5
0,0,0
1,9,-8
57,0,57
8,0,8
1,1,0
1,0,1
0,0,0
13,5,8
5,0,5
6,8,-2
0,2,-2
2,0,2
15,28,-13
6,1,5
7,0,7
1,0,1
0,0,0
14,1,13
0,0,0
7,1,6
2,0,2
0,0,0
5,0,5
1,0,1
0,4,-4
10,3,7
6,5,1
15,4,11
0,0,0
11,2,9
0,1,-1
0,0,0
6,0,6
5,52,-47
5,0,5
1,9,-8
2,0,2
0,0,0
0,0,0
16,2,14
37,0,37
5,0,5
1,1,0
1,0,1
1,2,-1
1,2,-1
1,2,-1
4,0,4
3,0,3
21,1,20
0,0,0
0,0,0
36,5,31
2,3,-1
1,0,1
10,0,10
46,0,46
0,0,0
4,2,2
7,5,2
5,0,5
1,5,-4
21,8,13
0,0,0
1,0,1
0,3,-3
11,2,9
1,0,1
3,0,3
0,0,0
2,2,0
0,0,0
32,0,32
0,2,-2
1,0,1
6,1,5
0,1,-1
0,0,0
3,0,3
2,0,2
0,0,0
7,5,2
2,0,2
0,0,0
8,1,7
0,0,0
10,3,7
8,1,7
0,0,0
5,0,5
1,2,-1
37,61,-24
2,0,2
4,5,-1
4,3,1
5,2,3
2,1,1
9,10,-1
2,2,0
1,0,1
5,0,5
8,0,8
34,10,24
6,1,5
6,1,5
8,6,2
0,0,0
7,0,7
2,0,2
2,2,0
0,0,0
36,36,0
10,0,10
3,1,2
1,9,-8
4,0,4
0,0,0
25,4,21
78,9,69
2,2,0
65,4,61
3,0,3
2,3,-1
5,0,5
0,0,0
0,21,-21
4,0,4
7,1,6
0,0,0
34,0,34
9,5,4
8,1,7
5,4,1
0,0,0
20,1,19
0,0,0
0,0,0
6,0,6
1,0,1
0,0,0
24,11,13
0,1,-1
0,0,0
1,1,0
11,1,10
3,3,0
6,1,5
2,0,2
11,0,11
0,0,0
0,0,0
0,0,0
0,0,0
14,2,12
18,0,18
8,0,8
0,71,-71
7,0,7
9,0,9
6,0,6
14,0,14
12,29,-17
0,0,0
0,0,0
0,0,0
24,5,19
1,0,1
0,0,0
28,19,9
3,4,-1
29,0,29
0,0,0
0,1,-1
2,0,2
2,1,1
8,2,6
0,0,0
1,1,0
0,0,0
0,0,0
1,0,1
4,0,4
0,0,0
0,0,0
4,0,4
5,0,5
5,2,3
0,0,0
39,0,39
3,4,-1
15,0,15
1,0,1
0,0,0
1,1,0
19,4,15
12,2,10
1,0,1
1,0,1
7,7,0
8,8,0
10,8,2
12,1,11
26,2,24
1,1,0
0,2,-2
0,0,0
17,8,9
6,3,3
13,0,13
9,4,5
0,0,0
0,0,0
0,0,0
7,1,6
0,0,0
0,1,-1
33,1,32
2,2,0
13,7,6
0,1,-1
8,1,7
0,0,0
0,0,0
4,1,3
1,0,1
12,15,-3
2,2,0
7,0,7
0,0,0
2,0,2
10,2,8
1,4,-3
6,2,4
1,0,1
12,0,12
2,0,2
1,3,-2
0,2,-2
11,4,7
41,0,41
10,23,-13
5,0,5
12,8,4
1,0,1
5,0,5
10,0,10
17,1,16
2,0,2
4,4,0
0,0,0
1,10,-9
2,0,2
8,5,3
2,2,0
11,2,9
5,2,3
0,0,0
5,3,2
4,15,-11
0,8,-8
0,0,0
6,0,6
4,2,2
1,0,1
10,0,10
1,7,-6
5,6,-1
7,0,7
10,1,9
8,1,7
2,0,2
14,0,14
10,13,-3
6,0,6
21,3,18
4,2,2
6,0,6
6,0,6
13,0,13
1,0,1
6,0,6
1,0,1
3,18,-15
0,6,-6
0,3,-3
39,24,15
6,1,5
0,1,-1
11,2,9
0,0,0
5,0,5
25,0,25
9,1,8
52,1,51
0,0,0
18,1,17
0,0,0
5,4,1
14,1,13
4,0,4
0,0,0
0,3,-3
19,0,19
18,2,16
1,2,-1
8,0,8
8,6,2
7,2,5
0,7,-7
12,4,8
8,0,8
0,2,-2
2,0,2
1,0,1
6,35,-29
0,0,0
64,62,2
5,4,1
9,1,8
8,1,7
0,0,0
5,0,5
7,6,1
2,2,0
8,2,6
10,1,9
9,2,7
6,2,4
1,0,1
16,2,14
4,0,4
12,0,12
3,3,0
9,1,8
8,1,7
5,10,-5
21,3,18
10,2,8
10,1,9
2,0,2
6,1,5
16,0,16
3,0,3
0,0,0
3,1,2
1,2,-1
6,2,4
54,0,54
1,0,1
1,8,-7
7,2,5
3,3,0
5,0,5
4,5,-1
15,7,8
0,0,0
16,0,16
25,2,23
7,1,6
11,1,10
10,3,7
11,0,11
0,1,-1
1,1,0
15,6,9
18,0,18
2,1,1
0,0,0
7,1,6
3,1,2
1,11,-10
12,2,10
2,0,2
14,0,14
24,0,24
9,2,7
0,2,-2
25,0,25
5,20,-15
0,2,-2
10,0,10
0,0,0
0,8,-8
5,1,4
16,1,15
3,1,2
3,0,3
6,8,-2
3,3,0
6,0,6
0,0,0
1,2,-1
2,0,2
6,0,6
0,0,0
5,4,1
13,1,12
7,0,7
5,2,3
26,8,18
9,11,-2
7,1,6
2,1,1
1,0,1
25,18,7
3,31,-28
11,5,6
9,6,3
14,0,14
26,0,26
1,0,1
0,0,0
1,0,1
6,0,6
8,8,0
0,0,0
1,9,-8
0,6,-6
18,0,18
2,1,1
7,0,7
1,0,1
1,0,1
3,0,3
5,4,1
2,0,2
1,1,0
8,0,8
1,0,1
0,0,0
0,0,0
8,4,4
17,4,13
0,0,0
3,0,3
1,0,1
10,2,8
4,3,1
1,5,-4
27,8,19
2,5,-3
11,14,-3
8,1,7
7,0,7
42,11,31
21,0,21
3,0,3
0,0,0
4,0,4
3,5,-2
3,0,3
11,1,10
1,1,0
2,0,2
18,3,15
0,0,0
6,0,6
20,2,18
3,1,2
4,5,-1
3,1,2
4,9,-5
21,2,19
1,1,0
0,0,0
2,4,-2
7,0,7
5,0,5
7,13,-6
5,1,4
0,6,-6
29,7,22
2,1,1
9,0,9
16,53,-37
43,0,43
17,0,17
0,0,0
5,2,3
23,9,14
0,3,-3
27,1,26
11,4,7
0,2,-2
3,6,-3
1,1,0
1,0,1
0,0,0
2,16,-14
31,4,27
2,0,2
16,1,15
0,0,0
4,1,3
1,4,-3
0,0,0
1,0,1
5,1,4
0,0,0
1,0,1
1,0,1
3,0,3
0,0,0
3,1,2
14,0,14
3,0,3
5,0,5
0,0,0
1,13,-12
0,0,0
13,2,11
1,5,-4
0,0,0
2,0,2
5,1,4
10,8,2
1,0,1
0,0,0
6,2,4
6,0,6
1,0,1
5,2,3
0,0,0
0,1,-1
0,6,-6
20,1,19
1,2,-1
5,4,1
14,3,11
12,1,11
0,0,0
18,0,18
1,0,1
3,1,2
0,1,-1
9,0,9
0,0,0
3,0,3
2,0,2
1,0,1
14,5,9
2,5,-3
16,1,15
0,0,0
12,0,12
0,0,0
0,1,-1
5,0,5
11,3,8
1,0,1
0,0,0
1,0,1
1,1,0
20,0,20
3,1,2
8,0,8
2,0,2
3,1,2
1,5,-4
13,4,9
2,2,0
7,0,7
0,0,0
10,0,10
3,0,3
7,1,6
24,3,21
7,0,7
14,2,12
0,2,-2
1,4,-3
20,1,19
1,5,-4
5,1,4
1,0,1
5,0,5
7,0,7
2,2,0
18,2,16
27,0,27
11,0,11
10,2,8
0,0,0
0,8,-8
32,1,31
0,1,-1
3,1,2
8,0,8
0,0,0
3,0,3
3,0,3
10,0,10
8,2,6
3,3,0
10,0,10
0,0,0
3,5,-2
2,0,2
1,0,1
2,2,0
5,0,5
11,13,-2
6,1,5
3,2,1
13,1,12
17,2,15
1,0,1
3,0,3
6,0,6
6,6,0
0,0,0
7,0,7
0,0,0
61,0,61
22,0,22
15,5,10
0,0,0
5,0,5
4,0,4
7,2,5
13,13,0
6,18,-12
2,0,2
5,3,2
22,13,9
34,16,18
7,15,-8
4,2,2
8,1,7
0,0,0
25,1,24
15,6,9
0,0,0
2,2,0
14,0,14
5,0,5
3,0,3
1,0,1
5,2,3
2,2,0
1,1,0
8,0,8
1,0,1
9,22,-13
16,0,16
10,6,4
1,0,1
0,6,-6
17,1,16
0,0,0
29,10,19
0,0,0
6,0,6
3,0,3
7,0,7
9,1,8
11,0,11
10,45,-35
0,2,-2
0,0,0
22,12,10
0,5,-5
16,3,13
0,2,-2
7,5,2
0,1,-1
21,6,15
3,7,-4
6,1,5
17,2,15
9,2,7
4,2,2
31,10,21
7,3,4
5,0,5
6,0,6
0,3,-3
6,7,-1
0,0,0
0,0,0
1,0,1
1,0,1
15,31,-16
3,0,3
0,0,0
0,0,0
0,0,0
16,0,16
3,1,2
0,64,-64
0,0,0
10,2,8
1,0,1
1,4,-3
7,4,3
0,0,0
20,4,16
5,2,3
5,0,5
3,0,3
2,5,-3
6,0,6
3,1,2
4,4,0
0,4,-4
5,0,5
1,4,-3
0,0,0
13,2,11
0,0,0
3,0,3
5,1,4
12,6,6
10,10,0
14,1,13
5,4,1
14,2,12
2,2,0
10,24,-14
0,7,-7
1,0,1
2,10,-8
0,0,0
30,11,19
7,0,7
3,0,3
3,0,3
8,0,8
7,16,-9
11,0,11
6,0,6
4,0,4
31,31,0
14,0,14
9,9,0
0,0,0
23,1,22
5,0,5
6,1,5
3,6,-3
5,3,2
2,0,2
3,0,3
4,0,4
17,1,16
3,5,-2
1,11,-10
39,0,39
1,1,0
1,3,-2
0,0,0
8,0,8
1,0,1
1,0,1
3,2,1
8,0,8
7,0,7
0,0,0
10,10,0
1,0,1
0,1,-1
8,0,8
2,0,2
26,4,22
6,0,6
1,0,1
2,0,2
1,1,0
11,2,9
2,2,0
21,7,14
0,0,0
18,0,18
2,1,1
9,5,4
25,0,25
3,0,3
7,1,6
0,0,0
2,0,2
12,1,11
0,0,0
1,0,1
9,6,3
6,0,6
5,5,0
0,0,0
0,0,0
8,0,8
20,8,12
1,0,1
3,2,1
3,6,-3
8,2,6
4,0,4
25,5,20
4,0,4
6,0,6
19,5,14
1,1,0
1,0,1
1,0,1
12,4,8
46,2,44
1,1,0
9,0,9
4,4,0
0,4,-4
15,0,15
1,1,0
0,0,0
8,0,8
5,0,5
1,0,1
16,3,13
4,0,4
17,0,17
0,5,-5
19,0,19
0,1,-1
0,4,-4
3,3,0
0,0,0
5,0,5
0,0,0
0,0,0
12,7,5
0,0,0
0,0,0
13,13,0
21,0,21
27,2,25
11,4,7
29,0,29
1,1,0
5,0,5
7,0,7
10,5,5
9,0,9
15,1,14
3,0,3
7,0,7
20,57,-37
1,1,0
5,1,4
0,0,0
12,0,12
2,1,1
1,0,1
2,0,2
18,0,18
4,1,3
8,1,7
74,0,74
14,0,14
0,2,-2
16,2,14
12,0,12
2,1,1
16,0,16
0,0,0
5,2,3
1,0,1
14,14,0
27,1,26
15,11,4
0,2,-2
3,0,3
2,0,2
0,2,-2
5,10,-5
0,0,0
2,2,0
0,3,-3
0,4,-4
1,1,0
1,0,1
3,1,2
7,0,7
1,0,1
5,8,-3
1,4,-3
19,0,19
3,1,2
1,5,-4
9,1,8
3,2,1
9,85,-76
9,4,5
0,0,0
1,1,0
2,0,2
4,0,4
14,0,14
19,1,18
4,0,4
2,0,2
6,1,5
10,0,10
9,5,4
1,3,-2
9,13,-4
6,1,5
0,1,-1
29,3,26
7,0,7
29,5,24
5,7,-2
4,0,4
0,2,-2
26,12,14
18,10,8
3,1,2
6,2,4
36,4,32
4,1,3
0,0,0
2,2,0
4,1,3
0,0,0
10,3,7
2,1,1
8,5,3
10,0,10
23,9,14
1,0,1
1,0,1
1,2,-1
5,0,5
2,2,0
0,0,0
0,0,0
2,1,1
0,0,0
0,1,-1
2,1,1
9,4,5
10,1,9
4,0,4
5,0,5
15,5,10
5,0,5
14,14,0
4,4,0
9,8,1
35,3,32
1,0,1
30,16,14
0,0,0
5,6,-1
20,6,14
10,1,9
0,0,0
25,8,17
0,4,-4
37,37,0
1,13,-12
1,1,0
22,0,22
14,0,14
2,0,2
16,1,15
3,3,0
11,1,10
2,0,2
5,0,5
0,0,0
2,0,2
7,1,6
14,1,13
7,3,4
2,2,0
2,0,2
6,0,6
1,0,1
0,0,0
7,22,-15
0,4,-4
0,0,0
9,9,0
15,15,0
5,5,0
9,7,2
0,4,-4
0,0,0
6,1,5
3,1,2
2,0,2
9,0,9
9,3,6
4,3,1
14,1,13
2,0,2
10,8,2
4,1,3
4,4,0
1,1,0
18,8,10
15,34,-19
5,4,1
7,0,7
11,0,11
5,2,3
1,0,1
7,0,7
1,0,1
3,0,3
6,2,4
2,2,0
30,1,29
17,2,15
5,0,5
0,0,0
13,0,13
1,2,-1
1,0,1
4,3,1
15,6,9
5,13,-8
15,48,-33
0,1,-1
1,2,-1
2,0,2
1,2,-1
15,0,15
5,1,4
5,12,-7
6,0,6
16,1,15
2,2,0
13,3,10
16,75,-59
1,1,0
7,13,-6
21,2,19
1,0,1
4,0,4
10,1,9
0,0,0
4,5,-1
5,1,4
0,0,0
49,3,46
0,0,0
1,0,1
4,2,2
4,0,4
1,0,1
7,3,4
3,0,3
19,21,-2
4,2,2
0,1,-1
0,0,0
0,0,0
24,0,24
0,0,0
3,0,3
8,1,7
0,0,0
26,4,22
12,1,11
7,0,7
0,22,-22
7,0,7
14,0,14
10,13,-3
1,0,1
0,0,0
20,0,20
1,0,1
0,0,0
0,0,0
1,0,1
1,2,-1
0,0,0
3,1,2
23,0,23
3,0,3
22,0,22
7,0,7
0,0,0
9,2,7
1,0,1
0,0,0
0,0,0
6,4,2
13,2,11
8,5,3
79,2,77
24,0,24
0,1,-1
11,5,6
12,0,12
0,1,-1
0,0,0
3,0,3
0,1,-1
5,5,0
7,1,6
42,3,39
2,1,1
5,0,5
6,4,2
7,1,6
4,0,4
1,1,0
14,29,-15
1,0,1
4,0,4
10,0,10
14,0,14
5,4,1
5,1,4
60,16,44
6,0,6
3,2,1
17,2,15
0,1,-1
0,0,0
1,1,0
5,0,5
8,0,8
2,0,2
10,2,8
0,1,-1
33,4,29
0,0,0
12,3,9
8,0,8
51,33,18
9,4,5
3,0,3
0,0,0
7,3,4
5,0,5
10,6,4
2,3,-1
6,3,3
3,0,3
2,3,-1
4,1,3
12,24,-12
4,2,2
5,2,3
8,0,8
11,0,11
5,5,0
8,2,6
2,0,2
9,0,9
4,0,4
3,0,3
10,2,8
0,0,0
0,0,0
11,0,11
0,0,0
1,1,0
51,0,51
10,2,8
6,1,5
1,2,-1
0,0,0
5,3,2
5,4,1
3,1,2
9,6,3
4,0,4
1,2,-1
14,1,13
0,0,0
0,0,0
1,1,0
3,6,-3
1,0,1
3,0,3
12,19,-7
13,0,13
7,2,5
1,0,1
4,0,4
26,8,18
2,0,2
6,2,4
16,4,12
0,0,0
2,0,2
10,0,10
24,1,23
0,0,0
3,0,3
32,0,32
0,0,0
7,0,7
35,35,0
2,0,2
2,0,2
8,2,6
0,0,0
5,1,4
1,2,-1
6,6,0
19,1,18
17,4,13
6,0,6
3,0,3
0,0,0
12,1,11
11,5,6
0,1,-1
2,0,2
4,3,1
0,0,0
17,1,16
3,10,-7
0,0,0
1,2,-1
0,0,0
21,0,21
4,1,3
17,1,16
1,0,1
0,0,0
15,40,-25
5,1,4
8,0,8
6,0,6
8,3,5
6,0,6
0,3,-3
1,0,1
2,6,-4
23,1,22
2,1,1
19,0,19
0,0,0
12,1,11
6,1,5
0,0,0
1,1,0
0,0,0
2,0,2
0,0,0
1,66,-65
5,0,5
1,0,1
9,5,4
1,0,1
0,0,0
1,0,1
12,2,10
2,3,-1
2,1,1
9,5,4
21,6,15
0,0,0
0,0,0
5,35,-30
12,0,12
1,0,1
10,0,10
2,1,1
10,0,10
6,12,-6
0,1,-1
3,0,3
5,1,4
14,13,1
0,0,0
0,0,0
2,13,-11
15,0,15
0,0,0
15,10,5
14,0,14
5,1,4
4,0,4
7,0,7
2,0,2
26,8,18
4,10,-6
0,21,-21
3,2,1
3,0,3
21,17,4
2,0,2
0,0,0
5,0,5
4,2,2
6,6,0
10,9,1
9,10,-1
6,3,3
0,1,-1
1,8,-7
0,0,0
1,2,-1
7,2,5
6,0,6
13,17,-4
3,0,3
17,0,17
0,0,0
11,1,10
4,1,3
12,1,11
6,0,6
20,18,2
3,0,3
0,0,0
8,1,7
5,0,5
3,3,0
28,0,28
17,0,17
17,4,13
0,1,-1
2,0,2
0,0,0
8,0,8
5,5,0
5,1,4
8,1,7
3,0,3
7,2,5
1,0,1
2,1,1
8,5,3
9,0,9
9,0,9
30,0,30
11,1,10
3,0,3
3,0,3
6,8,-2
0,0,0
2,0,2
3,0,3
3,5,-2
5,3,2
0,0,0
4,1,3
1,0,1
3,0,3
2,0,2
0,1,-1
7,4,3
8,12,-4
0,0,0
2,2,0
1,0,1
27,0,27
12,0,12
9,1,8
5,0,5
3,0,3
2,0,2
11,1,10
2,5,-3
13,1,12
4,1,3
61,1,60
7,0,7
1,0,1
1,0,1
6,2,4
14,1,13
4,0,4
5,2,3
3,2,1
2,1,1
9,4,5
1,0,1
15,24,-9
0,0,0
3,2,1
0,0,0
6,1,5
2,1,1
0,0,0
2,2,0
1,0,1
4,3,1
10,1,9
5,12,-7
0,0,0
0,0,0
5,2,3
0,0,0
12,3,9
0,0,0
2,1,1
1,1,0
31,3,28
0,0,0
0,0,0
3,1,2
4,0,4
13,1,12
0,0,0
3,0,3
3,1,2
10,3,7
10,2,8
4,6,-2
20,1,19
12,3,9
20,0,20
47,47,0
4,8,-4
0,1,-1
5,2,3
1,1,0
4,0,4
3,0,3
3,1,2
51,0,51
17,0,17
23,0,23
1,9,-8
0,1,-1
3,1,2
1,0,1
33,0,33
8,11,-3
2,0,2
0,0,0
3,0,3
1,62,-61
14,3,11
12,0,12
1,0,1
4,0,4
11,2,9
15,0,15
2,0,2
0,0,0
14,2,12
1,0,1
3,0,3
2,0,2
0,0,0
0,0,0
0,0,0
0,0,0
3,1,2
7,5,2
4,0,4
2,6,-4
3,2,1
7,4,3
0,0,0
4,1,3
2,0,2
7,5,2
4,0,4
14,0,14
0,1,-1
2,0,2
4,3,1
3,1,2
0,1,-1
21,0,21
9,0,9
4,0,4
0,1,-1
0,0,0
1,2,-1
14,0,14
19,2,17
2,1,1
5,0,5
0,0,0
111,44,67
8,4,4
2,1,1
25,2,23
3,2,1
9,5,4
14,2,12
7,4,3
2,2,0
4,0,4
4,0,4
14,0,14
45,22,23
6,0,6
4,0,4
0,0,0
11,1,10
3,6,-3
12,4,8
0,0,0
1,2,-1
0,0,0
21,5,16
2,1,1
6,0,6
1,1,0
1,0,1
12,0,12
10,6,4
33,0,33
1,0,1
0,0,0
15,1,14
0,0,0
20,0,20
0,8,-8
1,2,-1
4,0,4
0,1,-1
2,0,2
25,1,24
4,1,3
3,1,2
80,80,0
20,0,20
1,0,1
4,19,-15
13,5,8
4,3,1
0,1,-1
0,0,0
4,8,-4
4,0,4
0,0,0
5,14,-9
4,1,3
16,1,15
7,0,7
3,1,2
3,0,3
3,0,3
0,0,0
0,20,-20
6,0,6
3,0,3
3,0,3
1,1,0
0,0,0
9,1,8
20,0,20
0,1,-1
10,0,10
6,1,5
16,11,5
0,0,0
1,0,1
17,7,10
3,4,-1
11,0,11
0,5,-5
0,0,0
16,10,6
11,5,6
3,7,-4
12,17,-5
0,0,0
0,0,0
1,1,0
1,0,1
4,0,4
0,0,0
4,0,4
5,4,1
3,15,-12
8,0,8
1,2,-1
3,0,3
1,5,-4
3,1,2
2,0,2
0,2,-2
15,9,6
0,0,0
1,1,0
15,0,15
11,4,7
18,0,18
0,0,0
3,0,3
14,0,14
0,0,0
1,2,-1
0,0,0
0,0,0
4,0,4
56,34,22
11,0,11
7,1,6
0,0,0
36,0,36
6,0,6
0,0,0
5,0,5
2,0,2
1,0,1
3,0,3
1,4,-3
6,0,6
21,4,17
4,6,-2
1,1,0
2,6,-4
10,4,6
1,0,1
7,0,7
1,0,1
4,0,4
12,4,8
15,0,15
6,2,4
8,5,3
14,0,14
52,0,52
6,0,6
10,1,9
1,2,-1
8,0,8
6,0,6
13,0,13
7,2,5
17,29,-12
1,2,-1
0,0,0
4,41,-37
1,1,0
0,0,0
2,0,2
5,1,4
13,8,5
9,4,5
12,0,12
17,0,17
36,7,29
0,5,-5
11,2,9
4,6,-2
3,0,3
3,0,3
4,0,4
4,1,3
2,1,1
9,2,7
1,0,1
0,1,-1
8,0,8
20,9,11
9,0,9
4,0,4
1,1,0
0,0,0
1,0,1
1,0,1
4,1,3
0,1,-1
9,9,0
1,0,1
0,0,0
0,0,0
2,0,2
2,0,2
39,12,27
1,3,-2
2,0,2
3,9,-6
1,0,1
2,1,1
21,1,20
1,1,0
0,7,-7
4,5,-1
2,0,2
0,0,0
2,1,1
0,0,0
39,44,-5
12,0,12
11,0,11
3,0,3
43,1,42
0,5,-5
0,8,-8
0,6,-6
17,0,17
1,1,0
20,8,12
9,2,7
6,0,6
0,1,-1
0,0,0
7,71,-64
9,2,7
1,1,0
11,0,11
1,2,-1
3,2,1
4,2,2
0,0,0
0,0,0
5,2,3
7,0,7
33,5,28
15,19,-4
1,0,1
0,0,0
31,19,12
1,0,1
1,0,1
7,9,-2
0,0,0
15,45,-30
2,0,2
1,3,-2
3,0,3
6,6,0
36,0,36
18,9,9
0,0,0
5,2,3
26,0,26
10,0,10
16,12,4
4,43,-39
0,1,-1
17,5,12
14,1,13
23,13,10
9,2,7
60,10,50
7,1,6
17,2,15
2,1,1
0,0,0
11,4,7
19,16,3
2,0,2
6,0,6
2,2,0
1,0,1
9,0,9
4,1,3
7,1,6
1,0,1
11,1,10
2,0,2
18,10,8
0,0,0
3,1,2
0,0,0
4,7,-3
2,9,-7
0,0,0
8,1,7
13,1,12
0,0,0
3,2,1
5,0,5
14,9,5
5,5,0
22,9,13
0,2,-2
7,8,-1
12,3,9
1,0,1
7,12,-5
2,8,-6
18,0,18
57,0,57
1,1,0
6,0,6
7,5,2
3,0,3
8,4,4
37,22,15
0,0,0
2,0,2
0,1,-1
4,0,4
3,1,2
4,0,4
9,0,9
9,0,9
0,1,-1
0,0,0
2,4,-2
8,0,8
5,0,5
1,1,0
8,2,6
10,0,10
2,0,2
1,0,1
1,0,1
8,0,8
0,0,0
9,5,4
10,0,10
7,4,3
0,2,-2
13,27,-14
0,0,0
12,0,12
6,0,6
8,0,8
11,0,11
0,0,0
0,5,-5
5,5,0
9,5,4
14,6,8
4,5,-1
1,2,-1
17,0,17
3,4,-1
7,0,7
1,1,0
0,3,-3
2,0,2
1,0,1
2,0,2
9,2,7
0,0,0
13,1,12
73,2,71
5,0,5
2,0,2
4,0,4
10,9,1
7,2,5
3,3,0
9,1,8
16,0,16
1,0,1
4,1,3
1,0,1
1,0,1
0,0,0
2,4,-2
0,0,0
6,2,4
24,70,-46
2,0,2
8,3,5
8,0,8
3,9,-6
0,0,0
11,7,4
1,0,1
0,8,-8
5,11,-6
1,0,1
2,2,0
0,0,0
4,3,1
2,2,0
10,3,7
3,1,2
16,1,15
7,1,6
10,0,10
4,2,2
1,0,1
6,0,6
1,0,1
2,0,2
8,17,-9
1,0,1
2,0,2
7,6,1
10,1,9
7,8,-1
0,0,0
1,0,1
1,0,1
0,3,-3
2,0,2
0,0,0
26,3,23
4,2,2
3,0,3
1,3,-2
8,0,8
15,3,12
2,1,1
13,0,13
15,2,13
0,4,-4
0,0,0
15,0,15
2,5,-3
9,12,-3
8,13,-5
1,0,1
4,0,4
5,4,1
3,0,3
10,5,5
1,1,0
5,0,5
7,0,7
3,2,1
3,0,3
5,2,3
82,6,76
12,8,4
4,1,3
3,2,1
1,1,0
0,0,0
7,14,-7
0,0,0
8,4,4
0,0,0
0,0,0
7,0,7
0,0,0
23,18,5
4,4,0
4,2,2
7,48,-41
0,0,0
0,0,0
3,3,0
5,0,5
1,2,-1
15,1,14
0,0,0
0,10,-10
0,0,0
10,1,9
28,0,28
0,0,0
1,0,1
7,0,7
21,21,0
48,1,47
1,0,1
39,4,35
6,0,6
2,0,2
8,0,8
6,2,4
0,0,0
0,0,0
9,1,8
4,0,4
2,2,0
2,0,2
40,0,40
0,0,0
9,5,4
0,3,-3
6,0,6
2,2,0
5,0,5
1,0,1
5,2,3
4,0,4
7,0,7
0,1,-1
1,0,1
18,1,17
8,2,6
26,2,24
5,0,5
2,0,2
4,4,0
13,0,13
2,0,2
2,0,2
4,1,3
32,8,24
12,1,11
3,6,-3
0,0,0
4,0,4
17,2,15
7,1,6
0,0,0
2,0,2
4,0,4
11,0,11
1,0,1
0,11,-11
0,0,0
4,4,0
1,0,1
1,0,1
0,0,0
5,4,1
2,13,-11
0,2,-2
5,0,5
5,4,1
0,0,0
0,0,0
14,16,-2
3,0,3
3,0,3
0,0,0
0,0,0
2,2,0
14,4,10
11,1,10
3,2,1
1,1,0
5,0,5
2,0,2
25,0,25
15,15,0
6,1,5
1,0,1
2,7,-5
17,12,5
6,0,6
5,0,5
12,2,10
31,32,-1
0,0,0
0,1,-1
1,0,1
7,0,7
27,4,23
9,9,0
4,1,3
0,0,0
0,0,0
1,4,-3
0,0,0
3,3,0
23,4,19
0,0,0
5,0,5
6,1,5
9,5,4
50,2,48
0,0,0
0,1,-1
6,0,6
13,5,8
1,0,1
2,0,2
3,4,-1
18,44,-26
17,0,17
17,0,17
16,25,-9
2,0,2
6,1,5
0,0,0
1,0,1
0,1,-1
4,0,4
23,0,23
2,0,2
3,0,3
0,1,-1
5,0,5
0,0,0
23,7,16
2,0,2
24,28,-4
3,0,3
0,6,-6
1,1,0
7,0,7
9,0,9
7,0,7
25,3,22
1,1,0
0,0,0
1,0,1
13,1,12
13,0,13
6,1,5
4,4,0
0,0,0
34,1,33
3,0,3
2,0,2
9,1,8
1,0,1
16,0,16
2,0,2
2,0,2
2,0,2
0,1,-1
11,4,7
8,1,7
9,16,-7
14,22,-8
77,32,45
7,1,6
9,1,8
1,0,1
8,0,8
4,0,4
1,0,1
0,6,-6
0,0,0
6,0,6
4,8,-4
29,29,0
12,0,12
1,0,1
14,3,11
18,13,5
15,0,15
17,2,15
6,4,2
7,0,7
1,0,1
6,6,0
6,1,5
1,0,1
22,2,20
0,0,0
25,4,21
13,0,13
30,1,29
0,0,0
6,5,1
8,0,8
0,0,0
0,0,0
5,3,2
0,1,-1
25,16,9
42,0,42
19,0,19
3,1,2
11,0,11
11,4,7
0,0,0
12,0,12
2,1,1
0,0,0
2,1,1
2,0,2
0,1,-1
15,1,14
4,0,4
0,0,0
5,0,5
15,4,11
3,1,2
0,0,0
0,2,-2
1,0,1
0,0,0
0,0,0
22,7,15
2,1,1
37,2,35
7,1,6
1,1,0
5,0,5
6,0,6
2,0,2
13,13,0
1,1,0
2,0,2
12,2,10
5,7,-2
1,1,0
5,67,-62
3,0,3
2,0,2
29,29,0
2,2,0
4,1,3
0,0,0
14,4,10
0,0,0
4,14,-10
9,2,7
0,0,0
6,32,-26
5,0,5
3,1,2
0,1,-1
9,1,8
23,0,23
0,0,0
14,3,11
1,0,1
0,0,0
0,3,-3
14,4,10
0,0,0
3,2,1
2,7,-5
9,2,7
40,1,39
4,1,3
19,5,14
4,1,3
0,1,-1
0,0,0
6,3,3
8,5,3
1,0,1
6,0,6
21,2,19
8,0,8
0,0,0
3,10,-7
2,1,1
1,0,1
0,3,-3
0,0,0
5,0,5
3,51,-48
3,0,3
0,0,0
43,22,21
0,0,0
28,1,27
0,0,0
3,0,3
4,1,3
6,1,5
21,1,20
1,0,1
8,12,-4
10,0,10
0,0,0
5,0,5
6,6,0
4,1,3
5,3,2
1,0,1
0,0,0
0,0,0
0,0,0
8,7,1
0,0,0
6,2,4
0,0,0
3,15,-12
10,4,6
1,0,1
17,3,14
1,1,0
2,0,2
0,0,0
8,6,2
3,1,2
9,12,-3
19,13,6
7,0,7
4,4,0
6,0,6
4,1,3
1,0,1
6,0,6
1,1,0
1,0,1
7,9,-2
0,0,0
2,0,2
8,0,8
0,3,-3
9,4,5
0,0,0
11,2,9
16,14,2
24,0,24
0,0,0
2,8,-6
0,0,0
4,2,2
1,8,-7
4,1,3
0,0,0
11,29,-18
7,3,4
2,14,-12
31,1,30
0,2,-2
1,0,1
5,1,4
1,1,0
0,0,0
3,0,3
0,0,0
1,1,0
0,0,0
1,0,1
35,0,35
11,5,6
5,0,5
0,34,-34
11,1,10
1,0,1
6,2,4
0,0,0
9,1,8
1,2,-1
1,2,-1
4,1,3
2,1,1
0,0,0
0,0,0
13,0,13
24,2,22
10,0,10
8,0,8
6,0,6
8,6,2
2,3,-1
0,0,0
0,0,0
1,2,-1
7,8,-1
2,0,2
0,0,0
4,1,3
12,0,12
4,0,4
5,6,-1
12,3,9
9,10,-1
2,1,1
4,3,1
19,19,0
1,0,1
1,0,1
4,4,0
3,1,2
3,2,1
14,1,13
13,20,-7
0,0,0
8,1,7
13,7,6
0,1,-1
12,1,11
21,0,21
10,0,10
1,0,1
0,0,0
1,1,0
0,0,0
0,0,0
5,3,2
15,1,14
3,1,2
0,0,0
5,1,4
5,0,5
31,4,27
0,0,0
5,5,0
5,13,-8
0,0,0
0,0,0
12,1,11
3,0,3
4,1,3
2,0,2
4,3,1
6,1,5
0,0,0
8,0,8
18,0,18
5,0,5
3,1,2
0,1,-1
1,0,1
4,1,3
3,0,3
7,0,7
18,1,17
8,0,8
2,1,1
0,2,-2
16,1,15
5,0,5
4,0,4
3,4,-1
0,0,0
0,2,-2
4,2,2
8,2,6
3,17,-14
3,3,0
5,1,4
0,0,0
1,0,1
0,0,0
6,1,5
0,0,0
0,0,0
0,0,0
5,0,5
4,1,3
18,2,16
2,0,2
7,1,6
22,1,21
0,0,0
0,1,-1
0,0,0
23,33,-10
24,0,24
3,0,3
27,0,27
0,0,0
0,0,0
0,0,0
1,0,1
5,1,4
8,28,-20
4,4,0
4,0,4
0,0,0
17,0,17
2,0,2
8,2,6
3,4,-1
38,19,19
28,7,21
1,3,-2
0,0,0
8,2,6
1,0,1
5,0,5
21,0,21
4,0,4
0,0,0
1,0,1
0,0,0
10,2,8
18,1,17
4,2,2
5,3,2
2,1,1
17,0,17
1,2,-1
6,0,6
8,2,6
11,3,8
1,6,-5
3,10,-7
0,0,0
25,0,25
1,13,-12
5,1,4
0,0,0
2,0,2
4,0,4
9,0,9
0,0,0
2,6,-4
6,34,-28
4,1,3
7,5,2
1,1,0
0,0,0
4,1,3
8,1,7
0,2,-2
14,1,13
15,0,15
10,17,-7
7,0,7
3,0,3
6,0,6
2,0,2
4,1,3
10,1,9
0,0,0
12,1,11
3,1,2
1,0,1
6,2,4
10,0,10
0,0,0
12,5,7
6,0,6
4,0,4
0,0,0
9,4,5
0,0,0
2,0,2
0,1,-1
17,1,16
5,3,2
0,0,0
7,0,7
7,7,0
2,0,2
7,0,7
2,1,1
0,0,0
6,0,6
7,1,6
1,1,0
1,0,1
17,15,2
45,11,34
44,0,44
0,0,0
0,47,-47
9,0,9
3,0,3
4,2,2
13,2,11
4,0,4
33,0,33
13,1,12
3,7,-4
1,2,-1
23,6,17
5,2,3
10,0,10
2,0,2
6,3,3
1,0,1
7,1,6
25,0,25
13,0,13
0,0,0
4,2,2
4,0,4
15,53,-38
6,6,0
1,18,-17
1,0,1
0,0,0
7,3,4
24,18,6
0,0,0
2,6,-4
0,0,0
0,18,-18
0,0,0
12,1,11
7,1,6
0,0,0
1,1,0
3,1,2
22,0,22
6,2,4
2,0,2
0,0,0
1,0,1
2,2,0
1,0,1
2,0,2
6,0,6
24,5,19
11,4,7
6,0,6
1,4,-3
1,10,-9
16,0,16
6,0,6
2,1,1
6,1,5
6,0,6
0,1,-1
11,2,9
5,0,5
3,2,1
11,0,11
0,5,-5
0,0,0
0,0,0
14,0,14
5,1,4
1,0,1
8,0,8
4,0,4
1,0,1
3,5,-2
6,3,3
0,0,0
9,0,9
1,1,0
18,8,10
2,1,1
0,0,0
0,0,0
8,61,-53
12,1,11
28,14,14
16,0,16
5,5,0
0,1,-1
2,0,2
3,1,2
1,0,1
3,6,-3
3,0,3
6,44,-38
7,5,2
6,5,1
5,0,5
5,0,5
1,0,1
20,1,19
3,5,-2
15,11,4
38,13,25
6,1,5
0,0,0
8,7,1
1,2,-1
0,0,0
9,1,8
2,0,2
3,3,0
8,0,8
41,0,41
4,1,3
2,1,1
0,0,0
4,0,4
8,25,-17
2,0,2
22,0,22
20,2,18
5,0,5
21,0,21
1,0,1
20,10,10
28,1,27
3,2,1
0,0,0
21,4,17
2,0,2
5,0,5
10,9,1
0,0,0
70,62,8
1,1,0
6,0,6
2,5,-3
4,4,0
1,0,1
3,3,0
40,1,39
0,0,0
5,0,5
20,2,18
11,0,11
4,1,3
12,4,8
2,0,2
1,0,1
3,0,3
1,9,-8
0,0,0
4,5,-1
1,0,1
13,1,12
0,2,-2
13,4,9
0,4,-4
9,0,9
1,0,1
16,29,-13
0,45,-45
5,2,3
5,0,5
2,1,1
12,4,8
3,0,3
3,4,-1
2,0,2
5,2,3
0,1,-1
4,10,-6
0,0,0
3,0,3
26,0,26
8,0,8
0,0,0
0,0,0
0,2,-2
22,3,19
27,8,19
0,2,-2
3,2,1
18,1,17
0,0,0
7,0,7
0,0,0
15,0,15
14,2,12
0,0,0
1,0,1
24,13,11
3,0,3
2,4,-2
14,0,14
10,0,10
3,9,-6
0,2,-2
1,0,1
22,2,20
16,64,-48
0,0,0
11,3,8
0,0,0
2,0,2
11,3,8
3,3,0
10,2,8
0,0,0
0,0,0
4,1,3
2,0,2
1,0,1
3,0,3
16,6,10
1,0,1
10,1,9
0,0,0
10,0,10
0,0,0
4,0,4
4,2,2
0,0,0
3,0,3
0,0,0
10,0,10
3,1,2
2,0,2
17,0,17
0,0,0
22,21,1
0,0,0
4,2,2
7,5,2
21,0,21
14,0,14
1,0,1
8,2,6
2,0,2
4,0,4
0,0,0
10,8,2
4,3,1
1,5,-4
21,1,20
0,8,-8
2,0,2
3,1,2
6,2,4
7,0,7
7,0,7
2,5,-3
1,1,0
6,0,6
5,0,5
8,2,6
7,0,7
16,4,12
0,0,0
0,0,0
4,0,4
29,0,29
0,0,0
6,7,-1
0,3,-3
0,1,-1
0,0,0
6,0,6
2,0,2
11,0,11
0,0,0
7,1,6
16,0,16
8,0,8
15,2,13
38,17,21
0,0,0
15,0,15
3,0,3
3,1,2
9,0,9
66,0,66
21,13,8
35,13,22
0,1,-1
55,2,53
6,1,5
3,0,3
0,1,-1
6,3,3
2,0,2
10,1,9
9,0,9
33,0,33
1,1,0
0,0,0
0,0,0
0,1,-1
29,8,21
2,3,-1
0,0,0
4,1,3
11,5,6
6,1,5
31,1,30
2,2,0
3,2,1
6,9,-3
1,4,-3
10,1,9
19,2,17
3,0,3
7,8,-1
21,14,7
12,4,8
2,4,-2
6,2,4
2,4,-2
0,0,0
3,0,3
7,1,6
0,1,-1
6,6,0
13,1,12
2,1,1
3,3,0
0,0,0
8,4,4
0,2,-2
4,33,-29
19,0,19
0,0,0
0,0,0
4,0,4
5,0,5
1,0,1
14,6,8
4,0,4
19,0,19
0,5,-5
6,0,6
7,0,7
22,2,20
0,0,0
7,2,5
1,1,0
19,10,9
1,1,0
4,4,0
1,1,0
25,29,-4
1,1,0
0,0,0
35,2,33
0,0,0
14,0,14
25,14,11
1,1,0
1,0,1
10,4,6
0,0,0
28,1,27
0,0,0
2,0,2
3,0,3
5,0,5
11,1,10
2,4,-2
6,0,6
18,66,-48
1,2,-1
38,13,25
6,15,-9
6,1,5
11,1,10
2,0,2
0,0,0
17,14,3
17,13,4
6,2,4
1,0,1
30,10,20
4,0,4
1,2,-1
2,0,2
3,0,3
0,0,0
0,0,0
11,0,11
1,0,1
2,21,-19
8,18,-10
1,3,-2
0,0,0
4,4,0
1,1,0
0,0,0
2,0,2
1,1,0
6,0,6
35,4,31
5,8,-3
8,2,6
3,3,0
0,0,0
16,0,16
16,2,14
1,3,-2
0,4,-4
0,1,-1
7,2,5
1,0,1
2,0,2
2,0,2
14,7,7
6,1,5
3,7,-4
7,2,5
1,0,1
4,3,1
14,2,12
0,1,-1
5,1,4
6,1,5
12,37,-25
1,1,0
18,71,-53
2,2,0
9,9,0
0,0,0
2,6,-4
2,3,-1
45,0,45
5,0,5
11,1,10
0,0,0
64,42,22
0,0,0
0,0,0
0,0,0
7,4,3
3,0,3
0,0,0
12,2,10
10,0,10
2,2,0
23,2,21
2,2,0
0,0,0
27,7,20
2,1,1
1,0,1
0,0,0
3,0,3
0,0,0
0,2,-2
11,0,11
0,0,0
7,0,7
10,0,10
11,2,9
25,16,9
0,0,0
24,0,24
6,7,-1
1,29,-28
2,1,1
0,10,-10
2,0,2
11,0,11
25,42,-17
2,0,2
3,0,3
7,0,7
6,18,-12
1,11,-10
10,5,5
3,0,3
21,0,21
9,0,9
7,0,7
1,1,0
1,0,1
1,0,1
4,0,4
2,0,2
2,0,2
40,20,20
17,1,16
0,1,-1
2,0,2
7,0,7
8,1,7
19,0,19
2,0,2
0,0,0
1,1,0
4,0,4
0,0,0
9,8,1
2,2,0
0,0,0
25,16,9
7,0,7
28,1,27
7,1,6
21,1,20
9,0,9
0,0,0
11,1,10
21,1,20
7,0,7
8,0,8
7,14,-7
3,4,-1
0,0,0
23,4,19
2,0,2
7,10,-3
2,8,-6
0,1,-1
2,5,-3
0,0,0
11,11,0
12,1,11
0,2,-2
0,0,0
3,12,-9
1,1,0
0,50,-50
0,0,0
5,3,2
0,0,0
32,1,31
25,2,23
12,4,8
19,13,6
4,0,4
3,0,3
2,15,-13
4,0,4
0,1,-1
2,1,1
1,0,1
10,5,5
3,0,3
0,0,0
0,3,-3
8,0,8
23,13,10
28,0,28
14,12,2
0,0,0
0,9,-9
0,0,0
3,3,0
1,0,1
2,0,2
2,0,2
5,0,5
4,5,-1
0,1,-1
0,0,0
0,0,0
0,9,-9
0,0,0
0,0,0
0,2,-2
11,0,11
5,2,3
10,0,10
6,4,2
1,0,1
5,1,4
4,2,2
1,0,1
2,2,0
3,0,3
35,1,34
0,1,-1
3,0,3
0,1,-1
7,1,6
6,0,6
0,0,0
0,5,-5
51,1,50
5,0,5
0,0,0
8,1,7
1,0,1
11,21,-10
8,2,6
33,1,32
1,0,1
3,7,-4
6,0,6
25,1,24
3,5,-2
6,4,2
11,1,10
1,0,1
8,0,8
0,0,0
2,4,-2
6,0,6
1,1,0
0,0,0
0,2,-2
15,7,8
1,5,-4
6,1,5
5,0,5
7,1,6
3,0,3
1,0,1
2,1,1
13,0,13
24,1,23
9,5,4
0,0,0
2,0,2
0,0,0
0,0,0
9,3,6
0,0,0
8,0,8
8,0,8
14,1,13
9,1,8
0,2,-2
20,2,18
1,0,1
0,0,0
4,2,2
0,19,-19
1,0,1
4,3,1
1,1,0
1,1,0
9,2,7
3,3,0
5,0,5
0,0,0
4,0,4
4,1,3
0,0,0
5,1,4
2,0,2
14,0,14
3,0,3
4,0,4
13,2,11
9,6,3
14,0,14
15,16,-1
69,13,56
6,3,3
24,8,16
0,1,-1
1,0,1
0,0,0
19,0,19
1,0,1
4,0,4
4,0,4
4,4,0
0,0,0
3,2,1
0,0,0
1,0,1
14,0,14
16,0,16
1,0,1
3,1,2
3,0,3
6,35,-29
24,9,15
3,0,3
1,5,-4
23,1,22
0,0,0
2,2,0
0,2,-2
20,4,16
3,0,3
19,45,-26
11,9,2
35,4,31
6,0,6
9,0,9
8,4,4
0,0,0
11,0,11
9,0,9
27,1,26
1,0,1
2,3,-1
5,1,4
2,1,1
0,0,0
0,0,0
6,1,5
30,0,30
0,0,0
4,0,4
5,1,4
0,0,0
0,2,-2
14,4,10
3,0,3
2,0,2
6,0,6
4,0,4
0,0,0
8,0,8
1,4,-3
2,0,2
3,0,3
22,2,20
3,2,1
3,5,-2
8,0,8
5,2,3
0,2,-2
51,0,51
9,12,-3
3,1,2
6,3,3
1,0,1
4,6,-2
0,0,0
10,0,10
12,32,-20
3,3,0
25,2,23
31,0,31
1,3,-2
31,1,30
7,4,3
4,0,4
6,0,6
32,38,-6
2,4,-2
15,0,15
10,9,1
1,0,1
2,1,1
0,13,-13
6,8,-2
10,0,10
20,7,13
0,0,0
7,0,7
1,0,1
2,1,1
0,43,-43
0,0,0
3,2,1
3,1,2
9,4,5
27,0,27
18,8,10
1,0,1
1,0,1
11,0,11
2,12,-10
0,0,0
3,0,3
2,0,2
5,0,5
2,1,1
6,2,4
22,2,20
0,0,0
9,17,-8
6,2,4
17,13,4
3,0,3
1,0,1
1,0,1
0,0,0
22,22,0
11,1,10
16,4,12
0,1,-1
10,1,9
6,0,6
0,0,0
28,24,4
1,0,1
6,5,1
0,0,0
5,1,4
18,0,18
3,0,3
3,1,2
12,48,-36
4,0,4
6,1,5
2,0,2
0,2,-2
0,2,-2
15,2,13
12,10,2
8,1,7
13,3,10
27,7,20
3,4,-1
3,1,2
26,1,25
0,0,0
1,4,-3
22,1,21
0,0,0
1,0,1
7,0,7
4,0,4
9,0,9
5,0,5
2,1,1
12,0,12
14,2,12
0,1,-1
1,1,0
2,0,2
3,0,3
5,0,5
6,1,5
44,9,35
5,2,3
1,1,0
0,1,-1
1,0,1
2,0,2
6,1,5
1,0,1
1,0,1
2,0,2
11,4,7
12,0,12
0,2,-2
4,0,4
29,0,29
1,0,1
5,1,4
0,0,0
8,0,8
1,3,-2
0,2,-2
22,9,13
1,0,1
2,1,1
10,0,10
18,0,18
20,20,0
11,3,8
7,0,7
10,2,8
16,4,12
0,1,-1
3,0,3
0,0,0
3,10,-7
0,0,0
5,1,4
16,1,15
0,0,0
0,0,0
7,7,0
7,0,7
6,6,0
7,3,4
13,2,11
1,0,1
7,3,4
3,5,-2
7,3,4
0,0,0
1,1,0
6,2,4
2,0,2
17,2,15
3,2,1
15,0,15
0,0,0
0,0,0
0,1,-1
20,0,20
7,3,4
24,27,-3
47,42,5
19,4,15
17,9,8
0,0,0
7,0,7
3,1,2
1,0,1
0,0,0
3,2,1
15,0,15
12,0,12
3,0,3
0,0,0
7,0,7
0,0,0
5,2,3
2,0,2
6,7,-1
3,0,3
52,29,23
20,1,19
8,0,8
6,1,5
1,5,-4
21,1,20
8,0,8
12,2,10
1,1,0
1,0,1
15,1,14
0,0,0
2,0,2
0,0,0
1,1,0
2,2,0
8,18,-10
2,1,1
2,2,0
18,21,-3
1,0,1
1,0,1
14,20,-6
4,4,0
19,4,15
8,1,7
2,0,2
1,1,0
10,25,-15
8,4,4
17,2,15
3,6,-3
0,0,0
1,0,1
7,12,-5
34,5,29
3,30,-27
9,0,9
7,0,7
2,0,2
0,0,0
12,0,12
5,8,-3
0,0,0
0,0,0
1,0,1
36,6,30
4,4,0
1,30,-29
0,6,-6
23,12,11
4,0,4
1,1,0
2,1,1
12,1,11
4,1,3
4,2,2
10,4,6
14,1,13
9,0,9
1,3,-2
6,2,4
0,0,0
3,0,3
1,0,1
1,0,1
34,2,32
8,2,6
1,1,0
1,0,1
42,8,34
0,0,0
6,0,6
0,0,0
1,1,0
1,5,-4
6,1,5
1,0,1
5,2,3
10,37,-27
1,1,0
6,1,5
2,2,0
2,0,2
5,0,5
2,3,-1
8,0,8
1,1,0
2,0,2
10,33,-23
0,3,-3
1,0,1
4,0,4
0,2,-2
8,2,6
1,3,-2
12,4,8
9,1,8
5,5,0
3,3,0
2,0,2
7,1,6
1,0,1
2,0,2
2,1,1
12,0,12
2,5,-3
4,0,4
0,1,-1
5,4,1
10,2,8
11,1,10
8,1,7
15,2,13
1,0,1
3,4,-1
9,4,5
4,5,-1
4,0,4
7,0,7
7,2,5
26,6,20
17,0,17
5,0,5
8,0,8
1,0,1
22,1,21
0,0,0
3,0,3
0,0,0
1,1,0
0,0,0
1,3,-2
1,0,1
2,3,-1
6,3,3
0,0,0
1,1,0
27,22,5
1,0,1
4,0,4
0,0,0
1,1,0
2,1,1
3,5,-2
2,7,-5
12,0,12
29,0,29
0,0,0
3,1,2
8,2,6
53,72,-19
1,2,-1
5,0,5
16,2,14
4,0,4
6,1,5
0,1,-1
9,0,9
1,2,-1
26,1,25
1,0,1
1,0,1
6,0,6
0,5,-5
1,1,0
2,5,-3
18,2,16
3,0,3
5,29,-24
6,0,6
43,0,43
0,2,-2
3,3,0
0,0,0
0,0,0
10,18,-8
0,0,0
1,1,0
1,1,0
0,0,0
6,1,5
0,0,0
15,8,7
1,6,-5
22,2,20
6,4,2
0,0,0
4,8,-4
8,0,8
0,1,-1
0,1,-1
23,0,23
3,3,0
13,0,13
16,7,9
1,0,1
0,0,0
1,0,1
9,13,-4
44,0,44
14,0,14
1,0,1
3,0,3
0,2,-2
0,0,0
0,1,-1
24,1,23
0,0,0
3,0,3
4,2,2
2,2,0
6,2,4
6,0,6
1,0,1
6,4,2
18,13,5
10,0,10
1,0,1
5,1,4
7,0,7
1,1,0
5,2,3
10,2,8
14,0,14
0,0,0
0,1,-1
20,0,20
0,0,0
10,0,10
0,1,-1
1,0,1
4,1,3
1,0,1
0,1,-1
4,0,4
0,0,0
14,0,14
2,0,2
0,0,0
3,1,2
1,1,0
14,7,7
0,0,0
3,0,3
3,0,3
30,0,30
1,0,1
0,1,-1
2,6,-4
0,0,0
1,1,0
8,1,7
3,9,-6
18,1,17
0,0,0
13,0,13
7,1,6
5,0,5
3,0,3
1,1,0
8,1,7
4,0,4
1,1,0
9,0,9
15,6,9
7,1,6
1,5,-4
0,0,0
0,1,-1
5,0,5
3,0,3
6,0,6
8,0,8
3,0,3
19,0,19
7,0,7
10,1,9
4,9,-5
3,2,1
0,2,-2
16,10,6
5,5,0
5,0,5
5,7,-2
23,5,18
13,20,-7
7,18,-11
35,4,31
12,16,-4
5,0,5
0,0,0
5,2,3
9,1,8
13,12,1
4,0,4
0,0,0
8,1,7
24,1,23
10,4,6
12,0,12
0,4,-4
10,0,10
8,0,8
5,0,5
16,4,12
0,0,0
3,1,2
2,0,2
34,1,33
6,0,6
0,0,0
3,0,3
0,0,0
10,0,10
6,45,-39
0,0,0
1,0,1
1,0,1
2,0,2
7,4,3
4,5,-1
11,2,9
2,3,-1
12,0,12
4,4,0
27,1,26
26,2,24
3,0,3
9,0,9
1,0,1
0,0,0
1,0,1
0,0,0
0,4,-4
2,0,2
39,4,35
11,7,4
1,0,1
11,5,6
18,1,17
8,5,3
7,0,7
1,0,1
4,3,1
12,8,4
8,1,7
0,0,0
5,4,1
3,4,-1
4,1,3
0,1,-1
6,0,6
2,2,0
3,0,3
5,5,0
12,2,10
4,0,4
0,0,0
0,0,0
5,1,4
8,1,7
0,6,-6
7,0,7
5,0,5
6,0,6
9,0,9
7,9,-2
19,0,19
9,0,9
4,2,2
16,0,16
1,0,1
4,3,1
25,1,24
0,0,0
0,0,0
12,17,-5
17,0,17
4,1,3
4,4,0
8,4,4
2,0,2
9,44,-35
10,4,6
8,5,3
3,0,3
4,1,3
37,0,37
30,1,29
1,0,1
11,8,3
10,11,-1
3,1,2
0,0,0
3,4,-1
25,1,24
3,5,-2
22,4,18
0,2,-2
1,0,1
2,0,2
11,0,11
6,4,2
1,0,1
0,0,0
19,5,14
16,0,16
10,0,10
13,0,13
11,1,10
6,7,-1
13,1,12
1,0,1
0,2,-2
37,34,3
3,1,2
6,7,-1
3,0,3
1,1,0
19,0,19
26,2,24
2,0,2
13,2,11
1,0,1
5,1,4
1,2,-1
3,0,3
7,0,7
1,0,1
13,4,9
12,2,10
10,0,10
25,9,16
13,6,7
0,0,0
5,1,4
0,0,0
0,0,0
1,0,1
2,0,2
2,0,2
11,0,11
5,0,5
5,5,0
8,0,8
0,2,-2
0,13,-13
4,0,4
16,0,16
0,0,0
0,0,0
6,4,2
14,19,-5
12,0,12
2,4,-2
9,2,7
1,1,0
2,1,1
0,2,-2
0,0,0
15,2,13
0,0,0
22,0,22
1,4,-3
0,2,-2
0,0,0
2,0,2
17,0,17
3,0,3
0,0,0
0,0,0
3,7,-4
1,0,1
20,5,15
5,0,5
0,0,0
3,2,1
6,4,2
5,3,2
6,3,3
7,4,3
6,3,3
6,0,6
5,0,5
3,3,0
2,5,-3
1,2,-1
4,0,4
3,7,-4
0,0,0
14,0,14
2,0,2
4,6,-2
1,2,-1
1,0,1
2,0,2
4,0,4
16,13,3
0,0,0
0,1,-1
32,0,32
0,0,0
7,8,-1
10,1,9
2,1,1
14,14,0
10,3,7
0,0,0
5,5,0
35,14,21
8,0,8
3,2,1
4,3,1
3,5,-2
0,0,0
11,5,6
0,0,0
10,0,10
2,11,-9
3,0,3
9,1,8
8,6,2
25,20,5
5,0,5
1,0,1
0,0,0
21,5,16
19,12,7
0,0,0
0,0,0
4,2,2
1,5,-4
21,43,-22
0,0,0
13,0,13
7,0,7
0,0,0
7,0,7
2,0,2
0,1,-1
22,20,2
5,25,-20
1,0,1
0,3,-3
2,0,2
3,1,2
1,2,-1
4,1,3
0,0,0
28,8,20
5,0,5
2,0,2
13,5,8
7,0,7
2,2,0
4,0,4
0,1,-1
0,1,-1
10,4,6
2,2,0
1,0,1
2,7,-5
18,24,-6
3,2,1
19,9,10
1,0,1
15,0,15
3,4,-1
1,0,1
1,3,-2
5,0,5
6,3,3
4,0,4
24,5,19
1,6,-5
16,1,15
3,0,3
7,4,3
15,3,12
10,3,7
14,8,6
6,0,6
3,1,2
13,1,12
5,0,5
6,6,0
0,0,0
10,2,8
0,0,0
1,1,0
6,4,2
25,28,-3
5,3,2
6,2,4
11,0,11
0,1,-1
13,2,11
0,2,-2
15,0,15
1,3,-2
1,0,1
1,0,1
11,1,10
0,0,0
1,0,1
0,0,0
2,0,2
6,0,6
18,0,18
3,2,1
18,5,13
3,0,3
11,16,-5
1,2,-1
30,0,30
2,0,2
8,2,6
1,1,0
1,0,1
9,13,-4
1,1,0
0,7,-7
9,15,-6
0,0,0
15,0,15
1,1,0
11,0,11
41,0,41
20,22,-2
6,0,6
6,1,5
5,3,2
10,2,8
12,0,12
0,2,-2
4,3,1
13,1,12
10,1,9
12,0,12
13,1,12
5,0,5
2,0,2
0,0,0
8,0,8
0,0,0
11,0,11
1,2,-1
20,0,20
18,51,-33
3,0,3
9,0,9
1,0,1
16,1,15
12,3,9
2,1,1
6,1,5
1,0,1
1,0,1
2,9,-7
5,29,-24
3,0,3
10,3,7
1,0,1
0,0,0
2,3,-1
5,1,4
6,5,1
3,0,3
0,1,-1
3,1,2
0,0,0
1,0,1
6,0,6
1,0,1
5,1,4
5,3,2
3,3,0
1,2,-1
2,0,2
6,0,6
0,0,0
12,1,11
8,5,3
3,0,3
10,3,7
3,2,1
17,0,17
12,0,12
3,0,3
3,0,3
0,21,-21
1,1,0
1,0,1
12,8,4
3,1,2
4,2,2
15,1,14
0,0,0
0,2,-2
14,1,13
2,2,0
11,1,10
18,0,18
8,1,7
4,0,4
12,2,10
3,0,3
24,23,1
3,5,-2
2,0,2
35,0,35
23,1,22
3,0,3
0,0,0
3,0,3
0,0,0
3,0,3
15,0,15
1,0,1
4,0,4
0,0,0
21,0,21
4,0,4
6,2,4
5,0,5
2,0,2
27,0,27
0,0,0
0,0,0
8,0,8
1,0,1
22,15,7
0,2,-2
3,5,-2
0,18,-18
3,3,0
2,5,-3
2,17,-15
3,0,3
11,13,-2
1,2,-1
4,7,-3
1,1,0
0,0,0
53,56,-3
9,0,9
0,0,0
14,2,12
2,0,2
2,0,2
4,0,4
0,0,0
2,0,2
0,3,-3
5,0,5
4,0,4
10,1,9
22,0,22
4,0,4
11,5,6
5,0,5
0,1,-1
5,0,5
10,0,10
11,5,6
4,0,4
31,4,27
5,0,5
2,0,2
16,1,15
21,12,9
15,1,14
4,3,1
2,0,2
30,96,-66
6,3,3
7,59,-52
16,1,15
14,18,-4
26,2,24
22,0,22
2,1,1
5,0,5
10,2,8
0,1,-1
1,1,0
18,11,7
4,1,3
4,1,3
0,0,0
38,0,38
8,1,7
24,5,19
2,0,2
0,0,0
14,4,10
4,0,4
0,0,0
13,2,11
2,4,-2
5,2,3
0,0,0
0,0,0
1,0,1
0,0,0
0,0,0
15,13,2
29,2,27
42,43,-1
0,0,0
6,0,6
8,5,3
1,2,-1
3,0,3
21,1,20
8,0,8
8,58,-50
1,0,1
6,0,6
0,0,0
18,11,7
8,3,5
0,4,-4
2,2,0
14,0,14
1,0,1
6,0,6
13,1,12
0,0,0
11,0,11
3,0,3
3,1,2
7,3,4
0,0,0
1,1,0
7,0,7
5,0,5
0,0,0
3,1,2
13,13,0
3,0,3
12,8,4
0,0,0
3,0,3
0,1,-1
16,1,15
4,35,-31
0,0,0
20,0,20
37,4,33
6,0,6
7,0,7
1,1,0
9,2,7
1,0,1
0,3,-3
0,0,0
8,0,8
34,1,33
33,6,27
0,0,0
14,10,4
1,0,1
3,0,3
2,0,2
0,0,0
1,0,1
4,3,1
0,0,0
6,2,4
5,0,5
1,0,1
0,1,-1
1,3,-2
1,0,1
10,3,7
6,1,5
3,3,0
1,0,1
4,8,-4
2,0,2
6,0,6
40,17,23
1,0,1
9,9,0
0,0,0
8,15,-7
0,1,-1
0,0,0
5,1,4
22,0,22
6,1,5
2,0,2
9,0,9
0,0,0
0,0,0
0,0,0
0,1,-1
4,0,4
0,0,0
1,1,0
1,4,-3
5,1,4
0,2,-2
6,1,5
17,0,17
0,0,0
0,8,-8
5,1,4
5,0,5
1,1,0
4,0,4
17,19,-2
5,4,1
2,0,2
1,2,-1
9,0,9
8,1,7
6,0,6
0,0,0
6,3,3
5,0,5
3,3,0
0,0,0
3,1,2
19,4,15
3,1,2
11,14,-3
9,17,-8
7,6,1
0,0,0
1,2,-1
5,0,5
4,5,-1
5,2,3
0,0,0
1,0,1
5,4,1
0,1,-1
7,0,7
1,1,0
0,0,0
3,2,1
3,0,3
1,2,-1
0,1,-1
2,0,2
32,12,20
1,4,-3
0,0,0
1,0,1
9,0,9
40,25,15
4,4,0
33,0,33
1,5,-4
3,1,2
0,2,-2
4,0,4
9,0,9
16,2,14
3,3,0
12,40,-28
9,1,8
2,0,2
1,1,0
10,0,10
8,3,5
1,0,1
14,2,12
4,0,4
2,5,-3
1,5,-4
20,0,20
18,53,-35
2,0,2
2,0,2
1,0,1
12,1,11
5,2,3
1,0,1
24,2,22
2,0,2
0,0,0
0,0,0
4,0,4
1,0,1
0,0,0
24,0,24
10,0,10
10,7,3
1,0,1
1,1,0
1,0,1
9,0,9
0,1,-1
7,0,7
8,3,5
8,0,8
0,0,0
8,0,8
4,0,4
6,0,6
19,38,-19
16,1,15
3,2,1
8,1,7
8,7,1
2,5,-3
2,2,0
11,0,11
8,3,5
2,1,1
3,0,3
4,3,1
3,1,2
1,2,-1
3,4,-1
2,1,1
6,0,6
45,7,38
4,0,4
6,33,-27
43,2,41
7,0,7
7,1,6
0,0,0
0,0,0
5,2,3
0,1,-1
8,4,4
0,0,0
9,2,7
2,1,1
6,9,-3
11,0,11
1,1,0
12,0,12
6,0,6
8,5,3
1,0,1
5,5,0
11,5,6
3,0,3
0,0,0
10,1,9
7,2,5
0,8,-8
8,0,8
1,0,1
4,0,4
6,2,4
8,0,8
2,0,2
18,2,16
6,0,6
0,0,0
1,0,1
3,0,3
5,4,1
2,2,0
2,0,2
10,0,10
0,0,0
1,0,1
0,0,0
0,0,0
0,0,0
6,7,-1
5,5,0
1,0,1
0,3,-3
5,0,5
1,1,0
0,0,0
0,0,0
2,2,0
7,13,-6
0,0,0
39,6,33
14,4,10
18,6,12
2,0,2
7,1,6
9,16,-7
12,1,11
5,0,5
3,1,2
7,7,0
5,4,1
3,0,3
15,2,13
8,0,8
34,9,25
8,1,7
0,0,0
9,13,-4
26,1,25
1,0,1
7,6,1
3,0,3
26,31,-5
11,1,10
9,5,4
6,1,5
6,33,-27
5,12,-7
5,1,4
2,0,2
1,1,0
0,0,0
7,1,6
1,0,1
48,4,44
9,9,0
0,0,0
1,0,1
4,5,-1
5,0,5
4,0,4
11,0,11
2,21,-19
2,0,2
3,4,-1
6,7,-1
0,0,0
1,1,0
3,2,1
22,0,22
4,8,-4
4,2,2
0,0,0
0,0,0
1,0,1
1,0,1
19,0,19
10,0,10
4,0,4
3,0,3
8,1,7
0,0,0
28,3,25
3,0,3
8,1,7
10,3,7
3,1,2
6,0,6
6,2,4
8,5,3
13,1,12
7,2,5
0,0,0
10,0,10
3,1,2
4,3,1
1,0,1
1,6,-5
10,2,8
11,1,10
16,0,16
7,8,-1
4,0,4
13,1,12
1,2,-1
2,1,1
25,0,25
1,2,-1
2,2,0
2,0,2
9,1,8
3,0,3
2,1,1
2,0,2
17,1,16
14,0,14
0,20,-20
3,2,1
0,0,0
3,0,3
19,2,17
6,1,5
4,0,4
1,0,1
2,52,-50
31,0,31
4,0,4
14,0,14
1,0,1
10,0,10
13,50,-37
14,0,14
10,11,-1
4,1,3
6,6,0
7,6,1
0,1,-1
1,9,-8
2,0,2
30,0,30
5,0,5
13,0,13
0,0,0
4,4,0
3,4,-1
0,0,0
11,3,8
1,1,0
1,4,-3
3,2,1
57,10,47
1,1,0
0,1,-1
4,0,4
5,0,5
5,5,0
2,0,2
1,0,1
0,0,0
6,3,3
0,0,0
3,4,-1
3,2,1
0,0,0
2,0,2
8,5,3
2,0,2
0,0,0
20,31,-11
2,2,0
11,2,9
14,1,13
2,2,0
16,1,15
2,0,2
0,0,0
1,1,0
0,0,0
2,0,2
19,1,18
21,4,17
2,1,1
1,4,-3
5,8,-3
7,28,-21
61,1,60
0,7,-7
2,0,2
7,2,5
0,0,0
4,0,4
9,5,4
11,1,10
0,6,-6
10,3,7
0,0,0
1,0,1
5,28,-23
0,3,-3
8,1,7
2,0,2
4,4,0
7,2,5
6,2,4
3,0,3
0,0,0
2,0,2
2,5,-3
1,2,-1
5,0,5
2,9,-7
1,0,1
0,0,0
4,1,3
3,2,1
0,0,0
1,0,1
2,4,-2
20,20,0
0,0,0
32,2,30
17,80,-63
8,1,7
9,0,9
3,5,-2
2,5,-3
5,0,5
3,1,2
1,1,0
1,0,1
3,5,-2
5,1,4
6,0,6
1,2,-1
0,6,-6
5,4,1
7,0,7
39,0,39
8,1,7
0,4,-4
0,0,0
0,0,0
0,0,0
12,8,4
1,0,1
4,0,4
3,2,1
2,0,2
1,1,0
0,0,0
4,0,4
19,1,18
47,7,40
2,2,0
1,1,0
0,0,0
0,0,0
4,2,2
1,0,1
7,1,6
7,8,-1
4,7,-3
2,2,0
12,0,12
0,0,0
0,0,0
1,0,1
0,0,0
2,2,0
7,0,7
1,3,-2
2,0,2
3,0,3
2,0,2
3,1,2
1,1,0
7,2,5
0,0,0
0,1,-1
12,1,11
2,1,1
3,0,3
0,1,-1
2,0,2
2,0,2
23,0,23
7,0,7
0,0,0
1,0,1
5,1,4
14,3,11
9,5,4
6,0,6
1,4,-3
9,2,7
2,0,2
0,0,0
7,0,7
6,7,-1
2,0,2
3,0,3
2,2,0
5,1,4
3,0,3
0,0,0
7,2,5
4,5,-1
17,0,17
1,1,0
0,0,0
4,2,2
0,0,0
0,0,0
2,2,0
7,10,-3
28,2,26
3,3,0
2,2,0
0,0,0
30,0,30
0,0,0
0,0,0
10,12,-2
1,10,-9
2,0,2
8,2,6
9,0,9
12,0,12
0,0,0
6,5,1
26,2,24
8,2,6
5,0,5
10,2,8
2,2,0
7,17,-10
0,0,0
1,0,1
0,0,0
9,5,4
0,5,-5
0,0,0
0,0,0
0,1,-1
0,0,0
25,15,10
30,1,29
3,0,3
1,1,0
5,5,0
1,3,-2
2,1,1
0,0,0
1,0,1
0,0,0
6,6,0
3,2,1
5,0,5
0,1,-1
15,1,14
2,1,1
0,0,0
2,1,1
9,3,6
4,0,4
7,13,-6
5,0,5
5,0,5
15,0,15
0,0,0
4,1,3
6,1,5
8,0,8
25,25,0
0,3,-3
13,17,-4
5,0,5
0,1,-1
19,1,18
1,0,1
4,1,3
2,0,2
11,5,6
14,12,2
0,0,0
4,0,4
0,0,0
2,0,2
3,1,2
4,1,3
34,1,33
2,0,2
0,1,-1
9,1,8
15,38,-23
4,3,1
4,8,-4
7,1,6
7,0,7
0,0,0
20,2,18
8,0,8
0,0,0
12,0,12
4,6,-2
7,20,-13
0,0,0
2,2,0
0,1,-1
2,0,2
2,2,0
19,19,0
3,1,2
35,1,34
6,0,6
7,0,7
5,0,5
12,1,11
9,0,9
0,2,-2
1,1,0
15,14,1
0,0,0
0,0,0
4,4,0
3,0,3
2,1,1
5,2,3
6,6,0
0,3,-3
7,4,3
0,0,0
25,2,23
0,0,0
1,0,1
2,1,1
1,0,1
2,0,2
19,2,17
30,8,22
4,0,4
2,0,2
0,2,-2
3,0,3
1,0,1
0,0,0
0,0,0
5,2,3
8,0,8
1,1,0
4,13,-9
0,0,0
8,6,2
0,0,0
6,8,-2
0,4,-4
8,0,8
0,1,-1
5,71,-66
3,7,-4
12,5,7
0,4,-4
0,0,0
0,1,-1
0,0,0
20,4,16
4,0,4
3,2,1
3,0,3
7,4,3
7,1,6
0,1,-1
14,1,13
7,5,2
0,6,-6
11,0,11
4,3,1
16,0,16
25,0,25
9,5,4
4,2,2
8,0,8
55,50,5
0,0,0
49,25,24
12,0,12
0,0,0
4,0,4
6,2,4
2,5,-3
16,0,16
5,0,5
0,3,-3
15,1,14
0,0,0
9,0,9
0,0,0
15,0,15
4,0,4
33,20,13
0,0,0
46,1,45
47,74,-27
2,61,-59
2,1,1
31,22,9
0,0,0
5,4,1
24,2,22
0,0,0
3,0,3
1,0,1
9,6,3
1,0,1
4,0,4
8,1,7
0,1,-1
9,14,-5
2,0,2
4,0,4
2,1,1
0,0,0
3,0,3
0,0,0
9,4,5
9,1,8
3,0,3
8,16,-8
4,1,3
16,0,16
5,1,4
1,0,1
0,10,-10
13,11,2
10,4,6
1,0,1
3,0,3
18,1,17
2,2,0
4,0,4
2,1,1
14,0,14
0,0,0
5,0,5
3,8,-5
5,1,4
6,1,5
3,1,2
13,0,13
0,2,-2
3,0,3
0,0,0
6,3,3
18,1,17
10,0,10
1,4,-3
2,0,2
11,9,2
28,4,24
8,17,-9
8,3,5
3,9,-6
1,0,1
1,0,1
7,0,7
1,0,1
0,0,0
3,0,3
11,1,10
2,0,2
3,0,3
10,1,9
3,2,1
1,6,-5
5,0,5
3,4,-1
1,0,1
3,2,1
2,0,2
2,1,1
0,0,0
0,0,0
2,0,2
4,0,4
4,5,-1
3,4,-1
15,0,15
3,1,2
7,0,7
4,3,1
34,0,34
1,1,0
3,0,3
2,0,2
5,2,3
5,2,3
1,1,0
14,0,14
9,0,9
37,1,36
1,0,1
4,4,0
27,0,27
9,2,7
3,0,3
1,5,-4
8,1,7
5,1,4
1,1,0
8,0,8
15,0,15
13,1,12
0,0,0
1,0,1
9,0,9
3,0,3
43,0,43
10,1,9
8,2,6
0,0,0
3,1,2
1,0,1
12,1,11
5,5,0
0,1,-1
51,0,51
1,3,-2
5,0,5
38,34,4
6,3,3
1,0,1
0,1,-1
13,8,5
2,1,1
15,5,10
0,23,-23
0,6,-6
12,2,10
16,13,3
2,0,2
1,2,-1
4,0,4
2,3,-1
3,0,3
8,0,8
2,0,2
2,0,2
8,0,8
2,2,0
0,0,0
4,4,0
0,0,0
24,1,23
5,0,5
5,0,5
12,0,12
1,0,1
1,0,1
11,1,10
0,1,-1
0,0,0
2,0,2
3,1,2
9,1,8
3,2,1
27,1,26
4,2,2
36,22,14
4,0,4
4,0,4
4,0,4
5,1,4
0,0,0
10,2,8
11,5,6
0,0,0
3,3,0
18,8,10
0,0,0
2,3,-1
0,1,-1
2,0,2
3,3,0
4,4,0
0,0,0
1,2,-1
0,0,0
7,3,4
1,2,-1
1,0,1
0,0,0
1,1,0
15,12,3
0,0,0
6,0,6
18,13,5
0,0,0
3,0,3
29,0,29
0,0,0
2,2,0
5,1,4
0,0,0
3,31,-28
15,0,15
0,0,0
2,1,1
0,0,0
3,4,-1
5,2,3
15,4,11
8,10,-2
4,0,4
21,0,21
16,6,10
1,0,1
0,2,-2
7,1,6
3,0,3
1,1,0
7,7,0
1,0,1
3,1,2
16,0,16
4,2,2
5,0,5
8,3,5
2,5,-3
8,1,7
24,35,-11
6,1,5
0,0,0
0,0,0
3,0,3
0,4,-4
6,0,6
2,0,2
0,3,-3
19,2,17
11,0,11
1,2,-1
10,19,-9
4,9,-5
6,6,0
2,19,-17
11,0,11
1,2,-1
2,0,2
30,25,5
8,0,8
8,0,8
2,0,2
1,0,1
0,0,0
5,4,1
14,0,14
12,7,5
2,0,2
0,0,0
24,4,20
25,2,23
2,3,-1
2,2,0
1,1,0
13,2,11
5,0,5
2,0,2
23,2,21
5,0,5
31,2,29
1,2,-1
1,0,1
0,0,0
4,0,4
5,1,4
0,0,0
3,0,3
0,0,0
1,0,1
33,34,-1
12,1,11
9,5,4
6,0,6
1,2,-1
5,2,3
2,0,2
1,0,1
1,3,-2
1,1,0
1,0,1
6,0,6
9,17,-8
2,1,1
25,0,25
5,0,5
1,1,0
5,0,5
0,0,0
7,5,2
2,0,2
11,26,-15
4,3,1
6,3,3
7,0,7
0,2,-2
0,1,-1
2,5,-3
3,0,3
9,6,3
1,2,-1
0,0,0
7,1,6
0,0,0
1,0,1
11,5,6
36,34,2
0,0,0
4,1,3
0,1,-1
0,1,-1
11,5,6
19,0,19
3,0,3
2,0,2
0,0,0
5,1,4
11,6,5
6,1,5
3,0,3
6,2,4
0,0,0
2,17,-15
0,0,0
1,0,1
10,1,9
14,0,14
1,1,0
0,0,0
0,0,0
3,4,-1
0,1,-1
1,0,1
9,25,-16
0,0,0
36,45,-9
1,0,1
5,0,5
25,61,-36
0,0,0
14,0,14
13,13,0
4,0,4
1,0,1
4,2,2
3,0,3
4,1,3
0,1,-1
1,0,1
6,1,5
2,0,2
26,1,25
13,2,11
3,0,3
3,4,-1
3,0,3
0,1,-1
3,0,3
41,21,20
2,0,2
0,0,0
4,8,-4
4,22,-18
17,4,13
5,0,5
0,0,0
4,1,3
21,12,9
0,0,0
3,62,-59
10,1,9
6,3,3
1,5,-4
7,0,7
0,0,0
0,1,-1
0,1,-1
10,0,10
9,7,2
1,1,0
6,3,3
0,5,-5
3,0,3
4,1,3
2,2,0
21,46,-25
8,0,8
1,10,-9
1,1,0
0,0,0
37,0,37
1,0,1
3,0,3
3,1,2
18,72,-54
35,22,13
3,10,-7
2,0,2
9,0,9
1,0,1
2,7,-5
8,13,-5
0,0,0
1,1,0
6,2,4
14,6,8
15,1,14
1,0,1
11,0,11
3,0,3
12,1,11
1,0,1
12,0,12
1,4,-3
0,0,0
16,0,16
27,0,27
1,0,1
0,0,0
0,0,0
16,2,14
7,6,1
0,0,0
0,0,0
1,0,1
1,0,1
1,3,-2
7,4,3
0,1,-1
2,2,0
5,2,3
20,18,2
0,0,0
6,2,4
3,1,2
11,11,0
0,0,0
8,5,3
15,3,12
16,2,14
21,1,20
1,0,1
1,2,-1
4,1,3
9,1,8
2,2,0
6,4,2
0,0,0
0,0,0
0,0,0
2,1,1
11,4,7
0,0,0
4,0,4
25,0,25
13,14,-1
0,0,0
1,0,1
0,1,-1
8,5,3
1,1,0
5,0,5
34,2,32
1,3,-2
1,9,-8
1,0,1
32,0,32
0,0,0
27,0,27
14,0,14
1,0,1
0,1,-1
0,0,0
3,0,3
1,0,1
11,2,9
0,0,0
6,0,6
13,1,12
4,1,3
2,0,2
7,1,6
3,4,-1
2,4,-2
2,0,2
10,0,10
12,2,10
17,0,17
1,2,-1
0,1,-1
14,20,-6
4,1,3
14,1,13
1,5,-4
11,2,9
1,5,-4
2,0,2
1,0,1
20,1,19
15,0,15
25,4,21
3,0,3
0,2,-2
16,1,15
4,0,4
0,0,0
4,1,3
21,10,11
6,2,4
1,5,-4
1,0,1
6,1,5
8,1,7
0,1,-1
2,1,1
0,0,0
5,0,5
5,1,4
0,0,0
0,0,0
14,0,14
2,0,2
12,0,12
1,1,0
6,0,6
1,1,0
4,1,3
5,3,2
4,0,4
0,0,0
14,1,13
3,2,1
9,0,9
14,0,14
3,0,3
9,2,7
8,0,8
2,0,2
0,0,0
2,0,2
10,0,10
9,5,4
18,25,-7
7,0,7
13,0,13
2,2,0
4,3,1
3,0,3
11,10,1
34,0,34
19,4,15
2,1,1
8,2,6
2,1,1
6,2,4
1,3,-2
0,1,-1
1,0,1
15,4,11
0,0,0
1,0,1
3,1,2
0,0,0
12,2,10
3,4,-1
9,31,-22
20,1,19
1,1,0
7,1,6
5,0,5
3,1,2
2,0,2
0,1,-1
14,1,13
15,0,15
2,1,1
2,13,-11
32,17,15
25,2,23
1,6,-5
0,8,-8
4,0,4
1,2,-1
13,0,13
1,0,1
1,1,0
2,0,2
35,8,27
7,12,-5
11,2,9
9,1,8
0,1,-1
1,5,-4
6,7,-1
10,13,-3
2,1,1
4,2,2
13,1,12
7,0,7
1,0,1
3,1,2
19,0,19
9,1,8
1,0,1
14,0,14
0,0,0
15,1,14
7,1,6
0,0,0
5,0,5
7,16,-9
2,0,2
0,0,0
42,6,36
8,8,0
6,2,4
2,2,0
2,5,-3
6,1,5
56,56,0
6,1,5
7,2,5
0,0,0
1,0,1
0,5,-5
0,0,0
0,0,0
5,0,5
0,2,-2
3,5,-2
11,0,11
3,2,1
2,35,-33
21,7,14
28,12,16
0,0,0
33,0,33
0,3,-3
8,9,-1
6,0,6
4,0,4
1,0,1
0,1,-1
6,2,4
1,4,-3
10,0,10
1,0,1
20,10,10
4,0,4
2,0,2
15,1,14
19,1,18
0,0,0
0,0,0
12,1,11
2,1,1
1,0,1
3,0,3
2,1,1
14,5,9
3,0,3
1,0,1
5,2,3
7,3,4
10,6,4
6,6,0
1,0,1
0,1,-1
10,1,9
0,0,0
6,1,5
4,1,3
4,8,-4
9,1,8
3,0,3
10,6,4
2,2,0
12,4,8
0,7,-7
6,2,4
1,0,1
9,9,0
0,1,-1
20,4,16
14,9,5
5,2,3
5,1,4
5,0,5
0,1,-1
2,1,1
14,6,8
1,66,-65
0,0,0
3,0,3
5,2,3
1,0,1
1,0,1
9,1,8
0,0,0
30,6,24
6,0,6
20,4,16
18,0,18
5,3,2
16,0,16
0,0,0
2,0,2
51,1,50
0,0,0
10,4,6
17,0,17
3,1,2
16,0,16
6,1,5
0,0,0
4,0,4
5,1,4
4,0,4
24,1,23
12,2,10
0,1,-1
8,8,0
12,5,7
19,32,-13
1,0,1
9,4,5
0,0,0
10,2,8
4,6,-2
1,2,-1
5,7,-2
1,0,1
6,5,1
3,3,0
28,2,26
0,0,0
1,2,-1
1,4,-3
6,2,4
12,1,11
2,0,2
5,0,5
1,1,0
3,0,3
1,21,-20
2,5,-3
8,0,8
4,2,2
1,0,1
3,1,2
4,0,4
51,1,50
4,4,0
20,1,19
88,58,30
0,0,0
4,0,4
0,0,0
5,2,3
10,4,6
8,0,8
14,4,10
0,5,-5
6,4,2
12,0,12
0,0,0
0,0,0
15,0,15
20,1,19
18,13,5
0,0,0
1,0,1
5,19,-14
0,0,0
14,0,14
6,0,6
0,0,0
0,54,-54
7,1,6
0,0,0
3,33,-30
0,1,-1
12,5,7
3,10,-7
1,7,-6
2,21,-19
3,0,3
1,0,1
34,9,25
1,0,1
14,0,14
1,9,-8
23,0,23
19,3,16
4,4,0
10,4,6
5,4,1
2,2,0
5,3,2
17,0,17
4,5,-1
15,0,15
6,1,5
9,5,4
6,2,4
2,0,2
1,2,-1
13,0,13
5,9,-4
0,16,-16
4,2,2
0,0,0
1,1,0
0,0,0
40,22,18
5,1,4
8,5,3
12,1,11
6,0,6
1,0,1
17,0,17
10,1,9
5,0,5
7,2,5
10,3,7
0,0,0
15,0,15
12,9,3
1,0,1
0,3,-3
9,2,7
8,0,8
4,2,2
1,0,1
0,0,0
16,0,16
24,2,22
0,0,0
5,3,2
17,30,-13
0,0,0
6,2,4
6,0,6
1,8,-7
5,6,-1
8,0,8
1,0,1
16,2,14
6,0,6
8,0,8
8,1,7
19,0,19
22,0,22
5,1,4
0,0,0
0,3,-3
0,0,0
28,1,27
0,0,0
5,0,5
0,1,-1
1,0,1
0,0,0
1,0,1
7,6,1
3,5,-2
0,0,0
0,1,-1
0,3,-3
2,0,2
1,1,0
7,5,2
2,1,1
7,3,4
3,4,-1
0,2,-2
8,9,-1
0,0,0
0,0,0
1,0,1
0,0,0
1,0,1
5,2,3
8,0,8
1,2,-1
4,1,3
16,0,16
10,0,10
2,0,2
21,8,13
36,8,28
0,4,-4
25,17,8
12,0,12
0,1,-1
0,4,-4
16,13,3
18,0,18
22,0,22
4,1,3
2,1,1
20,1,19
3,1,2
1,0,1
42,2,40
2,0,2
13,4,9
7,4,3
4,0,4
5,1,4
1,1,0
3,0,3
7,0,7
3,0,3
0,1,-1
1,0,1
0,0,0
7,2,5
2,0,2
5,1,4
3,4,-1
32,12,20
4,0,4
3,10,-7
0,4,-4
11,8,3
9,6,3
2,1,1
8,9,-1
9,9,0
23,16,7
3,0,3
1,0,1
3,0,3
0,0,0
1,0,1
33,13,20
12,15,-3
6,0,6
0,0,0
23,0,23
0,0,0
0,0,0
7,4,3
4,0,4
6,2,4
37,1,36
0,0,0
1,21,-20
0,1,-1
8,9,-1
11,2,9
11,1,10
5,5,0
5,0,5
5,4,1
2,2,0
4,2,2
47,9,38
1,0,1
3,0,3
14,0,14
10,5,5
5,0,5
5,0,5
5,5,0
4,0,4
1,0,1
3,0,3
7,5,2
2,0,2
23,0,23
1,5,-4
3,0,3
16,2,14
1,1,0
13,0,13
17,9,8
0,0,0
6,0,6
5,3,2
0,0,0
11,0,11
3,0,3
3,7,-4
1,2,-1
1,0,1
3,0,3
1,0,1
0,0,0
7,8,-1
0,0,0
13,12,1
4,0,4
4,0,4
9,0,9
11,0,11
6,9,-3
5,0,5
2,0,2
1,0,1
1,0,1
8,0,8
9,67,-58
2,2,0
0,0,0
10,25,-15
5,0,5
2,2,0
2,3,-1
1,1,0
2,2,0
0,0,0
2,1,1
12,19,-7
3,0,3
4,1,3
4,0,4
0,0,0
10,0,10
1,0,1
12,0,12
4,1,3
1,0,1
2,3,-1
2,0,2
0,0,0
0,3,-3
6,1,5
0,0,0
22,1,21
7,1,6
3,4,-1
0,1,-1
23,2,21
6,1,5
0,0,0
7,0,7
0,0,0
0,0,0
4,1,3
7,0,7
40,0,40
0,0,0
6,1,5
5,1,4
14,1,13
1,0,1
1,5,-4
14,1,13
15,9,6
0,0,0
11,0,11
0,0,0
1,0,1
4,1,3
1,1,0
4,0,4
15,1,14
9,4,5
1,0,1
3,0,3
5,0,5
0,6,-6
1,0,1
43,4,39
4,0,4
0,2,-2
4,0,4
0,2,-2
12,11,1
0,1,-1
4,4,0
6,0,6
0,0,0
0,0,0
8,0,8
3,19,-16
19,1,18
6,1,5
3,0,3
11,6,5
0,0,0
3,0,3
1,0,1
1,0,1
24,9,15
0,4,-4
2,0,2
0,0,0
1,2,-1
19,1,18
9,0,9
2,1,1
2,1,1
0,0,0
0,0,0
0,10,-10
9,0,9
28,0,28
1,4,-3
13,4,9
5,1,4
14,3,11
0,0,0
6,0,6
0,0,0
0,29,-29
4,0,4
1,0,1
2,22,-20
3,0,3
4,0,4
0,0,0
15,0,15
12,2,10
0,2,-2
5,5,0
7,5,2
6,3,3
3,5,-2
3,1,2
0,0,0
1,0,1
8,3,5
2,8,-6
34,3,31
0,0,0
35,2,33
18,8,10
5,2,3
6,29,-23
15,3,12
8,0,8
9,2,7
9,3,6
0,0,0
1,5,-4
2,5,-3
5,0,5
1,1,0
1,2,-1
0,2,-2
0,0,0
2,0,2
4,2,2
6,2,4
43,0,43
1,0,1
22,1,21
5,0,5
14,8,6
10,1,9
3,1,2
20,1,19
0,1,-1
0,2,-2
14,8,6
10,1,9
2,1,1
2,0,2
5,0,5
6,0,6
4,0,4
2,2,0
2,0,2
3,0,3
2,1,1
15,0,15
6,0,6
16,24,-8
61,0,61
17,1,16
20,10,10
23,8,15
5,1,4
0,0,0
6,0,6
1,1,0
6,4,2
0,0,0
8,4,4
0,1,-1
10,0,10
14,2,12
19,11,8
7,0,7
9,4,5
46,1,45
0,0,0
0,1,-1
3,4,-1
6,0,6
5,0,5
1,5,-4
4,0,4
7,2,5
13,0,13
65,29,36
3,7,-4
0,0,0
3,0,3
4,0,4
47,31,16
1,0,1
0,0,0
0,8,-8
1,0,1
64,64,0
9,0,9
8,5,3
5,4,1
2,2,0
1,1,0
1,2,-1
0,1,-1
2,0,2
0,0,0
12,8,4
6,1,5
4,0,4
0,3,-3
12,0,12
3,5,-2
1,0,1
1,1,0
0,0,0
9,1,8
1,1,0
5,2,3
2,0,2
7,0,7
2,0,2
3,1,2
8,0,8
7,0,7
11,1,10
4,1,3
0,0,0
2,1,1
2,1,1
8,9,-1
14,5,9
17,1,16
8,0,8
18,1,17
3,0,3
5,3,2
1,0,1
24,0,24
15,4,11
7,4,3
3,3,0
5,0,5
5,2,3
0,1,-1
0,0,0
8,6,2
19,38,-19
0,0,0
0,4,-4
15,7,8
6,13,-7
1,0,1
0,0,0
0,1,-1
1,2,-1
1,0,1
6,2,4
0,0,0
0,0,0
0,0,0
0,4,-4
0,1,-1
8,1,7
6,6,0
6,2,4
0,0,0
9,0,9
1,5,-4
1,2,-1
6,1,5
13,0,13
3,0,3
0,0,0
1,0,1
6,0,6
8,1,7
5,1,4
20,0,20
1,0,1
1,0,1
3,0,3
19,2,17
3,0,3
0,0,0
1,2,-1
2,2,0
0,0,0
12,4,8
1,1,0
9,1,8
3,1,2
0,0,0
4,3,1
4,1,3
4,1,3
8,1,7
4,6,-2
7,17,-10
0,0,0
1,0,1
1,2,-1
2,0,2
0,0,0
1,0,1
0,1,-1
0,2,-2
15,0,15
4,0,4
5,0,5
10,0,10
7,1,6
0,0,0
0,5,-5
0,1,-1
6,0,6
53,0,53
4,0,4
4,1,3
0,2,-2
0,0,0
0,0,0
5,13,-8
6,1,5
10,10,0
1,2,-1
11,0,11
1,1,0
2,0,2
3,0,3
1,0,1
54,46,8
14,2,12
0,9,-9
16,1,15
5,0,5
2,0,2
9,2,7
0,0,0
2,0,2
0,0,0
0,0,0
2,0,2
9,3,6
11,0,11
0,2,-2
1,10,-9
3,4,-1
2,0,2
2,0,2
2,10,-8
1,0,1
1,0,1
10,1,9
9,3,6
18,0,18
1,0,1
3,0,3
0,1,-1
26,0,26
0,0,0
0,0,0
1,0,1
0,1,-1
2,2,0
0,0,0
9,1,8
11,8,3
2,5,-3
2,1,1
2,4,-2
9,0,9
7,1,6
0,0,0
0,7,-7
11,1,10
0,0,0
20,2,18
9,0,9
4,0,4
11,11,0
5,1,4
18,0,18
3,2,1
5,1,4
5,0,5
0,0,0
0,0,0
2,3,-1
1,0,1
2,0,2
18,1,17
0,3,-3
7,3,4
0,1,-1
5,2,3
7,1,6
0,0,0
4,0,4
7,0,7
4,0,4
3,0,3
7,1,6
1,0,1
5,0,5
0,1,-1
0,0,0
0,2,-2
10,2,8
1,5,-4
2,0,2
0,8,-8
1,0,1
14,0,14
0,1,-1
4,6,-2
8,0,8
0,0,0
1,0,1
0,0,0
3,0,3
2,0,2
2,1,1
4,5,-1
4,0,4
0,0,0
3,1,2
33,19,14
6,3,3
6,1,5
4,2,2
0,0,0
7,7,0
1,0,1
6,0,6
9,5,4
1,0,1
2,2,0
17,10,7
7,0,7
13,3,10
6,4,2
0,0,0
0,0,0
3,1,2
6,2,4
0,0,0
3,1,2
0,1,-1
0,0,0
23,0,23
7,0,7
0,0,0
9,0,9
0,1,-1
1,0,1
2,1,1
19,13,6
8,0,8
28,11,17
1,2,-1
2,4,-2
17,4,13
7,1,6
5,1,4
4,0,4
1,0,1
16,5,11
4,0,4
1,0,1
7,0,7
0,0,0
3,0,3
0,2,-2
15,0,15
8,0,8
19,0,19
7,0,7
0,0,0
8,0,8
8,1,7
3,0,3
0,0,0
0,0,0
3,0,3
0,0,0
7,7,0
3,0,3
14,1,13
14,8,6
5,0,5
0,0,0
9,0,9
3,0,3
2,0,2
0,2,-2
4,1,3
15,1,14
5,3,2
5,2,3
61,0,61
28,0,28
21,1,20
5,4,1
11,0,11
19,1,18
0,0,0
0,0,0
4,2,2
10,1,9
0,0,0
4,2,2
7,0,7
6,1,5
3,2,1
2,0,2
14,0,14
4,1,3
10,7,3
0,2,-2
3,0,3
7,8,-1
2,5,-3
1,0,1
4,1,3
1,2,-1
16,33,-17
0,0,0
17,0,17
10,13,-3
1,0,1
2,1,1
34,32,2
29,5,24
1,0,1
4,0,4
1,0,1
0,0,0
16,0,16
14,4,10
8,1,7
2,0,2
4,0,4
0,0,0
2,13,-11
10,0,10
0,0,0
0,0,0
1,4,-3
1,4,-3
15,35,-20
30,0,30
9,0,9
12,1,11
1,0,1
0,0,0
1,1,0
24,19,5
0,2,-2
10,18,-8
0,0,0
18,1,17
0,0,0
3,0,3
17,19,-2
14,1,13
2,0,2
3,0,3
23,0,23
0,1,-1
3,1,2
2,0,2
5,0,5
3,1,2
5,0,5
4,4,0
5,3,2
24,1,23
1,0,1
7,0,7
52,52,0
3,10,-7
0,2,-2
1,4,-3
2,13,-11
10,0,10
10,1,9
2,0,2
0,4,-4
19,0,19
1,1,0
0,0,0
6,1,5
12,3,9
17,1,16
1,0,1
4,2,2
2,1,1
2,2,0
0,2,-2
8,0,8
6,1,5
4,5,-1
3,1,2
14,0,14
3,0,3
15,2,13
0,0,0
1,0,1
4,1,3
0,0,0
8,5,3
1,1,0
2,1,1
5,1,4
1,3,-2
10,1,9
2,0,2
0,1,-1
1,0,1
1,3,-2
1,1,0
36,1,35
21,1,20
0,0,0
2,0,2
4,1,3
2,0,2
6,1,5
5,12,-7
38,3,35
1,0,1
0,1,-1
3,0,3
14,1,13
5,4,1
1,0,1
11,12,-1
1,1,0
1,0,1
2,0,2
8,0,8
6,74,-68
1,0,1
0,0,0
0,0,0
5,5,0
7,0,7
1,2,-1
1,1,0
7,5,2
1,1,0
6,0,6
11,0,11
2,0,2
4,0,4
1,5,-4
17,32,-15
9,8,1
7,0,7
5,1,4
3,0,3
2,0,2
51,7,44
7,1,6
0,1,-1
8,0,8
6,0,6
2,4,-2
0,0,0
7,5,2
4,0,4
16,1,15
0,2,-2
4,0,4
0,0,0
5,2,3
4,0,4
7,2,5
10,4,6
2,7,-5
4,10,-6
10,0,10
9,0,9
8,0,8
32,6,26
28,2,26
0,0,0
0,0,0
5,0,5
1,0,1
30,10,20
0,0,0
0,0,0
4,1,3
1,0,1
7,1,6
8,3,5
7,0,7
4,0,4
1,0,1
23,3,20
0,0,0
2,8,-6
0,1,-1
0,0,0
0,0,0
0,0,0
0,0,0
7,14,-7
0,1,-1
12,0,12
2,1,1
0,0,0
0,0,0
13,4,9
4,1,3
17,12,5
7,45,-38
4,4,0
11,0,11
12,1,11
1,0,1
12,0,12
0,1,-1
24,0,24
0,0,0
34,5,29
0,0,0
0,0,0
2,2,0
11,1,10
5,4,1
0,0,0
4,0,4
10,0,10
5,0,5
4,0,4
6,1,5
1,0,1
0,0,0
40,4,36
12,3,9
36,2,34
6,1,5
3,1,2
2,1,1
9,1,8
7,1,6
13,1,12
0,0,0
1,2,-1
5,2,3
11,1,10
0,4,-4
1,1,0
1,0,1
5,0,5
10,1,9
0,1,-1
18,3,15
3,1,2
1,0,1
0,0,0
0,0,0
3,10,-7
6,0,6
3,0,3
3,0,3
0,0,0
2,0,2
8,5,3
0,0,0
0,0,0
6,3,3
2,2,0
19,1,18
0,0,0
7,1,6
0,3,-3
0,0,0
0,0,0
8,5,3
20,9,11
4,0,4
85,0,85
0,5,-5
3,1,2
1,0,1
2,1,1
10,1,9
1,1,0
5,13,-8
0,0,0
8,1,7
4,2,2
33,33,0
2,1,1
2,2,0
15,1,14
11,11,0
2,2,0
0,0,0
1,0,1
0,1,-1
7,4,3
12,1,11
2,0,2
1,0,1
0,0,0
2,1,1
0,1,-1
1,0,1
0,0,0
24,4,20
3,4,-1
33,0,33
0,0,0
13,0,13
2,1,1
4,0,4
1,2,-1
5,0,5
16,13,3
1,1,0
0,0,0
1,1,0
7,1,6
3,2,1
77,2,75
19,0,19
20,4,16
1,2,-1
1,0,1
51,52,-1
13,0,13
14,0,14
10,0,10
18,0,18
6,7,-1
3,2,1
10,13,-3
4,4,0
9,2,7
0,0,0
0,0,0
2,2,0
9,2,7
1,1,0
0,0,0
9,1,8
15,3,12
2,2,0
2,2,0
23,0,23
6,1,5
14,0,14
0,0,0
3,1,2
1,10,-9
2,0,2
19,2,17
0,21,-21
2,3,-1
5,0,5
15,13,2
3,0,3
83,44,39
14,2,12
3,0,3
3,0,3
17,2,15
4,0,4
1,0,1
1,1,0
15,0,15
1,0,1
8,10,-2
0,0,0
4,0,4
10,0,10
0,0,0
21,2,19
9,0,9
1,0,1
0,0,0
0,3,-3
15,13,2
1,0,1
0,0,0
2,0,2
0,0,0
17,0,17
0,0,0
4,2,2
32,0,32
2,1,1
11,0,11
1,0,1
15,4,11
0,0,0
12,0,12
5,2,3
1,0,1
0,0,0
9,0,9
1,0,1
6,1,5
0,0,0
0,0,0
1,2,-1
0,2,-2
2,3,-1
1,0,1
3,10,-7
4,1,3
6,3,3
9,13,-4
19,0,19
7,0,7
1,0,1
10,0,10
0,1,-1
15,0,15
11,0,11
0,0,0
2,0,2
6,2,4
0,0,0
0,4,-4
21,0,21
0,2,-2
4,0,4
17,20,-3
0,0,0
6,2,4
9,9,0
15,0,15
7,1,6
3,2,1
1,3,-2
2,1,1
8,0,8
1,0,1
0,1,-1
0,0,0
29,0,29
13,0,13
1,1,0
0,3,-3
36,18,18
0,1,-1
5,42,-37
4,0,4
0,0,0
14,9,5
8,6,2
1,1,0
2,1,1
19,0,19
2,0,2
2,3,-1
8,5,3
11,0,11
7,1,6
12,13,-1
2,2,0
0,0,0
5,0,5
5,3,2
0,0,0
6,0,6
0,0,0
1,5,-4
8,2,6
3,0,3
0,0,0
1,4,-3
1,0,1
0,0,0
3,2,1
8,0,8
11,0,11
13,5,8
0,7,-7
21,0,21
2,2,0
1,0,1
4,0,4
6,2,4
1,1,0
2,4,-2
6,5,1
2,1,1
0,1,-1
18,0,18
17,19,-2
8,5,3
1,0,1
20,1,19
2,2,0
3,2,1
10,0,10
0,0,0
3,2,1
6,0,6
4,5,-1
2,1,1
0,0,0
4,0,4
11,0,11
1,35,-34
0,0,0
1,1,0
18,0,18
15,0,15
0,0,0
9,1,8
2,1,1
0,0,0
15,0,15
12,0,12
5,1,4
6,2,4
6,1,5
12,0,12
16,13,3
1,3,-2
13,6,7
5,2,3
1,0,1
43,2,41
2,0,2
0,2,-2
0,0,0
5,4,1
12,0,12
8,0,8
0,2,-2
0,0,0
9,10,-1
3,2,1
11,5,6
4,0,4
2,1,1
7,7,0
6,2,4
12,0,12
1,1,0
20,20,0
5,3,2
0,0,0
2,0,2
7,0,7
4,2,2
7,8,-1
1,8,-7
2,0,2
7,2,5
1,0,1
28,4,24
3,1,2
4,0,4
25,7,18
5,5,0
0,0,0
6,0,6
5,0,5
5,45,-40
0,0,0
10,0,10
2,48,-46
3,0,3
10,4,6
2,0,2
0,0,0
5,0,5
21,1,20
10,0,10
2,0,2
13,5,8
5,0,5
0,0,0
2,0,2
8,1,7
6,1,5
5,4,1
0,8,-8
2,0,2
0,0,0
0,0,0
42,42,0
1,2,-1
5,1,4
11,13,-2
0,0,0
0,0,0
0,0,0
1,0,1
0,0,0
35,62,-27
9,2,7
14,0,14
1,0,1
2,0,2
0,2,-2
6,2,4
15,4,11
0,1,-1
0,0,0
0,0,0
11,0,11
3,1,2
0,0,0
3,0,3
1,0,1
5,6,-1
10,3,7
36,36,0
2,1,1
21,1,20
0,0,0
6,1,5
5,0,5
8,2,6
4,0,4
0,0,0
7,0,7
0,0,0
8,4,4
0,4,-4
25,3,22
8,0,8
3,0,3
0,0,0
0,0,0
0,0,0
0,1,-1
56,0,56
13,6,7
21,0,21
0,48,-48
1,4,-3
0,0,0
11,0,11
4,9,-5
16,0,16
3,0,3
2,0,2
0,0,0
6,7,-1
0,0,0
2,0,2
14,0,14
2,0,2
4,0,4
16,0,16
2,0,2
10,4,6
0,0,0
12,8,4
14,2,12
1,5,-4
18,0,18
11,2,9
1,0,1
3,0,3
1,0,1
15,0,15
9,0,9
9,2,7
12,4,8
0,1,-1
15,15,0
1,1,0
7,1,6
18,0,18
8,5,3
2,1,1
7,1,6
4,1,3
12,2,10
2,1,1
0,4,-4
0,0,0
0,0,0
0,7,-7
4,0,4
21,1,20
0,1,-1
11,0,11
5,2,3
15,0,15
3,2,1
8,57,-49
3,1,2
9,0,9
1,4,-3
17,7,10
10,11,-1
2,2,0
0,0,0
2,1,1
11,1,10
5,0,5
21,0,21
0,0,0
0,0,0
4,10,-6
16,4,12
3,1,2
3,1,2
11,6,5
9,4,5
1,0,1
2,0,2
6,3,3
5,0,5
10,0,10
9,0,9
0,0,0
0,1,-1
6,0,6
12,9,3
3,0,3
5,4,1
0,3,-3
0,0,0
2,2,0
10,5,5
4,4,0
3,0,3
3,0,3
8,5,3
0,1,-1
0,2,-2
1,0,1
1,1,0
3,2,1
20,0,20
1,4,-3
0,2,-2
11,8,3
5,1,4
14,59,-45
1,1,0
0,0,0
29,12,17
13,0,13
7,12,-5
11,4,7
16,0,16
3,7,-4
1,1,0
3,0,3
2,1,1
7,5,2
1,0,1
12,5,7
4,0,4
1,0,1
18,0,18
14,6,8
5,2,3
2,0,2
9,7,2
0,0,0
0,0,0
3,0,3
1,1,0
1,0,1
2,0,2
3,0,3
0,0,0
0,0,0
0,3,-3
0,0,0
0,1,-1
3,46,-43
5,0,5
2,2,0
1,0,1
0,0,0
1,0,1
0,0,0
15,2,13
10,0,10
6,8,-2
18,0,18
9,15,-6
17,0,17
6,4,2
2,0,2
1,0,1
0,0,0
5,0,5
0,0,0
7,3,4
1,0,1
5,8,-3
19,8,11
0,1,-1
3,38,-35
4,2,2
3,0,3
1,5,-4
4,35,-31
16,14,2
6,7,-1
9,10,-1
0,0,0
0,0,0
1,0,1
13,0,13
3,2,1
0,0,0
6,0,6
9,0,9
12,0,12
81,10,71
0,0,0
7,9,-2
15,3,12
3,1,2
0,0,0
2,0,2
13,3,10
0,2,-2
2,16,-14
1,1,0
9,10,-1
1,0,1
0,0,0
2,0,2
2,5,-3
23,8,15
2,2,0
12,0,12
2,4,-2
1,0,1
11,5,6
1,10,-9
0,0,0
1,0,1
12,5,7
10,0,10
14,13,1
2,0,2
2,4,-2
1,2,-1
9,9,0
0,0,0
4,0,4
16,3,13
3,0,3
0,3,-3
4,0,4
17,18,-1
2,1,1
1,1,0
2,1,1
6,0,6
3,0,3
1,0,1
2,0,2
4,1,3
15,0,15
1,1,0
5,0,5
2,1,1
0,0,0
0,0,0
15,2,13
0,0,0
0,0,0
8,11,-3
8,8,0
0,0,0
11,0,11
0,0,0
4,0,4
0,0,0
2,0,2
6,0,6
19,0,19
2,0,2
0,2,-2
16,0,16
0,0,0
3,0,3
5,2,3
2,3,-1
0,3,-3
11,1,10
4,5,-1
1,7,-6
3,0,3
1,0,1
5,1,4
0,0,0
1,2,-1
16,4,12
12,3,9
23,55,-32
0,1,-1
16,1,15
6,0,6
6,1,5
6,76,-70
0,0,0
3,0,3
1,3,-2
0,3,-3
10,2,8
3,0,3
16,6,10
6,3,3
7,0,7
4,2,2
12,5,7
3,0,3
0,0,0
4,0,4
17,5,12
42,18,24
3,0,3
15,1,14
6,2,4
6,0,6
0,0,0
4,0,4
1,0,1
4,1,3
0,0,0
0,0,0
4,4,0
1,2,-1
16,10,6
0,0,0
1,2,-1
0,0,0
1,0,1
6,2,4
7,0,7
4,2,2
0,4,-4
5,0,5
31,11,20
1,2,-1
1,0,1
0,0,0
5,3,2
1,1,0
8,1,7
6,0,6
6,1,5
4,1,3
8,1,7
24,14,10
7,1,6
5,1,4
8,2,6
71,71,0
21,0,21
10,3,7
12,8,4
0,0,0
9,5,4
7,10,-3
1,0,1
10,5,5
2,0,2
12,5,7
13,41,-28
18,5,13
4,0,4
6,0,6
1,5,-4
8,5,3
0,0,0
0,0,0
1,0,1
11,8,3
6,0,6
8,4,4
1,0,1
7,1,6
4,0,4
2,5,-3
0,1,-1
4,1,3
11,1,10
11,0,11
6,0,6
0,0,0
16,0,16
1,0,1
0,0,0
1,1,0
0,0,0
13,4,9
20,1,19
0,0,0
13,0,13
8,1,7
0,0,0
9,1,8
1,0,1
13,0,13
1,0,1
19,10,9
0,0,0
1,2,-1
23,5,18
0,0,0
17,2,15
28,28,0
3,0,3
8,7,1
2,1,1
2,5,-3
0,2,-2
18,8,10
17,1,16
0,0,0
2,0,2
0,1,-1
0,2,-2
1,0,1
32,3,29
52,0,52
11,6,5
0,0,0
1,0,1
5,0,5
6,0,6
1,0,1
15,2,13
2,2,0
1,5,-4
0,0,0
0,1,-1
2,0,2
0,0,0
8,1,7
23,0,23
0,0,0
0,0,0
11,0,11
5,6,-1
36,2,34
2,1,1
5,3,2
1,0,1
13,29,-16
39,69,-30
0,0,0
1,2,-1
24,0,24
6,7,-1
1,0,1
0,0,0
24,4,20
10,1,9
7,8,-1
1,1,0
16,0,16
0,5,-5
0,0,0
9,0,9
28,1,27
1,0,1
0,0,0
7,1,6
7,7,0
1,0,1
20,21,-1
29,3,26
8,2,6
1,0,1
1,1,0
9,6,3
11,17,-6
2,0,2
0,0,0
35,2,33
10,0,10
4,0,4
0,0,0
0,0,0
11,1,10
4,8,-4
14,0,14
5,0,5
1,0,1
0,0,0
3,1,2
7,4,3
0,2,-2
13,0,13
2,0,2
1,0,1
1,0,1
3,4,-1
34,0,34
1,1,0
5,6,-1
2,1,1
3,0,3
7,5,2
1,1,0
0,0,0
12,0,12
21,5,16
5,1,4
0,0,0
25,4,21
13,0,13
1,0,1
3,0,3
1,0,1
0,1,-1
4,2,2
0,4,-4
0,0,0
2,0,2
4,2,2
12,2,10
1,1,0
12,8,4
7,5,2
4,3,1
5,0,5
9,0,9
30,1,29
6,0,6
6,2,4
6,0,6
8,0,8
58,0,58
16,0,16
10,0,10
4,5,-1
7,0,7
8,5,3
5,1,4
4,0,4
5,0,5
11,1,10
0,1,-1
3,2,1
1,1,0
4,0,4
49,0,49
11,4,7
0,0,0
3,0,3
3,1,2
1,0,1
3,4,-1
8,0,8
2,0,2
1,2,-1
1,1,0
7,5,2
0,0,0
8,0,8
1,1,0
0,2,-2
0,0,0
8,2,6
1,1,0
2,0,2
60,60,0
4,3,1
4,2,2
16,2,14
3,1,2
10,5,5
1,0,1
0,0,0
6,9,-3
12,0,12
4,0,4
4,76,-72
8,0,8
5,9,-4
2,0,2
4,0,4
16,0,16
17,3,14
4,1,3
2,1,1
0,29,-29
28,12,16
0,0,0
14,5,9
0,0,0
11,2,9
6,4,2
4,0,4
1,1,0
9,5,4
5,6,-1
10,0,10
21,0,21
8,2,6
10,0,10
0,1,-1
9,3,6
8,1,7
3,0,3
9,0,9
16,12,4
2,0,2
10,1,9
0,59,-59
1,0,1
13,0,13
2,2,0
1,0,1
5,0,5
0,1,-1
0,1,-1
17,5,12
2,0,2
9,8,1
2,0,2
4,3,1
1,2,-1
2,1,1
3,0,3
0,2,-2
4,3,1
2,1,1
0,10,-10
1,0,1
4,0,4
1,1,0
0,2,-2
0,2,-2
10,0,10
9,4,5
2,9,-7
8,1,7
11,8,3
9,2,7
12,3,9
3,2,1
1,2,-1
3,0,3
2,57,-55
19,1,18
11,0,11
22,2,20
1,1,0
2,0,2
17,1,16
19,1,18
31,4,27
1,0,1
0,0,0
2,0,2
5,8,-3
0,0,0
1,0,1
8,1,7
0,0,0
1,1,0
0,0,0
2,0,2
17,1,16
7,0,7
3,6,-3
11,8,3
1,0,1
12,0,12
2,0,2
0,0,0
6,7,-1
8,1,7
7,32,-25
0,1,-1
1,0,1
1,0,1
2,0,2
6,0,6
39,2,37
6,0,6
0,1,-1
0,0,0
1,9,-8
55,32,23
2,0,2
5,0,5
2,0,2
35,27,8
12,0,12
3,6,-3
9,0,9
6,0,6
18,0,18
13,42,-29
2,0,2
1,10,-9
4,0,4
0,1,-1
12,35,-23
4,5,-1
5,0,5
4,0,4
4,0,4
2,1,1
4,5,-1
0,0,0
0,0,0
3,0,3
8,2,6
1,1,0
3,3,0
2,0,2
4,3,1
14,11,3
0,0,0
0,0,0
7,1,6
32,4,28
0,0,0
3,2,1
0,1,-1
0,0,0
4,1,3
21,5,16
0,0,0
0,0,0
0,0,0
7,2,5
4,1,3
0,2,-2
3,33,-30
7,1,6
0,0,0
9,0,9
5,18,-13
0,0,0
2,3,-1
2,3,-1
3,1,2
0,0,0
2,3,-1
0,1,-1
1,0,1
0,0,0
72,62,10
0,0,0
2,0,2
6,12,-6
2,0,2
5,0,5
0,0,0
4,0,4
5,0,5
0,0,0
6,2,4
0,0,0
2,1,1
10,1,9
0,0,0
1,4,-3
1,6,-5
1,1,0
18,19,-1
2,1,1
18,4,14
8,0,8
4,1,3
23,3,20
1,0,1
19,7,12
8,4,4
2,0,2
2,0,2
0,0,0
0,59,-59
19,0,19
9,1,8
2,1,1
4,0,4
8,6,2
24,2,22
13,0,13
10,1,9
2,0,2
13,0,13
5,1,4
0,1,-1
8,2,6
20,0,20
2,0,2
21,5,16
9,0,9
9,0,9
0,5,-5
1,1,0
11,7,4
20,0,20
0,0,0
3,1,2
0,0,0
20,7,13
12,6,6
0,0,0
4,2,2
0,0,0
3,0,3
25,1,24
2,0,2
0,0,0
0,0,0
9,3,6
2,4,-2
0,0,0
11,0,11
0,0,0
1,0,1
1,0,1
1,0,1
1,1,0
3,0,3
3,1,2
3,5,-2
1,0,1
0,1,-1
2,1,1
2,0,2
15,8,7
14,0,14
18,28,-10
12,0,12
3,4,-1
14,6,8
24,34,-10
1,8,-7
0,2,-2
10,3,7
0,1,-1
5,0,5
11,12,-1
8,5,3
6,1,5
3,0,3
4,0,4
9,6,3
2,0,2
2,0,2
0,0,0
16,1,15
0,0,0
5,1,4
13,0,13
1,7,-6
1,0,1
12,1,11
7,7,0
0,8,-8
0,2,-2
2,1,1
1,0,1
15,2,13
2,1,1
3,3,0
18,0,18
8,0,8
0,1,-1
4,0,4
0,0,0
16,7,9
38,4,34
10,1,9
1,2,-1
8,12,-4
2,0,2
0,0,0
9,0,9
0,3,-3
5,0,5
2,0,2
0,0,0
3,0,3
1,16,-15
8,0,8
0,1,-1
7,0,7
2,9,-7
6,6,0
3,1,2
9,1,8
3,1,2
0,0,0
6,1,5
0,0,0
2,1,1
12,0,12
26,0,26
0,1,-1
3,0,3
4,0,4
16,4,12
1,9,-8
12,1,11
16,2,14
11,12,-1
0,0,0
3,0,3
6,2,4
14,24,-10
0,0,0
3,2,1
6,0,6
10,2,8
2,0,2
11,5,6
2,0,2
2,0,2
4,1,3
2,0,2
6,0,6
16,1,15
16,0,16
1,2,-1
1,0,1
3,4,-1
0,1,-1
0,0,0
4,0,4
6,4,2
13,0,13
2,0,2
2,3,-1
16,0,16
11,4,7
13,1,12
5,0,5
7,1,6
21,5,16
0,0,0
30,0,30
14,4,10
11,6,5
2,1,1
2,4,-2
4,4,0
16,10,6
18,0,18
0,0,0
2,2,0
0,4,-4
6,0,6
11,0,11
0,0,0
0,0,0
0,0,0
0,14,-14
9,0,9
3,4,-1
11,2,9
29,12,17
2,0,2
2,0,2
0,2,-2
3,0,3
26,0,26
3,0,3
0,0,0
0,0,0
10,0,10
5,1,4
2,2,0
10,1,9
23,2,21
20,1,19
14,0,14
5,0,5
0,5,-5
9,1,8
10,0,10
12,1,11
5,0,5
1,0,1
1,1,0
26,5,21
12,1,11
1,2,-1
2,5,-3
0,0,0
33,0,33
27,34,-7
2,2,0
39,5,34
14,4,10
0,0,0
0,1,-1
6,3,3
1,0,1
0,0,0
4,5,-1
2,0,2
2,0,2
1,2,-1
2,1,1
51,20,31
2,1,1
5,0,5
0,0,0
1,0,1
2,4,-2
0,0,0
3,2,1
31,19,12
2,0,2
17,12,5
5,0,5
10,7,3
0,0,0
6,4,2
0,0,0
12,0,12
7,0,7
2,5,-3
0,0,0
1,0,1
0,0,0
5,0,5
0,4,-4
0,1,-1
13,1,12
60,1,59
13,1,12
6,4,2
0,0,0
10,2,8
0,0,0
14,1,13
6,0,6
10,0,10
1,1,0
14,0,14
5,0,5
18,18,0
22,1,21
16,2,14
1,8,-7
3,1,2
5,0,5
21,1,20
2,2,0
5,1,4
11,1,10
0,1,-1
2,0,2
2,2,0
9,1,8
16,1,15
1,1,0
0,0,0
5,1,4
3,0,3
20,2,18
2,0,2
3,1,2
0,0,0
0,0,0
9,0,9
1,0,1
2,0,2
3,0,3
3,0,3
16,1,15
2,0,2
4,0,4
1,0,1
1,5,-4
3,34,-31
7,1,6
0,2,-2
1,1,0
7,1,6
11,1,10
2,2,0
8,12,-4
0,0,0
2,9,-7
43,0,43
5,2,3
1,5,-4
2,0,2
1,0,1
1,1,0
9,4,5
12,2,10
1,0,1
0,0,0
2,0,2
2,1,1
5,1,4
11,0,11
35,0,35
10,35,-25
2,0,2
0,0,0
17,1,16
4,1,3
0,0,0
4,2,2
1,0,1
3,7,-4
1,2,-1
1,0,1
7,1,6
23,0,23
0,0,0
57,7,50
1,0,1
5,0,5
16,1,15
0,0,0
10,0,10
0,1,-1
35,39,-4
6,3,3
1,0,1
7,5,2
12,1,11
3,2,1
3,0,3
8,8,0
3,1,2
4,8,-4
1,0,1
0,0,0
24,0,24
4,0,4
3,1,2
1,0,1
11,1,10
2,1,1
0,2,-2
8,1,7
1,2,-1
9,14,-5
10,2,8
0,0,0
23,16,7
8,6,2
7,5,2
4,0,4
2,2,0
1,0,1
3,1,2
6,19,-13
2,0,2
4,0,4
3,1,2
35,1,34
0,0,0
15,3,12
8,1,7
0,0,0
1,1,0
7,1,6
5,8,-3
5,0,5
7,2,5
0,0,0
2,0,2
2,1,1
0,0,0
0,0,0
19,0,19
9,2,7
20,13,7
1,6,-5
0,0,0
3,0,3
13,0,13
15,2,13
1,4,-3
4,1,3
0,0,0
9,1,8
6,3,3
1,1,0
12,0,12
5,0,5
2,2,0
2,0,2
9,0,9
17,0,17
5,4,1
13,0,13
22,34,-12
16,10,6
3,1,2
14,0,14
0,0,0
13,3,10
0,2,-2
0,0,0
13,0,13
2,2,0
3,1,2
2,3,-1
2,1,1
3,3,0
0,0,0
1,21,-20
0,0,0
0,0,0
6,5,1
2,3,-1
22,7,15
0,0,0
17,1,16
1,3,-2
3,0,3
2,1,1
10,4,6
2,1,1
7,18,-11
4,0,4
15,0,15
8,1,7
0,1,-1
8,8,0
24,13,11
4,6,-2
21,0,21
4,3,1
5,5,0
5,0,5
0,3,-3
1,1,0
9,3,6
5,0,5
6,1,5
1,1,0
3,2,1
5,7,-2
22,0,22
0,0,0
0,0,0
0,0,0
0,0,0
2,2,0
0,0,0
25,25,0
7,8,-1
3,0,3
4,1,3
4,0,4
0,0,0
7,1,6
1,1,0
0,0,0
1,2,-1
0,0,0
7,12,-5
7,4,3
14,14,0
12,0,12
4,2,2
0,4,-4
0,30,-30
9,0,9
13,0,13
12,1,11
0,1,-1
8,0,8
0,0,0
1,0,1
7,1,6
21,0,21
2,7,-5
0,0,0
2,1,1
4,0,4
0,2,-2
0,0,0
1,2,-1
7,5,2
5,2,3
10,4,6
1,0,1
3,2,1
3,3,0
0,1,-1
1,0,1
1,1,0
1,0,1
3,0,3
1,0,1
10,1,9
0,0,0
8,29,-21
9,10,-1
3,3,0
1,1,0
2,4,-2
13,45,-32
5,7,-2
37,1,36
12,0,12
6,1,5
32,1,31
10,5,5
7,4,3
9,50,-41
41,2,39
11,10,1
5,0,5
0,0,0
0,1,-1
1,0,1
13,5,8
20,0,20
7,0,7
8,0,8
2,11,-9
3,1,2
13,45,-32
0,0,0
0,0,0
1,2,-1
0,1,-1
1,14,-13
0,0,0
3,0,3
13,4,9
2,1,1
1,0,1
0,7,-7
5,0,5
9,1,8
0,0,0
1,1,0
5,2,3
15,6,9
109,109,0
2,2,0
34,8,26
1,1,0
4,0,4
13,4,9
0,0,0
0,3,-3
5,0,5
5,2,3
1,1,0
2,3,-1
1,0,1
1,2,-1
1,14,-13
6,2,4
1,2,-1
11,0,11
12,0,12
4,2,2
2,3,-1
8,0,8
2,2,0
6,1,5
0,0,0
7,1,6
0,0,0
12,1,11
35,6,29
1,0,1
5,0,5
2,2,0
0,1,-1
16,0,16
0,0,0
5,0,5
5,7,-2
16,4,12
14,1,13
17,2,15
17,0,17
2,2,0
12,7,5
0,0,0
2,1,1
7,1,6
5,0,5
1,0,1
8,8,0
20,0,20
6,1,5
13,0,13
16,1,15
1,0,1
9,0,9
16,3,13
1,5,-4
1,0,1
0,1,-1
2,0,2
24,1,23
0,0,0
0,0,0
0,0,0
20,14,6
7,2,5
11,1,10
0,0,0
2,2,0
1,0,1
12,8,4
2,1,1
2,0,2
26,3,23
4,1,3
8,31,-23
0,1,-1
10,2,8
1,0,1
6,15,-9
7,2,5
10,0,10
3,75,-72
11,15,-4
0,2,-2
7,0,7
8,5,3
34,20,14
4,1,3
7,7,0
14,2,12
0,0,0
10,0,10
5,1,4
0,0,0
3,0,3
0,0,0
15,0,15
3,0,3
5,0,5
2,1,1
28,10,18
12,14,-2
0,0,0
1,2,-1
4,0,4
9,0,9
13,19,-6
1,0,1
1,3,-2
11,1,10
2,0,2
9,0,9
0,0,0
0,0,0
3,1,2
4,0,4
23,0,23
11,0,11
7,0,7
24,17,7
4,0,4
17,2,15
0,0,0
13,14,-1
0,0,0
0,1,-1
7,3,4
4,2,2
31,21,10
15,0,15
31,3,28
6,5,1
5,5,0
16,0,16
1,0,1
0,2,-2
2,0,2
5,0,5
0,0,0
0,0,0
10,6,4
0,20,-20
1,1,0
1,6,-5
0,0,0
4,1,3
7,6,1
4,0,4
0,0,0
0,1,-1
4,0,4
15,1,14
0,0,0
0,0,0
10,1,9
7,0,7
23,10,13
35,0,35
0,0,0
0,0,0
6,5,1
0,0,0
30,0,30
9,13,-4
4,5,-1
5,0,5
10,0,10
7,7,0
0,0,0
18,4,14
7,0,7
1,1,0
3,0,3
0,0,0
3,0,3
70,48,22
3,0,3
6,1,5
28,1,27
14,2,12
0,0,0
5,0,5
1,1,0
6,2,4
5,0,5
0,0,0
11,11,0
0,0,0
1,2,-1
5,1,4
0,0,0
0,0,0
10,2,8
16,2,14
1,0,1
2,2,0
2,2,0
7,5,2
1,0,1
3,0,3
1,21,-20
0,0,0
1,0,1
7,8,-1
8,0,8
6,0,6
13,2,11
14,13,1
4,0,4
0,0,0
18,3,15
1,0,1
9,31,-22
3,2,1
20,50,-30
1,1,0
2,1,1
0,0,0
18,1,17
0,0,0
4,0,4
30,19,11
0,0,0
0,2,-2
15,0,15
3,3,0
15,3,12
0,0,0
14,77,-63
1,1,0
4,1,3
14,11,3
11,3,8
31,55,-24
16,0,16
0,0,0
32,6,26
15,6,9
12,1,11
0,5,-5
1,8,-7
3,5,-2
0,0,0
4,5,-1
6,1,5
6,0,6
4,0,4
54,29,25
1,0,1
0,0,0
0,0,0
20,0,20
22,10,12
18,0,18
14,0,14
4,3,1
0,1,-1
13,0,13
0,1,-1
2,0,2
5,12,-7
1,1,0
20,0,20
4,1,3
2,4,-2
2,2,0
8,0,8
7,2,5
2,0,2
2,5,-3
1,0,1
16,0,16
21,3,18
4,7,-3
18,2,16
18,0,18
13,5,8
5,5,0
0,5,-5
2,0,2
0,0,0
3,2,1
3,1,2
25,0,25
15,5,10
2,1,1
1,4,-3
3,3,0
5,4,1
1,9,-8
0,1,-1
10,0,10
1,0,1
22,11,11
1,2,-1
16,17,-1
3,1,2
2,1,1
3,4,-1
1,2,-1
0,0,0
0,1,-1
2,1,1
15,0,15
28,0,28
10,11,-1
15,0,15
29,3,26
0,0,0
9,5,4
6,1,5
0,6,-6
0,0,0
7,0,7
1,0,1
16,39,-23
4,11,-7
3,1,2
3,0,3
6,21,-15
0,0,0
12,60,-48
13,1,12
15,5,10
16,2,14
10,7,3
0,0,0
0,0,0
0,5,-5
19,2,17
27,0,27
59,59,0
0,2,-2
0,2,-2
0,1,-1
0,1,-1
5,0,5
10,4,6
22,1,21
12,4,8
4,0,4
7,0,7
9,0,9
20,0,20
2,0,2
1,4,-3
4,4,0
8,0,8
18,4,14
2,2,0
1,2,-1
12,1,11
1,0,1
5,1,4
1,0,1
19,1,18
1,0,1
0,0,0
22,61,-39
19,45,-26
26,3,23
10,1,9
4,0,4
5,0,5
0,1,-1
9,3,6
8,3,5
6,32,-26
1,0,1
10,1,9
7,9,-2
13,4,9
7,6,1
14,0,14
3,0,3
16,1,15
0,0,0
13,4,9
19,0,19
12,1,11
0,0,0
2,2,0
0,0,0
1,5,-4
6,1,5
0,1,-1
7,0,7
13,2,11
6,1,5
11,5,6
8,1,7
3,1,2
18,1,17
0,1,-1
2,1,1
7,6,1
8,0,8
6,1,5
2,0,2
4,3,1
6,0,6
0,0,0
33,8,25
8,0,8
6,0,6
4,1,3
5,3,2
0,0,0
16,55,-39
1,4,-3
19,1,18
4,0,4
0,0,0
4,0,4
0,0,0
1,0,1
1,1,0
0,0,0
9,13,-4
11,2,9
5,0,5
4,0,4
6,0,6
2,0,2
3,0,3
1,1,0
10,2,8
0,3,-3
1,12,-11
3,3,0
10,6,4
6,1,5
15,0,15
0,2,-2
0,0,0
7,1,6
3,1,2
0,0,0
1,0,1
1,1,0
7,1,6
1,1,0
5,1,4
1,0,1
0,0,0
0,1,-1
5,0,5
9,3,6
0,0,0
2,0,2
5,0,5
1,0,1
10,8,2
5,2,3
4,1,3
1,1,0
5,0,5
6,0,6
2,1,1
1,1,0
2,4,-2
2,0,2
26,1,25
17,0,17
1,1,0
4,6,-2
21,0,21
5,2,3
0,0,0
0,0,0
10,5,5
3,4,-1
0,2,-2
4,1,3
1,1,0
0,0,0
1,2,-1
18,12,6
8,7,1
0,1,-1
15,0,15
2,0,2
2,1,1
10,0,10
3,2,1
0,0,0
5,7,-2
12,5,7
31,3,28
52,4,48
3,0,3
6,2,4
15,2,13
0,0,0
7,8,-1
6,10,-4
0,0,0
2,0,2
2,0,2
2,0,2
1,1,0
0,4,-4
6,1,5
2,1,1
3,0,3
0,0,0
6,0,6
5,1,4
4,0,4
0,0,0
5,2,3
28,5,23
22,4,18
3,0,3
7,0,7
0,0,0
8,13,-5
32,1,31
2,2,0
2,0,2
0,0,0
1,1,0
0,1,-1
11,0,11
6,1,5
0,1,-1
27,1,26
3,0,3
1,0,1
3,1,2
3,3,0
9,2,7
3,0,3
5,0,5
4,2,2
1,1,0
5,0,5
11,4,7
50,76,-26
11,5,6
3,0,3
0,0,0
18,22,-4
14,5,9
2,0,2
31,31,0
3,2,1
0,2,-2
11,0,11
0,0,0
2,0,2
2,18,-16
3,2,1
1,0,1
0,0,0
7,6,1
21,13,8
0,1,-1
17,5,12
6,1,5
0,3,-3
0,2,-2
0,0,0
7,14,-7
1,0,1
8,1,7
6,45,-39
0,0,0
36,8,28
1,1,0
0,0,0
7,5,2
2,1,1
2,0,2
0,1,-1
17,0,17
10,0,10
0,0,0
3,1,2
1,0,1
0,0,0
17,0,17
7,5,2
0,0,0
0,0,0
7,1,6
20,0,20
2,0,2
22,0,22
1,1,0
0,0,0
22,0,22
23,13,10
2,0,2
8,8,0
20,1,19
0,0,0
0,0,0
0,0,0
7,6,1
12,10,2
1,0,1
21,34,-13
3,0,3
1,0,1
2,0,2
1,0,1
5,0,5
29,8,21
1,1,0
1,2,-1
3,0,3
6,5,1
0,0,0
0,4,-4
0,0,0
2,0,2
13,4,9
2,0,2
1,12,-11
8,2,6
35,0,35
13,0,13
0,1,-1
2,0,2
0,0,0
4,1,3
21,1,20
9,10,-1
29,29,0
2,2,0
4,0,4
1,2,-1
4,1,3
11,0,11
0,0,0
4,0,4
7,0,7
0,0,0
0,1,-1
4,2,2
1,0,1
1,33,-32
6,6,0
3,0,3
7,4,3
1,0,1
1,0,1
0,0,0
20,0,20
2,2,0
3,0,3
5,17,-12
4,0,4
19,0,19
5,5,0
24,1,23
8,0,8
1,2,-1
1,0,1
8,0,8
3,0,3
1,0,1
0,1,-1
17,8,9
0,1,-1
2,0,2
0,0,0
10,3,7
0,4,-4
10,0,10
1,6,-5
0,0,0
30,0,30
0,0,0
3,0,3
4,0,4
3,3,0
3,7,-4
8,19,-11
2,0,2
13,0,13
0,1,-1
18,0,18
0,2,-2
5,2,3
23,14,9
10,8,2
7,0,7
22,13,9
10,4,6
7,1,6
0,0,0
0,0,0
5,1,4
5,1,4
12,0,12
8,7,1
1,0,1
9,1,8
2,0,2
3,0,3
1,0,1
21,1,20
7,45,-38
1,0,1
13,0,13
12,8,4
5,0,5
2,4,-2
2,0,2
21,0,21
13,4,9
2,1,1
10,20,-10
2,1,1
7,0,7
1,0,1
5,4,1
1,17,-16
0,0,0
20,0,20
0,0,0
1,0,1
8,2,6
6,1,5
0,0,0
40,1,39
0,2,-2
0,0,0
19,9,10
0,0,0
0,0,0
1,0,1
4,4,0
0,0,0
4,1,3
0,0,0
1,3,-2
1,3,-2
13,5,8
6,0,6
11,3,8
0,0,0
0,0,0
8,0,8
5,0,5
1,0,1
4,1,3
34,16,18
0,0,0
20,0,20
8,10,-2
7,0,7
0,0,0
1,0,1
1,0,1
2,3,-1
8,4,4
1,0,1
14,4,10
0,0,0
4,0,4
2,3,-1
3,0,3
0,1,-1
14,9,5
1,5,-4
4,4,0
0,1,-1
15,15,0
3,1,2
2,0,2
2,0,2
1,0,1
5,2,3
10,15,-5
16,1,15
15,2,13
6,66,-60
3,20,-17
7,8,-1
46,17,29
35,0,35
2,3,-1
6,1,5
0,0,0
3,0,3
11,5,6
3,0,3
15,2,13
20,6,14
1,1,0
5,0,5
8,2,6
0,2,-2
13,0,13
8,0,8
48,42,6
10,0,10
0,0,0
0,4,-4
11,4,7
0,0,0
1,0,1
17,2,15
0,0,0
0,1,-1
7,0,7
4,1,3
1,1,0
9,4,5
2,1,1
2,1,1
0,0,0
3,1,2
4,0,4
0,0,0
9,3,6
12,6,6
16,3,13
4,0,4
6,3,3
2,2,0
0,0,0
0,0,0
3,0,3
1,0,1
0,0,0
0,0,0
28,1,27
6,12,-6
0,0,0
0,0,0
1,0,1
9,1,8
1,1,0
0,0,0
8,0,8
0,0,0
6,50,-44
13,1,12
6,0,6
4,2,2
3,2,1
2,2,0
15,0,15
2,1,1
1,0,1
1,0,1
30,0,30
0,0,0
8,2,6
4,0,4
0,5,-5
1,0,1
5,0,5
6,2,4
11,0,11
17,4,13
1,1,0
0,0,0
1,0,1
0,0,0
4,0,4
35,5,30
0,0,0
11,41,-30
11,0,11
16,2,14
0,0,0
2,1,1
2,2,0
27,1,26
7,0,7
0,0,0
11,3,8
8,0,8
5,6,-1
0,0,0
0,0,0
7,1,6
0,0,0
20,0,20
9,8,1
10,2,8
6,1,5
0,0,0
4,4,0
2,0,2
4,3,1
0,0,0
3,0,3
0,0,0
4,7,-3
0,0,0
2,0,2
0,1,-1
3,0,3
4,1,3
2,0,2
2,0,2
2,1,1
3,3,0
8,8,0
14,2,12
79,50,29
13,2,11
9,0,9
3,0,3
0,0,0
0,12,-12
44,61,-17
1,0,1
11,0,11
12,0,12
0,0,0
0,2,-2
3,1,2
18,4,14
9,1,8
2,1,1
0,0,0
9,7,2
0,45,-45
4,8,-4
1,0,1
6,7,-1
6,0,6
7,1,6
7,4,3
2,10,-8
1,0,1
3,0,3
2,5,-3
3,1,2
1,1,0
7,1,6
2,4,-2
18,0,18
0,1,-1
3,4,-1
4,0,4
0,0,0
0,0,0
26,1,25
11,0,11
5,6,-1
4,5,-1
1,2,-1
0,0,0
1,0,1
13,2,11
2,0,2
6,0,6
27,20,7
32,14,18
4,0,4
30,8,22
14,12,2
2,0,2
1,4,-3
4,0,4
7,3,4
5,3,2
12,8,4
0,0,0
5,2,3
2,2,0
12,0,12
3,1,2
6,0,6
7,7,0
17,6,11
8,0,8
2,1,1
1,0,1
0,0,0
0,0,0
76,45,31
1,4,-3
3,2,1
10,0,10
4,1,3
14,0,14
10,4,6
0,0,0
1,0,1
5,0,5
10,0,10
2,0,2
5,4,1
18,1,17
4,1,3
9,5,4
14,5,9
4,0,4
0,10,-10
9,0,9
4,10,-6
14,12,2
36,6,30
3,0,3
1,1,0
6,1,5
0,0,0
2,0,2
0,1,-1
24,1,23
27,0,27
24,0,24
10,10,0
5,0,5
0,1,-1
8,1,7
1,1,0
3,2,1
0,1,-1
3,0,3
5,0,5
13,20,-7
3,0,3
0,2,-2
1,0,1
3,6,-3
1,1,0
0,6,-6
11,5,6
1,0,1
3,4,-1
2,0,2
1,3,-2
11,0,11
2,2,0
1,2,-1
4,0,4
1,0,1
0,0,0
0,1,-1
0,1,-1
1,0,1
1,1,0
1,0,1
1,0,1
3,1,2
8,0,8
23,1,22
9,0,9
24,6,18
9,2,7
7,5,2
1,0,1
10,1,9
1,0,1
8,10,-2
4,1,3
17,2,15
2,0,2
6,2,4
1,1,0
6,0,6
3,0,3
0,0,0
9,7,2
0,0,0
7,5,2
4,0,4
10,1,9
1,3,-2
4,0,4
4,2,2
1,0,1
2,2,0
3,1,2
20,0,20
6,0,6
8,1,7
1,0,1
1,0,1
7,0,7
14,1,13
0,2,-2
10,0,10
1,1,0
56,1,55
0,0,0
0,4,-4
1,0,1
1,0,1
27,8,19
56,10,46
1,0,1
5,5,0
35,0,35
2,1,1
1,0,1
0,5,-5
7,4,3
11,13,-2
0,0,0
1,1,0
1,1,0
1,2,-1
16,2,14
0,2,-2
7,0,7
1,2,-1
24,1,23
0,0,0
0,1,-1
13,0,13
6,0,6
2,1,1
25,25,0
2,9,-7
5,0,5
6,7,-1
2,1,1
1,1,0
8,0,8
3,0,3
2,2,0
8,5,3
14,0,14
7,0,7
9,1,8
0,0,0
4,1,3
8,0,8
78,0,78
3,0,3
8,1,7
1,0,1
2,1,1
20,7,13
0,0,0
3,1,2
19,13,6
0,1,-1
0,0,0
7,0,7
1,0,1
2,0,2
18,0,18
0,0,0
6,0,6
0,5,-5
3,5,-2
0,0,0
7,0,7
0,3,-3
7,0,7
54,0,54
7,0,7
15,0,15
7,0,7
11,2,9
4,0,4
18,18,0
2,0,2
6,0,6
15,5,10
5,4,1
4,0,4
1,0,1
0,0,0
0,0,0
11,13,-2
1,0,1
7,4,3
0,0,0
2,1,1
3,0,3
17,34,-17
33,4,29
11,1,10
2,0,2
5,0,5
4,0,4
1,0,1
3,2,1
0,31,-31
6,8,-2
22,0,22
1,0,1
0,5,-5
0,0,0
4,2,2
17,1,16
12,3,9
7,8,-1
7,14,-7
7,3,4
3,0,3
0,2,-2
36,3,33
2,0,2
3,0,3
8,1,7
11,0,11
8,0,8
6,0,6
10,4,6
8,3,5
7,0,7
0,0,0
0,0,0
3,0,3
7,1,6
3,0,3
1,0,1
2,0,2
4,1,3
10,1,9
2,0,2
2,1,1
4,0,4
3,1,2
0,4,-4
0,0,0
8,4,4
15,0,15
4,6,-2
11,3,8
2,2,0
25,0,25
1,0,1
4,1,3
2,0,2
6,0,6
3,12,-9
6,3,3
1,1,0
4,4,0
0,1,-1
0,0,0
0,7,-7
5,4,1
8,0,8
0,0,0
3,1,2
0,0,0
24,10,14
6,2,4
4,0,4
6,49,-43
13,2,11
2,1,1
2,2,0
0,0,0
18,0,18
1,0,1
0,0,0
0,1,-1
2,4,-2
4,0,4
1,1,0
19,8,11
0,0,0
1,0,1
1,0,1
1,0,1
0,10,-10
1,2,-1
7,0,7
1,1,0
36,7,29
1,0,1
21,3,18
5,5,0
14,14,0
2,2,0
0,0,0
9,3,6
12,6,6
9,0,9
5,5,0
1,0,1
4,0,4
8,19,-11
9,0,9
1,1,0
1,0,1
3,0,3
0,1,-1
0,0,0
0,0,0
0,0,0
3,1,2
12,2,10
6,1,5
0,0,0
8,4,4
3,0,3
7,5,2
7,2,5
2,0,2
3,2,1
0,0,0
11,21,-10
0,43,-43
2,1,1
7,0,7
0,23,-23
3,0,3
16,25,-9
2,2,0
9,7,2
1,0,1
0,0,0
0,0,0
19,0,19
5,0,5
5,4,1
7,0,7
6,0,6
4,0,4
3,2,1
0,0,0
1,1,0
2,0,2
0,0,0
3,0,3
9,3,6
0,1,-1
5,0,5
5,1,4
13,0,13
8,1,7
0,0,0
0,0,0
1,0,1
1,2,-1
4,2,2
12,0,12
15,0,15
17,8,9
1,0,1
2,0,2
0,0,0
4,5,-1
0,1,-1
14,2,12
7,8,-1
0,0,0
5,0,5
3,1,2
11,1,10
0,0,0
30,34,-4
0,0,0
3,0,3
3,1,2
0,4,-4
3,0,3
2,3,-1
4,3,1
4,2,2
11,0,11
0,1,-1
1,0,1
0,0,0
3,1,2
0,1,-1
10,0,10
4,1,3
1,0,1
1,0,1
1,1,0
1,0,1
0,0,0
0,0,0
15,2,13
12,2,10
1,2,-1
0,0,0
7,0,7
3,7,-4
0,0,0
2,1,1
35,1,34
11,0,11
0,0,0
9,0,9
14,0,14
6,0,6
1,0,1
2,0,2
1,0,1
0,0,0
1,0,1
8,13,-5
1,1,0
47,10,37
0,0,0
6,0,6
15,3,12
15,5,10
2,0,2
15,4,11
25,40,-15
24,14,10
5,6,-1
19,0,19
1,3,-2
11,1,10
0,0,0
0,0,0
20,53,-33
2,0,2
1,16,-15
8,1,7
0,0,0
10,1,9
6,8,-2
22,0,22
2,4,-2
8,0,8
0,1,-1
20,5,15
13,7,6
12,0,12
0,0,0
0,0,0
3,0,3
16,6,10
2,13,-11
0,0,0
4,1,3
11,1,10
4,1,3
0,0,0
0,0,0
2,0,2
34,0,34
4,2,2
2,0,2
0,0,0
0,0,0
53,6,47
1,2,-1
5,0,5
0,0,0
1,0,1
1,2,-1
0,0,0
1,0,1
22,1,21
4,2,2
4,1,3
4,2,2
0,0,0
6,2,4
4,1,3
31,0,31
0,0,0
3,0,3
4,1,3
14,4,10
22,1,21
4,5,-1
2,0,2
0,0,0
7,0,7
45,0,45
5,0,5
5,0,5
5,0,5
17,1,16
0,0,0
1,2,-1
10,1,9
1,4,-3
24,5,19
21,5,16
7,0,7
10,4,6
4,1,3
1,2,-1
0,0,0
3,0,3
13,0,13
3,0,3
0,0,0
8,1,7
9,2,7
39,0,39
9,4,5
3,4,-1
0,0,0
10,0,10
12,10,2
25,0,25
1,1,0
12,3,9
0,1,-1
6,0,6
9,5,4
2,0,2
1,0,1
0,0,0
2,1,1
15,0,15
4,2,2
7,1,6
1,0,1
1,0,1
10,0,10
0,1,-1
0,0,0
30,5,25
1,0,1
1,0,1
0,0,0
1,0,1
38,0,38
8,4,4
6,1,5
6,1,5
0,0,0
12,0,12
6,72,-66
13,0,13
18,8,10
9,8,1
9,0,9
3,1,2
0,0,0
1,0,1
10,24,-14
0,3,-3
0,0,0
6,0,6
17,0,17
9,0,9
22,1,21
0,0,0
4,0,4
3,0,3
5,0,5
1,3,-2
1,0,1
4,1,3
2,7,-5
5,4,1
4,3,1
0,0,0
1,0,1
6,2,4
4,5,-1
8,8,0
2,2,0
0,0,0
3,3,0
10,4,6
20,2,18
1,0,1
6,1,5
8,4,4
2,2,0
1,0,1
2,0,2
7,10,-3
9,0,9
9,0,9
7,3,4
0,0,0
3,0,3
6,8,-2
5,0,5
3,0,3
7,0,7
9,1,8
2,2,0
23,2,21
1,0,1
7,0,7
7,0,7
1,0,1
1,0,1
7,1,6
4,2,2
8,0,8
0,1,-1
2,0,2
12,1,11
7,0,7
5,4,1
16,1,15
10,0,10
0,0,0
2,1,1
0,2,-2
13,1,12
1,0,1
13,3,10
17,1,16
3,2,1
0,0,0
0,0,0
0,0,0
25,0,25
15,1,14
4,3,1
8,0,8
5,1,4
2,0,2
1,5,-4
4,0,4
14,0,14
0,0,0
11,0,11
2,0,2
1,0,1
22,3,19
12,0,12
0,5,-5
0,0,0
0,0,0
0,0,0
18,3,15
8,1,7
0,1,-1
16,3,13
1,0,1
3,1,2
0,4,-4
15,5,10
0,1,-1
0,0,0
10,7,3
13,0,13
3,17,-14
1,0,1
5,10,-5
2,3,-1
0,0,0
7,0,7
6,0,6
1,0,1
4,6,-2
6,0,6
10,2,8
17,7,10
10,4,6
16,0,16
11,15,-4
12,7,5
25,6,19
5,2,3
1,1,0
4,8,-4
0,5,-5
18,3,15
1,3,-2
7,1,6
20,1,19
0,1,-1
19,0,19
0,1,-1
1,3,-2
0,0,0
7,3,4
1,0,1
76,76,0
1,0,1
1,0,1
2,0,2
0,0,0
6,2,4
8,0,8
7,9,-2
6,0,6
4,1,3
8,1,7
5,0,5
0,0,0
0,0,0
8,2,6
1,0,1
1,0,1
0,1,-1
23,0,23
5,0,5
1,0,1
0,0,0
14,2,12
2,0,2
14,2,12
8,0,8
0,1,-1
3,0,3
1,0,1
1,0,1
9,0,9
1,0,1
1,0,1
1,1,0
7,7,0
15,0,15
15,0,15
11,1,10
6,0,6
2,8,-6
3,3,0
2,0,2
0,2,-2
11,0,11
4,4,0
9,0,9
6,0,6
0,12,-12
2,0,2
1,0,1
5,1,4
6,0,6
7,0,7
62,0,62
0,1,-1
4,1,3
1,0,1
5,2,3
13,3,10
6,0,6
8,5,3
16,9,7
9,1,8
4,7,-3
0,1,-1
1,2,-1
1,0,1
1,0,1
1,0,1
2,1,1
7,0,7
9,1,8
0,0,0
1,0,1
4,1,3
3,1,2
1,0,1
3,0,3
0,0,0
4,0,4
1,1,0
8,3,5
0,26,-26
2,1,1
4,6,-2
1,0,1
9,2,7
0,4,-4
2,0,2
3,0,3
0,5,-5
5,6,-1
31,1,30
5,5,0
0,0,0
1,0,1
4,2,2
3,0,3
2,5,-3
18,0,18
0,1,-1
1,35,-34
1,0,1
10,1,9
13,0,13
2,0,2
7,4,3
0,1,-1
11,0,11
0,3,-3
6,0,6
2,0,2
8,0,8
17,0,17
2,2,0
4,4,0
1,4,-3
0,0,0
20,9,11
2,0,2
3,1,2
0,0,0
0,3,-3
2,5,-3
17,0,17
0,1,-1
16,4,12
3,0,3
15,0,15
0,0,0
12,2,10
0,0,0
3,1,2
19,0,19
3,1,2
7,57,-50
2,1,1
5,12,-7
0,0,0
3,0,3
5,1,4
18,1,17
0,1,-1
18,0,18
7,0,7
1,0,1
0,0,0
0,0,0
1,1,0
3,0,3
11,15,-4
3,4,-1
0,0,0
4,2,2
0,1,-1
21,0,21
4,21,-17
0,7,-7
7,0,7
15,29,-14
3,2,1
2,0,2
20,1,19
4,0,4
7,4,3
1,0,1
1,1,0
0,0,0
0,2,-2
1,0,1
4,0,4
0,0,0
3,0,3
2,0,2
0,1,-1
6,6,0
0,0,0
10,0,10
7,5,2
4,0,4
1,0,1
6,1,5
13,0,13
0,0,0
11,5,6
6,1,5
28,8,20
8,8,0
0,0,0
4,1,3
26,0,26
9,1,8
3,0,3
0,0,0
1,1,0
3,0,3
3,0,3
32,3,29
10,2,8
10,1,9
0,0,0
3,0,3
3,0,3
9,1,8
5,0,5
2,2,0
3,2,1
3,65,-62
4,10,-6
3,2,1
35,1,34
5,3,2
7,0,7
10,2,8
9,0,9
1,2,-1
6,2,4
10,1,9
0,1,-1
0,0,0
4,1,3
2,0,2
0,0,0
2,0,2
3,5,-2
1,0,1
1,1,0
0,0,0
3,4,-1
9,0,9
2,1,1
8,0,8
2,0,2
0,0,0
5,0,5
0,9,-9
0,0,0
42,37,5
2,1,1
15,0,15
23,18,5
12,0,12
3,1,2
0,2,-2
8,15,-7
2,2,0
7,0,7
5,2,3
0,1,-1
0,1,-1
3,2,1
9,38,-29
15,0,15
0,0,0
11,0,11
5,1,4
13,13,0
7,1,6
0,2,-2
0,0,0
3,0,3
1,0,1
3,0,3
6,0,6
4,1,3
0,2,-2
1,0,1
2,0,2
0,1,-1
0,0,0
1,0,1
5,0,5
2,0,2
10,3,7
7,1,6
0,0,0
3,0,3
6,2,4
4,0,4
1,0,1
1,0,1
0,0,0
0,16,-16
2,14,-12
0,0,0
19,7,12
0,0,0
0,8,-8
5,0,5
19,9,10
13,0,13
9,0,9
1,1,0
10,0,10
10,10,0
8,0,8
12,0,12
1,1,0
0,0,0
5,2,3
7,4,3
5,1,4
0,1,-1
9,1,8
3,1,2
8,0,8
0,0,0
5,0,5
5,5,0
9,6,3
5,1,4
11,2,9
6,1,5
33,2,31
0,0,0
5,0,5
4,2,2
27,1,26
0,0,0
3,0,3
14,0,14
1,1,0
20,1,19
0,0,0
13,1,12
6,3,3
7,0,7
8,0,8
0,1,-1
11,8,3
26,2,24
2,0,2
5,0,5
1,4,-3
0,2,-2
0,0,0
0,0,0
13,0,13
0,5,-5
1,1,0
37,4,33
10,1,9
6,5,1
0,0,0
2,19,-17
15,0,15
6,1,5
11,1,10
1,0,1
0,0,0
0,1,-1
44,8,36
2,1,1
24,14,10
5,2,3
4,1,3
0,0,0
0,2,-2
1,0,1
5,0,5
13,4,9
0,0,0
4,0,4
38,6,32
0,0,0
4,0,4
10,2,8
9,0,9
14,0,14
1,0,1
27,2,25
1,2,-1
5,3,2
18,0,18
5,0,5
13,10,3
5,1,4
3,0,3
7,2,5
1,0,1
2,1,1
3,4,-1
2,2,0
3,0,3
3,0,3
2,0,2
0,69,-69
0,0,0
7,2,5
7,0,7
0,0,0
14,0,14
15,0,15
18,2,16
15,0,15
3,0,3
2,0,2
6,1,5
5,0,5
8,0,8
2,2,0
0,0,0
0,0,0
9,0,9
13,3,10
8,1,7
3,2,1
18,1,17
4,0,4
1,0,1
22,7,15
0,1,-1
6,0,6
2,0,2
21,0,21
2,1,1
44,5,39
0,1,-1
2,2,0
1,0,1
0,0,0
5,0,5
4,0,4
1,3,-2
28,0,28
12,9,3
19,1,18
2,0,2
7,1,6
1,1,0
0,4,-4
0,4,-4
23,0,23
2,0,2
0,4,-4
0,0,0
6,1,5
10,3,7
1,0,1
0,4,-4
0,0,0
2,0,2
5,0,5
20,1,19
8,12,-4
9,2,7
10,10,0
3,2,1
3,1,2
2,6,-4
3,0,3
6,0,6
8,3,5
6,2,4
3,0,3
10,53,-43
5,0,5
0,1,-1
0,1,-1
22,4,18
3,1,2
0,1,-1
5,2,3
16,2,14
0,0,0
21,2,19
4,0,4
6,0,6
8,0,8
21,17,4
1,0,1
1,0,1
13,57,-44
0,0,0
1,2,-1
1,1,0
12,5,7
30,0,30
1,0,1
17,4,13
9,4,5
36,0,36
15,0,15
3,0,3
6,6,0
3,0,3
5,0,5
2,0,2
6,7,-1
18,1,17
0,1,-1
5,0,5
0,0,0
0,1,-1
1,0,1
1,3,-2
10,3,7
3,0,3
14,8,6
5,2,3
16,8,8
9,0,9
8,0,8
42,37,5
36,0,36
10,1,9
5,1,4
1,1,0
7,0,7
16,7,9
19,2,17
4,4,0
3,0,3
6,3,3
3,0,3
5,2,3
3,1,2
80,80,0
15,0,15
16,4,12
1,13,-12
7,0,7
0,1,-1
0,0,0
1,0,1
4,2,2
0,0,0
17,13,4
14,0,14
15,5,10
23,1,22
1,4,-3
23,0,23
2,8,-6
25,46,-21
8,0,8
4,2,2
4,1,3
1,1,0
2,1,1
14,0,14
9,0,9
5,0,5
1,1,0
1,1,0
5,4,1
1,0,1
10,2,8
6,0,6
1,0,1
32,4,28
0,0,0
2,0,2
0,1,-1
0,0,0
2,1,1
9,0,9
4,0,4
1,0,1
11,1,10
0,0,0
0,0,0
5,4,1
18,2,16
0,2,-2
4,4,0
3,10,-7
0,0,0
1,1,0
12,1,11
16,10,6
2,0,2
7,0,7
3,0,3
1,1,0
23,0,23
5,4,1
3,0,3
0,0,0
5,0,5
0,0,0
4,7,-3
4,0,4
4,2,2
3,0,3
10,39,-29
5,1,4
7,0,7
4,2,2
2,22,-20
0,4,-4
2,2,0
6,1,5
4,0,4
5,5,0
8,0,8
3,4,-1
0,4,-4
3,7,-4
0,2,-2
0,0,0
5,2,3
1,0,1
8,0,8
0,0,0
1,4,-3
4,0,4
2,5,-3
34,0,34
2,0,2
1,0,1
29,0,29
0,3,-3
1,7,-6
3,0,3
17,4,13
5,4,1
2,0,2
0,0,0
0,4,-4
0,0,0
7,2,5
0,0,0
0,0,0
7,0,7
8,0,8
20,1,19
5,0,5
2,0,2
6,0,6
2,1,1
26,10,16
6,3,3
3,3,0
0,2,-2
5,1,4
0,0,0
0,0,0
7,10,-3
6,1,5
12,0,12
0,0,0
1,0,1
0,0,0
0,2,-2
1,0,1
0,14,-14
6,0,6
1,3,-2
3,1,2
1,3,-2
6,1,5
45,1,44
2,14,-12
1,0,1
3,1,2
17,0,17
6,0,6
5,1,4
13,0,13
2,3,-1
6,1,5
0,0,0
5,0,5
3,0,3
0,1,-1
60,2,58
7,4,3
0,0,0
5,1,4
8,8,0
1,0,1
4,0,4
5,4,1
3,1,2
2,0,2
12,4,8
3,0,3
0,2,-2
25,0,25
4,3,1
3,1,2
1,0,1
1,1,0
3,2,1
0,0,0
9,1,8
3,0,3
1,1,0
17,0,17
0,0,0
4,1,3
2,4,-2
22,1,21
0,0,0
25,0,25
9,2,7
1,2,-1
0,0,0
5,1,4
20,2,18
0,0,0
7,0,7
2,0,2
0,0,0
6,0,6
6,1,5
21,0,21
1,0,1
2,1,1
0,0,0
6,8,-2
18,2,16
15,0,15
0,0,0
1,0,1
2,3,-1
0,0,0
6,6,0
10,3,7
11,2,9
0,0,0
6,1,5
3,1,2
9,0,9
5,0,5
3,5,-2
1,1,0
1,1,0
7,0,7
0,0,0
2,0,2
26,1,25
0,2,-2
0,0,0
7,2,5
6,2,4
11,0,11
3,4,-1
7,0,7
8,0,8
0,0,0
5,0,5
2,2,0
1,0,1
9,0,9
17,0,17
1,5,-4
2,1,1
0,0,0
0,0,0
10,5,5
6,1,5
1,1,0
1,0,1
0,1,-1
12,4,8
4,1,3
1,0,1
4,2,2
0,0,0
19,0,19
7,1,6
0,0,0
14,0,14
1,2,-1
5,1,4
5,0,5
20,0,20
9,2,7
0,0,0
1,1,0
1,5,-4
4,0,4
9,0,9
0,0,0
11,0,11
8,1,7
32,0,32
1,18,-17
0,1,-1
7,0,7
10,0,10
28,6,22
17,1,16
2,0,2
3,1,2
6,2,4
2,0,2
0,0,0
2,0,2
0,2,-2
1,0,1
0,5,-5
0,0,0
3,0,3
13,0,13
15,1,14
10,0,10
8,6,2
13,0,13
10,0,10
3,1,2
4,0,4
6,0,6
2,0,2
5,10,-5
7,3,4
7,0,7
1,0,1
2,0,2
7,3,4
18,0,18
3,0,3
8,1,7
0,0,0
7,0,7
4,1,3
1,1,0
0,2,-2
2,0,2
9,4,5
8,10,-2
6,1,5
2,2,0
10,0,10
2,2,0
17,2,15
5,3,2
0,2,-2
0,0,0
5,2,3
0,1,-1
0,1,-1
7,1,6
1,2,-1
0,0,0
5,0,5
2,0,2
1,1,0
25,1,24
19,1,18
0,0,0
0,0,0
1,0,1
0,0,0
77,36,41
3,1,2
1,0,1
2,0,2
0,0,0
1,0,1
4,18,-14
19,19,0
6,0,6
5,1,4
3,5,-2
13,1,12
15,11,4
9,0,9
0,1,-1
1,0,1
2,1,1
15,9,6
3,3,0
4,4,0
6,5,1
37,27,10
9,4,5
1,1,0
16,1,15
11,0,11
13,1,12
1,0,1
5,4,1
9,2,7
2,0,2
19,14,5
14,2,12
8,1,7
0,1,-1
23,30,-7
5,4,1
11,1,10
5,1,4
3,0,3
0,1,-1
0,1,-1
0,0,0
5,0,5
1,4,-3
8,0,8
0,0,0
11,0,11
2,5,-3
20,12,8
0,0,0
8,2,6
3,4,-1
5,5,0
1,7,-6
1,0,1
0,0,0
4,0,4
18,2,16
2,7,-5
0,0,0
2,2,0
2,0,2
1,0,1
0,0,0
1,1,0
4,0,4
24,17,7
2,1,1
0,0,0
0,0,0
0,1,-1
10,8,2
3,0,3
9,1,8
2,2,0
9,6,3
7,1,6
1,0,1
15,0,15
0,0,0
0,0,0
3,9,-6
0,1,-1
0,0,0
0,0,0
4,3,1
1,3,-2
3,0,3
26,2,24
6,1,5
5,2,3
2,0,2
3,2,1
8,2,6
1,0,1
26,22,4
0,2,-2
0,0,0
0,0,0
0,0,0
8,0,8
1,0,1
6,0,6
5,1,4
7,0,7
2,0,2
1,0,1
2,4,-2
45,13,32
7,7,0
4,4,0
2,0,2
0,2,-2
7,0,7
18,0,18
4,1,3
10,1,9
3,1,2
7,2,5
5,0,5
70,71,-1
0,1,-1
10,3,7
11,1,10
18,4,14
10,6,4
7,1,6
3,0,3
4,1,3
1,0,1
0,0,0
34,79,-45
18,2,16
6,2,4
6,0,6
4,1,3
2,8,-6
1,0,1
9,0,9
1,1,0
4,1,3
10,2,8
3,0,3
8,1,7
5,2,3
8,2,6
18,12,6
1,5,-4
8,1,7
19,9,10
0,0,0
5,1,4
0,0,0
4,0,4
4,7,-3
5,0,5
3,0,3
18,0,18
9,1,8
2,0,2
7,2,5
4,0,4
2,4,-2
0,0,0
0,0,0
0,0,0
9,8,1
13,1,12
8,2,6
9,0,9
5,0,5
3,12,-9
8,1,7
10,8,2
4,0,4
0,9,-9
3,0,3
2,2,0
1,4,-3
9,7,2
29,0,29
2,2,0
1,0,1
7,0,7
6,0,6
7,1,6
2,0,2
17,6,11
8,14,-6
1,2,-1
1,0,1
5,1,4
34,3,31
13,2,11
1,0,1
0,0,0
33,0,33
5,0,5
3,0,3
12,12,0
11,6,5
14,9,5
1,2,-1
2,7,-5
3,0,3
3,0,3
0,0,0
3,20,-17
4,6,-2
8,4,4
7,0,7
10,4,6
15,0,15
0,0,0
4,0,4
15,1,14
26,1,25
1,0,1
1,1,0
0,0,0
0,3,-3
0,2,-2
0,0,0
6,0,6
3,3,0
2,0,2
1,2,-1
3,5,-2
0,0,0
1,0,1
2,5,-3
6,2,4
1,0,1
1,2,-1
3,2,1
5,2,3
8,13,-5
2,0,2
12,7,5
0,6,-6
0,0,0
8,0,8
20,61,-41
11,2,9
0,0,0
8,0,8
3,1,2
1,1,0
3,0,3
19,19,0
5,0,5
0,0,0
2,2,0
1,0,1
3,5,-2
2,3,-1
2,1,1
21,2,19
0,0,0
17,0,17
7,4,3
0,0,0
13,0,13
0,34,-34
17,1,16
0,0,0
3,8,-5
4,2,2
0,0,0
0,0,0
3,0,3
5,0,5
8,6,2
3,1,2
0,0,0
5,0,5
0,0,0
2,1,1
4,1,3
1,0,1
12,5,7
1,0,1
0,0,0
16,6,10
38,10,28
13,4,9
2,1,1
13,0,13
3,0,3
8,1,7
6,9,-3
0,0,0
10,6,4
2,0,2
9,1,8
11,5,6
18,13,5
2,0,2
5,1,4
0,1,-1
3,2,1
8,4,4
3,5,-2
0,3,-3
21,8,13
16,10,6
7,0,7
0,0,0
1,1,0
6,0,6
0,6,-6
1,1,0
0,0,0
1,2,-1
0,0,0
2,6,-4
0,1,-1
1,17,-16
15,1,14
4,0,4
12,20,-8
9,0,9
11,0,11
2,0,2
1,5,-4
6,12,-6
25,4,21
4,2,2
0,0,0
1,4,-3
1,0,1
0,1,-1
1,1,0
6,1,5
3,1,2
1,6,-5
7,5,2
7,2,5
28,0,28
7,1,6
5,1,4
0,0,0
2,0,2
2,0,2
1,0,1
4,0,4
1,2,-1
0,0,0
16,7,9
0,2,-2
21,2,19
2,0,2
4,0,4
11,5,6
4,4,0
7,2,5
9,1,8
5,0,5
8,1,7
1,0,1
1,2,-1
75,75,0
5,1,4
5,0,5
4,0,4
1,8,-7
0,0,0
5,1,4
3,3,0
0,0,0
0,0,0
0,0,0
7,3,4
1,0,1
8,0,8
27,4,23
11,0,11
0,0,0
3,2,1
13,0,13
10,1,9
0,0,0
0,0,0
13,3,10
10,0,10
0,1,-1
1,1,0
7,4,3
20,5,15
0,0,0
23,9,14
19,11,8
2,1,1
14,3,11
1,1,0
18,1,17
11,0,11
4,1,3
3,4,-1
17,5,12
4,0,4
3,2,1
1,0,1
0,0,0
0,0,0
3,0,3
10,33,-23
7,0,7
4,7,-3
0,1,-1
1,2,-1
2,0,2
3,6,-3
2,1,1
11,9,2
1,1,0
1,0,1
0,0,0
0,0,0
14,1,13
13,10,3
2,2,0
4,0,4
12,8,4
1,0,1
20,1,19
1,2,-1
9,4,5
21,0,21
9,0,9
0,1,-1
2,0,2
1,2,-1
5,0,5
0,0,0
7,4,3
0,0,0
2,5,-3
0,0,0
0,0,0
0,8,-8
8,1,7
0,0,0
4,24,-20
4,1,3
1,8,-7
18,8,10
3,0,3
1,1,0
4,7,-3
14,0,14
11,0,11
0,4,-4
0,4,-4
3,0,3
2,2,0
3,4,-1
24,1,23
3,1,2
19,6,13
1,2,-1
0,0,0
3,8,-5
0,0,0
0,0,0
3,2,1
1,0,1
16,0,16
1,2,-1
14,4,10
1,7,-6
1,0,1
4,3,1
4,2,2
45,45,0
2,2,0
0,1,-1
8,4,4
0,0,0
1,4,-3
0,0,0
1,1,0
0,0,0
0,0,0
0,1,-1
1,1,0
8,2,6
38,18,20
2,0,2
5,1,4
1,0,1
1,4,-3
2,3,-1
14,0,14
2,0,2
0,0,0
0,4,-4
0,0,0
3,0,3
6,2,4
0,2,-2
20,12,8
15,3,12
2,1,1
15,1,14
2,1,1
0,0,0
1,0,1
12,1,11
15,0,15
0,1,-1
0,0,0
25,6,19
2,1,1
0,0,0
3,6,-3
12,1,11
76,6,70
0,1,-1
15,5,10
9,7,2
1,0,1
13,0,13
2,0,2
21,5,16
14,1,13
0,0,0
6,2,4
9,1,8
0,0,0
29,0,29
1,6,-5
0,0,0
13,9,4
0,0,0
41,9,32
4,0,4
0,0,0
0,0,0
1,0,1
11,0,11
0,0,0
0,0,0
18,0,18
3,0,3
29,21,8
0,1,-1
2,1,1
0,10,-10
3,0,3
33,20,13
8,0,8
18,5,13
8,2,6
1,9,-8
1,3,-2
2,0,2
3,2,1
2,0,2
1,0,1
2,0,2
30,30,0
1,0,1
0,0,0
0,0,0
11,2,9
14,4,10
7,0,7
0,0,0
24,21,3
0,16,-16
1,13,-12
8,3,5
3,0,3
11,0,11
2,1,1
17,10,7
16,0,16
8,0,8
9,8,1
37,1,36
0,1,-1
11,21,-10
15,8,7
0,1,-1
2,3,-1
2,0,2
14,9,5
5,1,4
1,0,1
0,0,0
0,0,0
4,4,0
11,0,11
2,6,-4
29,10,19
6,1,5
2,0,2
1,0,1
14,0,14
0,6,-6
0,0,0
3,1,2
5,4,1
7,5,2
0,1,-1
3,0,3
6,0,6
1,0,1
2,2,0
0,1,-1
5,4,1
27,6,21
5,8,-3
1,0,1
3,5,-2
4,0,4
4,2,2
0,0,0
10,0,10
11,2,9
3,0,3
60,0,60
1,0,1
33,37,-4
4,0,4
5,0,5
7,0,7
25,1,24
5,1,4
0,0,0
2,0,2
1,0,1
3,0,3
1,1,0
1,9,-8
11,0,11
0,0,0
0,0,0
1,0,1
2,0,2
3,1,2
20,8,12
1,0,1
9,4,5
9,0,9
0,0,0
0,0,0
14,0,14
3,1,2
16,17,-1
3,1,2
26,2,24
20,13,7
4,5,-1
15,1,14
3,0,3
3,0,3
4,0,4
4,0,4
3,2,1
11,10,1
0,1,-1
7,0,7
2,0,2
7,1,6
7,0,7
7,19,-12
2,4,-2
2,0,2
6,0,6
1,1,0
0,1,-1
0,2,-2
6,0,6
30,0,30
0,0,0
1,1,0
51,0,51
6,4,2
2,1,1
0,0,0
4,5,-1
5,1,4
2,0,2
1,1,0
0,0,0
0,0,0
7,0,7
30,1,29
0,4,-4
1,0,1
0,0,0
0,0,0
0,0,0
25,0,25
2,0,2
15,2,13
1,0,1
0,0,0
11,8,3
1,0,1
4,1,3
36,20,16
3,0,3
6,4,2
4,4,0
9,7,2
1,1,0
4,0,4
4,4,0
9,10,-1
2,0,2
3,2,1
0,0,0
9,1,8
3,0,3
6,3,3
17,19,-2
7,1,6
0,0,0
6,2,4
1,1,0
14,8,6
0,0,0
14,2,12
14,2,12
0,2,-2
0,3,-3
8,2,6
25,0,25
3,1,2
4,3,1
0,6,-6
4,0,4
0,0,0
10,4,6
0,0,0
1,7,-6
0,0,0
10,0,10
1,0,1
0,0,0
0,0,0
0,0,0
2,7,-5
0,0,0
23,0,23
14,1,13
20,11,9
44,2,42
2,0,2
17,0,17
0,0,0
4,5,-1
5,4,1
8,5,3
1,1,0
5,0,5
23,0,23
30,13,17
0,0,0
14,0,14
7,2,5
5,2,3
5,0,5
27,2,25
3,0,3
3,0,3
1,0,1
5,13,-8
4,4,0
0,0,0
0,0,0
0,0,0
1,0,1
1,4,-3
6,0,6
12,1,11
19,0,19
0,0,0
0,3,-3
12,4,8
50,50,0
4,0,4
7,5,2
2,4,-2
5,0,5
38,2,36
22,0,22
1,0,1
4,0,4
7,0,7
1,0,1
15,1,14
4,1,3
2,1,1
14,8,6
2,2,0
2,0,2
4,0,4
3,4,-1
7,3,4
1,0,1
1,0,1
21,34,-13
4,0,4
3,6,-3
0,0,0
2,0,2
3,0,3
12,3,9
4,0,4
14,76,-62
1,1,0
5,0,5
3,0,3
2,0,2
6,6,0
1,0,1
4,1,3
0,0,0
0,0,0
2,0,2
28,0,28
0,0,0
14,0,14
0,6,-6
3,0,3
2,0,2
0,0,0
8,6,2
3,6,-3
12,0,12
4,1,3
13,10,3
1,1,0
1,1,0
10,14,-4
16,4,12
2,1,1
6,0,6
5,0,5
1,0,1
8,4,4
4,3,1
1,2,-1
19,0,19
11,12,-1
4,4,0
19,9,10
27,61,-34
0,1,-1
14,3,11
0,0,0
2,2,0
0,0,0
5,0,5
11,5,6
14,7,7
3,0,3
18,50,-32
1,8,-7
7,0,7
1,0,1
14,0,14
3,2,1
7,0,7
2,0,2
2,1,1
0,0,0
13,1,12
1,0,1
6,0,6
4,0,4
5,0,5
9,4,5
3,0,3
4,1,3
1,0,1
9,0,9
29,1,28
2,0,2
37,20,17
13,6,7
1,4,-3
31,4,27
43,16,27
9,0,9
9,4,5
2,0,2
1,0,1
0,0,0
3,1,2
0,0,0
2,2,0
2,3,-1
9,2,7
2,0,2
3,3,0
1,37,-36
3,2,1
10,2,8
1,0,1
2,2,0
3,0,3
1,7,-6
1,0,1
2,1,1
9,2,7
0,14,-14
7,0,7
9,0,9
3,7,-4
15,2,13
5,0,5
3,0,3
10,0,10
1,0,1
35,7,28
4,8,-4
0,1,-1
2,0,2
2,2,0
1,0,1
1,0,1
3,0,3
2,3,-1
0,0,0
1,0,1
2,0,2
12,0,12
6,1,5
2,5,-3
25,15,10
37,37,0
44,0,44
1,1,0
4,0,4
13,1,12
13,0,13
53,53,0
0,2,-2
1,0,1
20,15,5
1,0,1
13,0,13
1,0,1
5,0,5
1,2,-1
0,0,0
24,1,23
6,0,6
6,0,6
14,1,13
17,0,17
7,6,1
6,0,6
1,0,1
10,2,8
1,0,1
3,0,3
1,0,1
54,0,54
11,0,11
2,6,-4
0,1,-1
4,2,2
1,2,-1
1,9,-8
5,0,5
5,2,3
10,0,10
6,0,6
1,2,-1
0,4,-4
6,2,4
1,0,1
1,0,1
9,1,8
9,0,9
2,0,2
8,2,6
1,0,1
8,4,4
2,0,2
0,5,-5
4,0,4
6,10,-4
3,2,1
0,0,0
0,48,-48
0,0,0
0,0,0
6,0,6
0,1,-1
0,0,0
34,0,34
4,1,3
10,0,10
0,1,-1
2,1,1
24,13,11
8,12,-4
3,0,3
9,2,7
50,33,17
8,2,6
15,1,14
6,1,5
2,2,0
6,0,6
2,0,2
7,4,3
11,0,11
4,4,0
57,65,-8
0,0,0
6,1,5
3,0,3
10,3,7
0,0,0
16,0,16
10,0,10
3,2,1
19,0,19
2,0,2
1,4,-3
1,2,-1
0,0,0
7,2,5
12,10,2
0,0,0
3,0,3
2,1,1
18,2,16
62,11,51
54,35,19
3,0,3
5,0,5
3,0,3
9,1,8
2,0,2
12,2,10
10,4,6
3,1,2
1,4,-3
13,2,11
0,1,-1
24,2,22
2,9,-7
11,0,11
5,7,-2
2,0,2
0,1,-1
18,1,17
5,1,4
2,0,2
1,2,-1
2,1,1
0,1,-1
6,1,5
1,0,1
1,0,1
18,51,-33
10,1,9
9,8,1
4,0,4
1,1,0
14,0,14
0,1,-1
4,0,4
4,5,-1
1,0,1
1,0,1
20,0,20
1,0,1
16,0,16
31,1,30
26,2,24
2,0,2
4,0,4
14,0,14
0,0,0
5,1,4
5,0,5
3,2,1
3,1,2
0,10,-10
5,1,4
3,0,3
0,1,-1
1,0,1
21,2,19
1,2,-1
0,0,0
6,1,5
11,4,7
0,0,0
0,0,0
0,0,0
6,0,6
5,0,5
4,0,4
6,1,5
5,6,-1
4,3,1
4,1,3
5,0,5
1,0,1
0,0,0
0,0,0
2,0,2
15,0,15
0,3,-3
7,5,2
0,0,0
2,0,2
9,0,9
0,0,0
4,0,4
9,4,5
33,0,33
0,0,0
2,1,1
0,0,0
0,0,0
4,0,4
0,0,0
4,0,4
3,1,2
1,0,1
0,0,0
0,2,-2
1,0,1
2,2,0
34,2,32
5,1,4
30,0,30
3,0,3
0,2,-2
4,1,3
3,0,3
5,12,-7
3,0,3
1,1,0
3,0,3
0,0,0
4,1,3
5,34,-29
7,3,4
0,0,0
1,0,1
2,4,-2
25,1,24
6,1,5
4,3,1
5,2,3
0,3,-3
1,3,-2
1,0,1
12,0,12
0,1,-1
26,3,23
1,0,1
14,0,14
1,1,0
5,1,4
2,7,-5
0,0,0
12,0,12
0,0,0
28,0,28
0,0,0
0,0,0
4,0,4
7,1,6
22,1,21
15,0,15
0,0,0
3,10,-7
3,8,-5
3,1,2
0,0,0
0,0,0
17,4,13
5,0,5
9,7,2
3,1,2
0,0,0
12,4,8
4,2,2
34,8,26
9,1,8
4,0,4
3,0,3
21,1,20
10,14,-4
12,12,0
9,4,5
21,21,0
13,1,12
11,0,11
1,0,1
0,0,0
17,0,17
14,2,12
5,53,-48
0,0,0
11,1,10
7,1,6
41,25,16
5,3,2
0,0,0
24,5,19
0,0,0
6,8,-2
5,0,5
22,10,12
1,1,0
3,1,2
18,1,17
0,0,0
2,0,2
0,1,-1
7,0,7
0,31,-31
5,1,4
5,2,3
26,1,25
23,5,18
4,0,4
2,0,2
1,0,1
8,0,8
4,4,0
0,0,0
0,0,0
1,0,1
1,0,1
8,21,-13
0,0,0
5,0,5
1,5,-4
8,0,8
9,6,3
9,2,7
3,0,3
1,2,-1
3,0,3
3,0,3
2,3,-1
0,1,-1
4,0,4
0,0,0
6,0,6
0,0,0
1,2,-1
2,0,2
10,3,7
9,1,8
2,0,2
6,17,-11
10,13,-3
1,0,1
26,21,5
1,0,1
24,3,21
0,0,0
7,1,6
7,0,7
5,0,5
16,14,2
20,8,12
5,8,-3
28,7,21
11,1,10
31,10,21
1,0,1
0,0,0
4,0,4
12,8,4
0,3,-3
0,1,-1
2,1,1
11,1,10
1,0,1
3,0,3
2,1,1
0,0,0
0,3,-3
1,1,0
0,1,-1
4,1,3
5,5,0
0,0,0
3,0,3
2,0,2
0,0,0
4,10,-6
1,1,0
19,2,17
2,5,-3
9,1,8
0,1,-1
0,10,-10
16,8,8
0,0,0
1,0,1
2,0,2
16,5,11
9,5,4
0,1,-1
2,0,2
0,1,-1
0,0,0
0,0,0
5,1,4
9,10,-1
8,0,8
0,0,0
18,38,-20
24,1,23
2,1,1
12,3,9
9,1,8
6,6,0
1,0,1
4,5,-1
5,11,-6
0,1,-1
4,4,0
0,0,0
14,1,13
4,5,-1
24,1,23
2,0,2
4,0,4
0,1,-1
31,12,19
2,1,1
9,20,-11
4,0,4
1,5,-4
0,2,-2
20,2,18
0,0,0
12,0,12
2,2,0
7,20,-13
0,0,0
0,2,-2
4,0,4
2,0,2
11,1,10
3,3,0
2,1,1
1,0,1
2,0,2
0,0,0
10,2,8
0,2,-2
0,0,0
7,1,6
2,0,2
9,5,4
0,0,0
3,0,3
30,1,29
3,0,3
1,0,1
2,0,2
23,0,23
1,2,-1
5,2,3
6,3,3
18,0,18
2,2,0
3,1,2
0,0,0
3,1,2
7,8,-1
0,0,0
2,14,-12
2,4,-2
4,21,-17
3,1,2
3,5,-2
0,1,-1
14,0,14
1,0,1
0,0,0
46,0,46
3,0,3
11,6,5
8,0,8
0,1,-1
1,30,-29
0,6,-6
2,0,2
0,0,0
8,5,3
3,4,-1
1,0,1
11,5,6
6,0,6
1,0,1
0,0,0
6,0,6
25,0,25
1,0,1
1,0,1
0,0,0
1,2,-1
5,29,-24
0,0,0
21,2,19
5,5,0
0,0,0
0,0,0
4,2,2
7,1,6
2,4,-2
10,0,10
33,2,31
0,0,0
2,0,2
4,0,4
1,0,1
7,0,7
0,0,0
0,0,0
2,1,1
3,5,-2
0,0,0
28,0,28
0,0,0
2,2,0
7,1,6
0,0,0
0,1,-1
6,2,4
0,1,-1
7,0,7
0,0,0
5,4,1
1,5,-4
7,7,0
4,5,-1
0,0,0
7,2,5
1,0,1
0,0,0
5,2,3
0,0,0
2,0,2
5,33,-28
0,0,0
0,1,-1
2,5,-3
3,5,-2
6,6,0
10,1,9
3,0,3
2,1,1
1,1,0
0,1,-1
5,1,4
3,0,3
8,1,7
5,1,4
0,0,0
0,0,0
0,42,-42
12,4,8
18,0,18
2,0,2
2,0,2
2,0,2
41,34,7
12,1,11
1,0,1
1,0,1
1,0,1
4,2,2
0,1,-1
41,0,41
2,2,0
0,0,0
5,4,1
3,31,-28
0,0,0
7,4,3
12,0,12
0,1,-1
3,0,3
18,0,18
6,0,6
0,0,0
1,0,1
0,0,0
0,0,0
1,0,1
3,0,3
2,1,1
25,6,19
20,3,17
0,0,0
9,3,6
1,0,1
0,2,-2
2,5,-3
0,1,-1
18,1,17
9,4,5
6,55,-49
16,1,15
3,0,3
8,2,6
35,0,35
2,2,0
6,0,6
2,0,2
0,4,-4
1,2,-1
9,7,2
11,8,3
7,3,4
0,0,0
8,1,7
3,1,2
3,0,3
18,5,13
4,0,4
7,14,-7
1,11,-10
0,3,-3
9,0,9
1,1,0
5,34,-29
0,6,-6
1,1,0
11,0,11
3,4,-1
8,0,8
3,0,3
1,0,1
1,1,0
6,5,1
2,2,0
7,5,2
0,0,0
0,0,0
0,0,0
0,0,0
5,3,2
27,0,27
1,5,-4
1,0,1
14,0,14
11,0,11
45,23,22
0,2,-2
0,0,0
1,1,0
12,0,12
1,0,1
1,0,1
0,0,0
1,1,0
0,3,-3
0,0,0
0,0,0
12,1,11
5,0,5
12,0,12
0,1,-1
11,0,11
3,0,3
27,4,23
4,0,4
12,0,12
0,0,0
6,0,6
24,1,23
2,1,1
0,0,0
22,4,18
1,0,1
9,1,8
0,0,0
4,0,4
22,4,18
0,14,-14
14,1,13
11,0,11
3,0,3
6,1,5
12,0,12
0,0,0
18,1,17
5,1,4
3,0,3
2,0,2
3,0,3
0,1,-1
2,0,2
0,0,0
3,0,3
2,2,0
19,0,19
20,0,20
0,0,0
10,1,9
9,0,9
15,65,-50
2,4,-2
9,1,8
0,0,0
16,8,8
13,2,11
24,3,21
0,0,0
6,1,5
2,2,0
3,10,-7
2,2,0
0,0,0
3,0,3
0,0,0
1,0,1
0,0,0
9,1,8
53,0,53
4,3,1
9,0,9
6,0,6
0,0,0
0,0,0
1,1,0
2,4,-2
5,0,5
10,1,9
17,0,17
4,0,4
16,1,15
4,8,-4
1,2,-1
3,0,3
0,0,0
58,12,46
3,4,-1
0,0,0
1,3,-2
0,0,0
0,0,0
4,0,4
1,0,1
1,0,1
0,5,-5
0,0,0
8,0,8
0,2,-2
1,0,1
5,1,4
3,2,1
23,2,21
2,0,2
1,0,1
0,0,0
2,0,2
10,2,8
1,1,0
11,12,-1
3,2,1
13,2,11
1,0,1
11,2,9
1,0,1
1,0,1
11,0,11
0,0,0
2,4,-2
2,1,1
7,1,6
2,1,1
13,0,13
15,1,14
15,0,15
21,1,20
1,1,0
0,1,-1
6,0,6
2,4,-2
0,4,-4
4,0,4
2,0,2
11,3,8
4,0,4
14,0,14
12,0,12
0,3,-3
0,0,0
0,0,0
22,5,17
33,0,33
4,2,2
8,0,8
2,2,0
2,0,2
9,4,5
1,2,-1
0,0,0
0,1,-1
10,0,10
5,5,0
1,2,-1
2,0,2
2,0,2
5,3,2
0,0,0
13,2,11
1,1,0
20,2,18
15,2,13
10,1,9
10,0,10
1,4,-3
0,0,0
0,0,0
0,0,0
4,0,4
2,0,2
10,0,10
0,0,0
3,0,3
4,3,1
0,0,0
0,0,0
2,4,-2
3,0,3
20,1,19
0,5,-5
5,1,4
6,0,6
11,2,9
0,0,0
0,0,0
2,4,-2
0,0,0
39,30,9
12,2,10
26,19,7
2,0,2
33,19,14
0,0,0
1,1,0
4,2,2
1,6,-5
3,0,3
0,0,0
6,6,0
2,0,2
10,10,0
0,0,0
4,2,2
17,0,17
8,0,8
3,1,2
5,0,5
0,4,-4
4,1,3
7,13,-6
8,1,7
10,0,10
1,1,0
0,0,0
8,17,-9
12,8,4
13,7,6
1,0,1
19,0,19
8,0,8
6,6,0
13,0,13
0,1,-1
5,0,5
2,0,2
3,0,3
0,0,0
0,0,0
5,14,-9
4,0,4
2,0,2
9,1,8
1,2,-1
8,5,3
3,0,3
5,5,0
7,1,6
4,1,3
0,0,0
27,4,23
0,0,0
0,0,0
13,12,1
1,0,1
4,1,3
6,0,6
0,0,0
7,0,7
1,0,1
14,0,14
3,2,1
0,0,0
0,1,-1
4,3,1
3,0,3
3,0,3
0,0,0
52,0,52
4,1,3
63,0,63
2,8,-6
9,0,9
21,0,21
2,42,-40
3,2,1
48,0,48
4,1,3
0,0,0
15,4,11
10,4,6
16,13,3
11,1,10
1,0,1
13,25,-12
28,0,28
23,1,22
2,1,1
0,0,0
0,0,0
11,0,11
13,13,0
10,0,10
21,5,16
11,1,10
6,48,-42
1,1,0
10,0,10
3,0,3
28,0,28
19,3,16
6,4,2
7,1,6
1,5,-4
1,0,1
9,1,8
1,0,1
1,0,1
8,8,0
0,0,0
7,10,-3
8,0,8
0,29,-29
1,0,1
5,3,2
5,1,4
1,2,-1
37,5,32
0,1,-1
1,0,1
0,5,-5
7,3,4
1,0,1
11,1,10
8,0,8
1,0,1
2,0,2
10,2,8
7,2,5
6,3,3
33,44,-11
3,10,-7
5,0,5
23,2,21
0,0,0
3,6,-3
0,7,-7
4,1,3
3,1,2
0,5,-5
0,0,0
33,1,32
10,0,10
1,0,1
1,0,1
0,7,-7
4,0,4
0,1,-1
7,0,7
0,1,-1
1,0,1
1,4,-3
8,1,7
5,2,3
3,0,3
7,23,-16
2,1,1
36,0,36
62,6,56
3,0,3
13,5,8
10,0,10
0,0,0
0,0,0
50,50,0
14,8,6
17,1,16
2,0,2
2,0,2
3,2,1
2,1,1
28,0,28
3,0,3
2,0,2
5,0,5
0,1,-1
0,0,0
6,2,4
2,6,-4
1,0,1
14,2,12
2,1,1
2,1,1
0,0,0
0,0,0
5,2,3
0,0,0
2,0,2
19,0,19
1,5,-4
19,0,19
6,0,6
4,0,4
7,0,7
3,5,-2
6,5,1
22,28,-6
7,1,6
1,0,1
12,0,12
15,0,15
30,0,30
9,9,0
11,39,-28
4,11,-7
7,6,1
7,20,-13
0,0,0
1,0,1
0,0,0
0,0,0
11,22,-11
1,0,1
0,1,-1
0,1,-1
2,0,2
0,0,0
2,2,0
1,0,1
9,0,9
3,21,-18
0,6,-6
2,1,1
2,0,2
19,45,-26
1,0,1
10,19,-9
5,0,5
5,4,1
3,0,3
0,0,0
14,6,8
0,0,0
22,0,22
9,0,9
17,0,17
7,5,2
5,1,4
23,0,23
55,50,5
17,0,17
8,1,7
1,1,0
14,10,4
3,14,-11
12,0,12
0,1,-1
9,1,8
0,3,-3
11,0,11
31,16,15
34,34,0
2,0,2
1,0,1
2,2,0
5,3,2
9,0,9
12,2,10
2,18,-16
9,1,8
3,1,2
2,1,1
0,0,0
7,1,6
2,1,1
0,0,0
3,1,2
5,1,4
6,1,5
2,1,1
34,0,34
16,0,16
12,3,9
2,0,2
20,4,16
5,0,5
2,1,1
6,2,4
12,2,10
1,2,-1
0,0,0
5,0,5
2,1,1
5,2,3
2,4,-2
2,0,2
0,0,0
12,22,-10
1,0,1
6,0,6
15,0,15
3,3,0
0,0,0
6,2,4
6,2,4
11,0,11
35,0,35
6,2,4
12,6,6
0,0,0
5,34,-29
0,2,-2
21,8,13
4,4,0
4,0,4
6,4,2
21,1,20
3,5,-2
0,0,0
15,0,15
1,0,1
15,0,15
1,2,-1
2,0,2
11,4,7
0,0,0
5,3,2
10,1,9
12,5,7
9,1,8
0,1,-1
2,0,2
1,0,1
8,0,8
2,0,2
21,13,8
1,0,1
1,0,1
3,0,3
19,0,19
3,1,2
0,0,0
35,1,34
7,0,7
0,0,0
0,2,-2
8,5,3
0,0,0
3,2,1
3,3,0
0,0,0
11,17,-6
3,0,3
2,0,2
1,8,-7
8,7,1
5,2,3
0,2,-2
0,0,0
13,0,13
1,10,-9
4,3,1
10,0,10
14,8,6
2,0,2
3,0,3
20,0,20
3,5,-2
2,1,1
3,3,0
4,1,3
1,0,1
1,0,1
1,1,0
0,0,0
3,2,1
1,0,1
2,2,0
7,1,6
44,0,44
3,0,3
0,0,0
7,0,7
4,5,-1
6,8,-2
0,1,-1
6,0,6
0,0,0
31,4,27
13,0,13
0,0,0
0,45,-45
69,0,69
6,2,4
0,0,0
0,0,0
5,0,5
1,1,0
12,3,9
2,2,0
5,0,5
4,4,0
1,3,-2
38,10,28
6,4,2
2,0,2
13,12,1
4,2,2
6,1,5
14,0,14
0,0,0
19,2,17
1,5,-4
1,0,1
1,0,1
5,4,1
0,0,0
3,1,2
3,0,3
0,4,-4
4,0,4
4,11,-7
6,0,6
3,0,3
6,2,4
0,0,0
0,2,-2
1,0,1
2,9,-7
1,0,1
1,0,1
3,1,2
0,1,-1
32,2,30
0,0,0
3,4,-1
1,0,1
2,0,2
3,0,3
7,0,7
16,0,16
4,0,4
0,8,-8
1,5,-4
1,0,1
0,0,0
6,0,6
13,1,12
1,4,-3
7,1,6
10,4,6
6,77,-71
9,0,9
1,1,0
10,6,4
4,0,4
5,4,1
3,0,3
1,7,-6
0,1,-1
32,2,30
4,1,3
6,0,6
30,0,30
10,3,7
1,1,0
14,0,14
10,2,8
10,7,3
0,2,-2
8,0,8
8,0,8
6,0,6
60,0,60
17,3,14
18,5,13
1,2,-1
7,1,6
1,0,1
12,5,7
7,10,-3
7,0,7
26,0,26
0,0,0
0,4,-4
5,6,-1
8,13,-5
3,7,-4
0,0,0
12,1,11
28,9,19
6,1,5
16,0,16
4,5,-1
4,0,4
2,5,-3
1,2,-1
9,0,9
0,0,0
5,0,5
4,2,2
7,0,7
5,4,1
12,2,10
13,13,0
0,0,0
0,0,0
11,7,4
16,10,6
6,0,6
2,0,2
12,0,12
18,0,18
6,2,4
2,2,0
4,1,3
3,2,1
29,1,28
3,0,3
11,4,7
0,0,0
0,2,-2
2,0,2
0,0,0
8,0,8
5,0,5
14,4,10
3,0,3
3,4,-1
1,0,1
1,1,0
5,4,1
44,1,43
6,5,1
13,7,6
21,1,20
0,0,0
11,1,10
0,0,0
0,6,-6
9,2,7
0,2,-2
3,6,-3
0,2,-2
0,0,0
6,6,0
6,1,5
5,0,5
0,0,0
0,13,-13
7,0,7
16,0,16
0,0,0
9,62,-53
3,108,-105
18,6,12
42,0,42
35,8,27
0,0,0
0,0,0
0,0,0
0,0,0
6,2,4
1,1,0
3,8,-5
1,1,0
15,7,8
15,0,15
1,1,0
7,2,5
3,6,-3
3,2,1
6,0,6
19,45,-26
1,4,-3
10,0,10
0,1,-1
11,1,10
17,0,17
17,21,-4
3,3,0
9,3,6
0,0,0
1,0,1
4,1,3
0,0,0
7,10,-3
2,1,1
18,2,16
3,0,3
0,6,-6
2,0,2
5,0,5
29,1,28
10,1,9
8,3,5
16,8,8
12,11,1
0,10,-10
21,8,13
2,0,2
9,1,8
1,1,0
11,0,11
0,0,0
4,1,3
14,5,9
1,0,1
0,0,0
14,2,12
6,5,1
7,0,7
6,0,6
0,0,0
1,1,0
2,1,1
9,2,7
22,4,18
1,0,1
29,1,28
5,1,4
22,0,22
18,14,4
13,0,13
0,1,-1
8,1,7
75,2,73
2,0,2
0,0,0
3,0,3
11,1,10
9,16,-7
3,0,3
0,0,0
22,4,18
19,0,19
6,0,6
0,1,-1
10,2,8
7,3,4
1,0,1
9,2,7
13,2,11
5,4,1
2,0,2
21,5,16
9,1,8
1,0,1
0,1,-1
1,1,0
2,2,0
6,4,2
10,0,10
27,3,24
1,0,1
1,1,0
16,0,16
4,0,4
11,0,11
1,2,-1
5,0,5
15,1,14
1,2,-1
0,0,0
1,0,1
7,1,6
0,4,-4
1,4,-3
0,5,-5
1,0,1
0,1,-1
6,1,5
0,0,0
5,10,-5
2,0,2
3,1,2
1,0,1
2,0,2
2,12,-10
2,2,0
4,8,-4
3,0,3
0,0,0
0,0,0
9,6,3
4,0,4
3,4,-1
32,8,24
3,2,1
9,2,7
2,0,2
11,3,8
13,0,13
7,0,7
8,2,6
5,2,3
8,0,8
6,0,6
1,0,1
3,5,-2
0,0,0
10,0,10
0,0,0
2,1,1
5,0,5
6,3,3
11,0,11
6,2,4
2,0,2
6,2,4
0,1,-1
2,0,2
2,4,-2
13,0,13
0,1,-1
4,1,3
18,0,18
16,0,16
1,2,-1
7,0,7
8,5,3
2,2,0
0,0,0
9,0,9
0,0,0
0,0,0
0,0,0
0,0,0
1,1,0
4,14,-10
2,0,2
3,3,0
14,4,10
4,3,1
21,6,15
8,83,-75
38,1,37
6,0,6
25,1,24
27,1,26
17,12,5
9,0,9
1,4,-3
1,0,1
1,0,1
0,1,-1
1,3,-2
38,64,-26
3,1,2
4,8,-4
33,1,32
36,0,36
0,0,0
0,1,-1
0,4,-4
1,0,1
0,19,-19
8,0,8
0,15,-15
5,5,0
3,0,3
3,7,-4
9,1,8
0,0,0
13,0,13
3,0,3
2,1,1
1,2,-1
7,3,4
0,0,0
10,0,10
0,0,0
23,9,14
0,0,0
6,5,1
19,7,12
35,0,35
7,2,5
14,1,13
2,0,2
0,0,0
10,6,4
4,3,1
1,0,1
1,6,-5
0,2,-2
67,67,0
1,0,1
0,0,0
0,0,0
3,7,-4
3,0,3
2,0,2
0,8,-8
36,1,35
7,2,5
2,2,0
1,1,0
2,0,2
5,1,4
22,0,22
2,0,2
1,4,-3
3,0,3
5,1,4
3,0,3
10,0,10
6,1,5
29,1,28
0,0,0
0,1,-1
0,0,0
5,3,2
0,0,0
2,0,2
14,2,12
0,0,0
1,1,0
14,0,14
2,0,2
45,0,45
0,0,0
5,4,1
5,1,4
4,0,4
5,0,5
0,0,0
8,1,7
0,0,0
18,18,0
0,1,-1
9,5,4
6,1,5
35,4,31
6,2,4
11,5,6
2,0,2
1,1,0
5,2,3
3,0,3
6,0,6
5,0,5
2,1,1
9,0,9
1,0,1
17,2,15
3,4,-1
12,0,12
0,0,0
0,3,-3
3,0,3
13,0,13
9,0,9
2,5,-3
6,0,6
0,0,0
0,1,-1
26,4,22
9,3,6
7,0,7
3,3,0
3,0,3
12,0,12
5,2,3
13,1,12
15,0,15
2,0,2
6,3,3
7,1,6
20,0,20
1,2,-1
6,0,6
1,4,-3
1,0,1
0,1,-1
1,0,1
3,1,2
3,1,2
27,1,26
0,5,-5
0,2,-2
6,5,1
11,2,9
19,1,18
0,0,0
13,0,13
6,13,-7
14,13,1
13,1,12
1,0,1
0,6,-6
2,2,0
1,2,-1
2,0,2
1,11,-10
7,2,5
33,1,32
1,0,1
11,2,9
9,0,9
58,13,45
28,0,28
1,1,0
6,1,5
0,0,0
0,1,-1
13,29,-16
1,8,-7
0,2,-2
2,0,2
6,2,4
1,1,0
1,0,1
17,0,17
1,4,-3
3,0,3
1,0,1
2,1,1
2,0,2
23,9,14
14,1,13
10,0,10
14,2,12
6,0,6
5,0,5
8,1,7
4,0,4
4,1,3
2,7,-5
0,0,0
30,30,0
7,0,7
14,5,9
22,30,-8
0,0,0
9,6,3
0,0,0
0,5,-5
0,0,0
2,2,0
4,1,3
2,0,2
0,3,-3
16,1,15
1,0,1
12,12,0
0,0,0
0,0,0
3,0,3
10,1,9
2,1,1
4,0,4
5,0,5
3,2,1
8,6,2
1,1,0
1,4,-3
4,0,4
0,0,0
5,5,0
2,2,0
3,0,3
1,0,1
0,0,0
1,0,1
7,0,7
24,1,23
27,1,26
12,1,11
3,1,2
1,0,1
7,0,7
11,0,11
8,0,8
20,2,18
7,1,6
7,5,2
2,0,2
0,0,0
26,17,9
3,0,3
6,0,6
3,2,1
2,2,0
0,0,0
1,0,1
6,3,3
3,0,3
5,0,5
4,0,4
0,11,-11
4,0,4
11,1,10
3,2,1
0,3,-3
27,0,27
16,0,16
0,0,0
17,9,8
10,6,4
0,0,0
1,1,0
2,2,0
16,1,15
10,1,9
0,0,0
6,0,6
6,0,6
1,0,1
9,2,7
3,8,-5
1,5,-4
2,15,-13
0,1,-1
17,22,-5
8,0,8
16,0,16
2,0,2
7,0,7
0,0,0
8,0,8
2,1,1
8,4,4
0,0,0
26,0,26
0,0,0
8,4,4
0,0,0
1,1,0
1,0,1
2,44,-42
4,2,2
3,0,3
0,0,0
11,2,9
0,0,0
6,0,6
21,1,20
0,0,0
3,2,1
3,1,2
3,3,0
9,0,9
22,1,21
0,0,0
2,17,-15
18,1,17
1,4,-3
1,0,1
1,1,0
0,0,0
1,0,1
3,8,-5
0,0,0
0,2,-2
13,3,10
2,1,1
0,1,-1
5,5,0
1,1,0
25,0,25
11,4,7
0,0,0
8,1,7
0,0,0
4,0,4
13,0,13
5,0,5
2,0,2
40,10,30
0,4,-4
2,0,2
0,0,0
15,1,14
2,1,1
7,3,4
3,0,3
21,21,0
2,0,2
10,1,9
9,1,8
0,1,-1
6,3,3
2,0,2
11,4,7
5,1,4
11,0,11
13,4,9
16,2,14
9,2,7
0,0,0
0,0,0
0,1,-1
0,0,0
0,0,0
0,0,0
2,0,2
15,1,14
2,0,2
0,0,0
20,2,18
0,2,-2
15,0,15
13,5,8
0,1,-1
2,0,2
3,0,3
8,8,0
30,10,20
9,2,7
1,0,1
3,5,-2
0,1,-1
12,5,7
0,0,0
7,0,7
23,0,23
5,1,4
1,6,-5
0,0,0
1,1,0
10,1,9
6,2,4
10,0,10
0,0,0
5,5,0
0,3,-3
2,0,2
8,0,8
2,0,2
1,1,0
1,7,-6
2,0,2
9,0,9
4,0,4
1,0,1
0,0,0
24,17,7
0,1,-1
8,9,-1
3,3,0
3,0,3
15,6,9
19,3,16
0,0,0
15,2,13
0,0,0
24,1,23
0,0,0
3,1,2
10,0,10
0,1,-1
0,1,-1
14,0,14
2,17,-15
13,1,12
4,3,1
1,1,0
10,1,9
17,1,16
5,0,5
4,4,0
1,3,-2
2,7,-5
1,1,0
26,0,26
42,42,0
14,0,14
11,2,9
4,4,0
13,1,12
26,4,22
2,1,1
12,5,7
10,0,10
0,1,-1
8,14,-6
6,2,4
0,0,0
1,11,-10
4,0,4
13,5,8
0,0,0
1,2,-1
1,2,-1
13,4,9
17,67,-50
1,1,0
0,0,0
2,0,2
0,0,0
1,6,-5
1,0,1
6,0,6
0,0,0
25,5,20
4,0,4
1,0,1
0,0,0
2,1,1
1,1,0
0,0,0
5,0,5
1,0,1
6,5,1
0,0,0
0,0,0
2,0,2
0,0,0
4,2,2
9,5,4
5,4,1
15,2,13
20,4,16
1,1,0
12,4,8
0,0,0
0,1,-1
0,2,-2
5,2,3
10,13,-3
0,6,-6
16,5,11
0,0,0
6,0,6
1,4,-3
6,2,4
20,21,-1
2,0,2
3,0,3
4,0,4
0,0,0
7,1,6
0,3,-3
10,3,7
1,0,1
0,0,0
9,0,9
9,1,8
20,0,20
4,0,4
0,0,0
5,1,4
8,1,7
12,2,10
0,3,-3
1,0,1
1,1,0
0,1,-1
0,0,0
0,6,-6
13,1,12
9,0,9
1,4,-3
0,0,0
16,1,15
4,0,4
0,0,0
1,3,-2
0,0,0
5,1,4
3,1,2
16,5,11
19,4,15
0,0,0
11,1,10
13,0,13
1,1,0
4,14,-10
10,1,9
0,0,0
17,6,11
9,5,4
5,0,5
10,4,6
2,0,2
4,0,4
1,1,0
7,0,7
8,1,7
10,2,8
9,0,9
0,0,0
45,45,0
0,0,0
2,0,2
0,0,0
1,0,1
19,9,10
4,2,2
2,0,2
0,0,0
0,0,0
0,2,-2
9,4,5
3,2,1
4,1,3
31,5,26
13,11,2
5,1,4
0,3,-3
9,5,4
3,1,2
0,0,0
4,0,4
9,18,-9
0,0,0
7,0,7
6,5,1
0,0,0
3,0,3
0,0,0
4,2,2
4,0,4
2,0,2
5,0,5
2,1,1
1,0,1
2,1,1
0,2,-2
41,13,28
3,0,3
2,2,0
1,0,1
0,0,0
3,2,1
1,0,1
0,0,0
0,0,0
7,1,6
2,0,2
0,0,0
1,1,0
10,0,10
9,4,5
0,0,0
1,1,0
1,1,0
6,0,6
14,0,14
4,1,3
0,1,-1
9,4,5
14,6,8
0,0,0
16,1,15
1,2,-1
9,1,8
14,0,14
1,0,1
14,0,14
5,4,1
13,6,7
5,1,4
7,0,7
19,7,12
0,1,-1
0,0,0
28,5,23
0,0,0
19,4,15
3,0,3
21,0,21
2,0,2
2,1,1
7,4,3
0,3,-3
11,4,7
1,3,-2
0,0,0
15,4,11
4,5,-1
4,0,4
40,0,40
12,2,10
0,0,0
0,0,0
1,18,-17
4,3,1
4,8,-4
31,4,27
1,0,1
6,1,5
1,0,1
11,1,10
2,0,2
8,3,5
13,0,13
21,51,-30
1,3,-2
8,4,4
6,1,5
1,0,1
1,0,1
4,0,4
14,3,11
1,0,1
0,0,0
10,0,10
15,6,9
1,0,1
6,3,3
5,1,4
15,0,15
10,1,9
0,2,-2
1,0,1
12,4,8
1,0,1
17,0,17
1,5,-4
0,4,-4
4,1,3
7,0,7
0,2,-2
1,0,1
32,2,30
5,4,1
2,0,2
4,1,3
4,0,4
0,0,0
0,0,0
2,0,2
5,0,5
15,0,15
0,6,-6
9,0,9
10,1,9
1,1,0
7,7,0
9,1,8
0,0,0
1,1,0
1,0,1
0,0,0
8,6,2
1,0,1
5,0,5
2,1,1
4,0,4
5,0,5
0,1,-1
2,5,-3
4,0,4
16,8,8
0,0,0
2,5,-3
5,0,5
2,0,2
5,2,3
1,5,-4
3,2,1
0,0,0
11,1,10
31,8,23
1,0,1
9,12,-3
0,0,0
5,0,5
0,0,0
5,2,3
5,5,0
0,0,0
1,0,1
0,0,0
7,0,7
12,2,10
13,2,11
4,8,-4
8,5,3
5,1,4
4,0,4
2,6,-4
0,1,-1
0,0,0
3,0,3
8,1,7
3,21,-18
5,0,5
12,1,11
1,0,1
9,8,1
0,0,0
0,0,0
6,0,6
4,1,3
4,0,4
3,22,-19
3,0,3
3,1,2
9,5,4
2,0,2
3,2,1
5,2,3
1,0,1
1,2,-1
5,0,5
4,3,1
20,10,10
5,4,1
16,22,-6
8,39,-31
14,1,13
10,2,8
28,0,28
10,0,10
3,3,0
0,0,0
3,0,3
31,0,31
0,6,-6
7,1,6
4,3,1
2,0,2
35,1,34
1,5,-4
2,4,-2
3,0,3
22,0,22
5,10,-5
0,0,0
6,0,6
12,4,8
0,4,-4
1,1,0
2,1,1
44,1,43
0,2,-2
0,0,0
8,2,6
2,0,2
45,19,26
5,2,3
1,1,0
6,0,6
6,0,6
0,2,-2
12,6,6
1,0,1
0,1,-1
0,1,-1
13,1,12
2,0,2
3,0,3
0,0,0
4,0,4
0,1,-1
1,0,1
7,0,7
2,6,-4
1,2,-1
13,0,13
0,0,0
0,1,-1
28,9,19
25,1,24
7,4,3
12,6,6
10,10,0
2,1,1
8,0,8
3,0,3
7,17,-10
2,0,2
7,1,6
2,0,2
11,4,7
3,0,3
1,0,1
8,0,8
15,5,10
1,0,1
6,1,5
2,4,-2
0,0,0
0,0,0
0,2,-2
2,0,2
1,1,0
2,0,2
7,0,7
2,0,2
31,31,0
9,35,-26
0,0,0
0,0,0
12,0,12
7,0,7
6,1,5
0,0,0
38,9,29
6,6,0
37,1,36
5,2,3
0,1,-1
49,0,49
12,0,12
20,0,20
7,0,7
0,0,0
14,6,8
2,5,-3
4,0,4
3,0,3
0,0,0
9,11,-2
2,2,0
5,0,5
2,2,0
7,4,3
2,0,2
2,1,1
4,1,3
1,1,0
0,0,0
0,0,0
0,1,-1
9,1,8
29,1,28
0,1,-1
6,0,6
10,4,6
0,0,0
2,1,1
39,39,0
2,58,-56
1,1,0
9,7,2
4,4,0
3,0,3
5,0,5
3,0,3
0,0,0
1,0,1
2,84,-82
2,0,2
4,4,0
0,0,0
7,1,6
1,0,1
8,0,8
4,1,3
2,8,-6
0,0,0
1,0,1
0,0,0
9,2,7
2,0,2
1,0,1
20,1,19
3,1,2
7,0,7
2,1,1
10,1,9
20,1,19
8,0,8
1,0,1
2,0,2
0,0,0
7,2,5
1,0,1
1,0,1
5,13,-8
5,2,3
14,0,14
5,1,4
7,2,5
7,0,7
3,1,2
2,0,2
5,5,0
11,3,8
2,0,2
25,2,23
3,2,1
5,0,5
11,0,11
17,17,0
0,6,-6
2,0,2
0,0,0
9,0,9
2,3,-1
12,1,11
2,10,-8
1,4,-3
0,10,-10
0,57,-57
24,4,20
1,1,0
5,0,5
12,0,12
0,0,0
29,29,0
3,0,3
8,5,3
0,6,-6
15,9,6
16,33,-17
0,11,-11
3,0,3
2,0,2
9,1,8
0,0,0
13,6,7
12,0,12
1,0,1
3,0,3
4,1,3
0,0,0
1,0,1
2,0,2
25,1,24
8,4,4
6,0,6
8,0,8
0,1,-1
12,13,-1
11,0,11
6,0,6
4,1,3
14,1,13
16,0,16
19,0,19
19,0,19
0,0,0
3,0,3
4,3,1
33,1,32
0,0,0
0,0,0
8,3,5
5,1,4
0,1,-1
20,0,20
9,0,9
2,4,-2
5,0,5
3,3,0
11,1,10
0,0,0
25,4,21
10,0,10
7,0,7
0,2,-2
0,0,0
2,0,2
0,0,0
1,1,0
3,1,2
5,0,5
4,1,3
0,2,-2
4,2,2
18,3,15
3,1,2
44,1,43
3,0,3
0,0,0
0,0,0
0,1,-1
5,0,5
1,2,-1
0,0,0
17,1,16
4,35,-31
3,0,3
3,3,0
3,0,3
3,4,-1
3,2,1
11,0,11
1,0,1
5,1,4
4,0,4
35,45,-10
0,2,-2
15,10,5
22,3,19
2,1,1
4,1,3
1,4,-3
2,0,2
10,0,10
0,5,-5
1,0,1
0,1,-1
4,0,4
3,0,3
5,1,4
4,0,4
1,0,1
0,0,0
14,0,14
0,0,0
0,1,-1
0,4,-4
0,1,-1
1,0,1
5,0,5
1,0,1
49,50,-1
19,7,12
78,44,34
1,0,1
0,0,0
4,1,3
7,1,6
15,7,8
11,18,-7
17,0,17
5,0,5
5,0,5
19,2,17
3,3,0
0,1,-1
0,0,0
1,0,1
1,5,-4
4,4,0
25,0,25
0,0,0
0,1,-1
0,3,-3
0,0,0
0,1,-1
16,4,12
0,0,0
12,1,11
26,0,26
47,15,32
7,0,7
5,0,5
10,1,9
3,1,2
2,1,1
6,0,6
1,0,1
2,0,2
3,1,2
0,1,-1
3,0,3
15,3,12
4,10,-6
16,0,16
3,0,3
48,29,19
8,0,8
7,0,7
3,5,-2
6,1,5
1,2,-1
2,0,2
14,10,4
8,8,0
0,0,0
0,0,0
0,1,-1
1,0,1
40,4,36
24,13,11
7,1,6
0,0,0
0,0,0
1,1,0
18,13,5
8,55,-47
3,0,3
9,57,-48
1,1,0
2,0,2
11,2,9
2,4,-2
1,6,-5
1,33,-32
3,1,2
3,0,3
33,0,33
12,0,12
2,0,2
9,5,4
2,0,2
2,0,2
17,1,16
2,0,2
5,1,4
1,0,1
1,2,-1
4,1,3
3,0,3
4,4,0
12,1,11
0,4,-4
1,0,1
0,2,-2
57,1,56
47,0,47
51,51,0
0,0,0
4,0,4
6,8,-2
1,0,1
7,3,4
0,4,-4
16,0,16
2,0,2
3,0,3
13,2,11
5,21,-16
10,0,10
1,1,0
3,0,3
4,4,0
0,3,-3
12,0,12
0,0,0
3,0,3
5,1,4
2,0,2
15,3,12
6,22,-16
2,3,-1
15,0,15
0,2,-2
6,1,5
5,0,5
5,1,4
1,8,-7
5,2,3
6,0,6
19,1,18
2,31,-29
0,1,-1
1,0,1
4,8,-4
4,0,4
8,0,8
13,0,13
0,0,0
2,1,1
14,4,10
9,9,0
0,0,0
1,1,0
4,3,1
1,4,-3
7,0,7
7,0,7
3,0,3
6,0,6
1,1,0
12,37,-25
5,1,4
4,0,4
0,0,0
0,1,-1
2,10,-8
3,1,2
15,3,12
1,0,1
1,1,0
10,3,7
0,0,0
21,1,20
2,3,-1
4,0,4
0,0,0
13,2,11
5,0,5
6,0,6
0,0,0
7,2,5
3,1,2
8,7,1
7,0,7
16,0,16
28,0,28
22,0,22
4,0,4
4,0,4
4,0,4
3,1,2
16,3,13
10,0,10
0,0,0
8,0,8
5,3,2
9,9,0
4,10,-6
1,0,1
0,0,0
3,1,2
12,1,11
7,0,7
3,0,3
23,13,10
4,0,4
3,4,-1
1,4,-3
0,5,-5
9,9,0
14,2,12
0,2,-2
23,34,-11
13,5,8
2,11,-9
17,1,16
4,7,-3
9,5,4
2,1,1
3,0,3
0,0,0
3,0,3
20,1,19
3,6,-3
14,0,14
0,0,0
0,0,0
12,8,4
8,4,4
54,12,42
2,0,2
5,2,3
6,0,6
1,0,1
0,0,0
12,6,6
26,0,26
3,0,3
10,2,8
2,1,1
10,0,10
3,12,-9
11,0,11
8,1,7
1,0,1
0,1,-1
0,0,0
1,2,-1
0,1,-1
5,2,3
1,0,1
8,9,-1
5,1,4
1,0,1
1,0,1
3,1,2
6,8,-2
9,1,8
7,2,5
3,0,3
3,1,2
6,1,5
1,0,1
4,0,4
11,0,11
8,8,0
5,4,1
0,0,0
3,1,2
59,0,59
11,0,11
13,0,13
14,2,12
4,0,4
13,0,13
0,0,0
10,4,6
0,0,0
11,14,-3
4,1,3
5,0,5
1,0,1
4,0,4
11,0,11
0,1,-1
0,0,0
9,0,9
12,0,12
3,0,3
4,1,3
0,0,0
0,0,0
42,2,40
3,0,3
5,0,5
2,0,2
0,12,-12
1,4,-3
14,0,14
2,10,-8
1,3,-2
2,0,2
3,7,-4
10,0,10
7,1,6
71,71,0
28,4,24
0,0,0
8,6,2
1,0,1
6,0,6
3,2,1
6,10,-4
8,13,-5
0,0,0
3,0,3
5,1,4
0,1,-1
1,1,0
12,6,6
19,1,18
0,0,0
18,0,18
5,0,5
36,13,23
3,2,1
12,0,12
0,0,0
11,3,8
0,0,0
3,2,1
22,0,22
0,1,-1
0,4,-4
14,9,5
4,0,4
23,1,22
2,2,0
7,1,6
3,0,3
6,5,1
21,13,8
1,0,1
9,6,3
3,0,3
1,3,-2
13,19,-6
2,1,1
4,3,1
15,1,14
0,1,-1
35,1,34
5,0,5
5,4,1
1,4,-3
17,0,17
0,2,-2
1,0,1
34,1,33
1,1,0
19,13,6
7,4,3
24,3,21
0,0,0
8,8,0
2,0,2
0,0,0
8,17,-9
12,8,4
13,5,8
23,0,23
1,0,1
11,0,11
2,0,2
39,0,39
8,0,8
3,37,-34
0,0,0
4,0,4
3,4,-1
0,0,0
5,7,-2
7,2,5
5,1,4
0,4,-4
4,0,4
3,0,3
11,0,11
12,2,10
3,0,3
7,6,1
0,5,-5
3,2,1
1,0,1
1,1,0
0,1,-1
0,1,-1
2,2,0
2,1,1
30,1,29
0,0,0
5,2,3
4,3,1
2,1,1
6,0,6
5,5,0
6,2,4
24,0,24
4,1,3
5,4,1
2,0,2
2,0,2
27,0,27
2,42,-40
17,1,16
0,0,0
1,4,-3
7,35,-28
3,0,3
0,0,0
7,0,7
0,1,-1
24,1,23
0,0,0
0,0,0
2,4,-2
0,8,-8
0,0,0
2,3,-1
1,0,1
0,0,0
1,0,1
14,1,13
9,0,9
6,0,6
0,0,0
0,1,-1
0,0,0
18,18,0
37,2,35
5,0,5
5,5,0
0,0,0
4,4,0
2,0,2
1,2,-1
10,0,10
0,0,0
9,0,9
11,1,10
3,0,3
20,6,14
7,4,3
6,1,5
2,0,2
0,2,-2
1,0,1
26,9,17
21,0,21
2,0,2
8,0,8
0,0,0
3,3,0
12,7,5
0,0,0
6,1,5
6,0,6
10,3,7
0,0,0
3,11,-8
11,5,6
0,1,-1
7,9,-2
2,1,1
28,4,24
4,3,1
1,1,0
6,0,6
2,0,2
4,1,3
0,0,0
1,0,1
0,0,0
1,1,0
19,7,12
0,0,0
0,0,0
2,4,-2
1,3,-2
0,0,0
0,0,0
1,4,-3
17,0,17
0,0,0
8,0,8
14,1,13
2,0,2
5,1,4
16,1,15
10,1,9
1,6,-5
1,0,1
10,7,3
7,2,5
22,0,22
2,0,2
12,0,12
25,1,24
0,0,0
5,0,5
8,0,8
11,15,-4
0,0,0
0,0,0
9,5,4
3,3,0
9,1,8
0,3,-3
42,1,41
6,3,3
0,0,0
11,0,11
2,0,2
18,14,4
2,0,2
11,0,11
7,4,3
0,0,0
8,0,8
5,2,3
0,0,0
14,0,14
1,0,1
8,11,-3
3,1,2
0,0,0
12,5,7
9,19,-10
2,2,0
10,2,8
7,2,5
5,12,-7
3,0,3
2,0,2
12,0,12
2,1,1
0,0,0
1,0,1
3,1,2
2,1,1
6,1,5
1,0,1
0,0,0
0,0,0
1,2,-1
1,1,0
0,0,0
3,0,3
10,22,-12
30,0,30
2,0,2
0,0,0
0,0,0
2,1,1
10,1,9
5,3,2
0,0,0
1,0,1
6,0,6
15,8,7
8,4,4
0,1,-1
3,2,1
4,5,-1
2,2,0
16,2,14
1,0,1
0,0,0
0,1,-1
2,1,1
3,0,3
1,1,0
9,4,5
15,0,15
6,0,6
3,0,3
16,6,10
8,0,8
9,5,4
9,1,8
0,1,-1
3,0,3
1,0,1
7,2,5
31,1,30
0,0,0
3,0,3
15,0,15
1,0,1
9,4,5
14,0,14
6,0,6
1,0,1
0,0,0
9,1,8
9,0,9
11,0,11
1,4,-3
0,0,0
15,1,14
0,0,0
12,10,2
1,0,1
2,12,-10
1,0,1
3,3,0
12,3,9
1,0,1
24,0,24
0,0,0
2,0,2
1,0,1
33,1,32
4,0,4
4,1,3
12,1,11
1,2,-1
1,2,-1
0,1,-1
2,2,0
1,1,0
10,0,10
10,2,8
2,0,2
14,4,10
7,2,5
6,0,6
0,0,0
1,1,0
5,0,5
0,0,0
15,2,13
17,6,11
7,2,5
0,0,0
9,14,-5
0,0,0
7,0,7
6,0,6
8,5,3
5,2,3
0,2,-2
0,1,-1
0,0,0
2,5,-3
4,2,2
2,8,-6
9,2,7
0,0,0
3,0,3
3,1,2
1,0,1
1,4,-3
1,0,1
4,2,2
0,0,0
8,1,7
1,1,0
4,4,0
12,1,11
0,0,0
2,0,2
0,0,0
0,0,0
4,1,3
24,1,23
0,4,-4
8,1,7
5,0,5
0,0,0
14,38,-24
2,0,2
0,0,0
3,1,2
1,2,-1
5,5,0
1,0,1
13,2,11
1,0,1
6,0,6
16,0,16
4,1,3
4,4,0
1,8,-7
2,1,1
4,0,4
1,0,1
1,0,1
0,1,-1
0,0,0
6,6,0
2,1,1
1,2,-1
17,0,17
1,1,0
2,1,1
5,18,-13
16,0,16
5,0,5
1,6,-5
0,0,0
6,0,6
4,2,2
8,0,8
0,0,0
42,0,42
0,0,0
0,0,0
31,2,29
0,0,0
0,1,-1
12,0,12
1,0,1
6,8,-2
10,6,4
8,2,6
8,3,5
34,32,2
0,0,0
13,5,8
11,0,11
1,0,1
10,0,10
3,2,1
5,5,0
7,3,4
3,5,-2
0,23,-23
0,1,-1
4,7,-3
3,2,1
3,1,2
3,0,3
1,1,0
2,1,1
9,3,6
1,5,-4
10,1,9
5,0,5
0,3,-3
11,3,8
5,1,4
0,8,-8
12,22,-10
6,13,-7
1,0,1
8,2,6
3,0,3
7,3,4
1,0,1
0,0,0
1,0,1
10,1,9
1,8,-7
6,6,0
4,0,4
0,1,-1
9,3,6
8,3,5
0,0,0
0,3,-3
2,0,2
0,0,0
1,0,1
0,0,0
0,0,0
9,0,9
15,2,13
9,2,7
3,3,0
2,0,2
42,4,38
1,1,0
1,17,-16
6,0,6
5,1,4
1,1,0
3,1,2
1,0,1
0,1,-1
15,0,15
1,0,1
7,18,-11
3,0,3
6,0,6
6,2,4
1,2,-1
0,0,0
19,31,-12
2,6,-4
4,8,-4
7,1,6
5,0,5
0,8,-8
6,0,6
0,0,0
0,0,0
11,12,-1
7,8,-1
8,2,6
12,1,11
0,0,0
9,19,-10
4,0,4
6,0,6
11,0,11
5,0,5
0,0,0
3,2,1
14,0,14
0,3,-3
3,3,0
0,4,-4
0,5,-5
1,1,0
24,5,19
0,0,0
2,1,1
0,0,0
2,1,1
1,0,1
0,2,-2
5,2,3
3,0,3
5,0,5
0,2,-2
6,0,6
10,2,8
12,0,12
1,0,1
1,1,0
5,0,5
6,53,-47
1,0,1
2,50,-48
29,13,16
0,0,0
0,0,0
4,0,4
0,1,-1
2,0,2
7,0,7
5,3,2
7,1,6
3,0,3
2,1,1
1,0,1
27,0,27
5,0,5
1,1,0
2,1,1
7,0,7
11,45,-34
10,0,10
1,0,1
18,33,-15
6,4,2
7,3,4
13,28,-15
1,4,-3
0,8,-8
1,1,0
3,2,1
6,0,6
1,1,0
9,0,9
1,1,0
5,5,0
12,0,12
0,0,0
4,4,0
1,1,0
0,1,-1
4,11,-7
0,0,0
20,0,20
1,0,1
9,0,9
7,9,-2
3,4,-1
5,2,3
0,0,0
12,0,12
9,4,5
8,17,-9
0,0,0
1,2,-1
4,1,3
1,0,1
8,0,8
2,2,0
15,1,14
4,0,4
10,0,10
2,0,2
21,22,-1
0,0,0
5,1,4
0,0,0
1,0,1
30,35,-5
1,0,1
3,0,3
2,1,1
3,1,2
2,1,1
3,0,3
7,5,2
38,27,11
17,0,17
5,17,-12
2,0,2
4,5,-1
36,20,16
3,12,-9
0,0,0
3,0,3
2,0,2
3,1,2
4,2,2
2,0,2
8,2,6
4,1,3
10,0,10
20,0,20
0,0,0
7,1,6
6,0,6
4,3,1
6,1,5
7,1,6
0,4,-4
8,0,8
0,7,-7
30,0,30
2,0,2
1,5,-4
1,56,-55
6,0,6
2,0,2
9,0,9
2,1,1
4,0,4
5,5,0
1,0,1
1,0,1
4,0,4
6,2,4
4,0,4
15,0,15
4,1,3
39,53,-14
4,0,4
25,4,21
2,0,2
11,0,11
2,1,1
13,0,13
12,7,5
16,10,6
5,0,5
7,1,6
8,1,7
1,0,1
7,0,7
3,3,0
0,1,-1
7,20,-13
6,8,-2
2,1,1
1,0,1
0,0,0
0,0,0
14,1,13
4,5,-1
24,4,20
0,1,-1
5,0,5
0,0,0
0,0,0
11,4,7
6,0,6
15,7,8
3,4,-1
5,0,5
5,10,-5
7,5,2
13,2,11
3,1,2
13,2,11
3,0,3
0,0,0
5,0,5
4,2,2
8,0,8
6,5,1
0,0,0
3,0,3
6,0,6
4,1,3
5,1,4
1,0,1
0,1,-1
7,2,5
0,0,0
4,2,2
0,1,-1
7,10,-3
8,0,8
0,0,0
3,2,1
31,1,30
2,1,1
3,8,-5
14,0,14
3,1,2
5,7,-2
2,1,1
1,0,1
9,11,-2
2,0,2
9,8,1
1,0,1
1,7,-6
0,1,-1
3,1,2
3,0,3
7,1,6
4,1,3
12,0,12
2,1,1
15,0,15
0,0,0
11,1,10
0,0,0
4,2,2
3,1,2
10,2,8
12,11,1
16,2,14
8,4,4
25,0,25
0,0,0
2,0,2
8,4,4
0,0,0
0,0,0
5,2,3
4,0,4
6,2,4
0,0,0
0,0,0
4,1,3
8,2,6
1,1,0
1,0,1
6,2,4
3,0,3
17,0,17
36,1,35
3,0,3
0,0,0
5,2,3
1,3,-2
4,0,4
10,0,10
2,4,-2
1,0,1
2,0,2
13,14,-1
58,33,25
11,2,9
30,0,30
6,1,5
9,0,9
13,2,11
1,0,1
3,5,-2
11,10,1
12,1,11
7,0,7
0,1,-1
2,1,1
0,0,0
15,0,15
2,0,2
4,0,4
6,1,5
12,3,9
59,10,49
5,4,1
9,21,-12
4,0,4
2,0,2
0,0,0
1,0,1
1,2,-1
8,0,8
7,8,-1
0,0,0
6,0,6
9,2,7
14,0,14
23,0,23
7,0,7
5,1,4
1,0,1
4,4,0
0,0,0
0,0,0
23,47,-24
0,0,0
6,1,5
0,2,-2
0,0,0
7,1,6
4,4,0
3,0,3
15,1,14
21,0,21
0,0,0
1,0,1
1,0,1
3,0,3
13,2,11
8,0,8
5,2,3
2,60,-58
7,0,7
1,0,1
2,3,-1
6,0,6
18,1,17
7,1,6
8,2,6
1,0,1
13,1,12
20,2,18
4,1,3
2,0,2
2,0,2
5,0,5
12,1,11
4,5,-1
2,0,2
5,12,-7
34,0,34
17,2,15
7,2,5
2,0,2
1,0,1
0,0,0
5,0,5
13,1,12
8,1,7
7,5,2
1,0,1
1,2,-1
3,1,2
21,11,10
0,2,-2
9,1,8
0,0,0
9,2,7
3,0,3
10,1,9
0,0,0
4,4,0
0,0,0
5,2,3
18,1,17
3,0,3
14,5,9
0,1,-1
3,3,0
1,1,0
2,1,1
0,0,0
2,57,-55
0,0,0
63,0,63
12,0,12
5,1,4
5,3,2
9,7,2
10,3,7
2,2,0
2,0,2
12,8,4
0,0,0
13,2,11
5,1,4
1,3,-2
27,2,25
12,7,5
0,0,0
2,0,2
10,7,3
5,4,1
1,0,1
2,2,0
20,17,3
0,0,0
8,5,3
2,1,1
1,0,1
7,0,7
4,0,4
3,0,3
3,0,3
0,1,-1
0,0,0
3,3,0
10,2,8
16,2,14
3,5,-2
33,0,33
0,5,-5
2,0,2
1,2,-1
3,0,3
0,0,0
5,1,4
8,0,8
12,0,12
2,0,2
0,0,0
15,6,9
2,0,2
0,0,0
3,2,1
1,2,-1
4,57,-53
0,0,0
17,8,9
2,0,2
45,1,44
19,1,18
0,2,-2
3,3,0
8,2,6
4,0,4
0,0,0
10,0,10
9,0,9
17,11,6
4,1,3
7,0,7
0,0,0
43,0,43
7,4,3
0,6,-6
8,2,6
1,0,1
45,2,43
7,1,6
1,1,0
18,1,17
26,3,23
13,7,6
7,0,7
2,0,2
14,2,12
2,0,2
7,0,7
6,0,6
17,0,17
0,0,0
2,0,2
11,2,9
6,4,2
20,2,18
2,34,-32
0,0,0
0,0,0
2,0,2
2,0,2
3,1,2
0,0,0
3,2,1
1,1,0
19,1,18
1,1,0
6,0,6
0,0,0
5,5,0
0,0,0
2,0,2
0,0,0
6,0,6
11,12,-1
9,2,7
0,0,0
6,0,6
8,2,6
10,1,9
6,1,5
8,4,4
1,0,1
6,2,4
2,0,2
7,0,7
2,0,2
6,0,6
15,3,12
38,4,34
2,5,-3
6,5,1
21,5,16
2,0,2
3,1,2
0,5,-5
4,0,4
1,0,1
10,6,4
1,96,-95
5,0,5
12,0,12
1,1,0
18,4,14
0,0,0
1,4,-3
0,0,0
2,0,2
2,13,-11
4,1,3
2,0,2
1,0,1
1,8,-7
4,2,2
8,1,7
44,4,40
0,0,0
1,7,-6
1,0,1
36,73,-37
1,0,1
0,0,0
5,2,3
1,1,0
0,2,-2
5,2,3
9,0,9
0,0,0
5,0,5
1,1,0
5,10,-5
11,8,3
0,0,0
8,8,0
0,0,0
1,0,1
0,0,0
11,0,11
13,1,12
18,1,17
4,13,-9
1,1,0
3,1,2
1,0,1
0,0,0
14,16,-2
34,34,0
1,0,1
3,0,3
0,0,0
25,8,17
4,1,3
3,1,2
1,0,1
0,0,0
0,1,-1
10,19,-9
21,5,16
22,0,22
0,0,0
26,12,14
29,0,29
24,0,24
1,0,1
3,0,3
4,4,0
12,58,-46
2,0,2
5,13,-8
8,2,6
15,0,15
1,1,0
27,2,25
13,1,12
27,12,15
2,0,2
3,1,2
12,1,11
12,5,7
11,1,10
2,8,-6
3,1,2
3,0,3
1,1,0
3,0,3
54,1,53
4,6,-2
0,0,0
2,5,-3
1,4,-3
6,2,4
7,2,5
0,0,0
0,0,0
2,4,-2
19,2,17
9,2,7
6,3,3
21,5,16
0,0,0
6,4,2
2,0,2
1,0,1
33,5,28
14,1,13
2,1,1
2,0,2
1,0,1
3,8,-5
13,2,11
0,0,0
9,0,9
2,2,0
21,8,13
0,0,0
3,0,3
13,0,13
4,0,4
12,0,12
4,1,3
0,0,0
8,1,7
2,0,2
1,7,-6
15,45,-30
0,0,0
1,0,1
4,1,3
1,2,-1
10,0,10
15,1,14
1,0,1
10,1,9
4,0,4
4,0,4
20,1,19
0,0,0
10,0,10
2,1,1
10,0,10
11,0,11
0,0,0
2,0,2
5,1,4
14,1,13
3,2,1
2,0,2
7,1,6
10,5,5
5,1,4
2,3,-1
1,0,1
0,1,-1
22,0,22
3,0,3
8,0,8
1,2,-1
5,0,5
11,1,10
0,0,0
0,0,0
2,0,2
0,1,-1
8,0,8
4,3,1
3,54,-51
6,7,-1
11,0,11
12,0,12
17,1,16
0,1,-1
5,0,5
0,0,0
14,27,-13
11,0,11
0,0,0
1,0,1
11,0,11
1,1,0
5,8,-3
3,4,-1
13,0,13
1,3,-2
3,0,3
16,0,16
5,1,4
9,5,4
2,9,-7
2,1,1
32,14,18
16,15,1
3,0,3
0,0,0
20,10,10
1,0,1
7,0,7
4,0,4
4,4,0
2,0,2
8,1,7
0,1,-1
5,1,4
5,0,5
20,19,1
7,1,6
13,0,13
2,2,0
3,5,-2
8,7,1
5,2,3
3,1,2
8,5,3
0,0,0
8,2,6
0,10,-10
16,2,14
1,0,1
3,1,2
24,2,22
17,14,3
3,1,2
1,3,-2
1,0,1
0,0,0
3,5,-2
2,0,2
0,0,0
21,1,20
16,0,16
1,0,1
1,0,1
7,7,0
4,0,4
0,0,0
0,0,0
20,5,15
2,0,2
1,1,0
4,0,4
0,0,0
4,0,4
6,0,6
2,1,1
0,5,-5
12,2,10
35,34,1
0,0,0
5,7,-2
2,0,2
2,1,1
8,5,3
7,0,7
2,0,2
14,12,2
1,0,1
6,0,6
2,0,2
7,1,6
4,0,4
1,0,1
9,2,7
3,0,3
12,1,11
2,3,-1
0,0,0
3,56,-53
1,0,1
0,1,-1
32,0,32
2,5,-3
1,0,1
4,0,4
3,2,1
17,6,11
5,1,4
9,5,4
10,1,9
17,8,9
0,21,-21
0,0,0
2,0,2
6,1,5
0,1,-1
28,1,27
3,0,3
4,1,3
0,1,-1
0,2,-2
7,0,7
22,1,21
11,1,10
10,2,8
19,52,-33
1,0,1
0,1,-1
4,5,-1
0,0,0
2,0,2
1,0,1
8,2,6
2,2,0
4,7,-3
0,0,0
9,2,7
6,1,5
6,1,5
1,0,1
1,2,-1
9,1,8
0,2,-2
1,1,0
1,0,1
7,2,5
0,1,-1
0,7,-7
10,0,10
16,1,15
7,2,5
0,0,0
9,2,7
21,0,21
15,12,3
2,0,2
7,3,4
1,1,0
11,2,9
4,0,4
2,2,0
5,1,4
0,0,0
3,0,3
34,2,32
1,1,0
18,15,3
5,5,0
0,0,0
0,1,-1
22,2,20
1,0,1
14,2,12
0,0,0
5,0,5
43,2,41
8,6,2
15,1,14
9,0,9
2,1,1
1,0,1
12,1,11
3,1,2
8,1,7
0,0,0
3,0,3
3,0,3
0,4,-4
6,0,6
5,1,4
0,1,-1
6,2,4
2,1,1
1,0,1
1,0,1
1,3,-2
10,2,8
0,1,-1
5,0,5
4,5,-1
3,1,2
3,3,0
3,10,-7
0,4,-4
7,2,5
3,4,-1
0,0,0
1,4,-3
3,7,-4
2,0,2
5,3,2
24,51,-27
6,1,5
3,0,3
2,5,-3
0,1,-1
0,0,0
10,1,9
1,0,1
0,0,0
15,13,2
2,0,2
7,13,-6
8,13,-5
1,3,-2
5,3,2
55,12,43
0,0,0
1,0,1
2,0,2
3,0,3
1,1,0
6,0,6
2,2,0
2,2,0
4,1,3
3,0,3
5,0,5
2,2,0
1,0,1
0,1,-1
0,0,0
3,1,2
3,4,-1
0,1,-1
5,0,5
0,0,0
9,8,1
5,2,3
1,3,-2
23,3,20
0,0,0
28,1,27
15,0,15
10,0,10
0,0,0
10,10,0
11,1,10
3,1,2
3,4,-1
7,0,7
7,0,7
1,0,1
8,2,6
5,4,1
0,0,0
3,4,-1
1,1,0
3,1,2
1,0,1
26,38,-12
1,0,1
6,0,6
0,4,-4
2,0,2
8,0,8
1,0,1
4,1,3
4,5,-1
4,0,4
7,4,3
2,0,2
12,0,12
1,1,0
3,0,3
20,0,20
0,4,-4
9,8,1
13,1,12
23,22,1
5,9,-4
4,1,3
0,0,0
8,6,2
7,1,6
1,0,1
5,3,2
11,0,11
4,0,4
4,13,-9
1,0,1
6,6,0
35,4,31
3,0,3
1,1,0
2,13,-11
51,4,47
0,0,0
6,6,0
2,0,2
5,0,5
6,0,6
0,0,0
0,0,0
3,1,2
11,0,11
8,2,6
2,0,2
1,0,1
14,1,13
20,44,-24
0,2,-2
1,0,1
0,0,0
3,1,2
2,1,1
0,0,0
1,0,1
24,1,23
13,4,9
5,0,5
2,0,2
1,0,1
1,0,1
19,4,15
3,13,-10
0,0,0
4,1,3
1,0,1
2,0,2
6,0,6
4,0,4
23,1,22
3,1,2
26,12,14
7,0,7
1,1,0
5,5,0
0,0,0
7,0,7
0,0,0
1,2,-1
0,1,-1
5,0,5
1,2,-1
0,0,0
5,0,5
4,1,3
8,2,6
1,0,1
4,2,2
9,8,1
1,4,-3
9,17,-8
0,0,0
0,0,0
14,1,13
5,0,5
19,0,19
2,0,2
70,0,70
2,0,2
2,0,2
0,0,0
2,13,-11
15,0,15
5,1,4
0,0,0
7,1,6
0,0,0
2,2,0
6,0,6
18,6,12
3,0,3
3,0,3
12,5,7
4,2,2
10,5,5
6,1,5
0,0,0
0,0,0
1,0,1
4,2,2
19,1,18
10,1,9
8,2,6
14,0,14
17,16,1
3,0,3
4,8,-4
8,2,6
23,3,20
1,0,1
5,0,5
5,0,5
4,3,1
3,9,-6
1,0,1
4,33,-29
1,0,1
5,11,-6
2,1,1
5,3,2
9,0,9
18,13,5
0,0,0
9,11,-2
10,3,7
1,1,0
5,0,5
9,2,7
1,3,-2
2,0,2
4,1,3
11,15,-4
15,24,-9
3,4,-1
10,0,10
27,51,-24
0,1,-1
1,0,1
1,0,1
1,2,-1
5,2,3
10,0,10
24,17,7
0,0,0
63,14,49
9,0,9
53,53,0
1,0,1
1,1,0
14,5,9
8,0,8
0,0,0
4,0,4
3,0,3
4,0,4
1,1,0
0,4,-4
5,0,5
1,1,0
3,0,3
0,0,0
35,3,32
3,2,1
0,0,0
1,3,-2
11,2,9
2,1,1
0,1,-1
2,0,2
6,13,-7
23,0,23
6,0,6
2,0,2
18,51,-33
1,0,1
11,4,7
31,1,30
0,0,0
4,0,4
1,0,1
0,0,0
12,0,12
1,0,1
2,4,-2
0,0,0
1,0,1
2,2,0
0,1,-1
5,6,-1
9,0,9
20,6,14
23,15,8
14,0,14
10,4,6
32,12,20
1,1,0
0,0,0
2,1,1
3,1,2
12,0,12
1,0,1
2,0,2
15,8,7
47,55,-8
5,2,3
3,3,0
4,0,4
3,1,2
0,0,0
18,8,10
4,0,4
0,0,0
15,45,-30
18,0,18
7,0,7
16,0,16
0,2,-2
3,0,3
1,0,1
9,0,9
0,0,0
17,2,15
11,15,-4
3,0,3
21,2,19
21,0,21
32,4,28
3,3,0
2,0,2
2,8,-6
0,0,0
0,0,0
5,3,2
12,0,12
0,5,-5
0,0,0
2,7,-5
20,71,-51
6,1,5
6,10,-4
3,0,3
68,0,68
1,3,-2
2,0,2
9,0,9
1,0,1
2,3,-1
9,2,7
0,0,0
0,0,0
0,0,0
10,49,-39
6,0,6
20,1,19
1,0,1
1,4,-3
1,0,1
7,6,1
0,1,-1
1,2,-1
42,0,42
5,0,5
1,0,1
1,0,1
0,3,-3
3,0,3
0,1,-1
1,0,1
2,2,0
2,0,2
35,9,26
9,1,8
0,0,0
7,12,-5
4,1,3
0,0,0
66,0,66
13,0,13
50,2,48
6,1,5
15,2,13
17,0,17
45,0,45
7,5,2
5,0,5
13,12,1
0,0,0
47,1,46
0,0,0
1,6,-5
7,1,6
35,0,35
5,1,4
99,1,98
2,0,2
3,20,-17
2,1,1
0,0,0
1,0,1
0,0,0
10,0,10
0,0,0
4,0,4
0,0,0
0,0,0
0,0,0
0,3,-3
7,2,5
0,0,0
2,2,0
8,4,4
2,1,1
5,2,3
3,5,-2
1,0,1
4,5,-1
0,0,0
1,2,-1
13,0,13
0,0,0
3,5,-2
1,2,-1
26,37,-11
0,0,0
0,2,-2
1,1,0
0,0,0
10,1,9
28,4,24
24,13,11
4,6,-2
1,1,0
0,0,0
2,0,2
2,0,2
4,0,4
5,0,5
13,6,7
8,5,3
12,0,12
6,0,6
17,4,13
3,0,3
43,1,42
13,8,5
28,0,28
6,7,-1
25,19,6
4,2,2
14,12,2
34,0,34
7,5,2
0,1,-1
13,5,8
0,0,0
40,19,21
5,0,5
0,0,0
3,3,0
0,0,0
0,0,0
16,1,15
1,1,0
1,12,-11
5,0,5
26,2,24
5,0,5
0,0,0
0,0,0
0,0,0
3,2,1
3,2,1
4,0,4
7,0,7
9,58,-49
17,5,12
8,0,8
13,0,13
9,1,8
1,2,-1
0,2,-2
3,5,-2
0,0,0
14,0,14
3,1,2
1,1,0
13,1,12
1,0,1
10,1,9
4,16,-12
12,0,12
8,8,0
3,0,3
0,4,-4
7,0,7
7,0,7
38,2,36
5,1,4
0,0,0
2,0,2
1,4,-3
4,3,1
34,51,-17
1,0,1
5,1,4
0,3,-3
1,1,0
1,0,1
4,0,4
0,0,0
0,4,-4
2,2,0
3,5,-2
7,5,2
1,63,-62
10,4,6
9,4,5
2,9,-7
14,0,14
13,58,-45
24,0,24
0,1,-1
0,1,-1
0,0,0
5,0,5
9,0,9
1,0,1
1,1,0
6,3,3
17,2,15
2,1,1
0,0,0
3,1,2
2,0,2
8,0,8
0,1,-1
1,0,1
2,1,1
14,6,8
14,14,0
6,1,5
0,0,0
3,2,1
1,2,-1
19,0,19
2,0,2
3,1,2
13,13,0
0,0,0
0,0,0
0,2,-2
5,0,5
0,0,0
4,2,2
2,1,1
13,13,0
17,1,16
29,27,2
9,0,9
22,0,22
7,1,6
8,6,2
8,5,3
0,0,0
28,0,28
0,2,-2
6,3,3
0,0,0
2,18,-16
1,2,-1
0,0,0
7,5,2
12,0,12
12,1,11
5,0,5
0,4,-4
1,0,1
0,0,0
5,3,2
0,3,-3
18,13,5
4,1,3
19,14,5
0,0,0
1,35,-34
2,0,2
10,7,3
2,1,1
2,0,2
12,0,12
3,8,-5
8,14,-6
6,0,6
0,0,0
0,0,0
0,0,0
9,2,7
1,1,0
6,0,6
6,0,6
45,13,32
0,1,-1
24,2,22
6,1,5
2,0,2
23,4,19
26,6,20
0,0,0
0,4,-4
6,1,5
0,0,0
12,0,12
4,11,-7
2,2,0
15,0,15
0,0,0
19,5,14
2,2,0
7,4,3
1,0,1
0,5,-5
17,2,15
0,3,-3
9,1,8
7,2,5
2,0,2
5,6,-1
18,1,17
4,0,4
17,1,16
2,0,2
23,0,23
4,0,4
11,0,11
0,0,0
9,2,7
9,1,8
30,19,11
1,3,-2
6,1,5
0,1,-1
14,0,14
0,0,0
2,0,2
29,0,29
5,5,0
11,1,10
2,0,2
0,3,-3
19,11,8
0,0,0
2,4,-2
1,0,1
10,0,10
1,0,1
1,4,-3
3,0,3
6,0,6
1,9,-8
7,1,6
1,0,1
2,0,2
46,1,45
36,5,31
18,15,3
0,2,-2
0,0,0
7,3,4
3,2,1
1,0,1
10,1,9
1,0,1
30,7,23
11,0,11
3,0,3
3,2,1
16,1,15
0,0,0
0,0,0
5,0,5
30,0,30
4,0,4
2,0,2
26,71,-45
8,6,2
2,0,2
12,1,11
2,2,0
0,1,-1
6,11,-5
3,0,3
8,2,6
3,1,2
13,2,11
12,2,10
1,0,1
2,0,2
10,0,10
1,6,-5
0,0,0
0,0,0
6,2,4
1,0,1
4,8,-4
0,46,-46
0,0,0
24,14,10
0,0,0
1,6,-5
2,2,0
4,0,4
9,0,9
2,2,0
5,9,-4
2,0,2
0,0,0
0,0,0
0,3,-3
4,1,3
6,3,3
1,0,1
3,1,2
4,0,4
9,2,7
11,3,8
0,0,0
13,0,13
2,2,0
0,0,0
3,0,3
6,6,0
0,3,-3
5,0,5
8,4,4
0,1,-1
21,0,21
14,13,1
20,0,20
59,0,59
11,0,11
6,0,6
12,1,11
2,0,2
30,0,30
2,0,2
0,0,0
2,0,2
12,4,8
0,0,0
0,1,-1
6,0,6
0,0,0
1,1,0
0,0,0
16,2,14
31,96,-65
1,1,0
0,0,0
8,16,-8
3,2,1
2,0,2
10,10,0
24,0,24
10,2,8
1,2,-1
8,2,6
13,1,12
27,2,25
15,0,15
0,0,0
9,2,7
45,0,45
9,0,9
3,1,2
0,0,0
21,0,21
2,0,2
0,0,0
0,0,0
1,2,-1
3,3,0
15,19,-4
0,0,0
0,0,0
0,0,0
0,5,-5
9,0,9
3,0,3
3,0,3
16,1,15
0,3,-3
5,1,4
0,1,-1
1,1,0
1,0,1
4,0,4
0,0,0
1,0,1
1,0,1
0,0,0
19,0,19
19,0,19
5,1,4
17,7,10
7,1,6
5,0,5
9,13,-4
10,9,1
2,1,1
8,0,8
5,3,2
12,38,-26
10,3,7
30,19,11
2,0,2
1,1,0
0,11,-11
6,3,3
0,1,-1
3,0,3
2,0,2
1,0,1
0,0,0
0,0,0
1,1,0
1,0,1
5,0,5
4,1,3
5,1,4
0,0,0
20,0,20
3,1,2
8,0,8
0,4,-4
0,0,0
0,2,-2
1,4,-3
1,1,0
7,0,7
16,1,15
26,1,25
1,0,1
6,3,3
3,0,3
0,0,0
11,0,11
1,0,1
0,0,0
10,2,8
13,7,6
16,4,12
2,6,-4
1,2,-1
4,0,4
0,2,-2
9,4,5
19,0,19
6,2,4
5,0,5
14,0,14
5,1,4
8,1,7
16,0,16
1,0,1
22,0,22
4,2,2
3,0,3
3,2,1
0,0,0
14,2,12
0,0,0
1,1,0
1,0,1
0,1,-1
0,0,0
5,0,5
4,0,4
2,0,2
3,2,1
0,0,0
30,13,17
0,0,0
2,1,1
8,10,-2
0,0,0
15,1,14
15,0,15
1,4,-3
1,0,1
1,2,-1
1,1,0
61,10,51
8,3,5
2,0,2
4,0,4
11,0,11
11,1,10
0,0,0
43,8,35
16,30,-14
22,4,18
0,3,-3
13,1,12
8,0,8
7,0,7
0,0,0
33,5,28
5,5,0
0,0,0
7,1,6
4,7,-3
9,15,-6
1,1,0
1,0,1
0,0,0
0,1,-1
10,18,-8
0,0,0
7,1,6
0,0,0
11,0,11
4,1,3
20,13,7
6,5,1
4,0,4
5,2,3
1,8,-7
12,0,12
0,3,-3
7,3,4
25,0,25
13,2,11
2,0,2
21,5,16
0,0,0
4,0,4
0,0,0
1,4,-3
1,38,-37
2,2,0
5,0,5
18,1,17
3,0,3
22,5,17
0,0,0
2,2,0
8,4,4
1,0,1
0,1,-1
1,0,1
6,1,5
4,0,4
10,1,9
16,0,16
5,6,-1
17,0,17
0,0,0
3,19,-16
0,0,0
0,0,0
1,0,1
10,0,10
13,8,5
12,0,12
1,0,1
3,1,2
0,0,0
7,4,3
1,0,1
16,7,9
0,1,-1
45,10,35
6,1,5
1,0,1
0,0,0
3,17,-14
4,1,3
12,1,11
0,0,0
0,0,0
1,2,-1
5,2,3
0,0,0
0,0,0
30,1,29
3,0,3
0,0,0
0,0,0
1,0,1
3,4,-1
6,9,-3
0,0,0
8,0,8
5,0,5
15,1,14
2,0,2
0,0,0
1,0,1
4,0,4
4,4,0
6,0,6
11,11,0
0,0,0
14,5,9
1,2,-1
6,0,6
2,0,2
4,2,2
3,1,2
26,56,-30
5,2,3
3,0,3
7,1,6
27,21,6
0,0,0
19,8,11
1,1,0
10,0,10
15,0,15
5,6,-1
5,2,3
10,0,10
13,0,13
3,0,3
11,1,10
0,1,-1
5,3,2
2,0,2
3,0,3
4,0,4
6,1,5
1,7,-6
1,1,0
10,0,10
22,2,20
28,0,28
0,1,-1
3,0,3
23,1,22
3,8,-5
5,0,5
3,0,3
71,0,71
5,0,5
0,0,0
1,0,1
27,5,22
1,0,1
1,10,-9
4,2,2
0,0,0
3,1,2
1,0,1
1,2,-1
18,3,15
16,2,14
0,0,0
5,2,3
0,0,0
5,5,0
0,4,-4
8,5,3
2,0,2
14,0,14
9,3,6
4,0,4
61,78,-17
0,0,0
5,0,5
3,0,3
5,4,1
1,3,-2
12,0,12
0,0,0
0,0,0
6,1,5
3,2,1
0,0,0
5,1,4
8,0,8
12,3,9
2,2,0
4,2,2
0,1,-1
1,0,1
5,5,0
15,2,13
4,1,3
0,0,0
28,42,-14
8,2,6
4,0,4
7,0,7
6,2,4
9,0,9
4,0,4
29,1,28
0,0,0
10,0,10
0,0,0
3,0,3
26,0,26
3,2,1
0,0,0
7,1,6
14,6,8
11,6,5
5,0,5
19,20,-1
9,5,4
27,0,27
3,1,2
0,0,0
0,0,0
2,1,1
1,0,1
5,2,3
7,0,7
1,0,1
30,1,29
5,14,-9
2,0,2
4,0,4
11,7,4
19,13,6
4,0,4
8,1,7
6,0,6
0,0,0
3,0,3
3,0,3
19,8,11
12,1,11
7,0,7
1,0,1
4,5,-1
14,0,14
0,0,0
0,0,0
4,0,4
17,0,17
1,0,1
6,0,6
7,0,7
0,2,-2
2,0,2
0,0,0
13,6,7
2,4,-2
13,4,9
1,0,1
2,0,2
0,0,0
2,1,1
3,2,1
5,44,-39
13,2,11
21,1,20
0,0,0
0,13,-13
0,1,-1
0,0,0
1,4,-3
9,0,9
4,0,4
3,6,-3
12,2,10
5,0,5
3,8,-5
13,0,13
14,18,-4
11,1,10
0,2,-2
16,3,13
1,0,1
1,0,1
0,0,0
0,0,0
0,3,-3
1,0,1
8,0,8
3,1,2
31,34,-3
0,0,0
0,1,-1
31,3,28
2,0,2
8,1,7
0,1,-1
3,5,-2
23,2,21
4,32,-28
5,1,4
0,0,0
35,2,33
1,0,1
0,0,0
6,1,5
23,0,23
5,2,3
1,1,0
9,4,5
12,1,11
7,1,6
1,0,1
0,0,0
3,6,-3
2,2,0
8,2,6
4,5,-1
0,0,0
1,0,1
2,0,2
3,5,-2
9,0,9
4,1,3
4,0,4
3,0,3
11,0,11
14,0,14
3,0,3
7,7,0
46,1,45
6,0,6
10,0,10
7,4,3
0,1,-1
10,0,10
15,0,15
0,0,0
1,0,1
26,1,25
2,1,1
1,4,-3
4,1,3
1,0,1
11,18,-7
2,1,1
1,4,-3
4,0,4
4,2,2
2,0,2
10,0,10
17,1,16
0,1,-1
3,2,1
1,0,1
0,0,0
3,0,3
1,1,0
4,1,3
8,6,2
0,0,0
54,7,47
0,2,-2
0,0,0
7,4,3
10,1,9
2,2,0
18,0,18
3,3,0
6,5,1
1,1,0
29,0,29
6,0,6
1,1,0
7,0,7
13,0,13
1,0,1
18,10,8
0,0,0
1,0,1
2,0,2
0,0,0
0,0,0
5,1,4
2,0,2
2,1,1
2,1,1
47,14,33
75,5,70
0,1,-1
9,0,9
7,4,3
9,1,8
0,0,0
5,1,4
11,0,11
0,0,0
18,7,11
12,1,11
0,0,0
29,0,29
5,0,5
7,0,7
0,2,-2
0,1,-1
12,22,-10
8,0,8
20,10,10
2,3,-1
2,1,1
9,0,9
0,0,0
4,1,3
1,1,0
13,4,9
2,0,2
9,0,9
5,1,4
1,2,-1
25,0,25
13,2,11
3,0,3
21,4,17
1,1,0
0,0,0
5,0,5
0,1,-1
0,2,-2
0,0,0
7,0,7
2,7,-5
4,0,4
14,0,14
3,3,0
0,0,0
0,0,0
7,2,5
0,2,-2
12,60,-48
37,16,21
0,5,-5
6,0,6
5,1,4
1,0,1
1,0,1
1,0,1
12,0,12
17,11,6
0,1,-1
0,4,-4
0,0,0
16,0,16
0,0,0
15,0,15
9,1,8
13,1,12
13,1,12
4,0,4
4,1,3
6,1,5
2,1,1
5,13,-8
21,16,5
1,0,1
7,3,4
29,1,28
1,1,0
13,2,11
2,2,0
1,0,1
6,0,6
5,34,-29
1,2,-1
4,2,2
0,0,0
13,2,11
15,7,8
0,1,-1
13,5,8
12,3,9
12,1,11
11,2,9
1,0,1
1,0,1
3,0,3
1,1,0
0,0,0
1,0,1
13,0,13
4,0,4
2,0,2
17,1,16
2,2,0
12,4,8
45,0,45
3,10,-7
2,0,2
11,1,10
3,0,3
10,13,-3
2,2,0
17,0,17
11,1,10
2,0,2
1,0,1
1,1,0
16,1,15
3,0,3
1,1,0
8,9,-1
4,0,4
22,0,22
1,0,1
23,2,21
2,0,2
20,2,18
2,2,0
15,2,13
2,0,2
17,19,-2
0,0,0
4,0,4
3,1,2
6,0,6
22,20,2
7,16,-9
1,1,0
1,4,-3
2,0,2
0,0,0
4,0,4
3,3,0
3,6,-3
3,3,0
0,0,0
0,3,-3
6,0,6
18,44,-26
0,1,-1
8,8,0
4,0,4
0,0,0
2,10,-8
0,0,0
0,2,-2
5,1,4
5,0,5
4,0,4
13,1,12
5,3,2
0,0,0
0,0,0
17,1,16
22,0,22
3,0,3
2,15,-13
15,0,15
5,0,5
0,2,-2
21,0,21
1,1,0
3,0,3
13,0,13
3,3,0
2,2,0
1,0,1
0,0,0
1,0,1
16,22,-6
0,0,0
11,4,7
5,0,5
0,1,-1
8,1,7
6,5,1
5,0,5
1,0,1
3,2,1
4,2,2
0,0,0
10,0,10
0,2,-2
8,4,4
3,0,3
5,4,1
16,0,16
5,2,3
21,1,20
26,0,26
3,1,2
7,4,3
33,21,12
8,0,8
3,5,-2
21,1,20
17,1,16
2,5,-3
1,0,1
4,3,1
0,0,0
19,0,19
4,0,4
5,3,2
2,0,2
4,6,-2
15,1,14
3,1,2
6,7,-1
1,1,0
1,0,1
3,0,3
6,0,6
5,2,3
5,1,4
0,0,0
8,14,-6
9,0,9
1,0,1
23,0,23
1,1,0
3,2,1
37,1,36
0,0,0
0,1,-1
22,14,8
9,0,9
3,0,3
8,1,7
0,0,0
9,0,9
2,4,-2
2,1,1
0,0,0
1,0,1
0,2,-2
0,0,0
0,0,0
48,0,48
9,0,9
0,0,0
0,0,0
0,0,0
5,29,-24
27,0,27
3,0,3
6,1,5
0,0,0
20,5,15
3,0,3
31,0,31
6,5,1
5,8,-3
0,2,-2
0,0,0
2,1,1
0,1,-1
2,1,1
0,0,0
5,0,5
1,0,1
11,1,10
0,0,0
22,12,10
9,0,9
2,0,2
3,2,1
10,4,6
1,0,1
1,2,-1
1,0,1
3,2,1
1,0,1
0,5,-5
12,1,11
0,0,0
1,1,0
3,0,3
11,12,-1
41,0,41
10,0,10
0,1,-1
4,0,4
3,0,3
9,6,3
1,6,-5
4,44,-40
6,1,5
0,0,0
2,0,2
1,0,1
50,2,48
6,4,2
6,13,-7
14,4,10
1,1,0
1,0,1
32,17,15
4,2,2
2,1,1
7,0,7
2,1,1
0,0,0
11,0,11
5,2,3
2,0,2
2,1,1
1,4,-3
5,6,-1
2,0,2
1,0,1
14,0,14
4,0,4
14,0,14
1,17,-16
0,1,-1
1,1,0
14,0,14
2,0,2
0,1,-1
8,6,2
10,5,5
2,1,1
0,8,-8
7,1,6
2,0,2
0,0,0
9,0,9
2,0,2
3,2,1
5,0,5
13,5,8
6,1,5
2,1,1
3,4,-1
8,2,6
3,0,3
0,0,0
5,1,4
2,1,1
10,2,8
6,1,5
11,50,-39
0,42,-42
9,1,8
2,6,-4
1,0,1
3,4,-1
11,0,11
16,0,16
4,0,4
6,0,6
5,5,0
0,0,0
0,0,0
0,1,-1
9,2,7
3,0,3
0,3,-3
2,1,1
13,2,11
14,0,14
4,2,2
3,8,-5
6,0,6
2,1,1
1,0,1
21,0,21
1,0,1
4,0,4
1,1,0
1,0,1
15,5,10
1,1,0
5,1,4
0,0,0
6,1,5
2,0,2
13,1,12
14,1,13
1,0,1
0,2,-2
1,0,1
0,0,0
0,0,0
11,23,-12
2,0,2
14,34,-20
36,28,8
33,0,33
0,0,0
37,4,33
8,2,6
7,2,5
0,0,0
1,1,0
7,0,7
16,44,-28
15,5,10
4,0,4
1,19,-18
0,0,0
0,0,0
68,8,60
19,2,17
1,0,1
10,0,10
10,2,8
16,0,16
4,0,4
2,55,-53
4,0,4
0,2,-2
0,0,0
1,0,1
5,0,5
2,0,2
1,0,1
0,0,0
4,0,4
0,0,0
26,0,26
8,1,7
12,0,12
0,0,0
1,0,1
1,1,0
3,6,-3
2,2,0
17,31,-14
3,8,-5
12,1,11
4,0,4
2,0,2
1,0,1
7,3,4
19,1,18
12,0,12
3,1,2
1,1,0
3,1,2
15,3,12
0,0,0
0,1,-1
6,4,2
3,0,3
5,0,5
8,0,8
21,1,20
2,1,1
6,1,5
10,0,10
0,7,-7
8,0,8
0,0,0
8,1,7
1,1,0
0,4,-4
0,0,0
24,1,23
4,1,3
3,0,3
3,4,-1
18,0,18
4,0,4
3,0,3
4,0,4
0,1,-1
9,0,9
23,4,19
0,0,0
0,0,0
0,0,0
14,3,11
0,0,0
1,1,0
11,1,10
8,0,8
1,2,-1
4,18,-14
0,1,-1
0,0,0
0,0,0
18,0,18
0,0,0
28,0,28
3,4,-1
5,1,4
5,14,-9
9,1,8
5,0,5
3,0,3
21,10,11
1,1,0
2,1,1
20,0,20
0,0,0
1,0,1
4,0,4
0,1,-1
1,0,1
12,2,10
3,0,3
0,0,0
7,0,7
2,3,-1
2,2,0
47,3,44
7,2,5
12,0,12
3,0,3
3,0,3
4,6,-2
4,0,4
0,3,-3
5,0,5
10,2,8
0,0,0
0,0,0
10,0,10
12,1,11
4,1,3
1,1,0
2,8,-6
2,0,2
6,1,5
3,1,2
6,0,6
2,18,-16
13,2,11
4,0,4
13,0,13
0,0,0
6,1,5
0,1,-1
19,0,19
3,6,-3
3,0,3
4,0,4
34,2,32
10,1,9
8,4,4
2,0,2
0,1,-1
17,0,17
3,7,-4
10,4,6
9,2,7
1,0,1
3,1,2
4,0,4
0,0,0
0,0,0
6,5,1
2,0,2
3,0,3
1,1,0
4,2,2
2,0,2
16,13,3
2,2,0
0,0,0
2,2,0
9,8,1
6,0,6
0,0,0
6,0,6
12,0,12
2,0,2
2,0,2
1,0,1
4,0,4
3,1,2
2,4,-2
2,1,1
7,2,5
1,0,1
2,0,2
29,0,29
14,1,13
0,0,0
0,0,0
1,0,1
1,6,-5
1,3,-2
2,3,-1
10,6,4
1,1,0
0,0,0
4,1,3
2,1,1
0,0,0
13,0,13
0,0,0
10,1,9
11,3,8
8,7,1
28,8,20
2,0,2
3,16,-13
4,1,3
11,1,10
39,2,37
5,0,5
4,2,2
5,0,5
8,0,8
0,5,-5
8,5,3
2,13,-11
0,0,0
0,0,0
1,0,1
2,0,2
8,0,8
0,11,-11
0,0,0
3,5,-2
2,13,-11
6,5,1
4,2,2
2,30,-28
4,3,1
1,0,1
1,2,-1
21,21,0
0,0,0
9,0,9
18,2,16
0,0,0
7,1,6
13,4,9
6,0,6
0,0,0
4,0,4
2,0,2
3,0,3
3,0,3
0,0,0
16,1,15
8,0,8
5,2,3
34,1,33
8,2,6
11,1,10
1,4,-3
4,0,4
3,1,2
84,10,74
6,0,6
24,7,17
0,0,0
1,13,-12
20,1,19
1,0,1
0,0,0
7,0,7
2,3,-1
14,1,13
11,22,-11
1,3,-2
7,0,7
1,3,-2
21,0,21
3,2,1
15,1,14
17,3,14
1,1,0
13,5,8
13,4,9
10,14,-4
12,4,8
5,1,4
0,0,0
7,15,-8
0,0,0
10,0,10
0,1,-1
5,9,-4
2,0,2
16,1,15
3,0,3
6,2,4
5,1,4
10,0,10
7,2,5
2,0,2
2,6,-4
0,0,0
1,1,0
3,0,3
0,0,0
20,11,9
4,2,2
2,1,1
0,2,-2
0,0,0
13,0,13
33,4,29
3,4,-1
20,2,18
5,6,-1
5,0,5
12,2,10
1,1,0
6,1,5
4,0,4
5,0,5
3,4,-1
26,0,26
3,2,1
54,50,4
13,1,12
4,4,0
1,0,1
19,11,8
2,1,1
9,1,8
4,3,1
13,2,11
5,0,5
15,8,7
0,0,0
13,9,4
3,3,0
3,0,3
1,0,1
1,0,1
45,38,7
13,1,12
0,0,0
11,2,9
2,0,2
8,3,5
5,2,3
5,0,5
0,0,0
0,0,0
4,6,-2
3,2,1
3,7,-4
0,1,-1
3,1,2
6,5,1
4,15,-11
0,4,-4
2,2,0
8,6,2
5,7,-2
2,0,2
3,4,-1
12,3,9
2,51,-49
10,4,6
10,2,8
6,0,6
3,0,3
30,0,30
1,5,-4
10,45,-35
4,0,4
0,0,0
3,2,1
3,1,2
0,0,0
8,0,8
1,0,1
0,0,0
1,5,-4
1,0,1
11,5,6
3,0,3
0,1,-1
4,0,4
13,7,6
10,1,9
2,1,1
1,0,1
0,0,0
0,0,0
12,6,6
2,6,-4
3,0,3
15,0,15
6,3,3
2,0,2
21,8,13
1,0,1
5,0,5
9,7,2
12,1,11
12,0,12
0,0,0
3,6,-3
5,17,-12
0,0,0
0,0,0
14,44,-30
0,1,-1
29,1,28
0,0,0
0,1,-1
17,3,14
1,2,-1
5,0,5
0,67,-67
0,1,-1
0,0,0
2,3,-1
8,1,7
4,3,1
13,1,12
0,0,0
7,0,7
3,1,2
0,0,0
6,0,6
2,1,1
1,0,1
2,0,2
0,1,-1
14,4,10
1,0,1
26,5,21
4,0,4
14,1,13
5,0,5
3,0,3
1,3,-2
3,0,3
13,5,8
5,0,5
0,0,0
10,1,9
7,7,0
7,2,5
14,1,13
0,0,0
1,0,1
6,0,6
2,19,-17
1,2,-1
0,0,0
4,0,4
1,0,1
44,7,37
3,0,3
0,0,0
0,0,0
20,0,20
9,4,5
18,19,-1
6,1,5
0,0,0
2,0,2
5,0,5
7,0,7
6,0,6
5,0,5
18,5,13
1,0,1
0,2,-2
17,0,17
39,2,37
0,0,0
15,22,-7
48,0,48
4,0,4
3,2,1
5,1,4
8,0,8
11,1,10
8,0,8
20,0,20
8,8,0
10,0,10
60,18,42
2,2,0
0,4,-4
7,3,4
6,2,4
0,0,0
2,5,-3
1,1,0
10,2,8
5,0,5
1,0,1
5,0,5
0,0,0
6,5,1
7,5,2
2,0,2
31,1,30
0,0,0
14,4,10
23,1,22
10,1,9
1,8,-7
2,1,1
2,1,1
2,0,2
0,2,-2
0,6,-6
1,0,1
1,0,1
12,9,3
8,0,8
6,0,6
5,0,5
0,0,0
16,0,16
2,34,-32
0,0,0
4,0,4
2,0,2
9,4,5
1,0,1
73,7,66
4,8,-4
5,0,5
6,5,1
0,1,-1
0,0,0
16,4,12
13,1,12
27,2,25
17,2,15
0,4,-4
12,2,10
0,2,-2
13,0,13
12,3,9
2,0,2
1,1,0
0,1,-1
0,0,0
2,2,0
3,0,3
9,1,8
0,0,0
0,0,0
2,1,1
1,0,1
3,2,1
6,6,0
2,3,-1
2,0,2
0,0,0
14,2,12
25,0,25
5,0,5
2,3,-1
21,42,-21
51,86,-35
0,0,0
38,0,38
0,0,0
0,0,0
11,1,10
0,0,0
1,0,1
0,0,0
26,0,26
58,41,17
0,1,-1
36,7,29
17,0,17
5,2,3
15,0,15
4,0,4
43,29,14
4,1,3
10,9,1
3,2,1
10,2,8
9,9,0
10,0,10
4,4,0
1,1,0
1,1,0
4,0,4
37,5,32
1,1,0
2,0,2
8,1,7
0,0,0
0,0,0
27,5,22
29,0,29
2,0,2
4,0,4
0,0,0
0,0,0
2,1,1
7,1,6
2,3,-1
9,7,2
47,14,33
1,0,1
6,0,6
0,0,0
4,0,4
1,2,-1
8,4,4
0,1,-1
5,5,0
4,0,4
1,1,0
1,6,-5
7,16,-9
14,4,10
3,2,1
12,1,11
44,4,40
2,2,0
2,2,0
0,0,0
3,1,2
3,2,1
1,0,1
3,5,-2
2,2,0
5,2,3
7,0,7
5,0,5
29,0,29
4,1,3
3,0,3
17,2,15
3,0,3
0,0,0
0,0,0
13,8,5
4,0,4
13,2,11
0,0,0
2,0,2
9,10,-1
6,0,6
5,53,-48
12,14,-2
0,0,0
3,0,3
4,0,4
0,1,-1
1,0,1
2,0,2
2,1,1
0,0,0
1,8,-7
1,4,-3
7,0,7
0,0,0
4,0,4
0,0,0
3,0,3
0,0,0
0,0,0
33,21,12
0,0,0
16,5,11
5,0,5
3,5,-2
0,4,-4
1,0,1
1,1,0
0,1,-1
1,0,1
10,0,10
0,0,0
3,0,3
6,0,6
2,1,1
0,0,0
3,0,3
51,29,22
10,1,9
2,0,2
11,0,11
9,1,8
0,7,-7
7,5,2
1,0,1
21,107,-86
0,4,-4
0,0,0
10,2,8
4,0,4
20,96,-76
1,2,-1
15,2,13
0,0,0
4,4,0
2,0,2
6,14,-8
17,1,16
1,2,-1
8,0,8
19,0,19
16,0,16
0,0,0
15,1,14
0,0,0
4,0,4
0,17,-17
0,0,0
3,0,3
59,14,45
11,61,-50
0,0,0
4,6,-2
1,0,1
0,0,0
0,2,-2
0,1,-1
1,0,1
1,1,0
2,11,-9
0,5,-5
8,15,-7
0,0,0
34,0,34
3,3,0
3,0,3
0,0,0
0,0,0
4,0,4
6,2,4
9,0,9
0,0,0
1,1,0
9,1,8
9,12,-3
9,0,9
8,0,8
3,0,3
5,3,2
3,0,3
31,21,10
2,2,0
2,1,1
22,1,21
6,2,4
0,2,-2
7,9,-2
25,2,23
6,0,6
8,0,8
0,0,0
7,5,2
2,0,2
9,6,3
0,1,-1
11,8,3
0,0,0
5,1,4
18,1,17
1,1,0
16,7,9
4,1,3
3,0,3
0,0,0
15,22,-7
5,13,-8
19,0,19
1,8,-7
12,5,7
3,0,3
0,1,-1
11,0,11
0,2,-2
0,0,0
1,2,-1
2,1,1
38,1,37
12,2,10
7,0,7
1,1,0
6,0,6
3,0,3
10,0,10
2,4,-2
32,1,31
2,0,2
8,4,4
18,0,18
1,11,-10
5,0,5
11,3,8
0,0,0
10,5,5
6,1,5
22,0,22
6,1,5
8,0,8
5,0,5
15,20,-5
8,0,8
0,0,0
17,64,-47
0,1,-1
0,0,0
5,4,1
1,2,-1
16,5,11
3,3,0
1,0,1
2,1,1
20,4,16
3,5,-2
7,1,6
0,5,-5
0,0,0
4,1,3
7,13,-6
0,0,0
4,2,2
5,0,5
4,1,3
0,0,0
0,1,-1
25,0,25
4,1,3
8,0,8
16,20,-4
15,2,13
4,0,4
5,7,-2
9,0,9
6,0,6
0,0,0
0,2,-2
46,0,46
3,1,2
0,0,0
3,0,3
9,17,-8
2,1,1
1,0,1
1,0,1
4,8,-4
3,0,3
0,0,0
0,0,0
3,2,1
0,0,0
1,0,1
7,0,7
4,3,1
10,10,0
4,11,-7
15,5,10
0,0,0
34,0,34
20,0,20
0,1,-1
23,1,22
0,0,0
4,0,4
5,1,4
17,0,17
6,0,6
0,2,-2
2,0,2
1,3,-2
0,0,0
0,1,-1
1,0,1
2,1,1
1,0,1
4,1,3
2,1,1
18,7,11
10,1,9
11,3,8
6,8,-2
1,2,-1
0,0,0
12,1,11
9,4,5
5,42,-37
0,0,0
14,1,13
6,2,4
3,3,0
0,1,-1
13,1,12
16,3,13
1,4,-3
1,0,1
2,2,0
8,0,8
6,1,5
42,5,37
3,0,3
8,3,5
7,0,7
7,4,3
4,1,3
5,1,4
7,0,7
0,0,0
3,2,1
14,8,6
6,1,5
1,2,-1
0,6,-6
8,1,7
13,1,12
0,12,-12
4,3,1
27,0,27
3,0,3
35,5,30
25,0,25
15,0,15
4,1,3
8,1,7
1,0,1
2,0,2
5,1,4
5,38,-33
1,2,-1
0,0,0
17,0,17
6,1,5
0,0,0
1,0,1
1,1,0
0,0,0
5,3,2
2,2,0
0,2,-2
0,2,-2
6,0,6
5,6,-1
3,1,2
7,0,7
22,7,15
0,1,-1
32,5,27
1,2,-1
0,0,0
6,26,-20
0,0,0
14,0,14
5,1,4
0,2,-2
0,0,0
1,1,0
9,17,-8
3,0,3
2,1,1
1,1,0
13,0,13
2,0,2
24,10,14
0,0,0
1,0,1
0,0,0
9,1,8
11,2,9
0,0,0
17,0,17
2,22,-20
2,0,2
37,0,37
17,1,16
7,2,5
14,5,9
2,0,2
5,1,4
0,0,0
1,2,-1
13,0,13
9,0,9
4,0,4
1,2,-1
0,0,0
9,2,7
44,1,43
2,1,1
4,0,4
0,1,-1
0,0,0
3,0,3
6,5,1
9,6,3
3,0,3
5,1,4
11,8,3
0,0,0
0,0,0
4,0,4
1,1,0
2,3,-1
10,1,9
2,2,0
2,0,2
22,2,20
4,1,3
2,4,-2
6,0,6
25,0,25
2,1,1
0,0,0
0,0,0
14,0,14
2,2,0
0,1,-1
5,2,3
0,5,-5
13,0,13
11,2,9
2,0,2
6,2,4
1,0,1
0,0,0
8,1,7
7,0,7
14,4,10
1,1,0
4,0,4
0,52,-52
2,2,0
1,0,1
0,0,0
1,0,1
0,0,0
0,5,-5
0,0,0
4,3,1
17,1,16
1,0,1
0,0,0
1,0,1
0,1,-1
1,0,1
1,1,0
3,6,-3
6,0,6
29,11,18
0,0,0
4,4,0
11,5,6
0,0,0
0,2,-2
0,0,0
8,0,8
18,2,16
1,1,0
17,3,14
2,1,1
7,10,-3
1,0,1
2,5,-3
0,0,0
4,0,4
4,0,4
10,0,10
8,5,3
8,2,6
0,2,-2
13,0,13
27,2,25
5,4,1
6,4,2
1,0,1
0,0,0
25,4,21
2,4,-2
11,1,10
4,0,4
5,3,2
6,11,-5
7,0,7
8,1,7
7,9,-2
32,4,28
4,0,4
11,1,10
16,2,14
14,1,13
20,1,19
1,0,1
2,6,-4
2,0,2
0,5,-5
17,5,12
0,1,-1
9,2,7
2,0,2
5,0,5
4,0,4
0,0,0
2,7,-5
3,2,1
6,2,4
0,0,0
1,0,1
13,1,12
3,2,1
4,0,4
2,7,-5
11,0,11
23,17,6
14,0,14
3,3,0
0,0,0
0,0,0
18,18,0
3,0,3
0,0,0
0,0,0
2,2,0
7,6,1
3,0,3
1,0,1
0,0,0
3,0,3
4,0,4
7,0,7
10,4,6
13,1,12
0,2,-2
2,1,1
6,2,4
8,1,7
6,0,6
7,0,7
9,5,4
16,1,15
1,5,-4
0,0,0
6,2,4
13,3,10
0,0,0
4,0,4
6,0,6
0,0,0
13,0,13
1,0,1
12,1,11
5,13,-8
28,15,13
6,13,-7
25,13,12
34,35,-1
3,0,3
0,0,0
0,0,0
16,0,16
4,0,4
8,9,-1
11,12,-1
0,0,0
3,0,3
10,10,0
16,1,15
2,4,-2
1,1,0
9,5,4
4,1,3
20,1,19
1,1,0
3,0,3
0,1,-1
0,0,0
0,0,0
2,1,1
9,9,0
5,0,5
0,0,0
3,3,0
1,0,1
7,4,3
1,0,1
2,3,-1
0,0,0
31,3,28
1,0,1
19,2,17
2,0,2
0,0,0
2,1,1
3,1,2
0,1,-1
4,0,4
0,0,0
0,1,-1
1,0,1
3,1,2
1,0,1
16,0,16
8,4,4
4,0,4
1,1,0
0,0,0
9,7,2
0,1,-1
8,13,-5
23,1,22
0,1,-1
19,0,19
10,1,9
3,0,3
27,0,27
0,1,-1
11,1,10
6,1,5
0,0,0
1,0,1
11,0,11
0,0,0
22,7,15
1,4,-3
0,1,-1
2,2,0
1,0,1
20,2,18
1,2,-1
0,0,0
6,5,1
6,0,6
8,1,7
9,0,9
43,1,42
7,5,2
0,0,0
10,20,-10
16,1,15
2,0,2
0,0,0
0,0,0
6,0,6
18,6,12
0,0,0
18,0,18
4,0,4
4,2,2
0,0,0
4,25,-21
3,4,-1
15,0,15
13,0,13
0,0,0
16,1,15
0,0,0
0,0,0
0,0,0
6,2,4
2,0,2
11,8,3
5,0,5
0,3,-3
0,1,-1
16,2,14
2,70,-68
5,6,-1
13,8,5
10,4,6
7,0,7
32,10,22
3,0,3
1,2,-1
3,0,3
4,0,4
1,1,0
3,4,-1
4,8,-4
0,0,0
3,1,2
2,1,1
23,20,3
0,0,0
21,1,20
5,2,3
8,3,5
12,3,9
5,0,5
12,0,12
0,1,-1
3,1,2
11,8,3
0,0,0
22,1,21
2,0,2
0,0,0
21,9,12
6,15,-9
9,1,8
10,33,-23
11,9,2
5,2,3
1,1,0
0,0,0
1,0,1
21,9,12
0,0,0
0,2,-2
11,2,9
1,0,1
36,0,36
3,1,2
21,4,17
14,13,1
0,2,-2
9,0,9
3,2,1
2,0,2
5,3,2
0,0,0
14,2,12
16,0,16
6,2,4
0,0,0
2,5,-3
2,34,-32
32,10,22
0,0,0
3,1,2
7,0,7
13,0,13
15,0,15
1,2,-1
31,27,4
5,1,4
7,1,6
0,0,0
18,6,12
2,1,1
2,0,2
4,1,3
1,1,0
3,0,3
4,1,3
10,0,10
2,1,1
7,4,3
7,1,6
0,0,0
6,0,6
5,54,-49
15,0,15
0,0,0
0,0,0
7,22,-15
65,65,0
7,2,5
24,4,20
6,0,6
3,1,2
22,0,22
3,5,-2
0,0,0
2,1,1
14,0,14
3,0,3
12,0,12
5,5,0
2,0,2
1,0,1
5,0,5
5,0,5
7,1,6
1,0,1
3,0,3
0,0,0
4,1,3
4,5,-1
1,5,-4
9,31,-22
0,1,-1
37,1,36
0,0,0
17,0,17
0,0,0
3,1,2
5,0,5
0,0,0
2,1,1
12,5,7
4,7,-3
19,0,19
1,1,0
8,0,8
0,0,0
3,0,3
0,0,0
0,0,0
13,0,13
6,4,2
2,0,2
2,0,2
1,0,1
0,0,0
0,0,0
5,2,3
16,0,16
6,1,5
4,0,4
7,2,5
9,9,0
10,8,2
8,1,7
6,2,4
3,3,0
3,3,0
2,4,-2
22,10,12
0,0,0
6,3,3
2,0,2
18,0,18
10,1,9
2,0,2
3,2,1
62,62,0
5,2,3
3,1,2
15,0,15
2,1,1
0,0,0
6,1,5
4,1,3
3,10,-7
1,1,0
20,2,18
4,0,4
5,5,0
13,2,11
0,0,0
2,0,2
8,0,8
0,0,0
7,6,1
0,0,0
6,0,6
1,0,1
3,1,2
1,0,1
0,0,0
4,0,4
6,0,6
5,0,5
2,0,2
2,2,0
0,1,-1
5,4,1
5,1,4
0,3,-3
0,0,0
1,1,0
4,2,2
2,0,2
12,3,9
10,1,9
11,1,10
0,0,0
2,2,0
0,0,0
3,0,3
5,0,5
1,0,1
2,1,1
2,0,2
23,1,22
8,33,-25
1,0,1
2,0,2
3,0,3
3,0,3
2,0,2
8,3,5
10,24,-14
2,1,1
9,5,4
1,0,1
6,0,6
0,0,0
6,3,3
8,0,8
1,0,1
2,2,0
3,1,2
2,0,2
0,0,0
0,0,0
4,3,1
21,0,21
17,2,15
10,5,5
3,1,2
1,2,-1
2,11,-9
6,3,3
5,1,4
0,3,-3
0,0,0
19,13,6
12,0,12
11,0,11
4,3,1
18,1,17
0,0,0
5,0,5
12,13,-1
0,0,0
25,9,16
4,8,-4
6,2,4
0,0,0
9,6,3
5,2,3
12,5,7
15,6,9
0,1,-1
6,0,6
3,1,2
2,0,2
90,5,85
4,0,4
0,0,0
15,0,15
0,0,0
8,0,8
5,33,-28
5,0,5
0,0,0
2,1,1
5,5,0
11,0,11
6,0,6
0,0,0
1,0,1
0,0,0
1,3,-2
0,0,0
1,0,1
5,2,3
2,0,2
7,0,7
13,18,-5
5,1,4
9,1,8
4,4,0
4,1,3
4,4,0
9,0,9
0,0,0
7,0,7
2,0,2
2,2,0
1,0,1
7,0,7
37,0,37
0,1,-1
9,2,7
11,0,11
2,9,-7
2,0,2
14,1,13
1,1,0
3,1,2
2,0,2
8,2,6
1,1,0
2,2,0
5,4,1
14,13,1
0,0,0
9,6,3
2,1,1
3,1,2
19,0,19
0,1,-1
4,0,4
5,0,5
0,2,-2
0,0,0
18,11,7
11,12,-1
4,0,4
23,0,23
1,0,1
0,0,0
4,0,4
18,6,12
14,4,10
3,11,-8
5,2,3
1,0,1
2,2,0
0,0,0
13,1,12
9,1,8
4,5,-1
74,74,0
6,0,6
24,14,10
0,1,-1
11,4,7
25,5,20
37,32,5
5,7,-2
12,7,5
0,0,0
0,0,0
1,1,0
0,0,0
1,5,-4
1,2,-1
21,20,1
0,0,0
4,0,4
1,0,1
6,2,4
0,0,0
0,3,-3
6,1,5
4,0,4
16,15,1
5,2,3
8,1,7
0,0,0
32,0,32
0,1,-1
7,1,6
11,10,1
3,1,2
0,0,0
11,0,11
1,0,1
0,1,-1
14,6,8
10,1,9
5,0,5
5,0,5
4,3,1
0,0,0
3,0,3
8,1,7
14,13,1
32,4,28
48,7,41
7,2,5
2,0,2
18,1,17
8,0,8
19,0,19
6,1,5
0,0,0
13,21,-8
0,1,-1
8,5,3
1,4,-3
0,1,-1
3,2,1
4,3,1
14,5,9
6,0,6
0,0,0
2,0,2
12,0,12
1,1,0
5,20,-15
0,0,0
9,3,6
0,0,0
7,0,7
24,0,24
0,0,0
0,2,-2
16,8,8
1,0,1
38,0,38
0,1,-1
0,4,-4
9,1,8
6,5,1
2,0,2
3,0,3
0,0,0
3,34,-31
1,0,1
2,0,2
5,3,2
2,1,1
7,1,6
3,1,2
19,1,18
0,0,0
1,2,-1
13,0,13
1,0,1
4,1,3
16,0,16
6,9,-3
11,2,9
14,5,9
0,0,0
2,1,1
10,0,10
9,14,-5
5,0,5
0,1,-1
6,5,1
0,4,-4
2,0,2
14,4,10
19,0,19
74,74,0
1,0,1
2,0,2
3,0,3
3,1,2
2,0,2
9,65,-56
0,2,-2
0,0,0
5,0,5
3,0,3
4,0,4
5,4,1
0,2,-2
6,0,6
9,2,7
4,2,2
4,0,4
0,13,-13
1,2,-1
1,2,-1
0,0,0
3,0,3
1,2,-1
1,0,1
1,0,1
2,1,1
12,0,12
14,0,14
2,1,1
10,11,-1
0,0,0
3,0,3
3,0,3
6,0,6
0,2,-2
5,1,4
3,2,1
0,0,0
1,1,0
7,0,7
1,0,1
4,1,3
6,0,6
7,3,4
0,2,-2
0,0,0
0,0,0
44,2,42
1,4,-3
14,18,-4
4,2,2
3,0,3
5,5,0
7,0,7
6,8,-2
3,0,3
3,2,1
7,0,7
32,0,32
1,1,0
16,48,-32
0,0,0
5,0,5
2,0,2
0,0,0
5,0,5
2,0,2
6,0,6
4,9,-5
4,3,1
8,3,5
6,0,6
3,0,3
1,2,-1
12,0,12
1,0,1
5,3,2
35,0,35
1,0,1
7,5,2
1,1,0
1,5,-4
1,1,0
4,71,-67
0,0,0
1,1,0
1,10,-9
9,0,9
7,0,7
9,1,8
0,0,0
4,0,4
0,0,0
0,0,0
14,0,14
2,0,2
9,8,1
70,2,68
10,17,-7
11,0,11
2,32,-30
4,0,4
8,8,0
1,0,1
9,6,3
0,0,0
16,2,14
1,1,0
5,0,5
0,0,0
1,0,1
34,46,-12
15,17,-2
4,1,3
21,1,20
0,0,0
4,5,-1
16,2,14
12,0,12
20,5,15
1,2,-1
2,0,2
3,0,3
9,6,3
3,0,3
32,0,32
5,0,5
27,2,25
12,1,11
0,0,0
1,1,0
0,0,0
5,0,5
1,3,-2
0,1,-1
24,1,23
2,3,-1
1,1,0
0,0,0
1,6,-5
3,3,0
5,0,5
6,0,6
15,0,15
6,0,6
1,0,1
4,0,4
1,0,1
1,3,-2
6,4,2
4,0,4
3,1,2
39,2,37
1,0,1
0,0,0
5,6,-1
2,0,2
7,18,-11
0,0,0
3,0,3
3,2,1
1,2,-1
1,1,0
1,1,0
16,3,13
0,0,0
6,4,2
3,1,2
10,11,-1
0,0,0
2,1,1
5,2,3
0,0,0
0,0,0
13,0,13
0,3,-3
2,0,2
4,4,0
2,0,2
0,0,0
0,1,-1
0,0,0
5,65,-60
2,2,0
11,0,11
0,0,0
0,0,0
0,0,0
13,2,11
1,0,1
1,0,1
0,0,0
1,0,1
3,0,3
32,0,32
8,2,6
5,2,3
16,53,-37
0,4,-4
1,0,1
5,0,5
20,1,19
4,1,3
2,2,0
0,4,-4
1,0,1
1,1,0
6,25,-19
3,1,2
2,3,-1
0,0,0
7,0,7
0,2,-2
0,0,0
8,1,7
12,0,12
2,2,0
0,2,-2
56,3,53
9,0,9
3,1,2
9,4,5
0,0,0
1,1,0
2,10,-8
1,7,-6
0,0,0
1,0,1
1,1,0
3,9,-6
4,5,-1
2,0,2
1,0,1
15,6,9
8,0,8
0,2,-2
9,8,1
2,1,1
2,0,2
2,4,-2
10,8,2
21,1,20
20,2,18
9,1,8
2,0,2
5,8,-3
31,1,30
14,1,13
15,5,10
6,0,6
3,1,2
10,4,6
8,1,7
1,0,1
14,0,14
28,1,27
7,0,7
2,1,1
1,1,0
0,0,0
2,0,2
31,31,0
0,1,-1
12,0,12
1,0,1
0,0,0
0,0,0
6,6,0
0,0,0
14,0,14
1,0,1
2,0,2
7,4,3
5,1,4
1,2,-1
1,0,1
6,0,6
0,0,0
0,1,-1
14,2,12
24,8,16
0,0,0
0,0,0
7,0,7
11,0,11
0,0,0
15,2,13
3,1,2
23,2,21
10,4,6
0,3,-3
64,1,63
2,1,1
5,1,4
28,1,27
6,1,5
4,0,4
13,0,13
1,1,0
5,1,4
1,0,1
7,1,6
1,1,0
