Actual,Predicted,Residuals
4,2,2
2,0,2
2,61,-59
0,0,0
2,0,2
9,0,9
23,0,23
0,0,0
15,5,10
8,3,5
0,2,-2
3,5,-2
6,9,-3
5,7,-2
2,0,2
2,9,-7
3,2,1
1,0,1
2,0,2
10,0,10
1,9,-8
1,0,1
1,5,-4
1,3,-2
2,0,2
22,7,15
10,7,3
10,0,10
6,1,5
8,1,7
5,0,5
7,0,7
0,0,0
0,0,0
3,0,3
5,5,0
8,0,8
0,0,0
2,0,2
11,0,11
3,0,3
1,0,1
4,0,4
0,0,0
8,22,-14
3,1,2
0,0,0
6,0,6
0,1,-1
31,27,4
1,0,1
2,0,2
8,0,8
0,38,-38
0,0,0
0,0,0
7,2,5
1,2,-1
4,1,3
1,3,-2
2,0,2
6,0,6
1,19,-18
4,0,4
7,5,2
8,0,8
5,0,5
0,0,0
2,0,2
2,3,-1
5,0,5
3,1,2
15,15,0
29,0,29
14,0,14
4,2,2
0,0,0
6,1,5
5,0,5
3,5,-2
17,73,-56
3,1,2
0,0,0
5,7,-2
0,0,0
2,3,-1
1,1,0
8,2,6
0,1,-1
2,0,2
20,23,-3
0,0,0
2,0,2
0,0,0
15,5,10
2,1,1
0,0,0
0,0,0
1,4,-3
6,0,6
10,5,5
20,13,7
10,0,10
22,41,-19
0,0,0
9,8,1
0,18,-18
2,2,0
4,4,0
1,0,1
3,3,0
3,0,3
0,1,-1
9,3,6
1,2,-1
5,0,5
1,1,0
3,1,2
10,0,10
7,10,-3
1,0,1
2,2,0
2,0,2
3,2,1
37,0,37
0,0,0
12,0,12
9,3,6
0,0,0
0,3,-3
47,47,0
3,0,3
11,2,9
0,0,0
40,0,40
36,45,-9
6,3,3
20,2,18
8,2,6
6,0,6
6,0,6
9,1,8
1,0,1
5,4,1
28,12,16
2,0,2
1,2,-1
4,0,4
23,2,21
1,0,1
8,0,8
21,8,13
12,8,4
2,5,-3
4,0,4
0,0,0
4,0,4
2,0,2
5,2,3
5,3,2
6,9,-3
11,7,4
2,2,0
3,26,-23
7,19,-12
12,1,11
3,0,3
1,0,1
4,0,4
2,2,0
11,2,9
19,5,14
2,0,2
12,0,12
20,1,19
0,10,-10
8,6,2
0,0,0
5,8,-3
2,45,-43
2,0,2
3,0,3
2,15,-13
15,1,14
1,0,1
0,0,0
6,1,5
5,6,-1
5,4,1
5,1,4
5,0,5
1,0,1
2,0,2
5,0,5
6,0,6
9,0,9
41,23,18
13,0,13
1,5,-4
0,0,0
1,0,1
17,3,14
6,0,6
0,1,-1
15,0,15
6,13,-7
14,3,11
0,0,0
2,0,2
0,1,-1
12,3,9
6,9,-3
8,2,6
0,0,0
1,0,1
3,3,0
16,15,1
0,0,0
6,1,5
21,11,10
4,0,4
1,0,1
58,41,17
13,15,-2
4,5,-1
31,23,8
3,2,1
2,5,-3
0,0,0
7,3,4
3,1,2
4,2,2
3,0,3
9,0,9
1,9,-8
17,15,2
3,2,1
4,1,3
13,7,6
0,0,0
0,0,0
2,1,1
6,6,0
8,0,8
9,6,3
0,0,0
1,1,0
3,0,3
36,28,8
13,0,13
7,7,0
8,1,7
8,0,8
0,0,0
2,4,-2
3,0,3
2,2,0
3,2,1
8,7,1
4,7,-3
16,18,-2
19,2,17
0,0,0
3,0,3
6,11,-5
4,1,3
0,0,0
4,6,-2
1,5,-4
11,5,6
10,27,-17
1,0,1
6,25,-19
13,15,-2
4,0,4
17,28,-11
5,0,5
8,10,-2
2,5,-3
0,0,0
7,25,-18
26,21,5
1,1,0
11,11,0
9,0,9
0,2,-2
21,10,11
0,2,-2
0,0,0
8,0,8
2,0,2
0,1,-1
6,2,4
1,8,-7
4,2,2
7,0,7
6,2,4
0,0,0
0,1,-1
3,2,1
0,0,0
1,0,1
29,20,9
3,3,0
4,2,2
0,0,0
2,0,2
9,2,7
0,0,0
0,1,-1
11,4,7
2,0,2
4,3,1
6,14,-8
13,7,6
1,0,1
35,0,35
6,21,-15
9,0,9
4,0,4
2,0,2
3,1,2
11,0,11
1,1,0
3,2,1
1,5,-4
0,0,0
2,3,-1
17,0,17
15,4,11
1,0,1
0,0,0
8,7,1
3,4,-1
6,0,6
19,1,18
5,3,2
5,35,-30
23,0,23
7,1,6
0,0,0
15,0,15
4,0,4
12,0,12
1,1,0
10,5,5
2,0,2
3,0,3
19,3,16
5,15,-10
9,3,6
1,1,0
7,39,-32
9,10,-1
1,5,-4
1,0,1
8,6,2
0,0,0
4,4,0
0,0,0
0,0,0
3,9,-6
3,4,-1
0,5,-5
0,2,-2
1,1,0
9,1,8
9,0,9
11,14,-3
3,1,2
3,8,-5
8,6,2
16,5,11
31,6,25
2,4,-2
1,1,0
10,0,10
0,0,0
7,4,3
2,1,1
0,0,0
4,2,2
11,4,7
2,1,1
2,0,2
0,2,-2
1,11,-10
3,0,3
5,8,-3
18,10,8
1,1,0
3,10,-7
3,0,3
7,0,7
9,1,8
0,1,-1
7,2,5
7,1,6
90,0,90
0,7,-7
8,1,7
6,2,4
3,6,-3
20,16,4
3,2,1
1,5,-4
0,0,0
1,1,0
2,0,2
0,0,0
32,20,12
4,0,4
5,0,5
13,3,10
0,1,-1
3,0,3
4,2,2
3,10,-7
3,0,3
0,1,-1
2,0,2
3,8,-5
1,10,-9
12,0,12
0,1,-1
3,3,0
15,9,6
0,2,-2
2,1,1
2,1,1
15,0,15
34,5,29
22,7,15
5,5,0
0,0,0
2,0,2
6,7,-1
1,8,-7
2,0,2
5,1,4
4,4,0
0,1,-1
3,0,3
0,0,0
9,4,5
0,5,-5
4,10,-6
2,5,-3
2,10,-8
0,10,-10
4,7,-3
3,0,3
0,0,0
1,4,-3
1,0,1
3,7,-4
6,0,6
0,0,0
3,0,3
0,11,-11
12,1,11
1,0,1
12,7,5
0,0,0
0,0,0
8,2,6
7,4,3
2,2,0
12,3,9
9,3,6
3,0,3
2,0,2
2,0,2
33,50,-17
11,5,6
13,0,13
0,0,0
19,2,17
3,0,3
7,2,5
28,5,23
2,15,-13
23,5,18
6,0,6
1,1,0
0,0,0
3,0,3
0,0,0
2,9,-7
3,0,3
1,0,1
3,7,-4
7,1,6
0,0,0
1,0,1
0,0,0
15,0,15
1,1,0
1,10,-9
6,5,1
0,2,-2
3,3,0
0,0,0
5,0,5
18,0,18
0,0,0
3,0,3
5,0,5
6,1,5
2,0,2
1,0,1
0,0,0
4,0,4
1,0,1
17,1,16
6,7,-1
0,3,-3
8,0,8
4,4,0
24,1,23
29,3,26
0,0,0
4,57,-53
9,8,1
19,3,16
1,3,-2
9,0,9
1,1,0
0,0,0
43,2,41
5,0,5
3,0,3
11,2,9
5,6,-1
8,0,8
4,0,4
8,0,8
27,4,23
2,4,-2
11,7,4
0,0,0
1,2,-1
9,1,8
0,0,0
6,0,6
4,7,-3
0,0,0
10,8,2
6,2,4
0,0,0
5,0,5
0,0,0
5,0,5
2,0,2
2,0,2
4,10,-6
2,0,2
9,5,4
0,0,0
1,7,-6
0,0,0
9,7,2
0,2,-2
5,3,2
5,0,5
0,3,-3
2,0,2
2,2,0
3,2,1
10,20,-10
18,0,18
0,2,-2
1,1,0
13,11,2
0,0,0
3,0,3
25,2,23
11,0,11
0,7,-7
3,1,2
7,1,6
4,13,-9
1,0,1
0,0,0
1,1,0
58,20,38
6,1,5
19,7,12
1,11,-10
5,6,-1
11,17,-6
3,1,2
25,2,23
18,2,16
7,2,5
2,4,-2
10,12,-2
5,0,5
1,0,1
3,8,-5
9,3,6
0,2,-2
0,0,0
3,1,2
0,4,-4
2,0,2
0,0,0
1,3,-2
9,6,3
3,3,0
3,2,1
10,11,-1
2,0,2
1,3,-2
1,0,1
0,1,-1
9,7,2
6,6,0
1,6,-5
2,0,2
0,0,0
0,2,-2
7,2,5
1,1,0
12,6,6
2,6,-4
0,0,0
2,2,0
9,2,7
4,1,3
8,5,3
0,1,-1
0,0,0
6,0,6
9,6,3
1,0,1
11,0,11
2,0,2
21,21,0
0,0,0
10,2,8
3,2,1
2,7,-5
3,22,-19
33,20,13
4,3,1
0,0,0
6,0,6
0,0,0
8,21,-13
6,6,0
0,0,0
2,1,1
6,7,-1
9,2,7
5,0,5
2,0,2
4,4,0
1,0,1
2,0,2
3,1,2
3,0,3
5,6,-1
1,1,0
0,0,0
1,1,0
15,52,-37
8,0,8
10,7,3
7,0,7
2,3,-1
0,0,0
32,0,32
6,1,5
12,2,10
6,7,-1
23,23,0
2,11,-9
10,13,-3
43,0,43
0,1,-1
2,7,-5
2,7,-5
6,1,5
3,0,3
17,24,-7
15,9,6
5,1,4
18,16,2
5,7,-2
2,0,2
3,0,3
9,1,8
2,2,0
0,0,0
3,3,0
8,9,-1
8,2,6
0,0,0
0,0,0
5,2,3
3,3,0
5,22,-17
0,2,-2
4,0,4
18,1,17
1,1,0
1,0,1
0,0,0
1,0,1
0,1,-1
1,0,1
0,0,0
5,4,1
105,5,100
0,0,0
12,0,12
7,0,7
0,2,-2
0,3,-3
2,1,1
8,0,8
5,9,-4
1,10,-9
2,1,1
1,6,-5
4,2,2
2,1,1
35,21,14
1,2,-1
1,1,0
11,4,7
47,48,-1
4,0,4
16,0,16
7,1,6
6,4,2
5,1,4
20,2,18
0,0,0
0,0,0
0,2,-2
10,0,10
25,16,9
2,1,1
7,7,0
24,0,24
36,0,36
45,19,26
6,23,-17
4,0,4
2,0,2
5,0,5
31,2,29
4,0,4
3,7,-4
16,4,12
1,0,1
12,1,11
0,0,0
0,0,0
7,3,4
0,0,0
0,1,-1
0,2,-2
0,0,0
15,0,15
0,0,0
0,0,0
9,3,6
2,0,2
4,7,-3
4,0,4
17,0,17
0,0,0
2,0,2
4,2,2
7,4,3
10,2,8
3,0,3
0,0,0
3,0,3
0,0,0
0,0,0
17,2,15
0,0,0
0,1,-1
15,1,14
1,1,0
6,50,-44
15,8,7
0,0,0
9,3,6
5,3,2
6,0,6
0,0,0
11,15,-4
16,6,10
1,0,1
1,0,1
1,1,0
2,0,2
1,1,0
2,1,1
4,0,4
5,0,5
24,0,24
6,0,6
2,1,1
1,1,0
3,2,1
4,6,-2
3,7,-4
0,1,-1
1,7,-6
5,0,5
0,0,0
0,0,0
13,7,6
0,2,-2
10,0,10
0,0,0
2,2,0
7,1,6
2,2,0
0,0,0
1,3,-2
5,0,5
0,5,-5
11,7,4
0,19,-19
14,3,11
0,0,0
29,29,0
3,0,3
7,0,7
6,5,1
1,0,1
2,0,2
15,9,6
7,7,0
1,0,1
0,0,0
1,1,0
0,2,-2
2,8,-6
1,0,1
1,0,1
5,2,3
2,5,-3
18,0,18
1,0,1
5,4,1
2,0,2
6,0,6
0,0,0
4,12,-8
2,1,1
0,7,-7
28,28,0
1,0,1
4,2,2
3,10,-7
4,0,4
5,3,2
6,4,2
5,0,5
0,0,0
0,0,0
25,4,21
3,3,0
8,15,-7
1,4,-3
0,3,-3
0,0,0
18,0,18
0,5,-5
2,2,0
4,0,4
6,0,6
1,0,1
1,3,-2
3,1,2
1,0,1
0,3,-3
0,0,0
4,0,4
27,15,12
3,0,3
14,2,12
8,12,-4
5,0,5
25,11,14
2,1,1
10,5,5
1,0,1
11,0,11
6,2,4
1,0,1
10,37,-27
0,0,0
4,0,4
8,0,8
0,0,0
1,0,1
6,0,6
1,19,-18
9,3,6
2,1,1
2,0,2
7,7,0
12,0,12
12,4,8
13,6,7
27,13,14
2,3,-1
0,0,0
2,5,-3
7,0,7
8,6,2
2,0,2
7,7,0
5,2,3
7,2,5
6,1,5
0,0,0
2,0,2
6,0,6
3,0,3
4,9,-5
16,0,16
7,1,6
10,0,10
7,0,7
4,26,-22
64,7,57
2,0,2
7,0,7
3,5,-2
1,1,0
1,4,-3
2,0,2
0,0,0
0,1,-1
19,0,19
1,0,1
0,0,0
4,6,-2
3,0,3
10,11,-1
0,0,0
3,0,3
7,2,5
10,6,4
47,1,46
0,0,0
4,0,4
3,1,2
0,0,0
1,0,1
22,1,21
5,0,5
0,0,0
2,0,2
0,0,0
21,2,19
32,0,32
5,2,3
19,6,13
8,7,1
3,6,-3
13,9,4
6,5,1
11,0,11
22,0,22
5,5,0
3,7,-4
6,6,0
11,6,5
2,2,0
2,2,0
1,0,1
23,5,18
9,0,9
1,1,0
0,0,0
10,0,10
20,5,15
0,0,0
45,6,39
2,0,2
0,0,0
29,1,28
0,0,0
0,0,0
11,11,0
0,0,0
21,1,20
15,0,15
0,2,-2
8,9,-1
1,0,1
4,1,3
12,0,12
0,0,0
8,0,8
0,0,0
1,0,1
2,2,0
4,0,4
0,0,0
11,7,4
3,2,1
35,9,26
2,0,2
0,5,-5
10,0,10
6,1,5
2,0,2
3,0,3
1,0,1
1,6,-5
5,2,3
1,1,0
11,5,6
1,2,-1
33,1,32
25,39,-14
0,0,0
0,0,0
0,2,-2
5,11,-6
4,3,1
1,0,1
13,6,7
4,1,3
4,7,-3
6,2,4
32,11,21
2,0,2
1,2,-1
3,73,-70
1,27,-26
12,0,12
0,0,0
19,78,-59
3,0,3
8,0,8
8,1,7
0,0,0
16,4,12
0,0,0
7,0,7
4,1,3
7,0,7
1,0,1
11,7,4
19,1,18
6,10,-4
32,29,3
3,0,3
8,16,-8
4,3,1
20,4,16
1,0,1
1,0,1
16,0,16
3,0,3
5,0,5
6,0,6
3,8,-5
3,6,-3
19,1,18
2,7,-5
1,0,1
1,0,1
1,0,1
8,7,1
1,0,1
6,12,-6
12,0,12
7,0,7
13,13,0
10,0,10
12,3,9
0,0,0
22,51,-29
0,0,0
23,43,-20
2,2,0
10,4,6
6,0,6
9,2,7
4,3,1
14,1,13
0,0,0
10,0,10
16,34,-18
4,1,3
0,26,-26
5,8,-3
7,0,7
0,1,-1
1,2,-1
8,4,4
0,0,0
0,0,0
0,0,0
12,0,12
1,3,-2
0,0,0
13,2,11
6,1,5
9,0,9
0,2,-2
1,1,0
2,0,2
29,8,21
5,0,5
10,0,10
0,10,-10
17,5,12
7,3,4
6,3,3
4,2,2
0,0,0
0,0,0
4,1,3
7,9,-2
6,1,5
7,2,5
19,4,15
6,1,5
3,3,0
0,0,0
9,14,-5
0,1,-1
3,1,2
5,0,5
0,0,0
16,0,16
0,8,-8
29,1,28
1,1,0
1,5,-4
4,0,4
0,4,-4
2,4,-2
3,0,3
5,3,2
2,15,-13
6,0,6
3,0,3
6,3,3
0,0,0
2,3,-1
11,0,11
3,7,-4
0,0,0
4,9,-5
2,2,0
13,0,13
0,0,0
0,0,0
0,0,0
0,0,0
4,0,4
1,0,1
2,2,0
5,0,5
3,2,1
0,2,-2
1,0,1
5,7,-2
1,0,1
6,7,-1
2,1,1
6,0,6
1,0,1
0,0,0
5,0,5
1,7,-6
2,0,2
0,1,-1
7,9,-2
7,7,0
44,1,43
2,4,-2
0,1,-1
5,2,3
1,0,1
11,19,-8
19,0,19
0,0,0
0,4,-4
1,9,-8
25,4,21
0,0,0
0,1,-1
5,0,5
1,6,-5
1,1,0
4,1,3
21,3,18
8,2,6
2,1,1
8,6,2
1,0,1
13,0,13
0,1,-1
0,0,0
2,11,-9
9,14,-5
5,1,4
16,1,15
0,2,-2
5,5,0
4,101,-97
3,0,3
7,8,-1
2,3,-1
1,2,-1
8,0,8
5,2,3
80,80,0
58,0,58
1,2,-1
4,1,3
5,3,2
3,0,3
9,0,9
2,5,-3
5,0,5
1,8,-7
21,7,14
8,0,8
1,0,1
8,1,7
13,2,11
13,0,13
10,0,10
1,0,1
8,2,6
0,4,-4
7,15,-8
0,4,-4
1,0,1
3,0,3
3,0,3
15,1,14
0,12,-12
7,2,5
2,1,1
1,2,-1
1,21,-20
23,5,18
0,0,0
1,2,-1
6,1,5
5,5,0
9,1,8
0,0,0
10,6,4
6,2,4
4,1,3
25,1,24
1,0,1
1,0,1
0,0,0
0,0,0
5,2,3
10,0,10
27,0,27
10,1,9
7,7,0
0,0,0
12,2,10
3,0,3
2,3,-1
5,4,1
12,6,6
12,0,12
0,0,0
29,29,0
1,0,1
6,9,-3
5,2,3
2,1,1
1,5,-4
2,0,2
3,0,3
6,1,5
3,2,1
19,1,18
9,0,9
3,3,0
0,0,0
0,0,0
5,0,5
1,0,1
8,0,8
17,17,0
0,1,-1
2,0,2
0,0,0
7,1,6
9,0,9
13,7,6
7,1,6
1,0,1
2,0,2
2,0,2
7,0,7
55,7,48
2,0,2
34,16,18
13,5,8
3,7,-4
0,4,-4
4,0,4
0,2,-2
0,0,0
1,2,-1
11,3,8
6,6,0
1,0,1
10,9,1
0,3,-3
0,0,0
11,14,-3
8,0,8
16,7,9
4,1,3
12,2,10
0,0,0
0,0,0
1,0,1
2,1,1
1,0,1
87,69,18
3,6,-3
5,0,5
0,0,0
3,1,2
6,9,-3
51,2,49
5,9,-4
3,14,-11
1,5,-4
3,0,3
0,9,-9
0,10,-10
1,0,1
0,6,-6
2,2,0
0,3,-3
6,3,3
19,8,11
6,4,2
13,7,6
7,1,6
3,4,-1
7,0,7
4,0,4
6,0,6
0,0,0
3,0,3
4,0,4
8,2,6
27,23,4
34,5,29
0,0,0
12,6,6
14,7,7
3,0,3
1,3,-2
1,0,1
0,1,-1
5,2,3
10,1,9
17,1,16
6,0,6
2,0,2
7,1,6
6,6,0
25,0,25
8,7,1
0,0,0
0,4,-4
0,0,0
11,0,11
2,51,-49
1,0,1
12,1,11
18,0,18
2,9,-7
0,0,0
10,9,1
2,0,2
1,0,1
17,0,17
3,0,3
9,2,7
27,8,19
5,47,-42
5,0,5
1,2,-1
0,8,-8
6,0,6
2,3,-1
31,30,1
0,0,0
6,20,-14
5,0,5
0,0,0
5,7,-2
0,2,-2
3,7,-4
0,1,-1
0,0,0
0,16,-16
5,0,5
9,9,0
5,3,2
1,2,-1
19,1,18
1,7,-6
13,0,13
0,0,0
0,0,0
5,7,-2
12,27,-15
1,3,-2
3,3,0
1,10,-9
38,20,18
7,7,0
12,7,5
10,10,0
2,0,2
2,18,-16
0,3,-3
12,9,3
1,0,1
4,4,0
0,0,0
4,0,4
3,1,2
17,3,14
4,1,3
20,12,8
0,0,0
6,1,5
0,0,0
57,0,57
8,6,2
5,0,5
7,0,7
3,5,-2
9,6,3
8,0,8
1,1,0
0,1,-1
14,1,13
5,5,0
10,2,8
3,0,3
3,0,3
2,0,2
2,0,2
10,6,4
0,0,0
14,0,14
5,2,3
9,2,7
1,0,1
16,4,12
3,2,1
5,0,5
7,0,7
4,0,4
1,0,1
1,0,1
0,0,0
6,4,2
2,0,2
1,0,1
12,8,4
2,0,2
0,0,0
1,8,-7
3,8,-5
17,17,0
0,0,0
4,2,2
15,7,8
3,0,3
0,0,0
2,0,2
24,0,24
20,6,14
6,7,-1
0,0,0
8,8,0
2,0,2
0,0,0
8,5,3
6,1,5
0,0,0
20,0,20
0,0,0
4,0,4
6,0,6
8,0,8
6,7,-1
1,1,0
2,0,2
6,9,-3
49,6,43
0,0,0
5,0,5
1,0,1
8,7,1
20,6,14
13,13,0
0,0,0
18,0,18
11,2,9
2,0,2
1,0,1
0,0,0
0,0,0
9,0,9
1,0,1
9,0,9
9,7,2
0,0,0
7,1,6
5,0,5
1,1,0
7,0,7
9,1,8
3,2,1
18,2,16
18,3,15
15,32,-17
12,1,11
13,2,11
4,0,4
0,0,0
5,7,-2
8,10,-2
12,5,7
1,4,-3
5,7,-2
0,0,0
2,0,2
0,0,0
1,6,-5
8,1,7
29,25,4
27,15,12
0,0,0
12,8,4
0,0,0
2,0,2
0,1,-1
3,0,3
7,0,7
7,7,0
7,0,7
0,0,0
1,0,1
5,4,1
0,0,0
0,0,0
0,2,-2
7,3,4
1,1,0
8,12,-4
2,2,0
2,0,2
33,2,31
12,5,7
0,5,-5
10,5,5
4,4,0
2,2,0
11,5,6
8,12,-4
11,0,11
0,0,0
0,0,0
9,1,8
29,0,29
0,0,0
0,0,0
4,0,4
9,0,9
3,0,3
3,9,-6
9,0,9
23,3,20
0,0,0
0,0,0
10,2,8
11,0,11
5,0,5
2,0,2
2,0,2
1,0,1
0,0,0
0,7,-7
4,0,4
0,0,0
1,0,1
24,2,22
0,1,-1
3,0,3
7,10,-3
36,21,15
1,1,0
6,0,6
3,1,2
5,4,1
0,1,-1
34,33,1
10,2,8
13,20,-7
26,17,9
33,5,28
5,7,-2
6,1,5
2,0,2
14,8,6
3,1,2
14,0,14
1,1,0
4,58,-54
5,0,5
16,6,10
39,1,38
3,0,3
2,0,2
0,0,0
0,1,-1
0,0,0
8,2,6
1,1,0
5,0,5
0,0,0
25,39,-14
1,0,1
30,0,30
7,4,3
9,0,9
3,0,3
8,5,3
0,0,0
0,7,-7
4,11,-7
9,10,-1
2,7,-5
1,0,1
1,6,-5
3,0,3
0,0,0
14,19,-5
3,4,-1
0,2,-2
6,5,1
0,0,0
4,2,2
2,0,2
3,5,-2
9,5,4
0,0,0
1,2,-1
1,7,-6
5,0,5
18,32,-14
0,14,-14
6,0,6
17,0,17
2,0,2
34,15,19
4,6,-2
10,3,7
1,0,1
1,0,1
3,0,3
23,2,21
4,0,4
1,1,0
0,1,-1
0,2,-2
2,1,1
9,1,8
2,0,2
1,0,1
4,9,-5
2,1,1
1,3,-2
0,0,0
7,2,5
7,9,-2
1,0,1
0,0,0
2,2,0
2,2,0
4,9,-5
1,0,1
12,0,12
6,8,-2
3,1,2
0,0,0
2,4,-2
0,6,-6
1,4,-3
19,0,19
10,1,9
11,9,2
0,0,0
4,0,4
1,0,1
2,0,2
9,6,3
3,2,1
3,0,3
1,1,0
2,1,1
0,0,0
0,0,0
0,0,0
2,4,-2
2,10,-8
0,0,0
72,21,51
2,0,2
4,0,4
13,6,7
0,0,0
0,0,0
7,2,5
1,17,-16
11,0,11
8,8,0
5,0,5
1,1,0
1,0,1
14,7,7
2,2,0
10,5,5
19,17,2
1,0,1
0,0,0
14,8,6
3,0,3
10,3,7
3,0,3
22,13,9
4,3,1
1,1,0
2,0,2
9,2,7
31,50,-19
6,0,6
31,14,17
0,0,0
1,2,-1
3,1,2
2,0,2
0,0,0
4,71,-67
0,0,0
8,0,8
3,3,0
2,0,2
3,5,-2
2,0,2
5,0,5
1,1,0
7,3,4
0,3,-3
2,0,2
1,0,1
6,9,-3
18,9,9
6,4,2
3,1,2
6,0,6
1,0,1
8,0,8
29,24,5
1,12,-11
4,0,4
3,3,0
3,3,0
2,1,1
3,1,2
3,2,1
0,4,-4
2,3,-1
0,0,0
2,1,1
18,0,18
0,0,0
4,2,2
2,2,0
10,14,-4
1,0,1
2,9,-7
11,0,11
1,0,1
3,0,3
23,7,16
17,4,13
3,7,-4
4,1,3
0,0,0
1,0,1
1,0,1
2,1,1
0,14,-14
40,3,37
0,0,0
2,4,-2
0,6,-6
1,9,-8
4,4,0
30,15,15
0,0,0
0,0,0
5,2,3
10,3,7
24,0,24
24,1,23
1,1,0
6,2,4
10,2,8
6,5,1
1,0,1
8,0,8
17,9,8
2,0,2
12,3,9
7,14,-7
0,0,0
3,1,2
5,1,4
32,14,18
18,0,18
41,50,-9
0,0,0
0,1,-1
2,5,-3
11,0,11
6,15,-9
0,2,-2
7,4,3
0,2,-2
15,5,10
1,2,-1
16,0,16
0,0,0
6,9,-3
36,14,22
5,0,5
2,0,2
15,7,8
13,5,8
2,2,0
5,5,0
5,6,-1
1,0,1
4,0,4
9,1,8
3,0,3
0,1,-1
0,0,0
6,0,6
0,6,-6
2,0,2
2,2,0
15,1,14
0,0,0
4,7,-3
15,3,12
1,1,0
18,34,-16
6,0,6
14,1,13
6,5,1
3,15,-12
1,5,-4
0,1,-1
0,0,0
2,1,1
0,2,-2
4,2,2
2,0,2
8,2,6
3,4,-1
0,3,-3
0,0,0
13,24,-11
9,4,5
3,0,3
47,20,27
0,2,-2
5,2,3
0,0,0
2,5,-3
9,10,-1
0,0,0
34,0,34
4,5,-1
2,0,2
0,0,0
0,2,-2
11,0,11
5,14,-9
1,0,1
2,0,2
20,16,4
3,0,3
0,7,-7
13,0,13
1,6,-5
10,4,6
1,0,1
12,1,11
0,0,0
0,0,0
6,24,-18
25,0,25
11,7,4
18,15,3
5,2,3
7,0,7
0,3,-3
2,0,2
23,33,-10
5,5,0
0,0,0
2,0,2
0,1,-1
11,1,10
0,7,-7
14,4,10
4,0,4
7,4,3
14,7,7
2,0,2
1,0,1
6,3,3
8,1,7
4,2,2
0,37,-37
0,0,0
5,7,-2
5,3,2
0,0,0
4,2,2
5,0,5
4,4,0
13,0,13
0,26,-26
1,0,1
21,3,18
25,4,21
1,0,1
0,0,0
2,0,2
45,2,43
8,7,1
1,7,-6
0,10,-10
0,0,0
0,4,-4
39,37,2
9,2,7
75,19,56
1,1,0
1,0,1
1,0,1
8,2,6
1,0,1
0,1,-1
21,3,18
7,0,7
0,0,0
4,5,-1
9,5,4
0,0,0
3,5,-2
23,71,-48
18,0,18
3,0,3
5,6,-1
4,0,4
0,0,0
3,2,1
0,4,-4
0,0,0
5,0,5
3,0,3
1,0,1
12,8,4
0,0,0
4,0,4
8,0,8
5,0,5
7,4,3
3,2,1
6,5,1
0,0,0
16,7,9
3,4,-1
6,0,6
2,2,0
7,0,7
11,0,11
0,0,0
3,2,1
39,55,-16
1,0,1
4,10,-6
13,16,-3
0,2,-2
0,0,0
0,0,0
7,1,6
5,1,4
3,0,3
19,0,19
0,0,0
0,0,0
2,1,1
3,5,-2
31,24,7
6,0,6
3,0,3
0,1,-1
0,2,-2
35,15,20
0,1,-1
1,1,0
2,0,2
17,0,17
3,0,3
0,0,0
3,0,3
10,14,-4
7,7,0
9,8,1
4,0,4
46,13,33
6,14,-8
2,0,2
0,0,0
1,0,1
1,0,1
2,0,2
3,1,2
2,2,0
0,0,0
0,1,-1
1,2,-1
20,0,20
0,0,0
10,8,2
12,7,5
0,0,0
8,13,-5
6,0,6
2,0,2
4,6,-2
2,0,2
1,2,-1
2,4,-2
1,0,1
6,0,6
2,0,2
12,0,12
0,0,0
20,15,5
14,7,7
0,0,0
16,9,7
4,0,4
4,1,3
1,0,1
0,0,0
2,1,1
3,0,3
4,4,0
20,0,20
1,0,1
0,0,0
1,0,1
16,3,13
0,9,-9
4,9,-5
7,5,2
1,0,1
0,0,0
37,25,12
3,2,1
3,2,1
4,4,0
2,0,2
1,0,1
11,1,10
11,7,4
8,1,7
6,1,5
0,0,0
1,1,0
3,0,3
0,2,-2
1,0,1
10,0,10
7,7,0
2,1,1
0,19,-19
17,1,16
1,0,1
6,1,5
0,0,0
2,0,2
8,3,5
0,1,-1
3,5,-2
2,3,-1
1,0,1
1,11,-10
6,9,-3
23,0,23
7,6,1
46,1,45
1,1,0
3,1,2
0,0,0
2,0,2
0,0,0
3,2,1
4,4,0
7,9,-2
28,5,23
0,25,-25
42,0,42
2,11,-9
4,2,2
11,1,10
1,2,-1
0,0,0
1,1,0
22,4,18
0,0,0
0,0,0
12,5,7
6,0,6
22,3,19
5,0,5
1,0,1
2,3,-1
6,1,5
6,4,2
0,0,0
11,2,9
4,1,3
7,1,6
10,7,3
0,0,0
6,2,4
6,1,5
17,0,17
2,0,2
60,1,59
24,7,17
0,0,0
6,7,-1
0,0,0
5,3,2
1,0,1
3,0,3
31,0,31
7,0,7
0,7,-7
1,1,0
3,3,0
11,8,3
24,21,3
0,1,-1
1,0,1
0,0,0
0,2,-2
9,0,9
0,0,0
0,0,0
2,0,2
3,0,3
2,7,-5
1,4,-3
0,0,0
1,2,-1
2,0,2
11,0,11
3,0,3
2,2,0
17,13,4
9,9,0
14,0,14
2,1,1
0,5,-5
3,2,1
5,0,5
1,0,1
1,0,1
2,0,2
0,4,-4
22,7,15
6,10,-4
1,1,0
15,1,14
2,0,2
18,8,10
0,0,0
2,0,2
23,0,23
0,1,-1
2,11,-9
6,2,4
0,0,0
8,8,0
22,1,21
0,0,0
11,11,0
23,20,3
2,3,-1
4,0,4
10,0,10
5,4,1
18,1,17
1,0,1
29,0,29
4,4,0
4,2,2
7,0,7
3,3,0
9,0,9
2,9,-7
10,0,10
0,0,0
7,2,5
3,6,-3
2,2,0
20,1,19
2,0,2
2,8,-6
4,2,2
1,0,1
0,0,0
12,7,5
2,4,-2
3,0,3
11,0,11
10,14,-4
0,0,0
0,5,-5
1,2,-1
2,5,-3
0,6,-6
8,3,5
0,0,0
0,32,-32
1,1,0
2,2,0
1,1,0
2,1,1
7,5,2
0,0,0
3,0,3
1,0,1
0,0,0
0,0,0
6,0,6
0,0,0
16,0,16
10,1,9
12,2,10
7,11,-4
6,0,6
13,0,13
1,0,1
12,14,-2
0,6,-6
1,26,-25
5,4,1
25,13,12
0,0,0
0,0,0
7,17,-10
0,0,0
8,0,8
4,2,2
1,0,1
1,1,0
3,1,2
0,0,0
3,5,-2
2,0,2
0,0,0
2,0,2
5,0,5
0,3,-3
0,8,-8
12,1,11
1,2,-1
0,0,0
0,0,0
2,3,-1
35,0,35
0,0,0
0,1,-1
1,3,-2
13,0,13
8,0,8
8,30,-22
4,1,3
1,0,1
4,0,4
0,1,-1
35,2,33
9,0,9
0,0,0
3,3,0
7,8,-1
3,9,-6
2,1,1
10,0,10
5,1,4
0,3,-3
5,3,2
0,6,-6
0,0,0
1,3,-2
4,1,3
11,1,10
20,21,-1
6,0,6
2,2,0
24,1,23
14,2,12
3,15,-12
13,11,2
2,34,-32
9,9,0
4,5,-1
24,8,16
0,0,0
1,4,-3
0,10,-10
4,0,4
1,0,1
4,1,3
5,2,3
14,0,14
2,2,0
4,2,2
15,3,12
28,1,27
0,0,0
3,3,0
2,0,2
43,23,20
1,0,1
12,0,12
0,0,0
18,11,7
19,27,-8
11,1,10
9,7,2
10,4,6
32,0,32
0,0,0
4,3,1
3,8,-5
3,1,2
5,1,4
4,0,4
39,7,32
2,4,-2
3,2,1
7,0,7
0,0,0
6,0,6
32,0,32
1,0,1
7,7,0
3,1,2
2,2,0
0,45,-45
3,0,3
10,17,-7
1,1,0
0,5,-5
20,0,20
0,4,-4
5,3,2
0,0,0
6,4,2
5,4,1
7,1,6
9,4,5
2,0,2
7,5,2
9,3,6
0,46,-46
9,0,9
5,1,4
0,37,-37
0,0,0
9,3,6
7,1,6
1,0,1
1,78,-77
0,0,0
7,3,4
10,5,5
3,0,3
1,1,0
9,4,5
1,3,-2
2,4,-2
2,0,2
1,0,1
3,0,3
0,5,-5
3,0,3
0,1,-1
10,1,9
0,0,0
5,1,4
4,0,4
18,21,-3
4,2,2
3,3,0
0,14,-14
4,1,3
11,0,11
1,0,1
5,3,2
3,0,3
8,26,-18
8,12,-4
1,1,0
1,8,-7
7,9,-2
6,6,0
8,1,7
3,1,2
35,0,35
1,9,-8
0,0,0
1,2,-1
0,1,-1
0,0,0
9,2,7
2,2,0
3,2,1
2,0,2
0,1,-1
1,0,1
9,0,9
48,13,35
1,1,0
3,0,3
10,0,10
2,0,2
0,1,-1
11,4,7
17,0,17
0,2,-2
20,0,20
0,2,-2
17,15,2
12,1,11
0,0,0
33,2,31
5,0,5
5,7,-2
2,2,0
1,0,1
1,0,1
6,6,0
13,10,3
1,0,1
21,0,21
1,35,-34
4,0,4
3,0,3
12,13,-1
3,4,-1
20,20,0
1,0,1
0,1,-1
4,5,-1
24,9,15
5,9,-4
6,3,3
15,0,15
4,8,-4
5,5,0
24,2,22
4,0,4
3,0,3
0,1,-1
20,13,7
1,0,1
2,1,1
7,0,7
1,0,1
3,0,3
0,0,0
2,2,0
1,3,-2
2,1,1
3,1,2
29,0,29
24,0,24
7,13,-6
1,3,-2
1,0,1
3,5,-2
0,2,-2
6,4,2
23,2,21
2,1,1
0,0,0
0,1,-1
5,1,4
18,1,17
5,3,2
3,1,2
0,0,0
1,0,1
8,7,1
6,0,6
1,1,0
8,3,5
0,0,0
5,2,3
2,0,2
2,0,2
4,4,0
3,0,3
2,1,1
0,1,-1
7,11,-4
1,1,0
1,12,-11
0,0,0
0,0,0
0,6,-6
11,19,-8
12,8,4
16,24,-8
31,3,28
0,1,-1
0,3,-3
2,0,2
5,5,0
3,0,3
6,1,5
1,0,1
6,6,0
0,0,0
0,0,0
5,0,5
10,12,-2
2,5,-3
2,12,-10
0,0,0
5,4,1
4,2,2
6,7,-1
5,35,-30
5,2,3
12,2,10
1,1,0
2,0,2
12,1,11
1,0,1
4,5,-1
1,0,1
3,3,0
0,0,0
10,0,10
22,8,14
5,8,-3
0,0,0
4,5,-1
4,3,1
12,4,8
6,0,6
6,2,4
2,4,-2
6,4,2
0,0,0
0,0,0
5,4,1
1,7,-6
0,4,-4
6,5,1
6,2,4
11,2,9
4,3,1
15,5,10
4,0,4
0,0,0
2,2,0
14,37,-23
2,6,-4
2,1,1
0,0,0
0,0,0
0,2,-2
3,3,0
23,23,0
3,7,-4
1,0,1
5,1,4
1,0,1
1,1,0
3,2,1
9,10,-1
2,45,-43
1,3,-2
1,1,0
11,0,11
1,3,-2
0,0,0
15,2,13
17,3,14
7,2,5
2,2,0
4,1,3
7,7,0
40,2,38
0,0,0
0,0,0
0,1,-1
4,0,4
8,7,1
35,7,28
3,1,2
11,5,6
2,1,1
11,0,11
7,0,7
4,1,3
0,0,0
0,0,0
2,3,-1
10,2,8
17,0,17
3,4,-1
0,0,0
5,3,2
0,0,0
1,0,1
0,0,0
1,4,-3
2,3,-1
4,5,-1
19,20,-1
36,2,34
1,1,0
5,7,-2
18,2,16
2,0,2
8,8,0
4,4,0
2,7,-5
5,0,5
0,0,0
1,2,-1
3,1,2
0,28,-28
2,0,2
3,3,0
3,0,3
0,1,-1
4,0,4
0,0,0
0,0,0
1,0,1
4,65,-61
1,0,1
0,2,-2
3,1,2
0,1,-1
6,2,4
10,6,4
0,1,-1
0,0,0
7,5,2
8,7,1
4,4,0
4,1,3
2,9,-7
1,0,1
2,0,2
9,4,5
23,0,23
2,3,-1
8,0,8
7,2,5
0,3,-3
10,3,7
11,6,5
8,5,3
0,1,-1
21,22,-1
3,0,3
3,3,0
14,4,10
14,0,14
16,1,15
4,2,2
1,1,0
3,0,3
8,8,0
19,3,16
11,1,10
5,5,0
3,1,2
0,7,-7
18,34,-16
9,1,8
2,2,0
0,0,0
7,0,7
15,7,8
2,2,0
1,1,0
19,30,-11
0,0,0
15,3,12
21,6,15
0,0,0
8,0,8
7,1,6
38,0,38
3,1,2
2,1,1
3,4,-1
8,5,3
2,0,2
14,1,13
3,1,2
8,2,6
16,2,14
1,0,1
9,0,9
1,0,1
5,0,5
0,0,0
7,1,6
4,4,0
4,7,-3
7,0,7
0,0,0
0,0,0
2,4,-2
2,9,-7
2,1,1
1,1,0
0,0,0
7,0,7
1,0,1
0,0,0
2,9,-7
3,4,-1
0,0,0
3,6,-3
0,0,0
18,5,13
2,0,2
12,0,12
2,2,0
0,1,-1
1,0,1
3,2,1
1,1,0
38,2,36
7,7,0
0,0,0
6,5,1
54,1,53
0,5,-5
4,0,4
4,0,4
3,0,3
0,0,0
0,1,-1
6,0,6
2,1,1
3,0,3
1,2,-1
1,7,-6
9,3,6
7,4,3
11,1,10
0,0,0
0,0,0
1,1,0
10,0,10
9,3,6
8,0,8
23,7,16
0,5,-5
4,1,3
1,8,-7
0,1,-1
18,0,18
19,1,18
0,0,0
1,0,1
1,0,1
9,1,8
5,0,5
24,5,19
7,8,-1
4,2,2
12,6,6
13,2,11
1,2,-1
1,7,-6
1,0,1
2,3,-1
0,0,0
14,4,10
5,0,5
44,0,44
9,0,9
3,2,1
3,0,3
7,3,4
0,0,0
2,0,2
1,5,-4
0,0,0
3,10,-7
1,0,1
2,0,2
5,7,-2
2,2,0
1,1,0
21,2,19
11,5,6
15,7,8
2,0,2
3,1,2
18,5,13
0,0,0
3,0,3
0,0,0
4,0,4
1,3,-2
3,5,-2
6,0,6
6,5,1
0,1,-1
0,0,0
3,1,2
1,0,1
7,2,5
0,0,0
1,25,-24
8,5,3
0,0,0
4,2,2
24,0,24
4,26,-22
2,0,2
0,0,0
0,0,0
16,0,16
0,1,-1
0,2,-2
1,0,1
3,0,3
8,0,8
8,2,6
8,0,8
21,8,13
18,1,17
18,0,18
10,1,9
2,0,2
5,2,3
0,0,0
1,9,-8
0,0,0
6,3,3
0,0,0
17,18,-1
58,10,48
2,2,0
15,6,9
9,0,9
1,12,-11
0,0,0
6,1,5
0,49,-49
5,4,1
0,0,0
0,1,-1
22,0,22
0,0,0
14,5,9
11,0,11
4,10,-6
0,19,-19
11,14,-3
0,0,0
0,0,0
11,10,1
1,2,-1
0,0,0
2,0,2
12,0,12
1,17,-16
9,8,1
37,9,28
12,6,6
0,7,-7
3,0,3
15,1,14
35,8,27
2,0,2
9,6,3
9,0,9
1,0,1
1,0,1
2,1,1
7,8,-1
12,0,12
22,0,22
10,3,7
4,1,3
2,2,0
0,0,0
1,0,1
5,10,-5
0,0,0
9,9,0
1,0,1
8,2,6
1,1,0
15,0,15
3,2,1
3,0,3
5,4,1
17,5,12
2,0,2
3,0,3
3,0,3
9,9,0
2,1,1
0,0,0
1,0,1
2,0,2
6,7,-1
29,1,28
7,5,2
15,15,0
0,0,0
0,0,0
3,2,1
5,1,4
10,1,9
0,3,-3
6,6,0
5,19,-14
0,0,0
13,1,12
6,0,6
10,0,10
1,0,1
30,30,0
0,2,-2
0,2,-2
6,1,5
25,1,24
0,0,0
1,1,0
2,0,2
14,2,12
2,1,1
10,0,10
3,6,-3
8,6,2
1,1,0
0,0,0
2,0,2
6,2,4
5,5,0
1,0,1
1,0,1
0,0,0
11,5,6
0,2,-2
5,0,5
1,1,0
6,0,6
5,0,5
4,1,3
3,3,0
1,0,1
0,0,0
3,2,1
0,0,0
14,5,9
26,2,24
9,6,3
22,4,18
5,7,-2
0,0,0
6,0,6
0,0,0
1,5,-4
1,11,-10
11,0,11
6,2,4
19,3,16
0,0,0
1,0,1
5,3,2
1,0,1
0,0,0
7,2,5
2,3,-1
24,11,13
1,2,-1
7,0,7
2,0,2
4,0,4
11,10,1
2,1,1
16,8,8
7,0,7
1,0,1
4,0,4
0,0,0
0,0,0
11,0,11
1,5,-4
0,0,0
4,5,-1
1,0,1
3,1,2
20,1,19
10,2,8
1,0,1
1,1,0
11,0,11
6,3,3
14,2,12
2,0,2
0,0,0
6,6,0
7,0,7
1,3,-2
0,0,0
0,0,0
20,5,15
3,0,3
1,0,1
0,3,-3
3,0,3
0,0,0
6,1,5
1,6,-5
1,1,0
11,5,6
0,1,-1
0,0,0
6,0,6
1,1,0
4,0,4
1,4,-3
5,9,-4
17,0,17
5,5,0
0,0,0
0,0,0
0,0,0
2,0,2
25,7,18
4,0,4
2,0,2
28,7,21
4,4,0
25,50,-25
11,1,10
0,0,0
1,0,1
1,0,1
3,2,1
1,4,-3
6,3,3
1,0,1
9,1,8
5,2,3
5,5,0
3,0,3
2,0,2
4,0,4
0,0,0
29,3,26
0,3,-3
6,4,2
0,0,0
0,0,0
1,26,-25
0,5,-5
1,0,1
10,1,9
4,23,-19
1,8,-7
3,0,3
2,0,2
1,1,0
3,0,3
1,0,1
4,0,4
51,1,50
5,6,-1
12,19,-7
9,6,3
0,0,0
7,1,6
0,0,0
10,0,10
0,0,0
5,5,0
8,8,0
0,0,0
0,1,-1
1,9,-8
0,1,-1
5,0,5
2,1,1
1,0,1
0,0,0
7,4,3
2,3,-1
0,0,0
1,1,0
8,0,8
14,0,14
17,4,13
49,1,48
4,3,1
1,1,0
0,0,0
12,0,12
9,0,9
3,0,3
2,1,1
27,5,22
9,17,-8
2,0,2
0,0,0
5,2,3
6,17,-11
2,2,0
0,10,-10
0,0,0
10,7,3
0,8,-8
8,2,6
0,5,-5
2,0,2
10,2,8
0,0,0
0,0,0
13,4,9
5,0,5
1,3,-2
0,0,0
0,4,-4
0,0,0
0,15,-15
14,6,8
13,1,12
2,2,0
5,3,2
4,0,4
38,2,36
0,1,-1
0,2,-2
4,0,4
0,13,-13
6,1,5
3,6,-3
2,1,1
7,0,7
5,1,4
16,1,15
0,0,0
8,2,6
0,2,-2
1,1,0
0,0,0
1,0,1
1,1,0
3,0,3
27,6,21
7,5,2
6,7,-1
2,2,0
5,0,5
0,3,-3
2,0,2
21,2,19
1,5,-4
11,0,11
10,5,5
3,0,3
8,0,8
9,9,0
4,3,1
4,4,0
1,0,1
4,0,4
1,0,1
2,7,-5
1,0,1
4,0,4
0,0,0
0,0,0
16,16,0
7,0,7
4,10,-6
5,15,-10
17,1,16
0,1,-1
6,5,1
0,0,0
1,1,0
22,0,22
2,0,2
5,7,-2
1,1,0
3,19,-16
1,0,1
0,0,0
8,0,8
0,0,0
14,5,9
3,3,0
1,1,0
7,9,-2
4,4,0
6,7,-1
4,0,4
18,9,9
0,2,-2
4,2,2
0,0,0
6,16,-10
3,1,2
0,0,0
1,1,0
1,0,1
1,2,-1
3,3,0
14,2,12
10,0,10
0,1,-1
1,0,1
3,3,0
20,1,19
10,14,-4
17,22,-5
34,7,27
1,0,1
0,1,-1
11,2,9
0,0,0
4,4,0
0,7,-7
1,1,0
2,1,1
1,1,0
4,7,-3
19,0,19
0,5,-5
3,9,-6
4,49,-45
2,0,2
1,0,1
7,7,0
0,14,-14
4,6,-2
1,7,-6
0,3,-3
2,0,2
1,1,0
0,27,-27
31,0,31
5,1,4
1,0,1
26,22,4
10,5,5
11,0,11
8,7,1
7,7,0
0,0,0
3,5,-2
20,5,15
0,3,-3
1,1,0
7,0,7
15,0,15
20,10,10
9,2,7
2,0,2
3,0,3
0,10,-10
19,2,17
0,0,0
16,9,7
10,14,-4
14,2,12
0,3,-3
1,1,0
2,3,-1
7,5,2
30,0,30
1,3,-2
1,0,1
18,0,18
0,0,0
3,0,3
3,9,-6
2,0,2
28,14,14
7,0,7
2,0,2
3,0,3
4,2,2
4,1,3
3,0,3
0,2,-2
2,1,1
2,3,-1
18,7,11
4,0,4
1,0,1
20,0,20
0,0,0
10,3,7
11,1,10
0,2,-2
0,0,0
10,10,0
8,2,6
2,0,2
55,0,55
3,5,-2
25,0,25
11,4,7
0,0,0
5,2,3
2,0,2
38,38,0
17,0,17
3,7,-4
0,0,0
11,6,5
2,1,1
2,0,2
13,3,10
3,1,2
10,8,2
28,9,19
3,0,3
1,0,1
8,9,-1
6,0,6
25,13,12
3,3,0
1,2,-1
0,2,-2
2,0,2
6,5,1
0,0,0
29,3,26
2,0,2
2,8,-6
11,0,11
4,1,3
8,0,8
7,0,7
0,0,0
0,2,-2
0,0,0
0,0,0
3,8,-5
1,1,0
2,2,0
1,0,1
1,5,-4
10,2,8
13,2,11
0,1,-1
7,0,7
4,4,0
2,0,2
2,0,2
9,14,-5
0,2,-2
0,0,0
0,0,0
14,9,5
0,0,0
1,1,0
3,0,3
0,0,0
2,5,-3
0,0,0
4,4,0
25,2,23
2,0,2
4,0,4
0,4,-4
1,0,1
6,2,4
6,0,6
5,0,5
8,18,-10
1,0,1
2,7,-5
3,4,-1
18,14,4
0,0,0
0,0,0
3,19,-16
8,16,-8
0,0,0
7,2,5
2,2,0
8,2,6
2,5,-3
0,0,0
0,10,-10
0,0,0
1,1,0
0,0,0
3,0,3
4,1,3
11,3,8
15,6,9
22,46,-24
8,2,6
2,1,1
10,24,-14
2,0,2
2,0,2
19,2,17
2,2,0
0,0,0
2,2,0
16,5,11
0,0,0
15,0,15
0,0,0
4,0,4
4,1,3
2,0,2
0,0,0
20,13,7
10,2,8
6,5,1
4,2,2
4,0,4
5,4,1
1,3,-2
4,2,2
3,0,3
12,0,12
0,0,0
23,2,21
2,2,0
1,0,1
0,0,0
1,0,1
28,0,28
1,0,1
3,4,-1
1,4,-3
4,0,4
3,8,-5
0,0,0
0,0,0
7,0,7
2,3,-1
45,0,45
5,0,5
2,7,-5
32,6,26
0,0,0
28,2,26
21,3,18
5,0,5
35,54,-19
0,6,-6
0,0,0
0,0,0
3,0,3
10,1,9
3,2,1
4,2,2
5,5,0
2,2,0
1,0,1
1,0,1
0,1,-1
11,8,3
23,6,17
17,1,16
5,11,-6
1,0,1
0,0,0
16,2,14
5,1,4
20,0,20
33,2,31
19,1,18
2,0,2
6,4,2
17,3,14
8,2,6
3,5,-2
0,0,0
3,7,-4
5,2,3
7,1,6
0,0,0
2,4,-2
9,9,0
0,0,0
14,3,11
0,0,0
17,0,17
3,3,0
2,0,2
6,0,6
7,1,6
0,0,0
2,0,2
1,0,1
0,6,-6
1,0,1
28,2,26
40,0,40
2,0,2
3,0,3
2,4,-2
0,0,0
5,0,5
16,0,16
3,0,3
5,0,5
1,0,1
12,14,-2
15,6,9
0,0,0
0,0,0
2,5,-3
1,0,1
1,0,1
14,4,10
8,0,8
5,0,5
2,0,2
0,0,0
4,1,3
19,6,13
1,5,-4
0,0,0
1,0,1
21,10,11
3,1,2
3,0,3
13,1,12
1,1,0
69,69,0
7,1,6
2,20,-18
3,3,0
0,0,0
27,0,27
0,0,0
1,0,1
11,0,11
3,0,3
1,1,0
4,3,1
0,0,0
15,4,11
0,1,-1
7,1,6
66,50,16
3,0,3
9,0,9
22,3,19
0,0,0
3,3,0
5,0,5
26,6,20
11,0,11
0,3,-3
26,19,7
54,0,54
1,2,-1
0,1,-1
5,0,5
3,2,1
62,50,12
1,0,1
20,0,20
9,0,9
1,0,1
3,3,0
9,5,4
0,0,0
4,0,4
1,0,1
0,0,0
4,0,4
0,0,0
1,0,1
4,2,2
8,8,0
4,0,4
0,0,0
13,2,11
3,0,3
3,1,2
6,3,3
4,4,0
3,1,2
16,0,16
2,5,-3
1,1,0
0,23,-23
2,0,2
6,5,1
15,7,8
7,0,7
1,0,1
6,8,-2
1,1,0
6,4,2
6,3,3
1,1,0
1,0,1
1,0,1
11,11,0
1,2,-1
2,0,2
0,0,0
0,3,-3
10,2,8
5,1,4
6,0,6
8,8,0
4,1,3
3,20,-17
10,3,7
18,5,13
4,4,0
0,0,0
7,3,4
9,1,8
6,9,-3
7,0,7
11,3,8
1,2,-1
0,9,-9
0,0,0
14,13,1
2,1,1
1,2,-1
19,0,19
12,3,9
3,3,0
2,3,-1
3,3,0
30,0,30
4,1,3
18,2,16
8,0,8
2,2,0
1,1,0
0,0,0
0,0,0
22,0,22
12,3,9
0,9,-9
0,1,-1
16,2,14
2,2,0
0,2,-2
0,2,-2
3,0,3
14,1,13
17,3,14
0,0,0
1,5,-4
0,0,0
3,5,-2
1,2,-1
11,0,11
5,2,3
8,9,-1
2,8,-6
0,0,0
12,0,12
8,0,8
16,0,16
12,6,6
15,0,15
1,0,1
4,7,-3
2,9,-7
2,2,0
0,0,0
3,6,-3
8,0,8
1,0,1
1,0,1
2,8,-6
1,0,1
1,1,0
3,1,2
0,0,0
0,0,0
4,0,4
6,0,6
11,6,5
7,0,7
0,0,0
0,1,-1
6,2,4
9,2,7
4,0,4
4,2,2
2,0,2
8,15,-7
2,0,2
49,0,49
3,2,1
0,3,-3
2,2,0
6,12,-6
27,8,19
0,0,0
0,0,0
6,7,-1
11,2,9
0,3,-3
18,10,8
0,0,0
1,3,-2
47,1,46
0,1,-1
5,0,5
6,5,1
19,13,6
11,2,9
6,0,6
7,7,0
5,1,4
0,0,0
2,0,2
6,7,-1
2,0,2
0,0,0
23,2,21
13,2,11
1,0,1
0,0,0
42,1,41
3,0,3
4,5,-1
1,5,-4
4,1,3
9,0,9
2,0,2
2,5,-3
5,0,5
12,1,11
5,1,4
12,3,9
8,1,7
0,2,-2
9,0,9
27,3,24
11,0,11
1,1,0
0,0,0
44,0,44
0,1,-1
7,1,6
9,0,9
4,50,-46
0,0,0
2,1,1
1,4,-3
4,0,4
1,0,1
0,0,0
5,0,5
7,7,0
5,0,5
10,0,10
2,5,-3
0,0,0
0,0,0
1,8,-7
3,3,0
6,1,5
21,6,15
6,6,0
0,1,-1
8,1,7
3,3,0
10,1,9
1,7,-6
5,0,5
0,0,0
10,3,7
8,0,8
2,1,1
4,1,3
7,3,4
1,0,1
2,3,-1
11,0,11
16,11,5
1,0,1
10,6,4
0,0,0
1,0,1
3,4,-1
7,0,7
10,7,3
0,2,-2
4,0,4
13,7,6
4,5,-1
0,9,-9
15,0,15
53,20,33
0,0,0
1,3,-2
2,0,2
1,0,1
4,0,4
35,7,28
15,3,12
1,2,-1
31,0,31
3,1,2
48,1,47
10,0,10
17,1,16
0,0,0
5,6,-1
18,0,18
3,8,-5
3,1,2
11,1,10
9,0,9
10,2,8
0,0,0
1,0,1
13,0,13
6,0,6
0,0,0
12,14,-2
0,1,-1
0,0,0
8,0,8
5,7,-2
7,0,7
6,7,-1
0,0,0
1,2,-1
10,3,7
10,0,10
8,0,8
6,0,6
2,0,2
0,0,0
5,7,-2
16,15,1
8,7,1
19,14,5
0,38,-38
21,21,0
16,0,16
5,5,0
12,2,10
3,3,0
2,0,2
0,0,0
7,31,-24
18,0,18
3,5,-2
3,3,0
1,1,0
0,2,-2
8,6,2
5,0,5
1,6,-5
6,3,3
3,1,2
15,2,13
24,1,23
7,1,6
13,24,-11
0,0,0
0,2,-2
0,0,0
0,1,-1
14,9,5
6,6,0
8,0,8
12,2,10
1,3,-2
1,0,1
7,7,0
0,0,0
9,3,6
2,0,2
0,10,-10
15,0,15
1,0,1
5,1,4
0,0,0
17,7,10
6,0,6
1,1,0
2,3,-1
14,53,-39
0,3,-3
8,4,4
20,0,20
36,8,28
9,0,9
4,0,4
6,9,-3
8,4,4
3,0,3
19,5,14
1,0,1
7,9,-2
6,6,0
5,6,-1
3,0,3
3,6,-3
22,1,21
5,0,5
2,0,2
23,1,22
12,42,-30
6,3,3
0,0,0
6,9,-3
26,0,26
4,0,4
2,10,-8
16,18,-2
39,11,28
0,10,-10
0,0,0
0,0,0
18,1,17
1,1,0
3,0,3
1,0,1
7,3,4
8,0,8
4,18,-14
0,0,0
7,2,5
3,2,1
11,10,1
7,0,7
2,0,2
7,3,4
2,0,2
7,2,5
5,0,5
2,0,2
4,9,-5
7,1,6
0,0,0
24,14,10
3,1,2
3,3,0
8,2,6
6,7,-1
26,30,-4
9,8,1
0,1,-1
4,0,4
0,0,0
2,7,-5
34,0,34
1,0,1
2,0,2
16,1,15
1,0,1
20,0,20
11,3,8
11,1,10
13,0,13
57,0,57
3,5,-2
4,0,4
5,5,0
2,0,2
25,1,24
0,0,0
0,0,0
1,0,1
4,5,-1
0,6,-6
3,0,3
4,0,4
7,2,5
6,2,4
1,0,1
10,0,10
1,1,0
4,6,-2
20,7,13
0,0,0
5,0,5
30,4,26
5,2,3
0,0,0
31,9,22
0,0,0
3,0,3
1,3,-2
3,0,3
8,6,2
0,0,0
0,0,0
9,1,8
8,11,-3
2,0,2
3,1,2
4,1,3
1,3,-2
2,0,2
7,0,7
1,0,1
0,0,0
5,0,5
67,6,61
16,0,16
7,0,7
5,0,5
2,0,2
11,16,-5
13,4,9
7,1,6
15,31,-16
1,1,0
0,0,0
15,0,15
5,2,3
10,67,-57
17,2,15
2,0,2
0,0,0
0,0,0
0,5,-5
1,1,0
0,0,0
10,5,5
13,0,13
0,0,0
1,6,-5
29,9,20
1,53,-52
0,1,-1
4,3,1
2,0,2
0,28,-28
14,3,11
0,0,0
6,0,6
4,0,4
9,0,9
1,0,1
1,0,1
7,7,0
13,0,13
6,0,6
25,8,17
9,7,2
1,0,1
1,0,1
2,9,-7
3,0,3
15,0,15
9,0,9
0,4,-4
1,0,1
0,2,-2
1,2,-1
4,2,2
3,7,-4
0,2,-2
8,0,8
6,1,5
1,0,1
3,3,0
3,0,3
15,6,9
1,0,1
3,0,3
2,1,1
11,1,10
36,10,26
2,1,1
4,5,-1
9,0,9
12,15,-3
2,3,-1
5,1,4
1,1,0
2,0,2
4,5,-1
3,0,3
0,0,0
0,9,-9
3,1,2
12,14,-2
0,0,0
0,0,0
0,0,0
0,0,0
1,1,0
0,0,0
8,6,2
22,23,-1
10,0,10
1,0,1
3,0,3
1,0,1
13,0,13
2,2,0
4,0,4
6,0,6
13,1,12
1,0,1
0,0,0
12,16,-4
4,0,4
4,6,-2
6,6,0
1,0,1
9,2,7
39,31,8
4,0,4
0,0,0
17,6,11
0,0,0
1,2,-1
16,1,15
23,5,18
1,22,-21
0,0,0
3,8,-5
1,5,-4
4,0,4
2,1,1
1,0,1
1,0,1
22,3,19
6,0,6
3,0,3
4,39,-35
19,9,10
0,6,-6
19,0,19
22,3,19
0,0,0
9,3,6
6,4,2
1,11,-10
18,58,-40
9,0,9
3,1,2
5,1,4
8,2,6
6,7,-1
0,0,0
6,2,4
0,2,-2
14,6,8
1,0,1
11,3,8
3,10,-7
0,0,0
16,3,13
0,0,0
14,7,7
1,7,-6
4,1,3
29,30,-1
2,7,-5
7,1,6
10,11,-1
8,7,1
2,0,2
2,0,2
1,1,0
8,11,-3
16,25,-9
9,5,4
10,14,-4
0,6,-6
2,5,-3
0,0,0
12,0,12
2,0,2
7,0,7
8,9,-1
2,0,2
7,3,4
6,0,6
7,0,7
9,2,7
4,4,0
7,0,7
9,1,8
1,3,-2
11,8,3
1,3,-2
9,0,9
0,0,0
5,0,5
13,0,13
0,0,0
14,1,13
0,0,0
1,0,1
1,8,-7
14,3,11
11,7,4
4,3,1
16,4,12
1,1,0
1,0,1
0,0,0
3,7,-4
6,0,6
13,0,13
2,0,2
0,0,0
9,12,-3
2,3,-1
11,0,11
8,2,6
2,9,-7
1,48,-47
13,1,12
0,0,0
18,7,11
16,5,11
9,0,9
6,0,6
4,4,0
2,6,-4
16,0,16
5,2,3
4,0,4
7,3,4
0,0,0
81,31,50
2,7,-5
0,0,0
0,0,0
2,5,-3
6,2,4
2,7,-5
27,2,25
3,2,1
6,12,-6
0,1,-1
2,1,1
14,3,11
14,1,13
1,1,0
0,7,-7
9,1,8
20,4,16
16,2,14
7,0,7
0,0,0
10,0,10
24,0,24
14,5,9
3,0,3
29,13,16
21,0,21
15,0,15
9,2,7
6,6,0
25,75,-50
8,6,2
5,5,0
7,0,7
3,0,3
2,3,-1
0,0,0
1,14,-13
12,3,9
2,1,1
11,2,9
1,3,-2
15,0,15
19,23,-4
5,0,5
1,1,0
4,1,3
9,5,4
8,2,6
20,10,10
5,0,5
20,7,13
2,3,-1
6,0,6
8,0,8
0,0,0
3,2,1
2,0,2
6,0,6
15,15,0
3,5,-2
2,17,-15
3,1,2
33,0,33
0,0,0
2,0,2
1,2,-1
1,0,1
17,1,16
1,1,0
2,1,1
26,7,19
8,7,1
2,0,2
12,2,10
0,0,0
2,0,2
5,2,3
0,0,0
9,0,9
12,0,12
1,0,1
0,7,-7
5,0,5
4,5,-1
9,9,0
2,0,2
5,5,0
4,4,0
1,1,0
13,4,9
0,1,-1
10,0,10
1,0,1
1,0,1
2,0,2
8,0,8
0,2,-2
8,4,4
2,8,-6
15,6,9
0,0,0
2,1,1
13,2,11
0,7,-7
5,0,5
20,10,10
7,8,-1
2,0,2
15,5,10
3,0,3
15,41,-26
0,0,0
22,0,22
24,10,14
5,7,-2
0,7,-7
5,22,-17
0,0,0
0,0,0
0,0,0
2,2,0
4,0,4
9,0,9
1,0,1
3,0,3
0,0,0
4,7,-3
0,0,0
8,8,0
2,1,1
1,2,-1
3,1,2
0,0,0
2,2,0
12,2,10
10,6,4
1,0,1
0,0,0
0,0,0
20,10,10
9,0,9
3,0,3
4,7,-3
0,0,0
23,29,-6
0,0,0
0,5,-5
0,2,-2
0,0,0
6,7,-1
5,1,4
2,1,1
12,16,-4
0,1,-1
18,0,18
7,0,7
0,1,-1
0,4,-4
5,0,5
0,21,-21
7,2,5
10,7,3
3,0,3
11,1,10
7,2,5
1,0,1
6,0,6
7,0,7
2,3,-1
10,3,7
3,0,3
13,0,13
0,0,0
10,1,9
38,27,11
0,0,0
0,0,0
0,0,0
0,0,0
4,0,4
0,0,0
0,3,-3
3,2,1
7,2,5
3,0,3
3,5,-2
6,6,0
10,1,9
0,0,0
5,4,1
3,0,3
14,3,11
0,0,0
0,7,-7
4,3,1
4,5,-1
5,0,5
4,4,0
10,2,8
2,19,-17
1,2,-1
3,2,1
0,0,0
4,4,0
2,1,1
2,2,0
0,0,0
15,7,8
0,5,-5
5,3,2
2,5,-3
0,0,0
0,3,-3
15,4,11
5,2,3
2,7,-5
1,3,-2
11,0,11
1,6,-5
2,0,2
0,0,0
1,0,1
0,0,0
1,7,-6
9,23,-14
9,13,-4
1,0,1
0,0,0
12,2,10
22,13,9
1,5,-4
3,1,2
15,11,4
3,0,3
15,0,15
4,0,4
0,3,-3
2,0,2
1,1,0
2,0,2
25,23,2
0,0,0
6,15,-9
17,0,17
28,8,20
11,11,0
2,0,2
0,1,-1
2,0,2
1,1,0
5,0,5
0,0,0
1,1,0
6,0,6
3,8,-5
0,0,0
1,2,-1
1,0,1
7,11,-4
2,3,-1
0,0,0
1,2,-1
3,5,-2
7,1,6
2,7,-5
4,1,3
5,3,2
7,1,6
28,0,28
0,15,-15
29,2,27
7,9,-2
9,7,2
0,0,0
20,0,20
5,2,3
1,0,1
8,7,1
4,2,2
0,0,0
2,0,2
39,0,39
1,1,0
10,11,-1
3,0,3
11,1,10
0,0,0
6,0,6
1,1,0
3,0,3
0,0,0
5,2,3
7,0,7
1,0,1
6,2,4
3,2,1
7,6,1
1,7,-6
3,3,0
0,0,0
0,0,0
7,1,6
0,0,0
16,0,16
5,0,5
1,0,1
44,1,43
12,9,3
2,8,-6
1,0,1
0,0,0
0,0,0
0,0,0
2,3,-1
0,1,-1
1,1,0
30,0,30
2,0,2
0,2,-2
3,0,3
17,13,4
34,2,32
1,2,-1
34,5,29
0,2,-2
46,26,20
6,0,6
14,0,14
13,5,8
0,6,-6
0,0,0
6,0,6
9,0,9
0,0,0
2,0,2
3,10,-7
7,1,6
0,0,0
6,4,2
3,4,-1
7,15,-8
3,6,-3
0,4,-4
7,1,6
9,7,2
1,0,1
11,9,2
6,3,3
1,0,1
6,7,-1
8,0,8
3,0,3
10,15,-5
1,0,1
2,2,0
2,0,2
3,2,1
5,0,5
1,0,1
16,0,16
10,1,9
35,7,28
5,0,5
1,1,0
3,2,1
6,8,-2
0,0,0
1,2,-1
19,1,18
1,7,-6
0,0,0
18,35,-17
9,1,8
14,0,14
2,0,2
4,0,4
0,0,0
13,13,0
6,2,4
3,2,1
0,0,0
10,6,4
0,0,0
0,2,-2
15,12,3
4,1,3
21,39,-18
19,63,-44
9,3,6
2,3,-1
6,0,6
2,2,0
4,2,2
1,2,-1
86,4,82
2,0,2
6,1,5
0,0,0
2,0,2
128,2,126
6,0,6
2,0,2
1,0,1
1,0,1
6,0,6
6,0,6
0,4,-4
4,9,-5
8,2,6
4,3,1
13,5,8
0,0,0
12,3,9
0,0,0
20,0,20
8,6,2
5,5,0
1,2,-1
3,3,0
4,3,1
0,0,0
16,2,14
9,0,9
0,0,0
0,0,0
6,1,5
9,2,7
19,0,19
8,1,7
1,1,0
1,0,1
5,8,-3
24,4,20
13,3,10
18,17,1
15,9,6
0,0,0
29,8,21
22,1,21
11,2,9
0,4,-4
0,0,0
0,7,-7
5,0,5
8,1,7
9,6,3
0,0,0
12,37,-25
19,4,15
16,1,15
5,2,3
1,5,-4
1,0,1
3,0,3
2,0,2
16,9,7
1,1,0
0,0,0
19,7,12
12,9,3
2,0,2
10,2,8
0,0,0
19,10,9
0,0,0
1,0,1
2,64,-62
3,1,2
38,3,35
3,7,-4
0,1,-1
1,0,1
3,0,3
70,8,62
12,5,7
1,0,1
13,14,-1
7,7,0
0,0,0
2,3,-1
1,0,1
3,2,1
17,5,12
0,1,-1
3,50,-47
6,6,0
4,0,4
5,2,3
0,0,0
7,0,7
4,9,-5
9,9,0
11,1,10
0,2,-2
1,1,0
1,5,-4
0,0,0
37,1,36
0,1,-1
1,2,-1
26,7,19
0,0,0
2,0,2
0,0,0
0,0,0
5,5,0
7,7,0
30,1,29
1,0,1
4,1,3
9,6,3
1,1,0
5,0,5
6,1,5
0,0,0
3,15,-12
4,2,2
41,0,41
9,11,-2
0,0,0
9,3,6
2,2,0
0,0,0
7,1,6
4,5,-1
1,1,0
1,0,1
8,2,6
17,4,13
9,11,-2
2,3,-1
3,1,2
0,0,0
0,1,-1
1,2,-1
1,0,1
3,5,-2
7,1,6
0,0,0
4,0,4
8,1,7
1,0,1
4,2,2
10,0,10
16,15,1
5,9,-4
37,5,32
7,0,7
5,1,4
7,1,6
0,0,0
11,21,-10
5,0,5
3,0,3
15,0,15
0,0,0
41,1,40
51,1,50
0,0,0
48,0,48
10,7,3
1,0,1
6,4,2
11,11,0
4,5,-1
19,30,-11
6,5,1
1,3,-2
0,3,-3
7,1,6
6,50,-44
2,3,-1
5,1,4
2,3,-1
14,3,11
0,0,0
4,1,3
0,0,0
6,6,0
0,3,-3
1,5,-4
0,0,0
1,0,1
19,7,12
4,0,4
1,0,1
5,0,5
0,10,-10
5,2,3
0,9,-9
1,2,-1
10,7,3
0,1,-1
1,0,1
15,2,13
6,6,0
0,2,-2
24,5,19
6,6,0
0,0,0
17,0,17
1,0,1
8,0,8
2,0,2
1,0,1
18,20,-2
3,0,3
0,1,-1
10,0,10
16,14,2
2,0,2
4,1,3
4,1,3
4,0,4
16,1,15
9,2,7
4,0,4
2,10,-8
1,1,0
0,0,0
24,0,24
1,0,1
5,0,5
2,8,-6
0,1,-1
0,0,0
0,9,-9
18,0,18
7,0,7
9,7,2
3,30,-27
17,2,15
0,0,0
5,15,-10
2,26,-24
3,0,3
9,0,9
8,4,4
10,6,4
7,0,7
0,0,0
1,0,1
1,2,-1
1,1,0
2,0,2
0,7,-7
2,0,2
12,1,11
2,0,2
4,1,3
16,0,16
7,7,0
7,1,6
0,0,0
3,0,3
5,0,5
0,0,0
6,2,4
35,0,35
5,7,-2
7,6,1
5,1,4
2,0,2
1,0,1
2,2,0
7,0,7
9,7,2
9,1,8
3,0,3
11,10,1
1,0,1
1,0,1
14,15,-1
0,0,0
3,4,-1
16,0,16
9,4,5
0,0,0
2,11,-9
0,1,-1
14,4,10
3,0,3
6,7,-1
24,35,-11
8,5,3
6,0,6
4,2,2
9,11,-2
3,1,2
0,0,0
0,0,0
32,1,31
9,2,7
5,7,-2
1,0,1
0,3,-3
3,1,2
3,1,2
1,2,-1
1,5,-4
0,2,-2
27,0,27
28,0,28
1,0,1
6,0,6
8,1,7
3,26,-23
1,8,-7
6,22,-16
0,0,0
5,2,3
23,4,19
0,1,-1
13,0,13
6,1,5
3,2,1
11,13,-2
8,0,8
12,9,3
0,0,0
3,0,3
19,0,19
5,1,4
0,0,0
1,0,1
0,0,0
2,0,2
0,7,-7
21,5,16
2,1,1
11,10,1
0,0,0
3,0,3
3,0,3
5,4,1
7,3,4
2,8,-6
0,1,-1
1,0,1
2,3,-1
7,0,7
4,1,3
1,0,1
3,0,3
6,11,-5
0,3,-3
0,0,0
2,1,1
17,1,16
5,6,-1
12,0,12
1,0,1
9,5,4
3,0,3
3,2,1
22,0,22
6,3,3
0,0,0
2,6,-4
1,3,-2
4,5,-1
6,2,4
0,0,0
1,2,-1
8,1,7
2,0,2
0,0,0
10,10,0
0,0,0
11,5,6
0,0,0
22,12,10
2,3,-1
11,0,11
17,17,0
0,0,0
0,6,-6
0,2,-2
19,0,19
1,2,-1
5,0,5
0,1,-1
0,0,0
7,2,5
4,26,-22
3,1,2
12,0,12
3,3,0
0,3,-3
11,10,1
7,2,5
0,2,-2
6,4,2
0,0,0
4,0,4
5,10,-5
1,2,-1
11,5,6
6,7,-1
12,0,12
0,3,-3
5,8,-3
1,8,-7
9,0,9
19,1,18
4,4,0
8,3,5
2,0,2
0,5,-5
0,0,0
14,2,12
2,1,1
1,1,0
2,3,-1
2,0,2
36,7,29
4,6,-2
5,2,3
0,0,0
3,3,0
4,15,-11
5,3,2
2,3,-1
0,2,-2
12,0,12
5,0,5
2,0,2
0,0,0
14,9,5
0,0,0
7,6,1
2,2,0
12,6,6
2,1,1
0,0,0
7,6,1
3,0,3
0,0,0
5,1,4
2,0,2
2,0,2
13,2,11
1,3,-2
27,1,26
97,97,0
2,3,-1
7,0,7
7,0,7
12,1,11
13,5,8
22,25,-3
0,0,0
4,2,2
0,0,0
11,1,10
1,0,1
19,2,17
4,0,4
0,1,-1
2,1,1
3,46,-43
0,6,-6
10,5,5
8,10,-2
2,0,2
0,1,-1
0,0,0
5,2,3
11,0,11
3,7,-4
0,0,0
4,7,-3
3,3,0
6,6,0
1,2,-1
14,27,-13
3,0,3
0,0,0
5,0,5
0,0,0
9,0,9
0,0,0
0,11,-11
1,0,1
37,1,36
0,3,-3
1,7,-6
2,0,2
1,0,1
3,4,-1
2,2,0
3,8,-5
2,0,2
0,0,0
6,0,6
0,2,-2
9,5,4
7,31,-24
17,6,11
12,1,11
0,0,0
1,0,1
6,0,6
4,0,4
0,0,0
4,40,-36
2,1,1
1,0,1
0,1,-1
1,1,0
0,0,0
7,0,7
5,0,5
0,0,0
4,0,4
26,1,25
1,5,-4
6,11,-5
0,0,0
10,0,10
2,9,-7
2,4,-2
13,11,2
0,0,0
6,3,3
10,0,10
0,1,-1
15,51,-36
30,1,29
3,3,0
11,7,4
15,8,7
13,0,13
15,1,14
0,0,0
9,7,2
2,0,2
14,0,14
1,0,1
3,15,-12
1,3,-2
0,0,0
6,0,6
0,0,0
4,1,3
0,0,0
3,2,1
0,0,0
13,0,13
0,2,-2
2,7,-5
30,25,5
1,2,-1
46,13,33
28,1,27
0,0,0
8,1,7
0,0,0
12,6,6
0,0,0
3,0,3
5,0,5
2,0,2
7,1,6
3,5,-2
2,0,2
13,0,13
6,23,-17
5,7,-2
2,8,-6
4,15,-11
12,6,6
0,0,0
3,0,3
30,5,25
10,0,10
21,1,20
0,0,0
2,0,2
8,3,5
6,5,1
0,0,0
38,6,32
9,0,9
2,0,2
3,5,-2
2,6,-4
25,14,11
1,0,1
0,25,-25
2,0,2
7,0,7
1,2,-1
2,6,-4
0,1,-1
7,1,6
13,1,12
8,10,-2
18,7,11
10,2,8
9,4,5
2,2,0
15,0,15
6,1,5
2,0,2
0,6,-6
22,10,12
18,3,15
0,77,-77
1,0,1
22,4,18
2,0,2
1,0,1
7,2,5
1,0,1
0,10,-10
13,0,13
5,0,5
21,18,3
2,5,-3
7,2,5
0,1,-1
1,0,1
26,10,16
7,0,7
0,0,0
0,0,0
0,2,-2
1,0,1
13,8,5
1,0,1
6,2,4
13,0,13
6,5,1
9,0,9
0,0,0
6,10,-4
10,10,0
0,0,0
4,6,-2
2,4,-2
45,0,45
3,14,-11
1,4,-3
9,0,9
14,5,9
18,0,18
1,0,1
2,0,2
3,0,3
4,0,4
24,0,24
0,0,0
9,8,1
17,3,14
6,3,3
0,1,-1
7,15,-8
7,2,5
8,7,1
7,0,7
1,0,1
2,0,2
13,0,13
1,6,-5
0,11,-11
15,7,8
3,1,2
34,5,29
3,0,3
0,2,-2
5,3,2
12,15,-3
11,26,-15
12,5,7
14,2,12
3,6,-3
20,2,18
0,4,-4
3,4,-1
6,0,6
5,10,-5
0,0,0
2,0,2
7,0,7
0,0,0
5,11,-6
0,0,0
2,1,1
0,2,-2
14,0,14
0,0,0
2,0,2
1,0,1
5,0,5
0,0,0
5,5,0
12,11,1
1,0,1
13,1,12
4,3,1
6,0,6
7,0,7
62,0,62
4,1,3
20,0,20
2,2,0
12,0,12
4,2,2
20,50,-30
1,0,1
52,0,52
9,0,9
0,1,-1
2,0,2
0,0,0
1,0,1
3,4,-1
0,7,-7
4,0,4
2,1,1
8,3,5
11,2,9
2,0,2
0,7,-7
3,1,2
7,0,7
18,1,17
11,4,7
4,0,4
6,2,4
5,2,3
0,0,0
1,0,1
8,9,-1
5,3,2
0,2,-2
4,1,3
5,3,2
0,1,-1
2,0,2
2,0,2
9,0,9
8,7,1
0,0,0
6,3,3
3,3,0
12,5,7
0,0,0
6,11,-5
14,1,13
0,0,0
20,16,4
10,1,9
6,0,6
3,0,3
24,12,12
2,1,1
13,0,13
5,3,2
1,0,1
7,1,6
4,5,-1
4,4,0
2,2,0
0,0,0
3,1,2
9,0,9
0,26,-26
19,0,19
1,9,-8
1,0,1
4,0,4
0,0,0
0,0,0
2,0,2
8,13,-5
6,1,5
0,0,0
2,1,1
27,4,23
0,0,0
4,4,0
0,0,0
0,0,0
3,40,-37
1,1,0
20,0,20
2,0,2
7,6,1
2,0,2
6,0,6
2,0,2
0,1,-1
0,0,0
11,0,11
2,0,2
11,0,11
4,0,4
10,7,3
1,0,1
1,5,-4
2,8,-6
0,2,-2
14,0,14
2,2,0
1,3,-2
13,11,2
10,0,10
8,6,2
3,5,-2
0,0,0
1,0,1
6,1,5
2,0,2
0,0,0
10,19,-9
5,0,5
25,0,25
6,2,4
66,72,-6
0,0,0
0,0,0
8,1,7
2,1,1
3,3,0
21,0,21
35,13,22
7,12,-5
0,0,0
1,1,0
3,0,3
10,0,10
2,0,2
0,0,0
0,0,0
19,0,19
3,6,-3
1,0,1
10,1,9
5,15,-10
6,1,5
1,1,0
14,7,7
10,4,6
10,0,10
29,29,0
0,0,0
4,3,1
2,3,-1
0,0,0
8,0,8
1,1,0
19,22,-3
0,0,0
2,1,1
0,0,0
0,0,0
8,7,1
11,0,11
0,0,0
0,2,-2
3,0,3
0,0,0
20,6,14
2,2,0
3,0,3
0,0,0
25,10,15
0,0,0
6,0,6
1,0,1
0,6,-6
9,6,3
0,0,0
0,1,-1
0,0,0
0,0,0
1,5,-4
13,0,13
1,0,1
2,6,-4
3,9,-6
13,55,-42
0,0,0
4,2,2
18,2,16
0,1,-1
1,1,0
22,19,3
3,1,2
3,1,2
1,0,1
1,0,1
3,0,3
0,0,0
16,13,3
2,15,-13
44,13,31
36,1,35
12,1,11
40,1,39
3,0,3
13,0,13
5,5,0
7,5,2
2,1,1
59,30,29
0,0,0
11,1,10
17,3,14
12,7,5
3,3,0
1,0,1
1,0,1
0,0,0
1,2,-1
11,0,11
10,14,-4
3,5,-2
8,7,1
2,1,1
20,7,13
10,3,7
5,0,5
8,0,8
4,6,-2
3,7,-4
6,0,6
1,1,0
6,0,6
1,0,1
11,11,0
15,0,15
0,0,0
1,0,1
55,3,52
5,10,-5
3,0,3
1,1,0
18,1,17
10,20,-10
37,37,0
13,1,12
1,0,1
9,15,-6
2,0,2
5,3,2
10,7,3
3,0,3
5,3,2
0,0,0
4,5,-1
3,2,1
1,0,1
4,1,3
2,0,2
9,5,4
3,0,3
0,1,-1
3,0,3
0,7,-7
5,1,4
0,0,0
1,3,-2
0,0,0
3,15,-12
1,0,1
0,0,0
2,2,0
1,0,1
2,1,1
7,0,7
6,3,3
6,1,5
10,7,3
3,0,3
19,20,-1
22,6,16
0,1,-1
2,2,0
13,1,12
0,0,0
9,2,7
1,7,-6
1,1,0
2,1,1
13,1,12
2,0,2
3,1,2
1,0,1
1,0,1
2,3,-1
2,0,2
3,0,3
17,0,17
66,39,27
1,0,1
24,0,24
1,0,1
3,0,3
0,0,0
7,12,-5
1,0,1
5,13,-8
7,0,7
13,1,12
2,6,-4
0,10,-10
1,1,0
6,7,-1
1,4,-3
0,0,0
0,0,0
6,7,-1
21,0,21
0,3,-3
0,2,-2
3,0,3
13,0,13
8,14,-6
0,0,0
0,0,0
36,7,29
1,0,1
0,0,0
8,4,4
0,0,0
9,2,7
0,24,-24
3,0,3
1,0,1
6,1,5
0,2,-2
0,27,-27
7,0,7
6,10,-4
10,2,8
5,2,3
11,5,6
1,0,1
0,0,0
4,6,-2
1,1,0
4,5,-1
5,5,0
9,4,5
5,1,4
23,15,8
8,2,6
1,3,-2
2,0,2
0,1,-1
1,0,1
20,16,4
0,0,0
5,1,4
19,11,8
12,0,12
9,8,1
9,0,9
3,1,2
1,0,1
8,0,8
0,0,0
1,2,-1
8,1,7
1,1,0
6,6,0
10,8,2
1,3,-2
4,1,3
6,2,4
1,0,1
3,3,0
23,5,18
12,4,8
4,0,4
4,1,3
7,8,-1
26,0,26
1,18,-17
0,2,-2
11,1,10
8,5,3
0,0,0
19,1,18
0,9,-9
24,7,17
0,11,-11
9,7,2
1,0,1
6,6,0
1,9,-8
6,0,6
3,0,3
11,6,5
1,17,-16
2,0,2
12,0,12
1,0,1
2,6,-4
1,1,0
9,2,7
5,0,5
0,0,0
5,0,5
1,5,-4
8,0,8
2,0,2
0,9,-9
7,7,0
0,0,0
21,2,19
3,3,0
0,0,0
57,57,0
0,2,-2
16,6,10
1,5,-4
0,5,-5
4,3,1
0,0,0
2,5,-3
0,4,-4
22,3,19
3,78,-75
3,0,3
25,0,25
2,0,2
1,0,1
1,2,-1
8,2,6
0,0,0
9,1,8
2,1,1
5,0,5
6,3,3
1,4,-3
1,10,-9
2,0,2
3,1,2
0,8,-8
4,1,3
9,7,2
9,6,3
8,2,6
0,0,0
11,8,3
1,7,-6
5,0,5
15,0,15
0,0,0
21,0,21
6,4,2
11,0,11
34,1,33
5,2,3
0,1,-1
8,2,6
6,3,3
1,1,0
30,0,30
1,0,1
2,24,-22
13,0,13
9,3,6
18,4,14
1,1,0
0,0,0
0,0,0
0,3,-3
7,0,7
0,0,0
5,7,-2
0,0,0
3,1,2
1,23,-22
2,0,2
2,1,1
4,2,2
6,4,2
0,0,0
0,7,-7
25,3,22
0,2,-2
1,1,0
5,3,2
7,0,7
0,17,-17
0,0,0
11,0,11
0,0,0
4,7,-3
6,0,6
4,0,4
1,0,1
5,2,3
2,0,2
5,4,1
0,0,0
5,5,0
6,0,6
0,0,0
0,0,0
14,0,14
5,1,4
18,1,17
3,3,0
14,7,7
16,0,16
6,1,5
8,15,-7
7,0,7
2,0,2
32,6,26
0,0,0
4,6,-2
1,0,1
0,0,0
12,2,10
7,20,-13
23,3,20
5,8,-3
28,1,27
4,9,-5
2,0,2
0,1,-1
2,0,2
6,0,6
6,35,-29
0,0,0
5,3,2
2,2,0
2,7,-5
24,0,24
2,1,1
10,1,9
57,1,56
1,1,0
0,0,0
19,0,19
1,2,-1
5,25,-20
1,5,-4
1,7,-6
2,0,2
0,0,0
0,0,0
13,3,10
1,0,1
0,0,0
2,1,1
13,10,3
13,0,13
9,13,-4
0,2,-2
10,2,8
17,6,11
50,13,37
2,0,2
6,0,6
7,1,6
8,0,8
3,3,0
0,0,0
45,15,30
32,1,31
9,0,9
5,0,5
1,0,1
4,2,2
0,0,0
8,5,3
6,4,2
10,0,10
0,4,-4
0,4,-4
0,2,-2
1,2,-1
8,2,6
4,10,-6
0,1,-1
7,1,6
34,13,21
5,0,5
15,0,15
4,0,4
8,0,8
3,0,3
19,12,7
1,7,-6
11,0,11
13,7,6
0,2,-2
0,0,0
5,19,-14
0,0,0
10,0,10
1,0,1
0,0,0
13,14,-1
0,0,0
1,0,1
5,0,5
5,0,5
10,1,9
9,5,4
6,0,6
12,0,12
0,0,0
7,1,6
44,20,24
3,0,3
10,0,10
6,6,0
7,7,0
1,4,-3
0,1,-1
0,0,0
0,0,0
1,1,0
14,14,0
0,1,-1
6,4,2
5,3,2
42,5,37
42,5,37
0,4,-4
0,0,0
7,2,5
6,1,5
3,2,1
0,0,0
3,4,-1
5,0,5
12,0,12
7,8,-1
15,2,13
5,0,5
0,0,0
7,2,5
1,1,0
1,8,-7
62,16,46
7,0,7
3,4,-1
1,11,-10
0,0,0
7,9,-2
5,1,4
3,10,-7
3,3,0
11,10,1
5,20,-15
24,0,24
1,0,1
8,8,0
6,6,0
1,2,-1
5,25,-20
0,0,0
5,1,4
29,0,29
0,0,0
1,1,0
0,0,0
0,1,-1
6,7,-1
45,1,44
2,0,2
15,48,-33
4,0,4
11,2,9
20,4,16
2,7,-5
3,2,1
1,0,1
0,0,0
10,3,7
0,0,0
2,0,2
6,6,0
7,1,6
11,22,-11
1,0,1
10,7,3
35,7,28
19,5,14
2,0,2
64,11,53
8,9,-1
2,0,2
25,2,23
0,0,0
0,2,-2
5,1,4
1,0,1
0,0,0
16,4,12
20,5,15
1,1,0
8,3,5
19,0,19
2,0,2
17,0,17
1,1,0
1,1,0
5,3,2
1,1,0
13,0,13
10,9,1
28,5,23
0,0,0
2,2,0
1,0,1
0,0,0
4,1,3
15,0,15
0,0,0
0,0,0
3,1,2
3,0,3
0,4,-4
9,2,7
0,0,0
0,2,-2
1,1,0
3,4,-1
0,0,0
4,3,1
0,3,-3
1,3,-2
2,3,-1
0,1,-1
0,0,0
0,0,0
10,0,10
0,10,-10
2,0,2
0,1,-1
12,4,8
0,0,0
33,39,-6
10,1,9
1,0,1
11,42,-31
3,3,0
3,7,-4
6,4,2
0,0,0
4,0,4
1,0,1
23,34,-11
7,15,-8
2,0,2
10,25,-15
5,5,0
8,0,8
0,0,0
2,0,2
0,0,0
23,51,-28
6,4,2
4,0,4
51,0,51
1,0,1
3,9,-6
8,0,8
13,9,4
3,4,-1
0,0,0
0,1,-1
1,2,-1
0,0,0
3,2,1
1,0,1
0,1,-1
7,0,7
6,11,-5
1,6,-5
9,1,8
0,0,0
4,0,4
21,2,19
2,0,2
26,26,0
3,13,-10
1,1,0
0,0,0
3,7,-4
7,0,7
8,0,8
0,2,-2
2,2,0
1,0,1
5,1,4
8,5,3
0,0,0
8,31,-23
2,0,2
7,7,0
11,2,9
7,9,-2
3,9,-6
22,0,22
5,0,5
4,6,-2
16,1,15
0,0,0
0,0,0
3,0,3
1,1,0
0,0,0
1,1,0
9,3,6
7,1,6
6,13,-7
6,0,6
6,5,1
0,3,-3
2,3,-1
15,0,15
12,12,0
3,1,2
4,0,4
6,2,4
2,3,-1
0,10,-10
30,30,0
1,5,-4
15,1,14
0,1,-1
25,46,-21
0,0,0
4,1,3
5,2,3
2,0,2
9,3,6
1,0,1
3,7,-4
5,8,-3
18,0,18
28,15,13
0,0,0
5,7,-2
0,10,-10
2,2,0
2,1,1
25,0,25
0,0,0
2,2,0
12,8,4
11,1,10
2,4,-2
5,3,2
0,0,0
1,11,-10
0,0,0
8,3,5
0,6,-6
0,1,-1
3,1,2
36,2,34
1,0,1
4,0,4
35,18,17
6,1,5
0,1,-1
0,0,0
4,2,2
5,1,4
1,1,0
27,1,26
22,0,22
4,0,4
26,9,17
4,12,-8
5,2,3
22,2,20
5,3,2
8,2,6
1,8,-7
10,7,3
0,0,0
4,0,4
0,0,0
0,0,0
8,0,8
0,0,0
2,1,1
4,1,3
3,7,-4
9,5,4
11,7,4
0,0,0
9,7,2
3,0,3
14,14,0
4,25,-21
19,26,-7
2,5,-3
0,0,0
0,1,-1
4,3,1
5,2,3
4,0,4
4,7,-3
12,0,12
0,2,-2
3,26,-23
6,0,6
17,39,-22
3,0,3
15,0,15
2,2,0
23,7,16
2,2,0
0,1,-1
12,2,10
30,28,2
19,7,12
0,1,-1
1,0,1
28,19,9
4,0,4
6,0,6
2,1,1
28,28,0
0,1,-1
18,0,18
1,0,1
11,0,11
2,0,2
0,0,0
1,0,1
0,1,-1
49,3,46
0,0,0
9,0,9
4,2,2
3,0,3
5,0,5
1,0,1
5,16,-11
6,11,-5
5,19,-14
5,3,2
7,0,7
0,0,0
4,1,3
1,1,0
0,15,-15
1,3,-2
19,4,15
6,3,3
2,0,2
4,3,1
7,0,7
46,1,45
3,4,-1
1,7,-6
9,6,3
6,1,5
17,1,16
40,40,0
36,2,34
10,10,0
7,0,7
3,0,3
0,2,-2
1,0,1
38,33,5
7,1,6
5,2,3
7,0,7
20,11,9
0,0,0
30,64,-34
4,0,4
5,1,4
0,0,0
2,0,2
16,28,-12
1,0,1
3,0,3
4,2,2
2,0,2
15,0,15
0,0,0
12,28,-16
25,1,24
0,0,0
0,0,0
3,2,1
7,9,-2
17,4,13
4,15,-11
35,35,0
7,0,7
16,5,11
0,0,0
0,0,0
15,9,6
2,2,0
0,7,-7
17,34,-17
4,1,3
5,2,3
7,8,-1
0,0,0
20,0,20
31,0,31
13,7,6
0,0,0
0,0,0
1,0,1
3,0,3
3,2,1
17,18,-1
8,3,5
3,0,3
1,0,1
14,10,4
4,0,4
2,0,2
1,0,1
0,1,-1
10,7,3
25,6,19
13,7,6
0,0,0
6,12,-6
5,0,5
0,2,-2
0,0,0
0,0,0
0,0,0
4,10,-6
11,8,3
10,5,5
0,10,-10
5,5,0
12,3,9
6,0,6
11,2,9
1,1,0
29,5,24
13,1,12
1,0,1
2,1,1
0,0,0
6,1,5
33,9,24
0,21,-21
6,2,4
2,1,1
13,9,4
2,0,2
0,0,0
7,2,5
22,0,22
2,0,2
17,0,17
2,2,0
0,0,0
1,0,1
2,0,2
8,5,3
2,4,-2
12,1,11
17,18,-1
1,0,1
6,0,6
3,20,-17
17,7,10
4,2,2
3,0,3
12,0,12
2,5,-3
12,18,-6
7,0,7
5,7,-2
13,3,10
22,2,20
0,1,-1
5,6,-1
11,16,-5
0,0,0
3,2,1
3,1,2
12,0,12
46,13,33
12,4,8
4,0,4
0,0,0
4,0,4
35,0,35
3,0,3
11,0,11
0,0,0
6,0,6
9,43,-34
9,9,0
5,4,1
11,7,4
6,0,6
13,6,7
5,5,0
0,0,0
22,7,15
1,21,-20
2,0,2
1,0,1
0,5,-5
5,0,5
3,7,-4
2,0,2
13,7,6
4,10,-6
17,0,17
0,0,0
19,2,17
10,7,3
22,0,22
9,0,9
1,0,1
28,5,23
0,0,0
8,2,6
1,1,0
2,0,2
1,1,0
3,2,1
1,0,1
3,0,3
3,7,-4
7,2,5
11,2,9
16,7,9
1,0,1
12,9,3
1,0,1
10,6,4
3,3,0
0,0,0
5,1,4
0,0,0
3,0,3
0,0,0
1,0,1
12,10,2
6,7,-1
0,7,-7
6,0,6
2,2,0
2,2,0
7,1,6
1,1,0
9,1,8
2,3,-1
13,1,12
8,8,0
0,0,0
5,2,3
7,2,5
1,0,1
1,2,-1
10,0,10
9,0,9
5,0,5
4,0,4
0,0,0
13,3,10
10,3,7
17,1,16
6,4,2
15,15,0
11,1,10
2,0,2
1,1,0
0,3,-3
2,2,0
2,0,2
12,8,4
9,0,9
2,0,2
1,5,-4
0,0,0
7,1,6
0,0,0
1,0,1
0,0,0
0,0,0
9,0,9
10,4,6
4,0,4
3,22,-19
1,0,1
7,18,-11
0,2,-2
4,2,2
8,3,5
1,0,1
7,0,7
0,0,0
4,0,4
2,7,-5
0,7,-7
3,0,3
0,0,0
2,5,-3
0,1,-1
0,1,-1
1,0,1
28,41,-13
1,1,0
1,0,1
11,0,11
8,3,5
7,0,7
0,0,0
27,0,27
2,2,0
9,3,6
7,1,6
0,3,-3
8,7,1
15,0,15
20,6,14
3,2,1
7,4,3
1,0,1
0,0,0
29,1,28
9,0,9
1,1,0
2,10,-8
24,0,24
2,3,-1
11,7,4
2,1,1
2,0,2
0,3,-3
2,1,1
7,48,-41
5,0,5
5,2,3
2,3,-1
10,10,0
2,0,2
4,0,4
2,4,-2
0,0,0
6,0,6
5,0,5
0,0,0
18,0,18
4,2,2
44,26,18
1,0,1
28,7,21
5,0,5
3,2,1
1,0,1
18,0,18
2,1,1
1,1,0
6,0,6
3,2,1
15,7,8
6,5,1
18,42,-24
1,0,1
5,1,4
68,0,68
4,0,4
1,2,-1
6,2,4
0,0,0
0,0,0
1,4,-3
5,0,5
31,31,0
20,5,15
6,91,-85
0,1,-1
1,1,0
10,0,10
0,0,0
13,5,8
3,0,3
0,0,0
0,0,0
0,0,0
15,0,15
2,2,0
20,2,18
0,8,-8
1,0,1
2,6,-4
12,7,5
1,0,1
0,0,0
1,1,0
6,1,5
16,3,13
29,0,29
1,3,-2
3,0,3
2,4,-2
5,4,1
10,0,10
8,6,2
1,0,1
15,1,14
1,2,-1
5,5,0
3,14,-11
1,1,0
1,0,1
0,0,0
3,0,3
0,5,-5
5,1,4
5,6,-1
1,0,1
15,19,-4
4,24,-20
2,0,2
0,0,0
0,2,-2
1,1,0
1,0,1
14,5,9
0,0,0
3,1,2
4,10,-6
10,7,3
1,1,0
0,0,0
10,5,5
7,25,-18
0,1,-1
1,0,1
3,7,-4
0,0,0
29,20,9
3,4,-1
9,6,3
2,2,0
3,0,3
34,34,0
0,0,0
2,0,2
6,0,6
4,0,4
5,4,1
0,0,0
11,2,9
3,0,3
3,0,3
7,7,0
10,16,-6
2,0,2
17,0,17
3,0,3
1,1,0
0,0,0
0,1,-1
1,2,-1
1,1,0
5,5,0
0,7,-7
5,1,4
5,1,4
2,0,2
3,0,3
1,6,-5
11,60,-49
3,0,3
9,1,8
0,0,0
2,0,2
0,0,0
1,1,0
39,13,26
3,40,-37
9,5,4
21,0,21
5,1,4
0,0,0
1,0,1
0,0,0
9,18,-9
4,0,4
12,2,10
20,16,4
0,0,0
2,2,0
0,0,0
0,6,-6
3,4,-1
0,0,0
0,0,0
5,3,2
0,0,0
3,3,0
24,11,13
14,34,-20
1,0,1
5,0,5
0,0,0
4,3,1
5,0,5
4,1,3
0,3,-3
7,0,7
9,4,5
8,35,-27
17,26,-9
2,5,-3
15,10,5
17,5,12
2,2,0
0,1,-1
0,0,0
0,4,-4
3,1,2
1,0,1
0,4,-4
1,3,-2
12,0,12
3,5,-2
4,0,4
11,9,2
8,1,7
3,0,3
0,0,0
2,0,2
12,7,5
0,0,0
0,0,0
0,0,0
1,3,-2
4,2,2
3,0,3
28,5,23
0,0,0
6,0,6
12,1,11
3,1,2
0,0,0
18,37,-19
1,0,1
2,0,2
6,6,0
5,2,3
2,0,2
1,0,1
0,0,0
0,0,0
0,0,0
1,0,1
5,2,3
1,6,-5
0,0,0
16,3,13
9,5,4
0,0,0
20,3,17
4,1,3
17,0,17
3,2,1
5,5,0
1,0,1
3,1,2
4,1,3
9,1,8
13,2,11
1,2,-1
14,8,6
2,2,0
17,8,9
1,20,-19
5,1,4
0,0,0
14,2,12
2,0,2
0,1,-1
0,0,0
2,0,2
2,8,-6
1,0,1
0,0,0
5,7,-2
20,11,9
0,0,0
6,5,1
4,2,2
53,3,50
6,2,4
1,6,-5
0,1,-1
12,0,12
8,7,1
23,23,0
1,4,-3
2,3,-1
6,2,4
24,2,22
1,0,1
6,4,2
0,0,0
0,5,-5
1,0,1
9,0,9
10,0,10
3,0,3
0,0,0
29,0,29
15,0,15
0,1,-1
4,0,4
5,4,1
2,33,-31
0,0,0
2,8,-6
0,0,0
3,1,2
0,0,0
1,0,1
5,2,3
1,0,1
0,0,0
2,7,-5
14,11,3
25,8,17
0,3,-3
4,5,-1
26,9,17
0,2,-2
0,0,0
0,9,-9
0,0,0
4,0,4
3,7,-4
7,6,1
0,0,0
3,1,2
0,0,0
9,1,8
6,6,0
0,1,-1
8,5,3
6,6,0
7,0,7
1,0,1
53,2,51
0,1,-1
8,3,5
0,5,-5
0,0,0
1,0,1
2,2,0
23,0,23
3,2,1
3,1,2
0,0,0
0,0,0
2,5,-3
11,9,2
1,0,1
27,0,27
29,16,13
4,9,-5
12,0,12
0,10,-10
7,0,7
0,0,0
1,0,1
2,0,2
13,0,13
7,3,4
0,0,0
6,2,4
4,1,3
0,19,-19
1,0,1
13,8,5
2,0,2
3,0,3
1,0,1
1,0,1
1,8,-7
1,0,1
37,4,33
5,0,5
0,0,0
15,1,14
9,0,9
15,16,-1
19,1,18
0,0,0
0,0,0
43,2,41
6,15,-9
10,0,10
4,0,4
4,1,3
34,2,32
1,2,-1
18,15,3
8,0,8
2,1,1
24,26,-2
2,2,0
14,4,10
1,5,-4
0,2,-2
5,0,5
8,0,8
33,0,33
14,47,-33
3,0,3
10,0,10
0,0,0
0,2,-2
1,1,0
1,1,0
2,0,2
11,3,8
6,1,5
0,0,0
0,6,-6
19,24,-5
1,0,1
6,5,1
1,1,0
13,2,11
3,3,0
15,4,11
4,0,4
2,1,1
21,13,8
32,3,29
1,7,-6
1,0,1
0,7,-7
0,0,0
0,0,0
10,6,4
4,0,4
4,0,4
11,0,11
3,0,3
21,0,21
0,1,-1
9,0,9
0,0,0
1,0,1
18,0,18
15,0,15
14,3,11
1,0,1
0,2,-2
17,0,17
1,0,1
5,2,3
13,8,5
2,0,2
4,10,-6
6,3,3
27,5,22
1,0,1
4,2,2
4,0,4
3,7,-4
0,0,0
9,0,9
2,3,-1
13,0,13
0,0,0
7,0,7
21,3,18
7,0,7
18,6,12
24,0,24
7,4,3
0,34,-34
20,0,20
8,0,8
5,1,4
0,0,0
2,0,2
20,0,20
2,1,1
5,5,0
6,2,4
16,0,16
0,2,-2
3,6,-3
4,5,-1
26,6,20
14,38,-24
0,0,0
0,2,-2
8,0,8
0,0,0
2,0,2
10,15,-5
1,0,1
11,11,0
4,0,4
2,4,-2
0,1,-1
2,7,-5
2,0,2
7,0,7
8,0,8
61,9,52
1,0,1
1,0,1
9,2,7
2,2,0
4,6,-2
3,2,1
0,0,0
1,1,0
1,1,0
8,0,8
3,2,1
15,0,15
0,0,0
6,7,-1
3,10,-7
1,6,-5
1,10,-9
6,6,0
8,0,8
0,0,0
3,5,-2
12,5,7
5,1,4
0,3,-3
1,1,0
6,0,6
1,0,1
1,0,1
1,0,1
0,0,0
14,0,14
11,6,5
2,6,-4
0,0,0
5,0,5
27,1,26
4,1,3
9,0,9
0,0,0
27,0,27
6,0,6
0,0,0
1,0,1
7,0,7
5,6,-1
12,20,-8
1,16,-15
11,18,-7
0,1,-1
11,1,10
3,5,-2
28,1,27
0,0,0
1,1,0
1,0,1
28,41,-13
25,7,18
3,2,1
3,1,2
2,0,2
1,1,0
0,0,0
0,0,0
4,17,-13
4,0,4
35,35,0
5,6,-1
7,5,2
0,0,0
1,0,1
0,0,0
58,1,57
4,0,4
19,5,14
3,0,3
1,0,1
0,2,-2
29,9,20
0,0,0
10,15,-5
0,2,-2
20,10,10
9,14,-5
5,5,0
20,11,9
6,5,1
0,0,0
0,0,0
13,5,8
1,0,1
1,7,-6
2,7,-5
14,11,3
0,3,-3
29,2,27
6,0,6
7,5,2
0,0,0
0,0,0
1,2,-1
3,38,-35
0,4,-4
0,0,0
9,11,-2
1,1,0
18,2,16
8,1,7
5,10,-5
5,1,4
4,0,4
4,8,-4
2,1,1
7,3,4
8,0,8
3,0,3
0,0,0
43,68,-25
6,1,5
0,8,-8
1,5,-4
0,0,0
11,1,10
6,3,3
6,5,1
4,0,4
5,1,4
1,0,1
7,0,7
9,14,-5
3,1,2
12,0,12
0,0,0
4,6,-2
15,5,10
6,0,6
11,1,10
3,0,3
2,2,0
0,0,0
19,5,14
22,23,-1
3,1,2
2,1,1
3,2,1
2,4,-2
2,1,1
3,0,3
3,2,1
4,2,2
5,0,5
11,0,11
29,0,29
4,1,3
5,3,2
1,0,1
14,0,14
119,119,0
2,9,-7
3,7,-4
2,7,-5
3,0,3
2,2,0
1,1,0
12,7,5
0,0,0
6,2,4
6,11,-5
3,0,3
1,2,-1
1,1,0
2,1,1
20,20,0
10,16,-6
0,0,0
9,1,8
3,8,-5
0,0,0
0,0,0
8,14,-6
1,0,1
2,0,2
0,0,0
4,4,0
7,8,-1
1,9,-8
23,0,23
1,7,-6
47,55,-8
2,53,-51
3,7,-4
15,28,-13
4,0,4
0,37,-37
7,0,7
3,3,0
1,1,0
0,0,0
1,1,0
9,0,9
3,0,3
8,7,1
2,0,2
0,0,0
6,0,6
1,0,1
9,2,7
5,6,-1
3,6,-3
0,2,-2
0,41,-41
2,2,0
5,5,0
20,16,4
44,0,44
17,0,17
4,0,4
4,1,3
2,2,0
1,6,-5
64,0,64
18,0,18
2,41,-39
2,2,0
2,0,2
15,0,15
24,2,22
9,3,6
1,0,1
0,2,-2
9,2,7
45,45,0
6,13,-7
0,0,0
2,2,0
1,0,1
1,2,-1
1,2,-1
6,0,6
4,0,4
12,10,2
3,0,3
0,0,0
1,0,1
1,1,0
7,3,4
1,1,0
2,5,-3
3,5,-2
1,0,1
0,0,0
3,1,2
1,0,1
5,0,5
3,0,3
2,0,2
15,15,0
2,2,0
2,0,2
3,1,2
1,10,-9
2,1,1
4,7,-3
2,0,2
0,0,0
12,0,12
0,0,0
6,0,6
7,5,2
3,1,2
9,3,6
6,7,-1
3,0,3
0,0,0
12,15,-3
2,15,-13
1,0,1
0,4,-4
5,3,2
10,13,-3
6,0,6
2,10,-8
0,3,-3
9,0,9
9,5,4
3,3,0
1,0,1
1,14,-13
10,3,7
24,4,20
1,0,1
0,0,0
15,0,15
11,10,1
3,0,3
14,9,5
0,0,0
0,4,-4
7,0,7
3,5,-2
14,3,11
0,0,0
8,1,7
0,0,0
3,2,1
7,5,2
2,0,2
9,9,0
7,4,3
1,1,0
0,1,-1
3,3,0
0,0,0
15,1,14
28,25,3
3,0,3
17,14,3
22,1,21
7,2,5
29,0,29
4,2,2
10,2,8
19,39,-20
5,6,-1
3,0,3
12,0,12
2,2,0
7,7,0
1,7,-6
0,0,0
0,1,-1
0,3,-3
4,4,0
16,19,-3
50,50,0
27,1,26
13,8,5
3,0,3
27,9,18
2,0,2
13,2,11
1,0,1
3,22,-19
1,0,1
9,7,2
0,0,0
1,9,-8
1,5,-4
3,0,3
0,0,0
0,0,0
12,1,11
0,0,0
2,1,1
0,0,0
0,0,0
5,3,2
0,0,0
0,0,0
12,10,2
0,1,-1
11,8,3
10,4,6
4,0,4
3,10,-7
3,3,0
3,5,-2
1,0,1
0,0,0
12,2,10
0,9,-9
6,0,6
1,3,-2
8,0,8
11,9,2
26,1,25
0,0,0
4,0,4
12,5,7
2,0,2
5,5,0
3,0,3
7,0,7
1,8,-7
0,0,0
8,0,8
42,1,41
5,2,3
9,0,9
7,0,7
2,1,1
0,1,-1
14,7,7
0,0,0
3,0,3
2,0,2
0,1,-1
12,0,12
4,10,-6
20,14,6
1,0,1
9,8,1
8,9,-1
4,0,4
6,0,6
0,1,-1
15,7,8
12,3,9
0,1,-1
9,1,8
0,0,0
1,0,1
4,2,2
4,7,-3
5,9,-4
1,16,-15
14,1,13
2,0,2
2,0,2
8,9,-1
15,0,15
2,1,1
2,0,2
10,0,10
0,0,0
6,1,5
3,0,3
2,5,-3
0,0,0
17,0,17
3,3,0
0,0,0
30,28,2
0,0,0
6,3,3
8,0,8
0,0,0
26,1,25
16,5,11
1,1,0
2,0,2
8,0,8
8,1,7
1,0,1
1,1,0
1,0,1
0,0,0
0,0,0
2,0,2
4,7,-3
1,0,1
8,2,6
2,22,-20
9,2,7
12,0,12
8,7,1
0,0,0
1,7,-6
11,0,11
9,1,8
19,1,18
0,0,0
4,1,3
8,0,8
9,2,7
1,1,0
0,3,-3
12,8,4
13,7,6
1,0,1
10,5,5
0,0,0
2,0,2
0,0,0
6,0,6
4,2,2
9,9,0
18,15,3
2,7,-5
10,2,8
1,0,1
8,1,7
0,4,-4
0,0,0
1,2,-1
0,0,0
2,6,-4
0,0,0
9,0,9
0,0,0
1,1,0
3,0,3
5,0,5
1,0,1
4,0,4
11,4,7
17,0,17
5,0,5
0,0,0
12,0,12
3,3,0
1,2,-1
5,0,5
5,5,0
0,0,0
6,0,6
0,0,0
1,0,1
9,4,5
1,8,-7
2,0,2
0,0,0
1,1,0
0,1,-1
0,0,0
2,0,2
1,5,-4
4,2,2
25,2,23
1,6,-5
26,2,24
8,2,6
15,13,2
21,25,-4
1,0,1
5,2,3
0,0,0
0,0,0
7,0,7
1,0,1
21,7,14
1,3,-2
0,1,-1
0,1,-1
5,0,5
3,0,3
6,1,5
6,2,4
0,0,0
6,1,5
1,1,0
16,3,13
58,32,26
21,0,21
10,0,10
4,1,3
16,0,16
6,0,6
7,2,5
3,0,3
13,15,-2
7,0,7
3,0,3
2,0,2
2,1,1
10,5,5
2,6,-4
1,38,-37
0,0,0
1,0,1
1,0,1
2,0,2
0,0,0
1,0,1
9,0,9
13,0,13
11,11,0
1,0,1
18,0,18
6,7,-1
5,3,2
6,15,-9
6,9,-3
2,2,0
0,1,-1
1,9,-8
0,2,-2
5,2,3
1,1,0
14,7,7
1,0,1
1,2,-1
5,9,-4
4,1,3
12,0,12
11,6,5
2,0,2
12,2,10
11,0,11
9,1,8
0,0,0
15,6,9
6,0,6
26,1,25
2,0,2
9,0,9
6,0,6
3,3,0
0,0,0
1,2,-1
6,6,0
3,5,-2
0,0,0
4,0,4
14,0,14
3,3,0
2,2,0
4,0,4
10,0,10
1,0,1
1,1,0
11,7,4
0,1,-1
1,0,1
1,5,-4
5,0,5
5,1,4
35,1,34
20,13,7
0,0,0
16,1,15
1,0,1
0,1,-1
6,2,4
0,3,-3
4,2,2
25,1,24
56,0,56
12,0,12
3,10,-7
1,1,0
4,36,-32
3,0,3
11,0,11
7,7,0
0,15,-15
0,6,-6
0,0,0
4,5,-1
0,0,0
2,14,-12
2,0,2
6,0,6
8,0,8
15,2,13
8,2,6
11,4,7
16,7,9
0,1,-1
18,2,16
38,6,32
1,0,1
1,0,1
5,0,5
30,0,30
3,0,3
0,3,-3
0,0,0
8,1,7
13,0,13
0,2,-2
11,1,10
0,0,0
10,1,9
10,2,8
3,0,3
3,3,0
36,0,36
0,6,-6
0,0,0
11,3,8
0,0,0
8,0,8
0,0,0
0,0,0
0,0,0
16,0,16
3,0,3
0,3,-3
11,0,11
35,9,26
1,1,0
0,1,-1
1,0,1
2,0,2
7,5,2
1,0,1
12,9,3
4,0,4
1,1,0
15,0,15
0,6,-6
0,0,0
34,14,20
1,6,-5
6,3,3
22,8,14
35,9,26
188,3,185
0,0,0
0,3,-3
17,15,2
18,0,18
0,0,0
1,0,1
1,1,0
0,0,0
6,0,6
5,1,4
4,5,-1
22,5,17
6,1,5
9,1,8
5,2,3
3,3,0
0,0,0
17,0,17
0,0,0
3,9,-6
2,1,1
3,0,3
1,0,1
8,1,7
9,61,-52
5,5,0
0,0,0
1,0,1
9,0,9
8,7,1
2,2,0
6,5,1
18,0,18
30,0,30
4,5,-1
0,3,-3
43,0,43
0,0,0
0,0,0
1,3,-2
9,8,1
2,3,-1
7,2,5
28,1,27
5,30,-25
2,2,0
20,20,0
4,2,2
9,0,9
10,5,5
0,2,-2
13,14,-1
0,0,0
0,4,-4
5,0,5
16,37,-21
0,0,0
2,5,-3
4,2,2
4,4,0
20,2,18
9,9,0
28,10,18
1,0,1
0,0,0
8,5,3
6,6,0
12,6,6
33,48,-15
0,4,-4
0,0,0
1,0,1
24,7,17
3,0,3
2,0,2
2,10,-8
5,0,5
5,4,1
2,0,2
0,0,0
17,1,16
4,2,2
17,3,14
5,0,5
4,1,3
5,0,5
0,1,-1
22,7,15
15,10,5
2,0,2
43,51,-8
3,1,2
1,0,1
4,1,3
0,1,-1
4,0,4
3,0,3
0,2,-2
1,0,1
0,0,0
6,1,5
3,4,-1
11,7,4
3,8,-5
3,0,3
0,0,0
6,4,2
6,0,6
2,0,2
0,1,-1
2,0,2
1,20,-19
0,2,-2
24,0,24
7,9,-2
9,6,3
3,1,2
1,0,1
3,1,2
6,0,6
16,1,15
5,0,5
2,0,2
8,12,-4
4,0,4
0,2,-2
17,0,17
2,0,2
0,0,0
11,2,9
0,0,0
26,26,0
3,6,-3
3,1,2
8,5,3
1,0,1
1,10,-9
18,41,-23
1,0,1
1,0,1
0,4,-4
4,0,4
0,0,0
7,7,0
8,5,3
1,0,1
14,0,14
1,1,0
2,14,-12
3,6,-3
3,7,-4
11,2,9
32,0,32
3,2,1
6,4,2
7,6,1
9,0,9
1,0,1
13,18,-5
2,2,0
0,1,-1
18,11,7
2,0,2
5,1,4
6,15,-9
3,0,3
9,62,-53
2,7,-5
0,0,0
1,2,-1
0,0,0
3,0,3
4,2,2
2,0,2
0,0,0
30,1,29
11,2,9
1,1,0
4,1,3
5,0,5
6,5,1
11,5,6
7,4,3
31,15,16
0,0,0
4,1,3
3,3,0
0,0,0
3,5,-2
2,2,0
5,1,4
7,3,4
1,0,1
0,0,0
6,1,5
6,5,1
5,0,5
2,2,0
11,7,4
4,0,4
11,11,0
10,3,7
0,0,0
12,20,-8
0,5,-5
11,10,1
6,3,3
3,0,3
3,0,3
19,7,12
0,0,0
9,3,6
13,3,10
12,0,12
0,1,-1
0,0,0
5,0,5
11,3,8
10,1,9
12,1,11
0,0,0
0,0,0
0,0,0
3,0,3
1,0,1
2,0,2
1,0,1
2,4,-2
0,0,0
17,31,-14
2,0,2
2,9,-7
0,1,-1
15,0,15
0,6,-6
50,15,35
3,0,3
1,0,1
4,0,4
2,0,2
2,0,2
12,3,9
8,1,7
2,0,2
6,4,2
1,4,-3
6,0,6
4,7,-3
4,0,4
6,34,-28
46,19,27
9,2,7
0,0,0
2,0,2
10,0,10
2,3,-1
9,2,7
0,1,-1
65,31,34
20,20,0
14,0,14
15,1,14
25,0,25
1,1,0
3,1,2
5,13,-8
4,0,4
13,0,13
13,1,12
1,2,-1
1,0,1
0,0,0
5,5,0
0,2,-2
13,0,13
1,2,-1
2,1,1
19,2,17
22,2,20
8,1,7
1,0,1
1,4,-3
1,0,1
2,2,0
7,5,2
0,0,0
6,1,5
11,7,4
0,1,-1
4,5,-1
3,7,-4
29,29,0
50,0,50
7,7,0
14,0,14
4,0,4
0,0,0
1,1,0
8,2,6
7,7,0
1,0,1
0,0,0
19,12,7
1,0,1
0,0,0
8,2,6
4,1,3
8,0,8
12,2,10
4,0,4
1,6,-5
7,1,6
22,13,9
0,0,0
9,1,8
3,4,-1
2,0,2
31,14,17
4,0,4
1,1,0
5,0,5
2,5,-3
2,2,0
2,6,-4
18,9,9
3,7,-4
0,0,0
0,0,0
1,1,0
22,5,17
7,7,0
3,0,3
17,2,15
2,1,1
6,0,6
3,1,2
1,0,1
3,0,3
0,0,0
5,11,-6
12,1,11
0,0,0
2,2,0
13,9,4
4,5,-1
5,9,-4
19,9,10
3,4,-1
8,3,5
4,3,1
3,0,3
6,5,1
1,0,1
27,2,25
13,4,9
19,2,17
1,1,0
7,0,7
1,1,0
20,2,18
0,0,0
17,2,15
3,1,2
1,5,-4
6,0,6
10,0,10
17,5,12
1,0,1
0,0,0
16,3,13
8,5,3
8,5,3
17,1,16
0,0,0
9,7,2
0,0,0
16,7,9
5,5,0
3,0,3
3,2,1
8,4,4
7,14,-7
7,2,5
5,4,1
10,3,7
5,0,5
9,0,9
12,2,10
5,3,2
7,1,6
20,3,17
2,1,1
0,0,0
5,0,5
2,1,1
4,0,4
0,4,-4
4,1,3
0,0,0
0,1,-1
13,1,12
1,3,-2
0,0,0
11,11,0
2,7,-5
0,0,0
0,1,-1
0,0,0
4,1,3
6,0,6
8,0,8
30,20,10
3,3,0
5,1,4
0,0,0
0,0,0
1,44,-43
0,5,-5
0,1,-1
14,1,13
4,15,-11
8,2,6
0,0,0
2,9,-7
12,15,-3
2,0,2
0,0,0
7,18,-11
0,7,-7
0,0,0
6,3,3
13,0,13
3,15,-12
1,1,0
4,0,4
0,0,0
0,0,0
3,10,-7
33,1,32
11,1,10
0,1,-1
14,11,3
5,10,-5
11,12,-1
3,2,1
12,2,10
5,12,-7
3,3,0
11,0,11
12,0,12
4,0,4
0,1,-1
0,0,0
25,2,23
7,0,7
4,1,3
0,0,0
1,7,-6
2,0,2
2,2,0
6,13,-7
3,0,3
13,3,10
5,4,1
1,0,1
2,7,-5
13,2,11
37,42,-5
18,12,6
11,7,4
2,0,2
4,11,-7
8,0,8
3,9,-6
2,0,2
17,2,15
3,51,-48
4,1,3
7,5,2
6,1,5
6,0,6
5,3,2
5,10,-5
10,2,8
0,0,0
41,10,31
22,5,17
25,12,13
3,2,1
4,0,4
32,5,27
12,11,1
5,0,5
17,5,12
1,0,1
71,1,70
6,1,5
2,1,1
7,5,2
3,0,3
0,1,-1
1,1,0
0,7,-7
0,0,0
4,1,3
0,0,0
14,0,14
33,33,0
8,0,8
6,1,5
1,0,1
0,3,-3
13,9,4
1,0,1
2,0,2
5,0,5
13,8,5
5,2,3
3,0,3
3,3,0
4,0,4
16,5,11
0,2,-2
4,1,3
1,2,-1
6,5,1
1,2,-1
8,5,3
7,1,6
1,0,1
11,5,6
9,2,7
10,0,10
1,1,0
0,9,-9
0,0,0
1,1,0
2,3,-1
0,0,0
0,0,0
4,2,2
8,0,8
0,0,0
0,5,-5
3,0,3
3,4,-1
0,0,0
9,0,9
3,6,-3
0,0,0
27,0,27
8,7,1
0,0,0
9,13,-4
8,4,4
20,0,20
7,4,3
26,52,-26
1,0,1
0,2,-2
0,5,-5
7,0,7
14,5,9
7,9,-2
4,6,-2
1,1,0
0,1,-1
17,7,10
5,12,-7
0,0,0
13,0,13
4,0,4
0,5,-5
9,0,9
0,3,-3
7,22,-15
1,1,0
0,1,-1
6,2,4
5,1,4
51,31,20
7,9,-2
16,13,3
17,6,11
4,0,4
39,2,37
2,5,-3
0,0,0
0,0,0
5,38,-33
2,25,-23
15,5,10
1,0,1
2,9,-7
9,6,3
0,0,0
0,1,-1
2,0,2
10,0,10
20,4,16
2,2,0
1,0,1
3,0,3
4,2,2
3,0,3
3,9,-6
6,1,5
0,7,-7
4,11,-7
0,0,0
1,0,1
0,0,0
7,3,4
3,1,2
0,11,-11
12,0,12
21,3,18
2,3,-1
25,0,25
1,0,1
1,9,-8
39,14,25
2,7,-5
0,1,-1
3,0,3
0,4,-4
1,0,1
10,14,-4
0,2,-2
4,7,-3
1,0,1
7,0,7
1,1,0
2,15,-13
3,5,-2
1,0,1
16,0,16
44,45,-1
7,1,6
0,0,0
1,7,-6
5,4,1
12,0,12
0,0,0
6,0,6
1,7,-6
0,7,-7
3,7,-4
0,0,0
2,0,2
14,0,14
3,4,-1
1,8,-7
6,6,0
36,2,34
3,0,3
7,3,4
3,31,-28
0,0,0
1,0,1
3,0,3
0,0,0
5,5,0
2,2,0
0,1,-1
7,7,0
1,0,1
1,1,0
0,1,-1
3,0,3
7,0,7
0,0,0
22,26,-4
4,3,1
4,5,-1
2,0,2
21,8,13
8,1,7
0,0,0
19,0,19
3,1,2
3,2,1
0,2,-2
8,0,8
0,8,-8
17,0,17
4,15,-11
0,3,-3
5,23,-18
24,26,-2
27,3,24
11,22,-11
1,1,0
9,1,8
4,0,4
5,14,-9
11,3,8
0,0,0
12,0,12
15,11,4
1,1,0
0,0,0
1,1,0
24,70,-46
0,0,0
16,34,-18
2,2,0
1,0,1
4,2,2
7,0,7
42,76,-34
8,0,8
5,2,3
4,0,4
2,7,-5
22,0,22
2,0,2
1,7,-6
7,0,7
2,1,1
0,1,-1
1,4,-3
4,9,-5
1,1,0
1,3,-2
0,0,0
2,0,2
0,0,0
0,0,0
13,7,6
1,0,1
11,3,8
8,1,7
0,0,0
13,1,12
7,1,6
2,2,0
7,9,-2
0,7,-7
17,20,-3
0,0,0
3,2,1
10,4,6
0,1,-1
14,3,11
10,0,10
0,5,-5
3,2,1
0,4,-4
6,9,-3
1,1,0
3,0,3
2,1,1
0,9,-9
10,0,10
0,11,-11
10,0,10
15,10,5
0,5,-5
2,0,2
8,0,8
4,1,3
6,0,6
1,0,1
5,3,2
2,0,2
3,0,3
19,3,16
1,2,-1
1,10,-9
8,0,8
24,26,-2
0,0,0
4,0,4
16,11,5
4,0,4
14,6,8
5,0,5
1,0,1
1,8,-7
18,7,11
1,1,0
2,1,1
8,0,8
4,36,-32
3,0,3
3,0,3
14,12,2
30,20,10
0,0,0
14,10,4
19,1,18
4,4,0
12,0,12
20,0,20
1,1,0
10,1,9
4,10,-6
26,8,18
1,3,-2
1,8,-7
4,3,1
3,1,2
0,0,0
11,14,-3
5,3,2
11,6,5
6,6,0
7,2,5
1,0,1
20,18,2
1,0,1
3,2,1
6,2,4
7,8,-1
24,2,22
6,8,-2
5,1,4
0,2,-2
3,0,3
3,1,2
14,1,13
3,2,1
1,3,-2
5,4,1
12,9,3
3,0,3
7,2,5
0,0,0
11,0,11
7,10,-3
3,0,3
1,2,-1
0,0,0
5,0,5
0,0,0
12,2,10
1,0,1
6,1,5
6,0,6
0,0,0
24,8,16
1,1,0
3,0,3
0,1,-1
2,7,-5
8,21,-13
1,1,0
12,1,11
4,1,3
4,3,1
5,4,1
0,2,-2
2,5,-3
1,0,1
15,1,14
1,0,1
12,0,12
12,7,5
2,0,2
24,3,21
0,0,0
0,0,0
8,2,6
3,3,0
3,1,2
0,0,0
3,0,3
6,2,4
17,2,15
5,0,5
16,5,11
0,0,0
7,6,1
11,1,10
0,0,0
22,0,22
2,9,-7
0,0,0
6,0,6
23,22,1
4,1,3
10,14,-4
1,0,1
0,0,0
7,5,2
5,2,3
5,0,5
8,0,8
0,0,0
6,8,-2
0,0,0
1,0,1
5,0,5
3,2,1
9,0,9
2,0,2
18,0,18
22,24,-2
3,6,-3
4,0,4
10,0,10
2,2,0
3,1,2
7,1,6
3,0,3
9,4,5
1,1,0
4,52,-48
5,1,4
16,2,14
7,1,6
0,0,0
17,0,17
11,4,7
0,0,0
11,0,11
0,1,-1
0,1,-1
0,0,0
0,0,0
18,0,18
3,0,3
20,5,15
8,2,6
6,0,6
6,4,2
1,5,-4
0,0,0
0,0,0
55,1,54
4,1,3
0,0,0
5,1,4
2,0,2
1,7,-6
36,0,36
15,1,14
8,5,3
5,0,5
10,1,9
5,5,0
3,0,3
19,0,19
3,0,3
4,4,0
6,0,6
5,0,5
10,12,-2
0,7,-7
4,2,2
3,7,-4
1,1,0
1,0,1
0,0,0
1,2,-1
1,0,1
10,1,9
0,0,0
0,3,-3
1,1,0
45,7,38
3,2,1
3,1,2
2,0,2
8,5,3
0,0,0
0,0,0
29,2,27
0,0,0
4,2,2
19,16,3
0,3,-3
0,0,0
0,0,0
34,1,33
1,2,-1
0,0,0
4,4,0
2,29,-27
1,1,0
2,0,2
2,0,2
8,15,-7
17,13,4
6,0,6
0,1,-1
5,5,0
4,0,4
5,1,4
1,0,1
5,0,5
4,0,4
9,1,8
2,2,0
16,0,16
0,0,0
29,7,22
10,0,10
101,82,19
4,1,3
0,7,-7
1,2,-1
2,2,0
7,1,6
0,1,-1
7,0,7
11,18,-7
0,0,0
2,0,2
27,3,24
20,10,10
10,0,10
6,15,-9
12,3,9
5,7,-2
0,0,0
22,13,9
1,0,1
5,2,3
1,7,-6
1,0,1
0,0,0
5,0,5
0,0,0
14,8,6
6,0,6
5,0,5
9,13,-4
13,5,8
5,7,-2
4,0,4
12,5,7
29,3,26
0,0,0
4,2,2
16,2,14
3,3,0
17,16,1
3,0,3
29,0,29
25,0,25
0,0,0
0,6,-6
3,1,2
26,2,24
5,0,5
10,0,10
0,1,-1
7,7,0
20,3,17
7,0,7
13,0,13
1,5,-4
37,1,36
37,10,27
1,0,1
11,36,-25
1,7,-6
2,24,-22
2,0,2
18,9,9
9,0,9
3,1,2
5,0,5
1,3,-2
0,0,0
2,0,2
0,2,-2
1,0,1
1,0,1
6,0,6
5,0,5
1,2,-1
2,2,0
31,2,29
0,1,-1
1,0,1
1,0,1
3,9,-6
2,0,2
2,0,2
0,5,-5
0,0,0
3,3,0
11,1,10
4,0,4
1,2,-1
20,0,20
3,0,3
6,2,4
0,1,-1
24,0,24
0,1,-1
0,0,0
6,2,4
1,0,1
12,4,8
3,14,-11
0,0,0
2,0,2
1,7,-6
7,7,0
0,0,0
1,4,-3
8,1,7
0,6,-6
5,5,0
1,0,1
0,0,0
0,0,0
1,1,0
2,3,-1
0,31,-31
9,0,9
1,2,-1
4,0,4
6,5,1
28,22,6
5,1,4
1,1,0
21,0,21
0,3,-3
3,1,2
30,1,29
2,7,-5
2,0,2
4,1,3
30,30,0
1,0,1
4,2,2
12,1,11
14,2,12
1,1,0
2,2,0
16,0,16
3,2,1
2,5,-3
6,3,3
13,9,4
1,0,1
2,0,2
3,0,3
8,14,-6
1,2,-1
0,6,-6
3,4,-1
24,13,11
4,4,0
20,15,5
10,3,7
8,1,7
2,0,2
9,12,-3
6,11,-5
5,5,0
2,4,-2
2,7,-5
10,7,3
2,0,2
1,0,1
4,6,-2
24,14,10
8,0,8
50,43,7
2,11,-9
7,22,-15
5,0,5
8,5,3
2,15,-13
3,3,0
1,1,0
0,0,0
1,7,-6
0,6,-6
2,8,-6
0,1,-1
1,3,-2
7,9,-2
0,7,-7
13,6,7
8,2,6
2,3,-1
1,8,-7
2,2,0
42,17,25
2,0,2
1,0,1
6,7,-1
0,2,-2
7,0,7
0,0,0
3,0,3
7,3,4
20,0,20
3,6,-3
4,8,-4
0,0,0
2,0,2
23,1,22
0,0,0
7,3,4
3,6,-3
0,0,0
7,8,-1
0,0,0
17,3,14
13,11,2
3,0,3
0,3,-3
24,0,24
11,0,11
0,3,-3
2,4,-2
0,0,0
0,7,-7
20,12,8
2,0,2
4,0,4
4,5,-1
14,16,-2
26,0,26
6,7,-1
1,0,1
9,17,-8
9,0,9
0,1,-1
6,6,0
7,9,-2
25,5,20
0,0,0
12,1,11
1,0,1
3,0,3
3,0,3
54,1,53
0,0,0
2,0,2
0,0,0
0,2,-2
0,0,0
3,0,3
0,0,0
1,0,1
13,22,-9
6,1,5
0,0,0
0,0,0
0,0,0
20,6,14
6,0,6
7,3,4
0,0,0
2,9,-7
5,7,-2
0,5,-5
14,2,12
1,5,-4
25,1,24
8,5,3
8,19,-11
3,4,-1
15,5,10
5,1,4
20,15,5
3,3,0
12,3,9
2,2,0
0,0,0
4,2,2
1,0,1
2,0,2
3,5,-2
9,4,5
21,0,21
0,4,-4
8,2,6
5,3,2
9,6,3
2,1,1
0,0,0
9,2,7
0,2,-2
14,8,6
8,0,8
1,2,-1
0,0,0
0,0,0
15,19,-4
1,0,1
19,1,18
1,8,-7
10,1,9
0,0,0
0,0,0
8,0,8
20,0,20
10,17,-7
0,0,0
8,0,8
0,0,0
0,2,-2
6,0,6
4,2,2
8,7,1
9,0,9
4,5,-1
1,1,0
14,0,14
13,16,-3
10,2,8
7,2,5
1,0,1
10,0,10
2,0,2
6,0,6
30,18,12
0,0,0
1,0,1
7,2,5
0,0,0
3,0,3
6,5,1
8,5,3
38,7,31
1,0,1
7,0,7
1,0,1
4,7,-3
6,4,2
14,7,7
4,0,4
0,1,-1
4,0,4
3,5,-2
2,0,2
14,4,10
10,6,4
0,0,0
2,0,2
11,7,4
15,15,0
0,0,0
10,0,10
0,0,0
0,8,-8
2,0,2
10,0,10
0,0,0
22,7,15
17,0,17
0,0,0
0,0,0
11,36,-25
0,0,0
1,0,1
3,2,1
0,0,0
24,0,24
18,4,14
6,0,6
10,4,6
17,0,17
14,0,14
2,0,2
15,10,5
3,1,2
2,0,2
0,0,0
6,2,4
1,1,0
16,10,6
1,0,1
18,1,17
19,19,0
6,6,0
2,1,1
0,0,0
0,0,0
8,0,8
4,4,0
1,6,-5
1,3,-2
0,0,0
3,3,0
13,9,4
27,3,24
2,5,-3
3,0,3
4,2,2
6,3,3
11,10,1
5,0,5
19,1,18
36,14,22
11,3,8
6,4,2
15,2,13
7,1,6
10,2,8
32,10,22
8,7,1
4,5,-1
21,11,10
8,0,8
9,3,6
5,8,-3
0,0,0
14,5,9
0,0,0
33,15,18
2,0,2
6,0,6
1,4,-3
0,0,0
12,9,3
0,0,0
1,0,1
3,0,3
8,8,0
10,20,-10
5,2,3
0,0,0
2,2,0
17,17,0
2,2,0
12,3,9
0,0,0
5,0,5
5,5,0
2,0,2
0,0,0
1,1,0
1,1,0
0,0,0
28,83,-55
12,2,10
5,2,3
4,5,-1
6,0,6
4,0,4
0,0,0
1,2,-1
2,2,0
9,0,9
6,4,2
4,4,0
9,4,5
0,0,0
0,0,0
8,0,8
1,1,0
0,0,0
0,0,0
5,9,-4
3,0,3
10,9,1
30,7,23
0,0,0
11,1,10
2,0,2
7,0,7
7,2,5
4,36,-32
3,1,2
2,12,-10
14,0,14
8,15,-7
1,0,1
2,0,2
1,0,1
0,0,0
20,19,1
5,2,3
2,4,-2
0,1,-1
18,40,-22
0,0,0
4,1,3
8,28,-20
19,19,0
9,0,9
2,38,-36
1,1,0
8,7,1
9,1,8
2,0,2
82,0,82
8,14,-6
4,4,0
3,7,-4
1,1,0
0,0,0
3,0,3
1,0,1
2,2,0
5,0,5
4,4,0
0,0,0
3,3,0
0,0,0
13,1,12
12,2,10
9,4,5
2,0,2
1,1,0
3,1,2
7,2,5
12,5,7
0,0,0
10,3,7
0,0,0
11,1,10
3,0,3
8,5,3
22,0,22
9,11,-2
10,5,5
3,0,3
9,0,9
2,0,2
1,1,0
10,14,-4
12,2,10
0,0,0
0,0,0
6,1,5
7,6,1
10,6,4
8,0,8
48,56,-8
3,0,3
1,17,-16
22,2,20
16,14,2
0,20,-20
2,3,-1
2,0,2
1,2,-1
3,1,2
4,5,-1
4,4,0
1,0,1
2,5,-3
13,0,13
20,19,1
3,2,1
3,2,1
19,2,17
7,11,-4
0,0,0
12,9,3
5,5,0
24,2,22
5,0,5
5,0,5
6,2,4
0,0,0
30,22,8
1,3,-2
10,17,-7
8,8,0
0,0,0
2,0,2
3,0,3
1,0,1
5,10,-5
0,2,-2
2,1,1
4,6,-2
0,1,-1
7,7,0
1,1,0
3,5,-2
15,14,1
0,0,0
8,0,8
2,1,1
0,0,0
2,0,2
0,0,0
0,0,0
21,0,21
14,9,5
4,0,4
1,0,1
2,2,0
4,1,3
4,4,0
9,6,3
0,0,0
9,0,9
1,0,1
4,0,4
4,0,4
1,7,-6
2,0,2
0,0,0
5,0,5
1,0,1
0,0,0
10,18,-8
33,0,33
1,6,-5
3,0,3
2,0,2
0,0,0
6,0,6
17,13,4
12,8,4
3,4,-1
4,0,4
0,40,-40
1,5,-4
10,8,2
1,0,1
0,0,0
1,0,1
20,0,20
1,1,0
2,0,2
29,13,16
2,2,0
18,2,16
0,1,-1
5,0,5
4,4,0
7,1,6
0,1,-1
17,0,17
2,0,2
1,0,1
7,2,5
15,6,9
15,3,12
15,14,1
13,2,11
1,0,1
1,0,1
14,0,14
8,0,8
7,2,5
18,6,12
1,0,1
3,3,0
3,51,-48
3,5,-2
4,1,3
6,1,5
0,0,0
3,1,2
25,13,12
0,1,-1
0,0,0
3,1,2
0,0,0
6,0,6
84,84,0
14,1,13
0,9,-9
0,0,0
2,1,1
17,2,15
10,7,3
0,0,0
5,1,4
1,1,0
0,3,-3
7,1,6
8,0,8
1,2,-1
15,8,7
0,0,0
4,11,-7
1,1,0
4,0,4
0,0,0
10,7,3
1,2,-1
2,0,2
0,0,0
13,3,10
5,1,4
9,10,-1
3,0,3
2,5,-3
3,0,3
8,1,7
4,0,4
9,6,3
4,5,-1
2,3,-1
5,5,0
23,14,9
7,0,7
3,1,2
22,26,-4
23,0,23
10,0,10
6,7,-1
9,3,6
2,1,1
9,13,-4
3,2,1
21,1,20
3,1,2
3,9,-6
2,0,2
6,9,-3
2,0,2
0,0,0
9,1,8
4,7,-3
17,3,14
4,2,2
4,37,-33
1,0,1
7,1,6
9,5,4
2,2,0
36,0,36
8,4,4
0,2,-2
1,2,-1
14,12,2
10,2,8
1,2,-1
5,7,-2
4,5,-1
2,1,1
0,1,-1
2,0,2
26,0,26
0,0,0
5,2,3
4,10,-6
2,0,2
3,0,3
5,0,5
0,0,0
6,0,6
5,0,5
6,5,1
4,4,0
7,7,0
1,0,1
40,1,39
0,0,0
12,8,4
7,5,2
1,1,0
6,0,6
0,0,0
2,0,2
0,0,0
1,1,0
4,1,3
0,0,0
2,0,2
3,0,3
8,0,8
23,27,-4
13,1,12
3,3,0
5,5,0
0,0,0
7,0,7
0,0,0
1,3,-2
2,0,2
0,0,0
6,0,6
32,16,16
0,4,-4
6,3,3
2,0,2
9,3,6
0,1,-1
1,0,1
6,0,6
13,0,13
8,1,7
8,21,-13
6,2,4
5,0,5
7,0,7
1,3,-2
3,4,-1
10,4,6
11,10,1
20,0,20
13,4,9
3,1,2
2,0,2
5,7,-2
1,0,1
16,35,-19
25,3,22
12,8,4
7,5,2
0,0,0
2,36,-34
26,38,-12
4,12,-8
8,0,8
0,0,0
2,0,2
1,6,-5
1,0,1
0,0,0
18,1,17
1,2,-1
4,1,3
12,1,11
7,0,7
99,0,99
7,3,4
1,3,-2
3,0,3
16,0,16
6,0,6
1,0,1
2,0,2
8,1,7
0,0,0
0,5,-5
25,0,25
6,2,4
8,11,-3
0,0,0
0,0,0
0,0,0
2,0,2
2,4,-2
1,0,1
12,8,4
0,4,-4
8,0,8
4,2,2
19,5,14
0,3,-3
2,2,0
2,5,-3
2,1,1
10,0,10
1,0,1
2,2,0
2,5,-3
0,0,0
1,1,0
0,4,-4
14,1,13
4,0,4
27,12,15
6,0,6
0,0,0
6,2,4
0,4,-4
12,0,12
0,0,0
28,40,-12
5,5,0
5,0,5
9,1,8
3,39,-36
1,9,-8
5,7,-2
1,10,-9
22,0,22
7,2,5
2,3,-1
0,1,-1
3,3,0
3,0,3
30,30,0
6,9,-3
3,0,3
8,0,8
6,7,-1
25,1,24
6,0,6
0,0,0
8,0,8
9,5,4
12,7,5
9,11,-2
5,0,5
0,0,0
16,3,13
2,0,2
2,0,2
11,0,11
0,0,0
2,2,0
2,0,2
30,7,23
14,0,14
0,0,0
1,0,1
21,15,6
15,8,7
0,0,0
2,0,2
0,0,0
4,5,-1
8,0,8
25,18,7
2,9,-7
24,7,17
13,0,13
3,1,2
9,0,9
30,1,29
0,0,0
9,9,0
22,22,0
0,4,-4
4,0,4
0,4,-4
8,1,7
8,3,5
0,2,-2
13,3,10
4,8,-4
0,0,0
20,0,20
13,2,11
0,4,-4
2,3,-1
7,0,7
0,0,0
4,1,3
1,1,0
5,0,5
14,6,8
7,0,7
7,5,2
1,0,1
0,4,-4
0,0,0
2,0,2
20,39,-19
14,1,13
1,1,0
2,0,2
7,3,4
2,0,2
13,0,13
12,0,12
16,28,-12
0,0,0
4,2,2
1,1,0
0,0,0
8,1,7
0,1,-1
10,9,1
1,7,-6
0,7,-7
21,19,2
17,13,4
62,10,52
3,7,-4
6,7,-1
1,2,-1
1,7,-6
1,0,1
9,0,9
0,0,0
0,0,0
0,0,0
0,0,0
1,0,1
10,0,10
2,34,-32
1,1,0
3,1,2
1,1,0
7,0,7
3,3,0
2,1,1
10,3,7
1,0,1
0,0,0
3,0,3
3,3,0
10,2,8
5,5,0
1,8,-7
5,16,-11
8,5,3
10,1,9
0,0,0
0,2,-2
1,0,1
10,4,6
2,0,2
1,0,1
3,0,3
12,7,5
12,3,9
7,5,2
6,5,1
9,1,8
4,0,4
3,2,1
8,1,7
1,5,-4
12,4,8
0,3,-3
1,43,-42
8,0,8
1,0,1
1,0,1
4,4,0
0,0,0
0,1,-1
1,1,0
0,2,-2
2,0,2
10,10,0
3,0,3
0,0,0
9,5,4
3,3,0
15,3,12
12,9,3
0,0,0
0,0,0
6,7,-1
9,0,9
6,1,5
2,0,2
14,0,14
2,0,2
1,0,1
3,0,3
0,0,0
27,10,17
3,6,-3
2,5,-3
5,4,1
11,0,11
0,0,0
16,0,16
8,4,4
1,0,1
5,7,-2
24,24,0
7,0,7
0,0,0
10,0,10
0,0,0
5,1,4
20,4,16
2,0,2
1,16,-15
11,2,9
17,0,17
2,6,-4
5,2,3
3,0,3
1,0,1
0,0,0
0,0,0
10,4,6
11,4,7
10,0,10
0,0,0
22,2,20
0,0,0
2,7,-5
3,0,3
2,9,-7
2,0,2
8,2,6
0,7,-7
13,9,4
0,8,-8
1,0,1
1,0,1
3,3,0
13,37,-24
2,2,0
3,2,1
4,0,4
0,0,0
20,2,18
0,0,0
7,8,-1
10,10,0
9,3,6
8,1,7
31,7,24
3,5,-2
0,0,0
68,16,52
12,5,7
3,0,3
2,0,2
15,0,15
16,13,3
4,1,3
1,0,1
5,0,5
25,75,-50
6,6,0
4,2,2
8,3,5
4,11,-7
46,16,30
7,12,-5
3,5,-2
6,3,3
9,0,9
4,0,4
6,4,2
9,0,9
1,1,0
2,2,0
3,0,3
5,0,5
7,3,4
84,27,57
2,1,1
1,4,-3
0,0,0
1,3,-2
0,0,0
5,8,-3
5,0,5
0,0,0
1,1,0
0,0,0
3,6,-3
1,0,1
3,5,-2
11,1,10
1,5,-4
0,0,0
9,7,2
0,10,-10
17,0,17
0,0,0
1,1,0
2,0,2
6,6,0
35,5,30
1,10,-9
15,0,15
0,0,0
5,2,3
12,6,6
1,3,-2
4,0,4
1,0,1
16,0,16
0,0,0
8,2,6
7,1,6
31,17,14
7,0,7
3,1,2
3,1,2
1,10,-9
24,12,12
2,1,1
0,1,-1
11,0,11
1,0,1
12,0,12
13,1,12
0,2,-2
13,16,-3
10,1,9
8,1,7
12,5,7
0,4,-4
3,0,3
10,1,9
0,0,0
3,0,3
10,15,-5
3,3,0
3,4,-1
3,1,2
4,1,3
1,0,1
2,0,2
8,10,-2
2,0,2
2,0,2
1,0,1
7,8,-1
0,2,-2
13,4,9
7,0,7
0,0,0
2,0,2
2,1,1
5,5,0
0,0,0
2,2,0
0,0,0
4,9,-5
1,4,-3
16,20,-4
3,2,1
3,5,-2
19,0,19
4,0,4
2,5,-3
6,4,2
7,0,7
1,0,1
5,3,2
0,0,0
0,0,0
8,13,-5
1,1,0
2,3,-1
7,1,6
20,27,-7
8,1,7
2,3,-1
3,5,-2
0,0,0
0,0,0
14,7,7
3,0,3
18,2,16
1,0,1
0,0,0
12,1,11
0,0,0
6,5,1
3,2,1
2,5,-3
7,0,7
2,0,2
20,30,-10
0,0,0
16,7,9
8,2,6
5,0,5
3,9,-6
0,0,0
4,17,-13
8,11,-3
3,2,1
4,0,4
6,1,5
5,0,5
1,0,1
2,0,2
2,0,2
0,0,0
4,5,-1
5,0,5
12,21,-9
0,0,0
1,1,0
3,0,3
1,0,1
15,15,0
5,0,5
13,0,13
6,1,5
2,9,-7
0,0,0
4,3,1
4,2,2
9,7,2
5,7,-2
0,3,-3
4,0,4
1,0,1
4,2,2
2,0,2
12,7,5
8,4,4
1,0,1
0,2,-2
6,1,5
11,3,8
3,1,2
6,2,4
25,8,17
0,1,-1
0,0,0
9,1,8
3,75,-72
4,0,4
1,1,0
6,1,5
5,1,4
1,2,-1
1,1,0
1,2,-1
9,7,2
3,0,3
1,0,1
2,2,0
8,0,8
6,7,-1
0,2,-2
9,7,2
5,2,3
0,2,-2
0,0,0
6,9,-3
8,7,1
0,1,-1
0,0,0
0,1,-1
14,1,13
14,1,13
1,0,1
4,0,4
9,45,-36
2,0,2
0,0,0
25,7,18
1,3,-2
1,0,1
2,2,0
15,1,14
0,19,-19
0,1,-1
9,1,8
2,2,0
2,5,-3
25,48,-23
8,5,3
15,4,11
6,0,6
0,0,0
0,0,0
3,0,3
6,0,6
0,0,0
12,9,3
4,3,1
11,14,-3
0,1,-1
0,0,0
3,34,-31
4,0,4
0,0,0
6,9,-3
9,6,3
1,0,1
0,0,0
11,20,-9
2,2,0
5,0,5
5,0,5
1,0,1
9,1,8
23,0,23
1,2,-1
7,13,-6
0,2,-2
10,10,0
4,0,4
8,10,-2
1,0,1
20,2,18
14,0,14
5,0,5
3,1,2
1,1,0
4,15,-11
5,1,4
1,0,1
16,7,9
19,0,19
2,2,0
2,0,2
12,10,2
18,1,17
3,3,0
14,5,9
25,0,25
4,0,4
3,0,3
1,0,1
4,0,4
0,0,0
2,2,0
2,0,2
4,1,3
4,0,4
7,6,1
0,0,0
1,16,-15
1,0,1
10,0,10
0,0,0
1,7,-6
28,1,27
0,0,0
25,10,15
1,0,1
20,55,-35
5,0,5
7,5,2
2,7,-5
23,19,4
9,2,7
15,0,15
0,0,0
0,0,0
25,0,25
1,4,-3
39,0,39
2,0,2
0,0,0
3,9,-6
2,0,2
7,0,7
11,1,10
4,5,-1
6,7,-1
2,1,1
15,13,2
1,0,1
56,107,-51
66,10,56
15,6,9
2,2,0
15,0,15
20,0,20
4,39,-35
1,0,1
10,3,7
2,0,2
0,0,0
2,0,2
8,0,8
27,20,7
6,4,2
0,10,-10
9,5,4
2,0,2
0,0,0
0,1,-1
2,0,2
2,1,1
5,3,2
13,4,9
2,4,-2
1,1,0
15,2,13
3,0,3
4,0,4
24,24,0
0,1,-1
8,5,3
1,1,0
8,4,4
2,5,-3
0,0,0
9,2,7
11,1,10
4,2,2
0,0,0
13,20,-7
27,27,0
1,0,1
1,0,1
3,3,0
9,4,5
2,0,2
7,3,4
21,23,-2
7,0,7
5,10,-5
29,14,15
7,2,5
13,6,7
4,7,-3
12,0,12
0,0,0
7,1,6
3,0,3
3,0,3
6,10,-4
5,0,5
6,3,3
1,0,1
5,0,5
0,3,-3
8,7,1
1,0,1
8,0,8
2,3,-1
7,5,2
1,2,-1
1,1,0
7,2,5
2,2,0
2,5,-3
4,4,0
7,5,2
13,13,0
8,0,8
28,8,20
1,0,1
0,2,-2
1,3,-2
16,1,15
0,1,-1
8,0,8
2,0,2
0,0,0
8,1,7
0,0,0
4,2,2
9,10,-1
27,3,24
0,4,-4
0,0,0
2,0,2
2,1,1
2,1,1
4,0,4
0,7,-7
13,27,-14
12,14,-2
9,0,9
0,0,0
0,4,-4
8,3,5
0,2,-2
5,6,-1
0,0,0
2,0,2
1,6,-5
10,10,0
0,2,-2
2,2,0
23,6,17
1,0,1
0,1,-1
1,3,-2
10,11,-1
5,0,5
1,2,-1
0,0,0
10,2,8
5,2,3
21,0,21
4,12,-8
8,25,-17
2,2,0
19,50,-31
13,0,13
1,0,1
19,65,-46
0,0,0
4,0,4
2,2,0
5,0,5
32,27,5
14,22,-8
0,0,0
10,0,10
4,0,4
1,0,1
0,0,0
3,0,3
34,0,34
3,1,2
2,13,-11
1,0,1
8,3,5
7,20,-13
19,0,19
0,0,0
0,0,0
0,0,0
1,0,1
10,0,10
0,0,0
4,17,-13
5,0,5
13,0,13
4,0,4
0,6,-6
2,2,0
0,0,0
2,9,-7
0,1,-1
4,0,4
7,3,4
5,1,4
16,6,10
6,0,6
6,3,3
2,0,2
1,7,-6
1,1,0
0,0,0
2,2,0
2,0,2
15,6,9
27,25,2
8,3,5
2,0,2
10,1,9
0,4,-4
8,0,8
2,5,-3
7,2,5
2,7,-5
7,0,7
3,2,1
5,22,-17
8,2,6
1,0,1
7,3,4
3,3,0
7,10,-3
1,0,1
15,0,15
12,4,8
4,2,2
7,5,2
4,2,2
1,0,1
0,0,0
15,0,15
17,3,14
0,7,-7
16,25,-9
0,0,0
2,0,2
10,1,9
0,1,-1
2,2,0
1,2,-1
2,0,2
27,6,21
0,0,0
6,0,6
22,3,19
1,2,-1
6,0,6
0,0,0
5,6,-1
8,0,8
16,9,7
2,1,1
7,5,2
0,0,0
121,0,121
7,0,7
0,0,0
9,8,1
1,1,0
10,2,8
0,0,0
22,7,15
3,0,3
13,1,12
3,3,0
8,0,8
0,0,0
2,0,2
2,0,2
0,0,0
16,2,14
4,0,4
3,0,3
2,1,1
6,3,3
6,0,6
15,0,15
16,16,0
4,4,0
3,2,1
2,2,0
21,14,7
4,0,4
1,0,1
2,0,2
0,1,-1
12,0,12
0,3,-3
10,0,10
6,0,6
13,13,0
20,1,19
11,8,3
8,0,8
0,3,-3
23,5,18
2,0,2
28,0,28
0,0,0
16,0,16
5,0,5
3,1,2
0,0,0
0,0,0
7,1,6
5,13,-8
13,2,11
1,0,1
9,6,3
7,2,5
29,8,21
0,0,0
8,1,7
4,0,4
20,19,1
7,11,-4
10,4,6
5,0,5
5,0,5
2,0,2
23,0,23
60,10,50
1,1,0
45,0,45
17,2,15
6,0,6
21,0,21
5,7,-2
0,0,0
2,15,-13
9,6,3
20,7,13
1,1,0
11,1,10
10,10,0
6,0,6
2,0,2
17,0,17
0,0,0
10,0,10
2,0,2
1,0,1
6,6,0
7,0,7
2,2,0
16,10,6
13,1,12
8,1,7
7,24,-17
5,0,5
0,7,-7
6,10,-4
1,1,0
1,0,1
3,3,0
2,0,2
1,0,1
1,0,1
0,0,0
7,3,4
7,0,7
0,0,0
1,1,0
3,0,3
3,6,-3
4,2,2
19,5,14
3,0,3
0,1,-1
1,0,1
0,1,-1
0,2,-2
10,2,8
0,0,0
2,3,-1
33,1,32
3,0,3
4,5,-1
3,0,3
12,0,12
0,0,0
4,0,4
4,0,4
0,0,0
2,0,2
3,25,-22
1,0,1
0,1,-1
4,2,2
13,1,12
0,0,0
21,0,21
21,0,21
6,0,6
16,14,2
6,0,6
27,6,21
0,0,0
4,0,4
0,0,0
3,1,2
0,2,-2
6,0,6
23,0,23
27,22,5
0,2,-2
17,1,16
5,7,-2
1,0,1
0,0,0
1,0,1
2,1,1
11,0,11
0,1,-1
9,0,9
2,2,0
2,0,2
38,1,37
13,2,11
13,14,-1
0,0,0
8,3,5
2,1,1
1,0,1
0,0,0
2,2,0
3,5,-2
3,0,3
0,0,0
4,2,2
1,2,-1
4,0,4
2,0,2
2,0,2
2,0,2
12,4,8
6,6,0
11,0,11
1,5,-4
0,0,0
4,0,4
6,0,6
15,1,14
7,34,-27
2,0,2
1,0,1
0,0,0
1,14,-13
0,0,0
11,5,6
5,0,5
11,0,11
1,0,1
3,2,1
3,4,-1
39,25,14
3,5,-2
7,2,5
4,5,-1
6,1,5
12,11,1
2,2,0
10,3,7
8,2,6
0,0,0
1,0,1
0,1,-1
3,0,3
5,7,-2
1,0,1
1,1,0
0,4,-4
10,3,7
3,0,3
13,2,11
10,0,10
0,0,0
3,6,-3
1,0,1
10,3,7
4,4,0
3,3,0
2,4,-2
5,5,0
5,7,-2
0,1,-1
4,0,4
3,1,2
16,2,14
2,2,0
5,0,5
16,7,9
7,0,7
13,25,-12
1,9,-8
33,1,32
1,9,-8
13,1,12
6,5,1
9,1,8
0,0,0
5,1,4
3,3,0
3,0,3
3,1,2
0,0,0
1,3,-2
4,2,2
1,0,1
4,0,4
9,1,8
0,0,0
34,0,34
3,7,-4
6,7,-1
0,0,0
0,1,-1
0,0,0
2,0,2
10,5,5
1,0,1
9,0,9
7,1,6
5,7,-2
1,7,-6
11,22,-11
2,3,-1
0,0,0
1,0,1
8,3,5
0,0,0
13,3,10
14,1,13
13,7,6
7,15,-8
1,3,-2
4,2,2
13,8,5
9,5,4
0,0,0
9,5,4
0,17,-17
9,0,9
2,0,2
5,4,1
0,0,0
13,3,10
0,1,-1
6,9,-3
2,0,2
6,0,6
50,0,50
0,0,0
10,1,9
2,2,0
0,0,0
3,3,0
5,1,4
12,10,2
7,7,0
23,3,20
39,2,37
2,0,2
0,4,-4
19,7,12
0,0,0
6,1,5
0,2,-2
0,0,0
0,0,0
5,6,-1
1,5,-4
8,7,1
11,0,11
4,0,4
9,16,-7
0,0,0
22,0,22
1,0,1
0,0,0
8,2,6
8,4,4
7,1,6
0,5,-5
1,27,-26
13,10,3
2,2,0
11,5,6
12,7,5
2,0,2
3,1,2
10,1,9
9,2,7
10,1,9
9,4,5
3,1,2
2,34,-32
0,1,-1
1,1,0
0,0,0
15,0,15
27,1,26
10,9,1
5,1,4
3,0,3
26,6,20
1,0,1
15,1,14
9,8,1
10,0,10
3,0,3
13,7,6
1,0,1
0,1,-1
6,0,6
5,4,1
14,2,12
10,1,9
4,3,1
4,2,2
0,6,-6
0,3,-3
8,3,5
2,2,0
0,1,-1
0,0,0
9,13,-4
17,0,17
2,0,2
0,0,0
2,0,2
0,0,0
3,3,0
1,7,-6
0,0,0
4,6,-2
10,0,10
0,4,-4
0,8,-8
17,7,10
3,12,-9
6,3,3
0,3,-3
7,9,-2
1,0,1
2,0,2
0,0,0
10,4,6
9,3,6
8,3,5
1,0,1
8,3,5
8,0,8
42,1,41
0,2,-2
22,0,22
0,0,0
0,0,0
4,4,0
1,0,1
0,0,0
1,4,-3
4,1,3
4,19,-15
10,14,-4
0,0,0
2,5,-3
2,62,-60
0,0,0
1,1,0
10,7,3
0,0,0
0,1,-1
0,0,0
2,1,1
6,7,-1
8,2,6
6,3,3
11,11,0
6,2,4
0,0,0
0,0,0
6,4,2
0,0,0
1,0,1
0,0,0
1,0,1
2,1,1
4,0,4
7,5,2
32,0,32
1,0,1
22,36,-14
1,0,1
2,2,0
1,4,-3
4,0,4
1,0,1
0,1,-1
4,4,0
1,1,0
8,0,8
2,0,2
4,30,-26
13,0,13
1,0,1
8,2,6
2,0,2
6,0,6
4,26,-22
6,1,5
4,0,4
0,5,-5
4,1,3
1,0,1
17,48,-31
4,7,-3
2,12,-10
10,3,7
0,0,0
4,0,4
10,6,4
17,1,16
0,0,0
7,1,6
1,3,-2
5,5,0
24,7,17
14,0,14
8,36,-28
3,3,0
0,7,-7
38,9,29
6,0,6
7,8,-1
2,0,2
4,4,0
7,0,7
0,0,0
0,0,0
0,0,0
22,7,15
39,45,-6
9,7,2
18,0,18
13,1,12
0,0,0
1,7,-6
0,11,-11
13,1,12
4,4,0
0,0,0
10,11,-1
5,1,4
1,0,1
0,0,0
1,0,1
19,2,17
5,0,5
0,0,0
19,3,16
1,1,0
2,2,0
11,0,11
6,0,6
3,0,3
2,0,2
0,1,-1
3,1,2
0,2,-2
0,0,0
11,1,10
0,0,0
21,0,21
3,7,-4
0,14,-14
1,5,-4
8,2,6
2,4,-2
1,0,1
0,0,0
4,0,4
2,0,2
15,1,14
2,0,2
22,9,13
19,25,-6
1,0,1
21,8,13
4,9,-5
0,0,0
3,2,1
24,7,17
3,0,3
3,5,-2
4,0,4
2,0,2
14,0,14
3,2,1
11,0,11
6,0,6
1,8,-7
0,0,0
1,9,-8
4,11,-7
2,0,2
33,4,29
6,0,6
7,10,-3
5,2,3
4,1,3
0,0,0
0,0,0
1,0,1
8,0,8
5,2,3
1,4,-3
5,5,0
0,0,0
4,5,-1
2,0,2
3,0,3
0,3,-3
10,2,8
3,7,-4
2,16,-14
7,2,5
0,15,-15
7,0,7
2,3,-1
6,0,6
0,0,0
28,1,27
2,2,0
16,2,14
3,2,1
3,1,2
1,0,1
1,6,-5
0,0,0
11,2,9
3,0,3
24,14,10
13,15,-2
4,0,4
6,0,6
2,0,2
4,10,-6
0,0,0
0,0,0
1,0,1
20,1,19
0,0,0
11,5,6
0,0,0
5,1,4
9,10,-1
4,0,4
0,0,0
0,19,-19
2,0,2
0,0,0
1,3,-2
0,5,-5
4,0,4
0,0,0
0,2,-2
6,1,5
2,2,0
2,4,-2
5,0,5
7,6,1
14,0,14
0,0,0
2,30,-28
1,0,1
10,5,5
0,11,-11
4,0,4
11,2,9
0,0,0
4,7,-3
0,3,-3
31,9,22
10,1,9
1,0,1
0,2,-2
7,2,5
12,7,5
4,0,4
2,0,2
2,1,1
0,0,0
14,5,9
3,2,1
3,6,-3
1,0,1
4,1,3
1,14,-13
1,7,-6
4,2,2
17,0,17
2,0,2
2,0,2
0,0,0
4,0,4
0,6,-6
2,0,2
7,12,-5
2,3,-1
0,0,0
0,0,0
7,1,6
41,0,41
16,2,14
15,2,13
9,1,8
0,0,0
7,5,2
1,0,1
1,0,1
0,0,0
5,0,5
3,5,-2
15,9,6
2,1,1
6,0,6
13,13,0
0,10,-10
11,1,10
4,2,2
2,1,1
2,0,2
4,7,-3
0,0,0
13,0,13
0,0,0
0,5,-5
16,0,16
6,0,6
0,2,-2
57,3,54
9,4,5
24,0,24
1,0,1
0,3,-3
13,1,12
20,8,12
2,0,2
3,5,-2
0,0,0
0,1,-1
2,3,-1
0,0,0
7,7,0
1,0,1
6,4,2
6,0,6
8,52,-44
3,1,2
2,1,1
0,0,0
9,2,7
0,0,0
0,1,-1
8,8,0
1,1,0
6,13,-7
17,2,15
10,1,9
4,4,0
1,0,1
4,1,3
2,1,1
1,1,0
0,0,0
3,5,-2
9,2,7
0,0,0
5,2,3
0,0,0
39,3,36
8,6,2
0,0,0
1,2,-1
1,0,1
8,0,8
8,2,6
0,0,0
2,7,-5
1,7,-6
0,0,0
0,0,0
0,0,0
0,0,0
0,0,0
0,6,-6
1,1,0
0,0,0
0,0,0
0,4,-4
4,2,2
0,0,0
1,0,1
0,0,0
2,5,-3
2,1,1
5,1,4
5,0,5
27,44,-17
10,0,10
40,35,5
1,0,1
15,7,8
27,1,26
0,4,-4
1,2,-1
1,3,-2
0,0,0
0,2,-2
11,1,10
0,0,0
14,11,3
14,0,14
2,1,1
15,0,15
0,0,0
8,6,2
10,14,-4
0,6,-6
36,3,33
2,2,0
0,0,0
1,0,1
2,2,0
12,3,9
2,0,2
17,1,16
8,2,6
13,0,13
8,1,7
5,0,5
0,0,0
2,0,2
1,1,0
11,0,11
4,0,4
0,4,-4
0,3,-3
22,6,16
21,8,13
11,7,4
1,0,1
24,1,23
4,2,2
19,7,12
12,4,8
0,0,0
3,0,3
17,1,16
0,1,-1
2,1,1
13,14,-1
1,1,0
26,3,23
4,0,4
14,14,0
9,2,7
20,8,12
1,0,1
6,4,2
2,0,2
4,2,2
9,6,3
1,0,1
1,1,0
6,2,4
19,2,17
0,1,-1
5,0,5
8,2,6
6,1,5
0,0,0
0,0,0
16,2,14
2,0,2
0,0,0
0,0,0
10,7,3
0,2,-2
1,0,1
7,17,-10
6,5,1
35,14,21
0,0,0
10,0,10
15,3,12
3,0,3
6,1,5
7,4,3
0,1,-1
18,2,16
13,9,4
5,7,-2
0,0,0
18,22,-4
4,1,3
4,7,-3
10,1,9
2,2,0
5,0,5
10,0,10
3,0,3
6,33,-27
6,2,4
0,0,0
8,5,3
5,1,4
4,0,4
4,1,3
1,6,-5
8,7,1
6,0,6
21,7,14
7,23,-16
14,3,11
8,3,5
2,0,2
4,1,3
0,0,0
0,0,0
1,1,0
8,9,-1
10,2,8
3,13,-10
2,0,2
3,1,2
1,0,1
18,7,11
0,1,-1
1,1,0
9,10,-1
0,9,-9
28,5,23
1,0,1
16,7,9
17,7,10
3,5,-2
7,0,7
2,0,2
11,4,7
13,2,11
4,0,4
1,5,-4
1,0,1
1,5,-4
16,0,16
6,1,5
4,0,4
3,0,3
1,2,-1
2,0,2
0,0,0
0,0,0
22,1,21
7,3,4
21,11,10
7,0,7
5,5,0
0,0,0
13,0,13
0,2,-2
1,0,1
0,3,-3
8,6,2
0,0,0
4,2,2
2,0,2
21,1,20
4,1,3
8,12,-4
11,1,10
6,4,2
1,1,0
8,8,0
1,0,1
0,0,0
6,5,1
1,6,-5
16,3,13
0,0,0
3,7,-4
0,8,-8
10,11,-1
2,0,2
0,0,0
7,1,6
28,7,21
21,0,21
17,7,10
7,7,0
0,1,-1
1,0,1
2,0,2
1,1,0
2,0,2
4,2,2
8,0,8
0,2,-2
0,3,-3
13,0,13
0,3,-3
2,0,2
6,3,3
0,0,0
16,6,10
0,0,0
0,0,0
59,7,52
9,5,4
6,9,-3
0,2,-2
3,0,3
12,10,2
3,1,2
8,0,8
7,7,0
10,10,0
8,0,8
5,3,2
0,0,0
3,5,-2
13,0,13
21,5,16
10,0,10
5,3,2
0,0,0
15,7,8
4,4,0
12,2,10
20,55,-35
4,8,-4
0,0,0
0,0,0
7,7,0
12,7,5
2,0,2
5,0,5
7,2,5
3,0,3
4,6,-2
11,15,-4
0,0,0
3,0,3
1,0,1
15,0,15
0,0,0
2,2,0
0,0,0
1,2,-1
1,1,0
2,1,1
3,1,2
1,3,-2
0,0,0
8,4,4
0,0,0
6,7,-1
17,2,15
6,7,-1
3,7,-4
4,0,4
0,4,-4
5,0,5
25,41,-16
25,4,21
0,2,-2
3,0,3
2,7,-5
2,0,2
2,0,2
6,0,6
6,1,5
27,3,24
0,0,0
5,0,5
13,1,12
4,9,-5
3,11,-8
6,6,0
5,20,-15
1,0,1
2,0,2
8,0,8
3,0,3
6,1,5
21,0,21
4,0,4
2,7,-5
12,5,7
0,0,0
0,0,0
2,1,1
0,2,-2
44,44,0
1,1,0
16,0,16
9,6,3
13,3,10
1,0,1
4,0,4
4,1,3
1,0,1
22,1,21
2,0,2
2,0,2
3,0,3
0,0,0
27,0,27
32,5,27
0,0,0
7,0,7
2,0,2
12,5,7
12,6,6
4,0,4
0,0,0
1,0,1
0,0,0
0,1,-1
16,9,7
1,0,1
1,0,1
0,0,0
9,6,3
6,2,4
9,3,6
8,0,8
0,0,0
0,1,-1
30,7,23
5,3,2
15,15,0
1,1,0
5,1,4
5,2,3
8,1,7
8,0,8
8,7,1
28,15,13
0,2,-2
8,2,6
1,2,-1
5,5,0
6,7,-1
5,0,5
6,9,-3
8,36,-28
0,5,-5
3,0,3
0,0,0
2,0,2
2,7,-5
4,0,4
0,0,0
0,0,0
12,0,12
4,3,1
2,5,-3
8,0,8
4,0,4
2,0,2
34,15,19
0,0,0
0,0,0
1,1,0
2,16,-14
5,1,4
3,0,3
2,8,-6
3,4,-1
5,7,-2
1,2,-1
1,0,1
1,0,1
19,0,19
8,0,8
14,5,9
1,1,0
0,0,0
12,1,11
16,16,0
3,0,3
5,1,4
22,3,19
2,1,1
4,4,0
8,10,-2
1,1,0
2,0,2
8,0,8
9,0,9
10,1,9
6,4,2
0,4,-4
10,11,-1
1,2,-1
3,0,3
5,26,-21
29,29,0
1,1,0
13,1,12
6,7,-1
4,15,-11
8,2,6
1,4,-3
0,0,0
3,1,2
1,0,1
7,5,2
8,3,5
10,2,8
13,2,11
11,7,4
1,0,1
38,4,34
2,39,-37
13,1,12
26,26,0
11,1,10
15,6,9
21,4,17
7,7,0
0,2,-2
5,2,3
1,0,1
9,8,1
2,0,2
0,1,-1
5,3,2
0,0,0
0,0,0
2,1,1
0,0,0
8,9,-1
0,2,-2
3,1,2
0,0,0
2,5,-3
2,1,1
10,10,0
4,0,4
8,8,0
14,0,14
0,5,-5
2,2,0
4,0,4
0,14,-14
0,2,-2
0,0,0
5,5,0
3,0,3
5,0,5
3,0,3
0,0,0
26,1,25
3,0,3
5,5,0
3,0,3
4,2,2
3,5,-2
24,10,14
3,0,3
8,0,8
1,2,-1
0,1,-1
3,1,2
2,0,2
6,6,0
2,1,1
3,3,0
17,27,-10
19,19,0
0,0,0
4,1,3
6,9,-3
0,0,0
10,0,10
3,0,3
9,0,9
2,7,-5
12,2,10
10,0,10
0,0,0
7,10,-3
0,0,0
1,0,1
3,7,-4
0,0,0
0,0,0
3,3,0
5,1,4
0,3,-3
3,0,3
4,1,3
0,0,0
1,7,-6
11,34,-23
0,0,0
2,1,1
2,2,0
7,7,0
3,4,-1
7,7,0
5,4,1
0,0,0
0,6,-6
3,0,3
1,1,0
6,0,6
0,14,-14
2,0,2
1,0,1
6,0,6
4,3,1
9,2,7
0,0,0
0,1,-1
6,14,-8
0,1,-1
3,0,3
2,3,-1
1,0,1
21,3,18
59,0,59
3,0,3
35,9,26
0,13,-13
10,8,2
5,2,3
0,0,0
1,1,0
0,2,-2
7,3,4
3,0,3
15,0,15
2,0,2
5,1,4
0,0,0
24,6,18
2,2,0
32,18,14
0,0,0
1,0,1
0,0,0
7,5,2
29,1,28
12,2,10
1,2,-1
3,4,-1
2,7,-5
2,0,2
0,0,0
4,7,-3
10,4,6
0,0,0
13,4,9
2,2,0
15,3,12
0,0,0
0,7,-7
2,0,2
9,9,0
10,17,-7
2,2,0
16,4,12
11,1,10
24,24,0
6,0,6
9,1,8
0,0,0
16,5,11
1,1,0
2,4,-2
1,2,-1
4,0,4
0,7,-7
1,1,0
2,0,2
2,0,2
1,0,1
2,0,2
3,5,-2
27,1,26
10,3,7
1,33,-32
0,0,0
15,0,15
24,0,24
3,0,3
2,6,-4
6,7,-1
3,0,3
0,0,0
15,3,12
0,0,0
6,0,6
23,22,1
2,0,2
2,7,-5
9,10,-1
3,2,1
17,0,17
7,0,7
17,3,14
13,3,10
3,1,2
6,9,-3
64,64,0
1,0,1
6,1,5
3,3,0
28,0,28
4,6,-2
21,3,18
6,2,4
1,0,1
0,0,0
4,2,2
0,0,0
7,3,4
4,10,-6
2,2,0
2,2,0
13,24,-11
9,1,8
3,0,3
1,0,1
17,12,5
2,5,-3
0,0,0
9,5,4
16,8,8
0,7,-7
0,0,0
1,0,1
0,0,0
9,3,6
18,1,17
11,2,9
1,13,-12
1,0,1
1,0,1
17,7,10
9,2,7
4,4,0
2,52,-50
2,1,1
0,0,0
1,1,0
1,0,1
3,0,3
3,0,3
0,0,0
3,3,0
0,0,0
7,0,7
6,3,3
36,0,36
1,0,1
0,1,-1
0,0,0
1,5,-4
15,4,11
2,3,-1
10,0,10
0,0,0
6,0,6
1,1,0
8,5,3
0,0,0
10,10,0
0,0,0
10,7,3
7,20,-13
0,1,-1
0,0,0
4,2,2
4,0,4
7,0,7
2,1,1
4,1,3
1,0,1
0,0,0
4,0,4
0,0,0
12,4,8
28,14,14
4,7,-3
9,18,-9
6,0,6
4,1,3
15,0,15
24,8,16
8,0,8
15,0,15
44,44,0
10,5,5
5,3,2
0,0,0
0,0,0
8,1,7
3,1,2
0,4,-4
1,1,0
2,0,2
5,4,1
6,3,3
10,17,-7
0,0,0
0,11,-11
4,4,0
2,2,0
0,0,0
0,18,-18
10,0,10
19,3,16
0,0,0
15,18,-3
1,0,1
22,0,22
3,2,1
0,0,0
2,0,2
0,0,0
19,4,15
13,0,13
0,6,-6
1,0,1
2,0,2
3,4,-1
1,0,1
9,14,-5
46,2,44
0,0,0
5,0,5
10,0,10
1,1,0
0,0,0
11,0,11
10,5,5
10,10,0
3,0,3
0,0,0
19,4,15
5,0,5
0,2,-2
27,0,27
4,9,-5
11,5,6
35,3,32
1,1,0
10,0,10
7,6,1
7,4,3
3,0,3
16,2,14
3,5,-2
2,0,2
9,4,5
5,1,4
7,0,7
7,2,5
3,0,3
18,0,18
3,3,0
1,1,0
6,2,4
3,4,-1
0,0,0
1,1,0
0,0,0
7,7,0
14,0,14
0,5,-5
2,20,-18
0,1,-1
8,1,7
5,0,5
14,4,10
20,0,20
17,7,10
1,0,1
1,5,-4
6,4,2
0,0,0
17,9,8
10,2,8
0,0,0
1,4,-3
16,6,10
15,0,15
1,0,1
2,2,0
5,1,4
0,1,-1
16,1,15
1,9,-8
9,2,7
24,2,22
29,10,19
0,0,0
4,3,1
6,16,-10
17,42,-25
0,0,0
0,0,0
31,5,26
37,37,0
2,7,-5
2,0,2
7,4,3
1,0,1
9,20,-11
0,0,0
11,7,4
4,4,0
9,3,6
19,0,19
0,0,0
0,1,-1
28,0,28
21,2,19
1,0,1
0,0,0
4,0,4
2,0,2
0,0,0
0,1,-1
6,1,5
1,0,1
12,7,5
6,2,4
49,16,33
3,3,0
0,9,-9
9,6,3
1,0,1
10,2,8
23,0,23
5,1,4
3,0,3
38,0,38
0,0,0
2,0,2
0,0,0
4,1,3
0,0,0
5,1,4
18,12,6
0,0,0
9,7,2
5,4,1
2,53,-51
9,0,9
1,6,-5
2,1,1
2,2,0
0,0,0
8,0,8
0,7,-7
5,2,3
23,1,22
5,2,3
62,0,62
20,1,19
3,6,-3
6,7,-1
8,0,8
8,6,2
2,0,2
6,5,1
10,1,9
2,0,2
7,1,6
6,0,6
1,2,-1
12,4,8
1,0,1
1,0,1
0,0,0
1,0,1
11,16,-5
1,3,-2
3,1,2
3,0,3
2,0,2
6,1,5
0,7,-7
0,0,0
17,1,16
4,0,4
13,2,11
16,1,15
15,4,11
2,1,1
4,1,3
30,2,28
4,0,4
20,3,17
0,0,0
15,7,8
7,7,0
13,2,11
10,2,8
7,7,0
1,6,-5
5,2,3
0,0,0
11,2,9
10,13,-3
23,13,10
14,0,14
3,2,1
4,0,4
7,19,-12
6,2,4
0,0,0
0,0,0
1,0,1
16,16,0
4,1,3
0,10,-10
3,3,0
8,2,6
13,19,-6
1,23,-22
8,0,8
8,0,8
17,8,9
21,14,7
3,1,2
9,1,8
15,9,6
0,0,0
6,0,6
13,7,6
0,8,-8
9,4,5
1,1,0
4,1,3
7,0,7
0,0,0
17,12,5
22,1,21
3,1,2
0,1,-1
1,20,-19
13,0,13
2,0,2
3,0,3
0,0,0
11,5,6
9,3,6
8,28,-20
0,0,0
11,11,0
15,15,0
2,11,-9
10,2,8
14,6,8
0,0,0
0,0,0
10,1,9
12,6,6
0,0,0
3,6,-3
2,0,2
34,0,34
12,2,10
9,4,5
2,0,2
5,2,3
0,5,-5
8,4,4
17,0,17
0,0,0
1,6,-5
3,0,3
0,1,-1
0,1,-1
15,3,12
2,0,2
1,0,1
1,2,-1
8,0,8
1,0,1
2,8,-6
4,0,4
14,6,8
2,0,2
0,1,-1
1,0,1
1,6,-5
8,10,-2
0,1,-1
3,4,-1
1,0,1
2,0,2
3,0,3
4,0,4
0,7,-7
36,1,35
2,5,-3
0,1,-1
8,0,8
14,0,14
7,5,2
0,2,-2
5,3,2
0,0,0
0,0,0
4,4,0
0,0,0
11,4,7
2,0,2
1,11,-10
16,5,11
1,1,0
3,2,1
2,1,1
14,9,5
13,0,13
27,0,27
3,16,-13
5,0,5
3,0,3
4,2,2
1,0,1
4,0,4
1,0,1
2,22,-20
3,2,1
0,0,0
1,0,1
2,0,2
0,0,0
2,3,-1
2,1,1
7,0,7
0,0,0
14,13,1
8,4,4
8,1,7
8,0,8
1,0,1
0,0,0
5,0,5
0,0,0
2,1,1
0,0,0
2,0,2
14,5,9
3,3,0
3,8,-5
10,45,-35
26,5,21
1,0,1
0,0,0
4,0,4
3,4,-1
6,1,5
6,3,3
19,8,11
8,2,6
9,33,-24
1,0,1
5,2,3
6,1,5
0,0,0
10,48,-38
0,0,0
52,7,45
17,0,17
12,11,1
7,0,7
0,0,0
10,7,3
3,0,3
4,3,1
28,1,27
15,13,2
1,0,1
1,1,0
0,5,-5
30,0,30
0,0,0
2,27,-25
10,2,8
6,0,6
6,0,6
9,0,9
0,0,0
0,1,-1
3,0,3
11,9,2
1,1,0
1,1,0
2,1,1
4,0,4
1,0,1
0,3,-3
27,8,19
0,0,0
0,9,-9
4,0,4
2,6,-4
6,4,2
0,3,-3
109,109,0
3,0,3
21,1,20
16,0,16
6,0,6
13,0,13
0,3,-3
0,0,0
19,0,19
15,2,13
18,1,17
2,2,0
37,6,31
4,5,-1
5,6,-1
1,0,1
0,0,0
0,0,0
17,7,10
0,13,-13
1,0,1
0,7,-7
1,0,1
14,1,13
0,0,0
2,0,2
10,9,1
3,3,0
1,0,1
11,4,7
11,0,11
11,2,9
1,2,-1
0,0,0
0,0,0
1,1,0
0,0,0
0,0,0
3,0,3
0,0,0
21,20,1
9,1,8
0,0,0
12,22,-10
3,0,3
3,5,-2
0,0,0
8,5,3
25,0,25
11,6,5
14,0,14
7,7,0
1,0,1
0,0,0
2,4,-2
8,0,8
1,0,1
9,0,9
0,1,-1
0,1,-1
0,0,0
2,0,2
0,3,-3
0,1,-1
1,14,-13
18,1,17
4,4,0
7,8,-1
0,0,0
1,0,1
16,27,-11
12,26,-14
0,0,0
12,3,9
3,1,2
6,0,6
15,2,13
25,3,22
7,7,0
1,1,0
8,5,3
1,0,1
1,0,1
0,0,0
0,0,0
2,5,-3
5,2,3
0,0,0
14,5,9
0,0,0
11,7,4
6,3,3
3,0,3
11,11,0
3,0,3
2,0,2
14,7,7
20,2,18
0,1,-1
2,2,0
11,1,10
2,2,0
11,2,9
7,8,-1
0,0,0
1,5,-4
8,4,4
1,0,1
15,6,9
2,9,-7
1,0,1
1,0,1
1,1,0
1,0,1
2,31,-29
1,0,1
0,3,-3
17,1,16
7,3,4
12,0,12
0,0,0
10,1,9
2,0,2
5,0,5
7,0,7
0,0,0
0,4,-4
4,1,3
3,0,3
7,2,5
0,1,-1
1,0,1
2,0,2
2,1,1
8,5,3
5,6,-1
4,4,0
6,9,-3
0,5,-5
14,0,14
0,0,0
9,2,7
2,3,-1
8,0,8
1,0,1
0,0,0
2,0,2
0,0,0
0,0,0
0,0,0
0,0,0
1,0,1
0,0,0
15,0,15
2,2,0
5,0,5
0,0,0
34,0,34
2,2,0
3,2,1
1,1,0
1,0,1
0,0,0
14,7,7
0,0,0
1,0,1
8,3,5
24,7,17
6,0,6
2,0,2
8,0,8
3,43,-40
12,30,-18
0,0,0
1,1,0
1,0,1
2,1,1
24,0,24
21,23,-2
19,80,-61
32,28,4
7,3,4
9,0,9
3,16,-13
7,1,6
0,1,-1
4,0,4
6,7,-1
4,7,-3
4,4,0
0,1,-1
28,2,26
9,0,9
1,1,0
4,0,4
6,4,2
3,13,-10
4,8,-4
11,4,7
7,0,7
23,2,21
2,4,-2
5,2,3
0,0,0
1,0,1
5,6,-1
2,0,2
5,5,0
2,0,2
2,1,1
0,0,0
22,0,22
29,1,28
2,0,2
9,5,4
20,13,7
8,0,8
13,19,-6
5,2,3
3,0,3
8,0,8
2,8,-6
2,0,2
22,0,22
9,0,9
6,7,-1
20,20,0
1,0,1
0,6,-6
13,7,6
2,19,-17
0,0,0
1,0,1
12,0,12
5,2,3
1,1,0
11,39,-28
5,0,5
0,0,0
4,0,4
0,0,0
47,0,47
7,0,7
14,0,14
5,4,1
0,0,0
6,9,-3
6,9,-3
87,24,63
0,2,-2
4,19,-15
6,0,6
0,0,0
3,2,1
1,0,1
23,10,13
1,1,0
8,0,8
5,0,5
3,0,3
9,9,0
7,0,7
5,0,5
12,2,10
2,2,0
5,2,3
31,0,31
0,0,0
13,6,7
12,1,11
19,0,19
5,5,0
7,0,7
14,7,7
27,0,27
6,0,6
3,0,3
4,6,-2
12,5,7
3,4,-1
4,3,1
0,0,0
2,0,2
6,2,4
0,0,0
12,12,0
2,2,0
1,0,1
11,0,11
0,1,-1
6,0,6
0,0,0
6,4,2
5,4,1
2,1,1
5,0,5
0,0,0
1,0,1
0,0,0
2,0,2
0,2,-2
5,2,3
3,0,3
3,0,3
1,0,1
0,7,-7
10,1,9
0,0,0
2,6,-4
2,2,0
8,0,8
4,1,3
0,0,0
1,5,-4
0,0,0
0,1,-1
6,0,6
8,0,8
0,0,0
4,2,2
5,0,5
2,0,2
0,6,-6
4,3,1
6,0,6
3,0,3
5,2,3
8,30,-22
0,0,0
3,0,3
11,2,9
6,3,3
27,7,20
0,0,0
0,0,0
0,0,0
38,1,37
10,0,10
0,0,0
9,0,9
2,7,-5
2,0,2
0,0,0
0,0,0
2,3,-1
9,0,9
18,15,3
3,5,-2
1,0,1
10,4,6
11,0,11
24,13,11
17,0,17
0,7,-7
2,1,1
6,2,4
2,0,2
9,0,9
1,1,0
32,5,27
4,6,-2
11,0,11
12,3,9
6,5,1
4,5,-1
9,3,6
1,0,1
4,0,4
20,13,7
15,14,1
2,0,2
0,7,-7
0,0,0
2,4,-2
3,1,2
8,0,8
0,0,0
10,2,8
10,11,-1
0,0,0
3,0,3
5,7,-2
1,0,1
3,1,2
15,7,8
3,2,1
7,3,4
2,0,2
1,0,1
18,18,0
14,0,14
13,13,0
3,1,2
3,0,3
0,0,0
4,6,-2
2,1,1
3,6,-3
0,2,-2
4,8,-4
0,1,-1
6,0,6
0,0,0
12,4,8
0,0,0
11,17,-6
3,2,1
33,10,23
24,0,24
2,2,0
16,1,15
2,1,1
0,0,0
11,35,-24
0,0,0
0,9,-9
4,1,3
3,0,3
2,0,2
2,2,0
2,5,-3
4,0,4
0,0,0
0,5,-5
3,1,2
24,9,15
2,2,0
10,3,7
3,3,0
12,2,10
0,0,0
3,0,3
2,3,-1
0,0,0
1,2,-1
14,2,12
1,1,0
6,0,6
0,2,-2
1,0,1
2,2,0
24,0,24
9,2,7
0,0,0
0,7,-7
6,0,6
9,0,9
1,0,1
0,0,0
1,0,1
3,1,2
19,0,19
15,5,10
16,3,13
3,1,2
6,0,6
2,4,-2
3,3,0
17,0,17
3,25,-22
5,0,5
0,0,0
0,2,-2
1,0,1
0,1,-1
2,0,2
6,2,4
9,9,0
2,0,2
1,0,1
0,0,0
0,0,0
0,0,0
14,4,10
0,1,-1
7,0,7
0,0,0
11,0,11
4,4,0
4,16,-12
0,0,0
21,0,21
20,2,18
6,6,0
1,0,1
1,0,1
1,0,1
0,0,0
8,3,5
1,1,0
7,32,-25
5,0,5
0,46,-46
7,5,2
0,5,-5
0,0,0
0,0,0
12,0,12
1,7,-6
10,10,0
13,0,13
10,4,6
4,4,0
6,0,6
0,0,0
10,5,5
0,0,0
12,9,3
3,0,3
2,6,-4
0,0,0
0,0,0
0,0,0
10,0,10
16,0,16
2,2,0
0,7,-7
2,2,0
0,0,0
25,1,24
17,5,12
1,0,1
16,14,2
0,0,0
3,4,-1
9,2,7
6,3,3
41,7,34
7,0,7
18,10,8
0,31,-31
1,2,-1
5,0,5
27,13,14
14,2,12
3,0,3
2,0,2
0,4,-4
3,0,3
11,5,6
0,0,0
4,9,-5
0,0,0
21,39,-18
6,1,5
8,20,-12
0,0,0
1,0,1
4,3,1
0,0,0
7,25,-18
27,15,12
0,0,0
1,0,1
11,0,11
5,4,1
109,109,0
20,1,19
3,1,2
5,2,3
14,5,9
11,33,-22
0,6,-6
2,0,2
0,0,0
0,0,0
0,0,0
0,0,0
1,0,1
1,0,1
3,1,2
1,0,1
7,6,1
2,26,-24
8,1,7
6,12,-6
7,8,-1
7,7,0
0,1,-1
0,0,0
13,8,5
1,0,1
11,25,-14
9,9,0
3,0,3
3,1,2
12,0,12
0,0,0
0,0,0
6,6,0
3,0,3
8,4,4
6,6,0
0,0,0
23,0,23
5,1,4
1,3,-2
8,10,-2
0,0,0
2,0,2
1,0,1
10,0,10
18,4,14
0,0,0
19,2,17
19,0,19
0,0,0
0,0,0
30,13,17
5,0,5
0,0,0
6,6,0
1,29,-28
3,1,2
14,15,-1
3,4,-1
16,2,14
6,3,3
0,6,-6
10,9,1
6,0,6
0,0,0
2,0,2
2,4,-2
13,2,11
19,0,19
0,0,0
11,1,10
5,12,-7
1,4,-3
0,0,0
9,1,8
2,1,1
0,0,0
2,3,-1
9,0,9
3,0,3
22,0,22
40,0,40
0,0,0
0,0,0
1,6,-5
3,3,0
0,1,-1
0,0,0
16,7,9
2,5,-3
16,0,16
0,1,-1
1,0,1
10,5,5
19,5,14
7,5,2
0,1,-1
16,0,16
0,0,0
0,0,0
2,0,2
7,4,3
3,6,-3
84,7,77
1,0,1
6,0,6
0,0,0
0,1,-1
3,3,0
0,0,0
5,0,5
43,2,41
1,0,1
7,1,6
3,3,0
5,0,5
7,15,-8
3,0,3
1,1,0
15,2,13
0,0,0
14,7,7
12,1,11
0,0,0
4,0,4
10,0,10
7,13,-6
4,4,0
8,0,8
0,0,0
13,7,6
36,8,28
9,0,9
1,0,1
1,0,1
13,15,-2
30,2,28
5,2,3
0,0,0
19,0,19
11,16,-5
2,1,1
2,2,0
4,0,4
14,0,14
18,39,-21
2,1,1
4,0,4
9,6,3
10,14,-4
7,1,6
9,16,-7
8,1,7
6,0,6
1,1,0
26,4,22
0,0,0
6,4,2
3,0,3
1,0,1
10,0,10
0,0,0
8,2,6
0,0,0
1,0,1
3,0,3
4,0,4
48,33,15
6,9,-3
4,3,1
0,3,-3
3,0,3
8,4,4
29,15,14
8,7,1
1,0,1
1,2,-1
3,2,1
0,0,0
3,10,-7
13,1,12
7,14,-7
4,0,4
15,8,7
2,2,0
13,0,13
0,0,0
19,19,0
6,0,6
14,2,12
6,2,4
6,0,6
11,9,2
3,0,3
10,15,-5
3,0,3
1,0,1
1,0,1
8,4,4
7,9,-2
5,57,-52
4,17,-13
9,6,3
0,0,0
2,5,-3
20,36,-16
8,1,7
13,1,12
0,2,-2
4,0,4
2,2,0
1,0,1
19,1,18
13,5,8
3,0,3
3,0,3
1,0,1
65,0,65
1,0,1
2,9,-7
0,7,-7
11,0,11
2,0,2
3,0,3
2,1,1
0,1,-1
0,0,0
18,6,12
7,3,4
17,17,0
2,0,2
0,0,0
5,9,-4
0,1,-1
9,2,7
2,4,-2
1,0,1
14,0,14
0,0,0
5,9,-4
0,0,0
7,4,3
4,0,4
1,0,1
0,0,0
3,7,-4
63,45,18
4,0,4
3,3,0
2,0,2
7,0,7
1,0,1
1,0,1
0,1,-1
0,0,0
0,0,0
0,9,-9
7,2,5
8,7,1
15,10,5
5,11,-6
10,2,8
2,4,-2
9,0,9
0,0,0
13,1,12
21,0,21
45,1,44
22,0,22
24,6,18
14,55,-41
7,2,5
5,8,-3
0,2,-2
6,5,1
0,3,-3
4,8,-4
0,1,-1
4,0,4
36,1,35
1,4,-3
8,2,6
5,2,3
22,0,22
37,3,34
3,0,3
21,2,19
0,0,0
11,1,10
1,0,1
1,0,1
2,1,1
0,0,0
2,1,1
9,4,5
5,2,3
0,1,-1
4,0,4
8,26,-18
0,1,-1
14,13,1
3,0,3
9,6,3
15,0,15
0,2,-2
4,0,4
17,0,17
2,10,-8
3,0,3
2,0,2
0,0,0
9,9,0
28,23,5
6,0,6
0,0,0
0,0,0
1,0,1
1,1,0
14,1,13
0,0,0
5,23,-18
4,0,4
11,2,9
3,0,3
19,15,4
12,3,9
21,5,16
5,0,5
5,1,4
7,3,4
0,0,0
0,0,0
8,0,8
1,0,1
7,2,5
9,0,9
2,0,2
1,0,1
2,4,-2
4,4,0
4,2,2
4,1,3
19,0,19
19,2,17
4,2,2
16,7,9
15,2,13
4,0,4
7,9,-2
2,0,2
0,0,0
1,0,1
0,0,0
46,2,44
5,2,3
1,0,1
2,0,2
4,2,2
10,6,4
0,2,-2
3,2,1
5,0,5
12,3,9
2,9,-7
6,2,4
3,3,0
1,0,1
1,10,-9
16,5,11
0,0,0
2,0,2
45,30,15
12,2,10
6,2,4
10,5,5
1,1,0
3,0,3
14,1,13
0,0,0
4,0,4
8,0,8
35,0,35
2,2,0
3,1,2
18,1,17
1,0,1
3,0,3
0,3,-3
3,4,-1
5,0,5
13,0,13
0,0,0
2,2,0
39,10,29
29,29,0
27,20,7
20,14,6
3,1,2
2,0,2
1,0,1
13,0,13
0,1,-1
2,3,-1
14,0,14
9,3,6
0,0,0
11,2,9
0,0,0
1,2,-1
8,0,8
5,0,5
21,21,0
1,0,1
5,5,0
6,7,-1
32,20,12
4,7,-3
3,1,2
1,0,1
13,13,0
16,77,-61
2,1,1
1,3,-2
6,0,6
0,1,-1
0,0,0
10,3,7
0,5,-5
1,0,1
0,0,0
4,0,4
2,0,2
17,12,5
1,3,-2
9,7,2
4,5,-1
0,0,0
0,0,0
15,7,8
2,0,2
2,7,-5
0,0,0
1,0,1
5,0,5
2,10,-8
5,0,5
0,0,0
5,0,5
6,0,6
4,1,3
10,0,10
5,5,0
37,37,0
41,0,41
0,0,0
2,0,2
5,0,5
0,0,0
8,3,5
0,0,0
16,20,-4
10,3,7
1,1,0
0,0,0
0,0,0
0,0,0
0,0,0
0,8,-8
37,50,-13
13,2,11
12,0,12
1,0,1
0,0,0
1,0,1
1,2,-1
6,6,0
7,0,7
8,0,8
15,1,14
12,7,5
0,0,0
13,1,12
1,0,1
0,1,-1
2,4,-2
2,0,2
5,19,-14
10,7,3
2,0,2
9,5,4
1,4,-3
4,0,4
1,0,1
1,0,1
0,0,0
0,0,0
4,1,3
0,0,0
20,0,20
9,3,6
1,0,1
17,5,12
0,1,-1
4,8,-4
2,2,0
7,22,-15
0,1,-1
7,7,0
15,14,1
1,0,1
2,2,0
24,3,21
4,6,-2
0,0,0
0,0,0
4,6,-2
1,3,-2
1,0,1
10,5,5
11,1,10
10,1,9
6,0,6
0,0,0
6,0,6
1,0,1
7,1,6
0,1,-1
1,0,1
52,41,11
13,0,13
0,0,0
11,2,9
6,8,-2
9,2,7
1,6,-5
21,44,-23
6,26,-20
4,2,2
1,2,-1
1,0,1
0,0,0
27,10,17
0,6,-6
1,0,1
18,1,17
1,1,0
3,4,-1
6,1,5
7,4,3
4,44,-40
2,4,-2
0,0,0
11,4,7
1,4,-3
0,48,-48
18,5,13
13,0,13
1,1,0
15,1,14
0,0,0
2,2,0
2,0,2
4,1,3
13,3,10
5,0,5
3,0,3
6,0,6
7,13,-6
1,0,1
0,0,0
9,1,8
7,0,7
2,7,-5
12,8,4
0,0,0
1,0,1
8,1,7
6,0,6
1,0,1
3,2,1
1,0,1
2,0,2
4,1,3
2,6,-4
2,0,2
1,2,-1
7,1,6
35,0,35
0,0,0
3,0,3
7,4,3
9,0,9
19,15,4
0,2,-2
7,0,7
0,1,-1
2,1,1
17,7,10
0,1,-1
0,0,0
7,11,-4
9,0,9
9,0,9
1,0,1
1,1,0
15,8,7
1,0,1
3,2,1
3,0,3
4,0,4
12,0,12
9,0,9
5,8,-3
4,10,-6
55,2,53
9,4,5
6,0,6
0,2,-2
5,0,5
3,1,2
7,7,0
3,4,-1
8,1,7
0,13,-13
18,9,9
1,0,1
5,0,5
7,7,0
0,3,-3
2,2,0
0,2,-2
13,9,4
5,5,0
3,4,-1
14,5,9
1,0,1
2,2,0
4,0,4
1,0,1
7,7,0
5,5,0
10,10,0
1,2,-1
2,3,-1
2,1,1
2,1,1
1,2,-1
15,2,13
8,13,-5
2,5,-3
5,1,4
43,7,36
0,0,0
9,0,9
1,1,0
0,0,0
0,0,0
1,1,0
7,0,7
2,51,-49
26,1,25
3,0,3
29,14,15
19,1,18
1,0,1
9,7,2
10,9,1
1,2,-1
8,0,8
5,4,1
9,0,9
1,0,1
0,2,-2
6,0,6
9,0,9
11,1,10
2,0,2
0,8,-8
0,0,0
8,16,-8
0,39,-39
3,7,-4
11,2,9
1,1,0
3,3,0
2,6,-4
1,2,-1
0,0,0
0,0,0
1,0,1
6,0,6
1,0,1
1,1,0
4,1,3
4,10,-6
1,0,1
6,0,6
7,9,-2
0,1,-1
12,1,11
6,42,-36
7,0,7
1,0,1
5,5,0
24,7,17
0,0,0
4,4,0
5,2,3
10,7,3
0,2,-2
5,2,3
6,3,3
10,0,10
12,1,11
50,11,39
2,0,2
2,0,2
13,2,11
2,1,1
2,2,0
2,0,2
1,0,1
3,0,3
1,0,1
0,0,0
1,0,1
3,0,3
0,0,0
5,0,5
24,0,24
4,3,1
18,45,-27
8,1,7
43,1,42
3,2,1
4,4,0
0,0,0
8,0,8
5,0,5
5,1,4
1,0,1
5,1,4
0,1,-1
3,6,-3
50,9,41
6,6,0
13,7,6
2,3,-1
2,2,0
5,0,5
6,0,6
7,4,3
10,15,-5
2,0,2
4,3,1
39,15,24
3,0,3
1,1,0
2,0,2
25,10,15
3,1,2
4,0,4
14,9,5
0,0,0
2,0,2
6,0,6
6,9,-3
14,1,13
2,4,-2
0,2,-2
0,7,-7
4,2,2
1,2,-1
13,2,11
9,2,7
9,8,1
0,8,-8
16,3,13
1,1,0
0,0,0
1,0,1
1,0,1
13,6,7
5,1,4
0,0,0
0,0,0
2,0,2
1,0,1
74,0,74
4,5,-1
2,0,2
16,6,10
2,0,2
28,0,28
1,6,-5
0,0,0
6,2,4
17,6,11
1,0,1
14,1,13
2,2,0
2,8,-6
3,2,1
4,2,2
9,11,-2
16,5,11
0,1,-1
0,0,0
1,0,1
1,2,-1
6,46,-40
3,3,0
6,2,4
6,16,-10
0,0,0
14,0,14
8,4,4
0,0,0
6,4,2
2,6,-4
8,13,-5
11,9,2
49,6,43
0,0,0
23,6,17
12,6,6
1,0,1
9,0,9
1,0,1
2,0,2
1,0,1
19,1,18
54,54,0
3,11,-8
7,0,7
2,1,1
2,1,1
37,0,37
4,0,4
3,3,0
5,1,4
4,10,-6
14,9,5
15,25,-10
1,0,1
5,0,5
3,0,3
5,1,4
8,3,5
29,0,29
1,2,-1
2,1,1
0,6,-6
6,6,0
27,0,27
5,5,0
2,0,2
1,0,1
1,1,0
9,5,4
0,0,0
5,0,5
7,4,3
4,4,0
1,0,1
14,37,-23
0,0,0
6,7,-1
36,0,36
3,2,1
11,2,9
3,6,-3
0,4,-4
17,17,0
1,0,1
0,0,0
15,10,5
3,2,1
12,1,11
0,11,-11
0,0,0
0,7,-7
7,7,0
21,18,3
27,27,0
7,5,2
2,1,1
0,0,0
4,8,-4
3,0,3
10,13,-3
2,0,2
1,0,1
8,7,1
8,3,5
2,2,0
0,3,-3
1,0,1
38,9,29
2,2,0
24,14,10
6,6,0
2,2,0
14,0,14
3,0,3
0,0,0
0,0,0
8,2,6
6,1,5
2,0,2
17,23,-6
2,0,2
3,0,3
8,2,6
2,0,2
9,0,9
0,0,0
0,1,-1
5,0,5
6,3,3
2,0,2
0,6,-6
0,1,-1
0,2,-2
17,15,2
32,3,29
7,2,5
5,5,0
4,3,1
10,1,9
16,29,-13
11,2,9
15,0,15
7,7,0
4,1,3
3,0,3
7,9,-2
0,1,-1
22,0,22
13,0,13
0,0,0
12,5,7
11,0,11
2,0,2
16,0,16
8,1,7
16,3,13
1,0,1
1,2,-1
17,0,17
7,0,7
11,0,11
21,11,10
0,4,-4
1,0,1
7,7,0
5,2,3
14,1,13
4,0,4
8,0,8
8,5,3
12,0,12
0,0,0
4,2,2
0,0,0
2,0,2
0,0,0
4,2,2
0,1,-1
2,0,2
0,2,-2
2,0,2
5,0,5
6,1,5
3,3,0
14,25,-11
5,4,1
20,1,19
13,0,13
15,14,1
3,1,2
0,6,-6
3,0,3
1,2,-1
3,3,0
1,0,1
4,0,4
1,0,1
18,1,17
6,2,4
12,0,12
8,2,6
6,0,6
6,4,2
1,2,-1
4,1,3
0,0,0
0,0,0
10,3,7
0,37,-37
2,0,2
5,6,-1
6,14,-8
7,2,5
0,0,0
1,1,0
2,0,2
9,11,-2
7,10,-3
2,2,0
3,2,1
12,1,11
14,16,-2
1,0,1
14,0,14
1,9,-8
2,2,0
1,2,-1
1,1,0
12,1,11
0,0,0
4,0,4
2,0,2
3,2,1
20,14,6
3,0,3
12,19,-7
2,1,1
1,10,-9
22,1,21
3,0,3
1,1,0
2,2,0
0,0,0
2,2,0
22,7,15
1,3,-2
6,5,1
1,2,-1
6,0,6
0,0,0
26,1,25
17,4,13
7,0,7
0,0,0
4,0,4
6,0,6
26,0,26
0,0,0
0,1,-1
1,2,-1
11,6,5
4,0,4
6,2,4
0,3,-3
5,2,3
13,7,6
16,1,15
1,10,-9
9,1,8
2,4,-2
12,0,12
1,0,1
12,0,12
1,0,1
4,3,1
5,0,5
9,3,6
3,0,3
72,72,0
3,0,3
9,7,2
7,15,-8
0,0,0
20,62,-42
0,0,0
15,0,15
17,0,17
3,0,3
5,0,5
10,0,10
0,9,-9
17,2,15
0,0,0
5,1,4
14,14,0
0,2,-2
4,0,4
0,0,0
1,0,1
33,38,-5
3,0,3
19,1,18
9,8,1
14,14,0
18,18,0
1,0,1
21,1,20
1,7,-6
0,1,-1
0,0,0
1,0,1
5,0,5
16,2,14
3,2,1
0,0,0
0,0,0
2,2,0
25,3,22
1,4,-3
1,0,1
5,1,4
1,0,1
8,0,8
0,0,0
3,17,-14
4,16,-12
5,3,2
0,0,0
21,2,19
4,0,4
26,26,0
12,8,4
3,0,3
9,0,9
2,8,-6
53,2,51
4,6,-2
0,2,-2
45,0,45
1,5,-4
7,1,6
56,15,41
9,6,3
22,0,22
4,1,3
8,0,8
21,0,21
8,3,5
0,0,0
5,2,3
4,1,3
2,0,2
13,22,-9
7,1,6
24,10,14
1,0,1
8,15,-7
7,6,1
6,9,-3
5,9,-4
23,0,23
4,0,4
6,2,4
1,1,0
12,5,7
1,1,0
3,2,1
0,0,0
7,2,5
0,6,-6
10,7,3
3,2,1
9,13,-4
7,1,6
3,0,3
4,0,4
3,3,0
15,9,6
2,3,-1
10,13,-3
0,0,0
6,10,-4
0,0,0
2,0,2
3,14,-11
26,1,25
6,2,4
0,0,0
8,8,0
5,1,4
5,0,5
1,0,1
0,2,-2
1,5,-4
17,27,-10
11,9,2
9,13,-4
37,3,34
9,5,4
0,0,0
38,7,31
34,0,34
7,7,0
6,3,3
1,2,-1
1,0,1
8,34,-26
4,1,3
2,5,-3
4,0,4
2,2,0
19,5,14
12,8,4
0,2,-2
6,0,6
2,0,2
1,0,1
6,2,4
6,6,0
33,26,7
23,0,23
0,0,0
0,0,0
3,0,3
1,0,1
0,0,0
14,1,13
1,0,1
2,2,0
2,4,-2
10,5,5
27,3,24
7,13,-6
1,1,0
0,9,-9
5,1,4
7,0,7
1,0,1
0,0,0
13,0,13
8,2,6
6,7,-1
5,0,5
2,7,-5
1,0,1
40,0,40
27,0,27
9,3,6
3,2,1
17,0,17
9,8,1
0,0,0
2,7,-5
22,20,2
1,1,0
6,0,6
3,0,3
1,1,0
5,8,-3
26,9,17
10,4,6
0,0,0
0,4,-4
3,2,1
1,0,1
0,0,0
3,0,3
0,0,0
6,3,3
2,2,0
9,7,2
23,0,23
19,5,14
1,0,1
0,0,0
1,0,1
1,0,1
0,10,-10
1,0,1
13,10,3
0,0,0
18,12,6
1,0,1
3,0,3
0,0,0
0,0,0
0,7,-7
0,0,0
1,2,-1
0,0,0
20,20,0
3,0,3
1,1,0
0,0,0
5,5,0
0,1,-1
3,3,0
5,5,0
10,2,8
1,3,-2
3,5,-2
0,2,-2
8,0,8
1,2,-1
3,4,-1
18,4,14
10,0,10
1,1,0
2,4,-2
3,9,-6
9,38,-29
2,0,2
1,0,1
3,4,-1
0,0,0
0,0,0
2,0,2
1,0,1
2,2,0
27,0,27
13,0,13
8,14,-6
0,0,0
0,4,-4
0,2,-2
0,0,0
3,6,-3
0,0,0
23,0,23
3,5,-2
14,7,7
9,2,7
0,0,0
1,0,1
2,0,2
27,2,25
0,0,0
17,1,16
2,0,2
0,0,0
2,6,-4
3,58,-55
1,1,0
1,0,1
17,7,10
8,11,-3
0,0,0
0,0,0
4,2,2
14,2,12
0,0,0
7,8,-1
36,25,11
14,7,7
26,4,22
5,5,0
0,2,-2
1,0,1
0,0,0
5,1,4
1,0,1
1,0,1
0,0,0
1,0,1
15,27,-12
30,13,17
1,10,-9
0,7,-7
2,5,-3
1,0,1
0,0,0
2,0,2
17,36,-19
7,7,0
0,1,-1
1,1,0
3,1,2
6,6,0
6,0,6
1,2,-1
1,5,-4
3,0,3
10,8,2
3,0,3
7,7,0
0,0,0
15,7,8
14,1,13
1,2,-1
11,0,11
3,0,3
2,0,2
4,0,4
70,70,0
32,44,-12
17,9,8
0,0,0
6,0,6
2,1,1
0,0,0
1,0,1
10,19,-9
2,0,2
9,9,0
10,3,7
5,5,0
4,4,0
6,7,-1
9,0,9
0,7,-7
0,0,0
0,0,0
2,0,2
0,2,-2
9,1,8
4,2,2
3,1,2
11,0,11
4,3,1
5,10,-5
8,1,7
1,0,1
2,0,2
5,3,2
2,0,2
1,9,-8
3,3,0
28,11,17
35,15,20
3,3,0
19,0,19
1,6,-5
0,0,0
7,0,7
2,6,-4
0,0,0
1,4,-3
6,0,6
12,3,9
1,25,-24
17,2,15
5,0,5
2,1,1
26,18,8
51,1,50
7,1,6
2,5,-3
4,2,2
4,0,4
1,0,1
2,2,0
0,0,0
0,17,-17
1,0,1
9,0,9
1,1,0
1,0,1
2,1,1
0,0,0
13,7,6
10,0,10
1,0,1
14,2,12
22,51,-29
32,23,9
66,27,39
14,0,14
5,0,5
4,2,2
0,0,0
9,7,2
8,7,1
9,0,9
6,1,5
55,0,55
8,10,-2
6,11,-5
31,0,31
1,0,1
18,2,16
1,0,1
7,1,6
0,0,0
4,0,4
1,4,-3
11,4,7
5,0,5
4,3,1
17,3,14
6,1,5
0,0,0
4,1,3
27,2,25
7,1,6
29,4,25
5,0,5
2,2,0
11,7,4
12,0,12
0,2,-2
2,2,0
4,0,4
19,7,12
0,0,0
0,0,0
11,5,6
2,1,1
3,0,3
14,2,12
1,3,-2
1,3,-2
9,0,9
1,0,1
0,0,0
20,2,18
8,6,2
0,0,0
4,0,4
9,0,9
7,1,6
9,0,9
5,7,-2
0,0,0
5,0,5
26,1,25
1,0,1
1,7,-6
13,20,-7
13,0,13
7,0,7
8,4,4
0,0,0
6,6,0
1,3,-2
9,0,9
0,0,0
11,16,-5
1,0,1
11,1,10
1,4,-3
3,7,-4
15,10,5
5,0,5
0,0,0
1,9,-8
7,5,2
9,5,4
13,2,11
10,0,10
3,3,0
0,0,0
3,0,3
11,0,11
7,1,6
1,3,-2
0,2,-2
14,8,6
0,0,0
0,0,0
6,6,0
8,2,6
11,0,11
2,2,0
0,0,0
2,0,2
4,5,-1
3,1,2
25,2,23
12,10,2
7,1,6
3,2,1
10,8,2
6,0,6
6,2,4
4,2,2
1,0,1
3,6,-3
3,0,3
8,2,6
1,4,-3
10,3,7
9,5,4
1,1,0
0,11,-11
2,0,2
3,1,2
2,0,2
8,2,6
1,13,-12
25,25,0
0,0,0
19,0,19
27,2,25
31,0,31
14,0,14
0,0,0
1,4,-3
6,2,4
19,0,19
5,0,5
1,0,1
0,0,0
16,2,14
21,0,21
2,0,2
1,0,1
11,0,11
0,0,0
6,0,6
0,0,0
6,9,-3
2,0,2
16,10,6
0,0,0
0,0,0
1,1,0
5,2,3
22,0,22
1,0,1
57,3,54
4,9,-5
1,9,-8
7,0,7
20,12,8
3,0,3
3,7,-4
4,1,3
14,1,13
3,0,3
4,4,0
10,0,10
3,0,3
1,1,0
7,0,7
1,1,0
0,0,0
8,1,7
23,24,-1
1,0,1
14,10,4
0,1,-1
2,1,1
3,3,0
1,6,-5
0,0,0
9,0,9
3,2,1
2,8,-6
2,2,0
0,0,0
0,0,0
44,3,41
2,0,2
0,1,-1
5,0,5
3,26,-23
7,2,5
16,2,14
1,0,1
6,0,6
4,0,4
16,11,5
6,3,3
3,3,0
17,7,10
6,0,6
5,3,2
0,0,0
2,3,-1
5,10,-5
5,14,-9
1,6,-5
2,2,0
1,1,0
3,2,1
10,8,2
7,2,5
0,4,-4
0,0,0
11,3,8
2,2,0
16,30,-14
0,0,0
22,10,12
1,1,0
0,0,0
1,0,1
4,0,4
4,1,3
4,6,-2
0,0,0
15,8,7
32,7,25
0,0,0
0,0,0
10,4,6
0,0,0
0,0,0
3,0,3
53,1,52
6,6,0
1,1,0
9,0,9
13,7,6
4,3,1
6,2,4
4,0,4
10,7,3
8,3,5
0,0,0
1,1,0
13,7,6
0,4,-4
7,7,0
4,0,4
0,0,0
0,0,0
1,0,1
0,0,0
1,0,1
1,4,-3
1,9,-8
0,0,0
3,0,3
15,30,-15
1,0,1
1,0,1
2,3,-1
2,1,1
4,3,1
10,0,10
2,0,2
30,10,20
2,5,-3
0,1,-1
11,4,7
16,13,3
3,2,1
2,2,0
4,0,4
12,0,12
2,2,0
0,3,-3
1,0,1
11,1,10
9,7,2
2,0,2
9,7,2
18,1,17
4,0,4
6,2,4
1,1,0
0,0,0
0,1,-1
0,5,-5
13,5,8
0,5,-5
76,76,0
0,5,-5
28,13,15
1,0,1
3,3,0
0,0,0
1,14,-13
5,0,5
0,0,0
9,0,9
8,0,8
2,2,0
1,2,-1
55,9,46
3,0,3
12,0,12
0,0,0
6,3,3
4,4,0
2,5,-3
5,3,2
19,15,4
3,1,2
13,0,13
0,0,0
3,0,3
0,0,0
6,1,5
0,0,0
25,5,20
0,0,0
3,0,3
12,0,12
0,1,-1
17,14,3
0,0,0
1,0,1
1,0,1
2,2,0
5,1,4
0,0,0
21,7,14
9,1,8
9,0,9
4,32,-28
4,2,2
6,6,0
6,11,-5
1,0,1
28,7,21
5,0,5
13,1,12
0,0,0
14,15,-1
0,0,0
1,0,1
0,0,0
1,8,-7
6,9,-3
0,0,0
13,0,13
21,19,2
9,3,6
2,2,0
2,2,0
2,2,0
4,0,4
4,4,0
1,0,1
0,0,0
14,1,13
4,2,2
14,3,11
0,1,-1
0,7,-7
8,0,8
8,20,-12
0,0,0
8,9,-1
0,0,0
1,0,1
1,0,1
6,2,4
5,0,5
0,0,0
18,13,5
2,5,-3
8,0,8
7,7,0
1,2,-1
5,0,5
7,2,5
5,0,5
1,0,1
9,2,7
2,2,0
20,0,20
0,2,-2
3,2,1
3,0,3
1,0,1
0,0,0
1,1,0
6,6,0
0,0,0
0,0,0
0,0,0
3,2,1
0,2,-2
1,1,0
0,0,0
3,0,3
9,4,5
9,1,8
10,7,3
10,12,-2
4,2,2
3,5,-2
1,0,1
0,0,0
3,1,2
5,0,5
1,0,1
1,14,-13
2,0,2
1,5,-4
9,9,0
0,5,-5
8,2,6
7,6,1
1,0,1
2,7,-5
0,0,0
12,12,0
17,1,16
2,3,-1
0,0,0
5,1,4
0,0,0
8,26,-18
5,10,-5
1,2,-1
29,59,-30
0,0,0
0,0,0
29,14,15
0,2,-2
1,0,1
1,1,0
7,11,-4
22,0,22
0,1,-1
23,14,9
6,7,-1
6,1,5
5,1,4
3,8,-5
5,2,3
0,3,-3
0,0,0
6,18,-12
8,1,7
0,1,-1
0,0,0
0,1,-1
8,1,7
3,7,-4
12,7,5
1,8,-7
2,0,2
3,1,2
9,7,2
1,0,1
2,0,2
0,1,-1
32,20,12
4,0,4
12,7,5
1,7,-6
1,6,-5
0,3,-3
19,1,18
23,30,-7
10,3,7
0,0,0
4,1,3
11,11,0
2,2,0
14,1,13
0,0,0
0,0,0
10,7,3
22,1,21
6,3,3
0,1,-1
9,1,8
5,11,-6
10,10,0
26,6,20
9,0,9
6,10,-4
1,0,1
2,2,0
0,0,0
0,0,0
6,7,-1
0,0,0
1,0,1
1,0,1
5,6,-1
41,0,41
5,1,4
2,7,-5
5,11,-6
17,10,7
19,1,18
2,4,-2
9,1,8
7,5,2
2,5,-3
17,0,17
2,3,-1
3,0,3
28,14,14
0,1,-1
21,7,14
26,7,19
10,7,3
4,0,4
51,1,50
15,1,14
4,2,2
4,4,0
30,18,12
10,4,6
13,5,8
1,2,-1
12,0,12
1,1,0
19,0,19
5,0,5
1,0,1
5,6,-1
4,4,0
2,2,0
70,0,70
27,1,26
0,0,0
6,0,6
11,6,5
19,7,12
0,6,-6
4,5,-1
3,0,3
14,40,-26
13,14,-1
21,0,21
2,0,2
11,0,11
0,0,0
0,0,0
6,1,5
6,0,6
1,0,1
1,0,1
1,0,1
5,0,5
2,0,2
14,4,10
2,1,1
2,0,2
11,7,4
19,7,12
1,1,0
16,0,16
5,0,5
12,7,5
0,1,-1
7,0,7
6,3,3
1,0,1
43,37,6
4,0,4
1,1,0
69,39,30
1,0,1
2,0,2
0,0,0
5,0,5
0,2,-2
1,0,1
2,0,2
0,8,-8
0,0,0
4,0,4
4,0,4
2,0,2
1,4,-3
2,2,0
1,2,-1
32,31,1
0,0,0
0,0,0
0,0,0
3,3,0
2,0,2
2,3,-1
3,8,-5
4,1,3
1,0,1
3,0,3
7,7,0
5,0,5
35,35,0
6,5,1
14,4,10
0,0,0
1,0,1
5,0,5
7,6,1
14,3,11
3,3,0
0,1,-1
0,0,0
10,13,-3
1,3,-2
0,0,0
22,0,22
20,7,13
0,0,0
3,3,0
12,0,12
1,2,-1
0,6,-6
27,5,22
1,2,-1
1,9,-8
0,0,0
0,0,0
9,1,8
43,2,41
3,0,3
1,0,1
7,7,0
0,16,-16
25,9,16
0,0,0
18,1,17
9,1,8
0,0,0
10,0,10
0,0,0
6,2,4
17,13,4
0,0,0
0,0,0
0,0,0
0,0,0
8,0,8
0,3,-3
0,0,0
2,1,1
2,3,-1
3,0,3
1,0,1
0,5,-5
8,11,-3
0,2,-2
0,0,0
12,38,-26
3,0,3
5,1,4
3,2,1
10,14,-4
1,0,1
0,0,0
3,0,3
40,0,40
4,1,3
3,10,-7
0,0,0
0,4,-4
2,0,2
2,3,-1
2,3,-1
3,3,0
3,3,0
1,0,1
5,5,0
0,0,0
60,4,56
0,0,0
2,0,2
7,11,-4
10,0,10
12,5,7
1,0,1
6,2,4
5,1,4
6,0,6
0,0,0
11,2,9
7,2,5
2,0,2
22,30,-8
3,0,3
4,5,-1
16,7,9
0,1,-1
11,5,6
11,12,-1
15,3,12
1,0,1
13,9,4
4,0,4
8,3,5
3,0,3
2,0,2
0,15,-15
1,7,-6
18,2,16
0,0,0
4,7,-3
1,0,1
5,1,4
0,2,-2
0,2,-2
0,0,0
0,5,-5
3,54,-51
1,2,-1
3,0,3
15,1,14
2,0,2
3,0,3
0,0,0
17,0,17
3,0,3
5,0,5
12,14,-2
0,0,0
1,3,-2
14,2,12
2,0,2
18,2,16
6,1,5
1,5,-4
12,3,9
0,0,0
1,1,0
0,0,0
0,0,0
0,0,0
4,0,4
5,1,4
0,1,-1
5,2,3
3,2,1
10,11,-1
8,0,8
4,5,-1
13,1,12
6,0,6
4,1,3
0,0,0
2,1,1
0,0,0
1,0,1
9,7,2
3,4,-1
24,7,17
0,0,0
11,1,10
1,0,1
4,0,4
1,0,1
0,0,0
1,7,-6
12,6,6
1,0,1
17,10,7
20,19,1
1,1,0
2,2,0
2,2,0
0,2,-2
9,3,6
15,5,10
0,0,0
1,0,1
2,1,1
0,1,-1
12,2,10
8,8,0
1,1,0
14,6,8
2,14,-12
10,0,10
0,0,0
2,1,1
10,9,1
62,62,0
2,2,0
2,0,2
18,1,17
0,0,0
1,0,1
14,0,14
3,3,0
0,0,0
0,1,-1
0,0,0
2,0,2
4,1,3
9,0,9
3,15,-12
9,3,6
1,0,1
0,3,-3
4,4,0
6,2,4
5,14,-9
3,3,0
7,1,6
27,0,27
1,4,-3
0,0,0
2,0,2
1,1,0
3,7,-4
0,1,-1
4,3,1
49,1,48
9,0,9
1,2,-1
8,5,3
5,5,0
0,0,0
0,0,0
3,2,1
1,0,1
9,10,-1
8,2,6
1,0,1
22,0,22
2,2,0
0,8,-8
1,0,1
0,0,0
29,2,27
1,0,1
27,22,5
1,0,1
4,0,4
5,0,5
16,17,-1
4,3,1
9,20,-11
1,0,1
11,13,-2
1,0,1
14,1,13
1,2,-1
8,9,-1
0,0,0
13,0,13
15,1,14
2,0,2
4,2,2
6,5,1
32,10,22
4,1,3
16,0,16
6,3,3
4,3,1
2,38,-36
4,11,-7
9,0,9
0,7,-7
9,9,0
3,0,3
7,7,0
9,3,6
29,5,24
0,0,0
3,5,-2
3,1,2
5,2,3
3,0,3
9,0,9
0,0,0
9,9,0
1,0,1
6,1,5
6,2,4
8,11,-3
14,14,0
1,0,1
12,3,9
1,1,0
0,0,0
8,3,5
1,0,1
15,15,0
0,0,0
13,0,13
6,7,-1
1,33,-32
4,0,4
0,0,0
6,0,6
0,0,0
4,7,-3
0,0,0
5,1,4
0,3,-3
5,0,5
1,0,1
14,5,9
5,0,5
21,9,12
7,7,0
5,9,-4
6,8,-2
5,0,5
16,0,16
23,0,23
3,0,3
16,1,15
6,1,5
2,0,2
1,0,1
6,7,-1
2,2,0
8,0,8
2,2,0
8,6,2
0,0,0
0,0,0
7,6,1
15,6,9
7,7,0
5,1,4
3,4,-1
7,5,2
1,5,-4
2,0,2
0,0,0
15,31,-16
9,1,8
2,0,2
9,66,-57
2,2,0
11,0,11
1,2,-1
0,3,-3
16,1,15
2,3,-1
0,0,0
1,0,1
11,9,2
10,8,2
1,3,-2
7,7,0
24,1,23
5,4,1
59,0,59
7,7,0
0,2,-2
2,0,2
4,0,4
39,25,14
1,0,1
4,2,2
0,0,0
13,4,9
13,0,13
2,1,1
1,0,1
8,5,3
0,1,-1
6,5,1
1,4,-3
14,7,7
22,1,21
1,5,-4
9,1,8
7,0,7
0,0,0
1,1,0
16,3,13
9,0,9
35,9,26
2,1,1
6,6,0
13,0,13
0,0,0
0,0,0
0,2,-2
17,15,2
5,2,3
0,8,-8
28,17,11
33,0,33
2,0,2
14,0,14
1,0,1
2,0,2
16,9,7
0,0,0
20,23,-3
0,0,0
0,0,0
2,0,2
0,0,0
1,1,0
1,0,1
2,0,2
13,0,13
1,0,1
0,1,-1
32,14,18
3,1,2
11,2,9
1,11,-10
1,1,0
0,0,0
0,0,0
2,1,1
7,7,0
4,1,3
9,0,9
2,0,2
1,1,0
5,0,5
8,3,5
9,9,0
7,4,3
24,15,9
6,2,4
4,0,4
1,1,0
2,0,2
1,0,1
20,0,20
3,0,3
25,25,0
16,2,14
6,10,-4
0,0,0
3,0,3
1,0,1
1,2,-1
0,0,0
2,0,2
7,7,0
27,9,18
4,4,0
6,0,6
37,7,30
0,7,-7
3,6,-3
3,2,1
13,6,7
12,25,-13
4,1,3
11,0,11
3,1,2
16,0,16
6,7,-1
15,11,4
6,7,-1
1,2,-1
6,1,5
10,1,9
2,0,2
3,0,3
1,0,1
13,1,12
3,8,-5
20,2,18
11,22,-11
0,0,0
0,0,0
0,0,0
7,1,6
3,0,3
12,10,2
0,0,0
1,1,0
35,1,34
13,0,13
8,5,3
58,58,0
15,0,15
3,7,-4
14,2,12
3,9,-6
0,4,-4
2,0,2
0,1,-1
7,0,7
26,2,24
4,1,3
21,10,11
5,7,-2
1,0,1
1,2,-1
0,0,0
9,0,9
0,0,0
9,13,-4
6,15,-9
10,5,5
1,1,0
4,10,-6
12,0,12
12,0,12
6,2,4
11,1,10
4,0,4
17,0,17
4,4,0
5,0,5
2,15,-13
2,1,1
10,1,9
17,9,8
5,0,5
1,0,1
48,30,18
0,0,0
5,5,0
2,0,2
3,1,2
4,1,3
26,0,26
0,0,0
9,9,0
10,3,7
1,2,-1
0,0,0
0,0,0
0,7,-7
2,0,2
9,8,1
5,11,-6
1,0,1
10,2,8
11,1,10
19,0,19
1,1,0
10,44,-34
8,14,-6
3,0,3
0,0,0
0,0,0
5,7,-2
14,0,14
3,0,3
1,8,-7
6,8,-2
0,25,-25
14,0,14
4,1,3
0,0,0
19,19,0
0,1,-1
2,1,1
0,0,0
4,0,4
8,0,8
2,0,2
0,0,0
3,0,3
8,1,7
3,0,3
5,5,0
4,6,-2
12,2,10
22,7,15
1,0,1
2,0,2
1,0,1
0,0,0
11,1,10
0,0,0
2,4,-2
2,0,2
5,6,-1
0,3,-3
4,1,3
23,0,23
0,1,-1
2,1,1
2,0,2
0,0,0
0,0,0
1,0,1
0,2,-2
3,2,1
1,0,1
0,1,-1
0,0,0
1,1,0
7,20,-13
19,1,18
0,0,0
23,1,22
1,0,1
6,8,-2
3,1,2
8,8,0
0,1,-1
3,0,3
3,5,-2
0,0,0
4,2,2
22,3,19
2,3,-1
17,1,16
21,34,-13
2,0,2
0,0,0
6,0,6
6,4,2
2,0,2
2,0,2
1,3,-2
2,1,1
3,0,3
0,2,-2
4,0,4
1,0,1
6,0,6
0,0,0
0,0,0
38,38,0
4,4,0
0,0,0
0,3,-3
21,0,21
9,3,6
5,2,3
3,0,3
4,0,4
0,0,0
0,2,-2
30,32,-2
91,22,69
4,1,3
13,0,13
0,0,0
20,19,1
6,0,6
24,11,13
4,6,-2
1,2,-1
13,0,13
1,1,0
1,0,1
6,0,6
0,0,0
7,10,-3
2,3,-1
0,2,-2
0,0,0
2,0,2
2,2,0
0,3,-3
51,6,45
6,21,-15
10,0,10
27,30,-3
10,17,-7
2,0,2
3,3,0
35,5,30
5,1,4
29,3,26
24,1,23
0,0,0
6,0,6
10,6,4
0,0,0
0,0,0
18,2,16
0,0,0
0,2,-2
6,0,6
11,27,-16
0,0,0
5,2,3
10,2,8
11,5,6
11,0,11
7,13,-6
26,19,7
1,0,1
0,0,0
1,0,1
13,2,11
3,5,-2
13,4,9
8,1,7
7,4,3
9,1,8
0,0,0
12,1,11
32,22,10
2,0,2
10,0,10
25,25,0
12,6,6
34,51,-17
22,9,13
0,0,0
4,2,2
6,5,1
6,9,-3
4,0,4
2,2,0
15,0,15
3,4,-1
4,4,0
3,1,2
0,0,0
6,1,5
1,0,1
2,0,2
7,0,7
0,3,-3
27,11,16
0,1,-1
23,3,20
0,0,0
0,1,-1
3,6,-3
2,0,2
17,0,17
2,2,0
6,2,4
3,9,-6
1,1,0
0,35,-35
9,4,5
0,0,0
8,0,8
14,19,-5
6,1,5
74,28,46
9,2,7
1,0,1
3,0,3
7,7,0
4,1,3
15,2,13
5,0,5
22,0,22
0,0,0
1,1,0
12,6,6
3,0,3
1,7,-6
9,9,0
31,36,-5
6,5,1
6,2,4
12,3,9
1,0,1
0,0,0
1,0,1
4,0,4
7,4,3
0,0,0
6,10,-4
9,3,6
5,5,0
10,0,10
0,0,0
20,7,13
0,10,-10
15,1,14
1,17,-16
0,5,-5
6,2,4
11,12,-1
12,14,-2
4,2,2
5,3,2
10,9,1
10,0,10
10,13,-3
0,2,-2
11,0,11
0,0,0
13,1,12
1,3,-2
0,1,-1
3,1,2
24,13,11
1,1,0
0,1,-1
1,0,1
0,0,0
6,0,6
6,0,6
1,0,1
4,1,3
2,7,-5
13,13,0
0,0,0
8,10,-2
0,0,0
1,7,-6
0,0,0
4,1,3
6,0,6
6,1,5
22,0,22
5,12,-7
0,0,0
0,0,0
6,6,0
0,3,-3
4,2,2
4,0,4
0,0,0
16,7,9
2,0,2
4,4,0
3,3,0
7,0,7
0,0,0
3,1,2
1,5,-4
3,3,0
2,1,1
8,8,0
8,3,5
7,0,7
19,0,19
12,36,-24
0,0,0
16,7,9
6,5,1
9,0,9
0,0,0
7,0,7
0,0,0
20,0,20
5,0,5
0,7,-7
29,1,28
35,31,4
2,7,-5
1,1,0
3,3,0
7,0,7
4,1,3
0,0,0
15,2,13
6,0,6
2,2,0
1,0,1
0,0,0
19,1,18
0,0,0
0,0,0
2,2,0
0,3,-3
6,6,0
0,0,0
9,0,9
1,0,1
11,7,4
12,13,-1
14,2,12
4,0,4
12,1,11
4,0,4
10,10,0
0,0,0
1,0,1
0,0,0
25,0,25
10,9,1
16,3,13
0,0,0
14,7,7
1,0,1
1,3,-2
0,0,0
3,2,1
9,1,8
4,0,4
6,1,5
2,3,-1
28,0,28
12,0,12
15,3,12
16,0,16
23,3,20
6,2,4
5,6,-1
6,0,6
4,0,4
6,2,4
9,7,2
24,1,23
1,0,1
4,0,4
2,0,2
0,0,0
6,0,6
11,0,11
5,4,1
1,14,-13
14,15,-1
0,0,0
3,4,-1
5,20,-15
7,0,7
0,0,0
2,3,-1
0,0,0
4,7,-3
1,0,1
9,0,9
8,3,5
7,0,7
0,1,-1
10,0,10
44,47,-3
9,10,-1
6,1,5
6,8,-2
0,0,0
1,5,-4
2,0,2
3,7,-4
0,0,0
3,0,3
0,0,0
0,0,0
3,4,-1
0,0,0
2,1,1
0,0,0
35,2,33
1,1,0
0,0,0
28,19,9
0,0,0
6,46,-40
8,11,-3
8,7,1
1,0,1
20,2,18
10,2,8
11,0,11
3,3,0
1,2,-1
7,0,7
35,3,32
5,19,-14
6,2,4
6,0,6
10,14,-4
3,0,3
3,0,3
0,0,0
6,1,5
13,1,12
6,6,0
2,4,-2
10,0,10
8,3,5
5,1,4
0,0,0
8,7,1
5,8,-3
0,0,0
3,1,2
0,0,0
2,10,-8
14,7,7
7,7,0
1,2,-1
12,2,10
0,0,0
2,0,2
3,1,2
9,4,5
13,9,4
9,4,5
2,2,0
31,7,24
1,0,1
3,0,3
5,22,-17
1,0,1
0,0,0
2,2,0
0,0,0
0,0,0
4,1,3
3,5,-2
15,2,13
0,0,0
1,0,1
7,3,4
2,0,2
24,0,24
21,1,20
33,0,33
13,1,12
2,1,1
2,0,2
1,22,-21
9,1,8
2,2,0
6,10,-4
2,0,2
6,0,6
5,0,5
3,1,2
2,0,2
15,0,15
2,7,-5
18,6,12
0,2,-2
4,5,-1
6,0,6
9,0,9
10,10,0
4,7,-3
2,2,0
5,0,5
12,0,12
6,0,6
4,1,3
0,0,0
10,0,10
0,9,-9
3,4,-1
5,15,-10
1,0,1
0,0,0
1,1,0
0,1,-1
0,0,0
3,0,3
0,9,-9
12,0,12
0,0,0
0,0,0
0,0,0
3,0,3
2,0,2
0,0,0
1,0,1
0,1,-1
1,0,1
3,2,1
0,0,0
1,0,1
13,0,13
5,0,5
6,0,6
0,4,-4
27,11,16
2,9,-7
6,10,-4
2,13,-11
2,0,2
12,3,9
14,7,7
17,9,8
7,2,5
3,0,3
47,1,46
22,2,20
7,7,0
12,1,11
16,7,9
0,0,0
1,0,1
5,0,5
2,1,1
11,4,7
1,0,1
11,1,10
36,7,29
1,9,-8
9,4,5
2,1,1
2,1,1
11,9,2
0,10,-10
6,0,6
0,0,0
2,4,-2
0,0,0
1,1,0
0,0,0
0,0,0
2,0,2
19,0,19
5,0,5
20,22,-2
3,2,1
9,0,9
2,3,-1
3,3,0
0,3,-3
0,0,0
0,0,0
4,1,3
12,5,7
20,14,6
16,0,16
3,0,3
0,25,-25
0,2,-2
1,0,1
1,0,1
1,0,1
5,0,5
11,0,11
10,1,9
12,1,11
0,5,-5
1,0,1
8,1,7
10,0,10
3,0,3
13,4,9
5,0,5
7,0,7
2,1,1
15,3,12
0,0,0
0,0,0
1,1,0
6,9,-3
1,0,1
6,5,1
2,4,-2
7,0,7
0,4,-4
2,0,2
0,2,-2
2,1,1
4,0,4
3,0,3
1,1,0
2,9,-7
4,0,4
3,1,2
6,22,-16
1,5,-4
3,6,-3
5,2,3
12,2,10
2,4,-2
5,0,5
0,0,0
0,0,0
2,7,-5
3,0,3
13,0,13
3,16,-13
2,0,2
2,2,0
0,0,0
4,2,2
2,13,-11
0,5,-5
0,0,0
0,0,0
0,0,0
5,0,5
20,4,16
1,1,0
6,8,-2
4,0,4
1,1,0
0,0,0
12,1,11
4,1,3
1,26,-25
9,4,5
1,0,1
5,4,1
11,2,9
3,0,3
0,0,0
3,0,3
0,0,0
0,1,-1
8,7,1
25,44,-19
1,3,-2
0,1,-1
0,0,0
19,23,-4
2,0,2
12,11,1
1,9,-8
8,7,1
1,1,0
19,7,12
17,15,2
6,1,5
8,0,8
15,15,0
1,3,-2
23,5,18
10,0,10
6,4,2
4,22,-18
0,0,0
5,0,5
12,4,8
2,0,2
7,39,-32
10,6,4
1,1,0
21,16,5
5,14,-9
11,9,2
0,0,0
6,5,1
0,7,-7
2,9,-7
6,7,-1
1,0,1
0,0,0
30,8,22
0,5,-5
17,0,17
0,0,0
1,1,0
0,0,0
3,0,3
1,0,1
6,3,3
5,1,4
5,6,-1
9,2,7
12,0,12
18,4,14
0,0,0
2,2,0
7,1,6
0,0,0
4,0,4
3,0,3
0,0,0
3,0,3
2,0,2
0,0,0
3,5,-2
17,0,17
5,7,-2
7,5,2
48,33,15
1,0,1
0,0,0
1,1,0
13,0,13
10,0,10
9,1,8
7,0,7
12,7,5
0,0,0
2,0,2
2,0,2
1,1,0
3,1,2
6,5,1
0,9,-9
5,15,-10
1,0,1
3,13,-10
1,7,-6
59,2,57
0,0,0
5,1,4
1,1,0
31,0,31
5,4,1
2,0,2
0,0,0
5,6,-1
3,9,-6
5,3,2
15,9,6
3,0,3
14,6,8
3,1,2
4,0,4
1,7,-6
1,0,1
4,7,-3
0,0,0
4,0,4
2,1,1
6,0,6
0,0,0
3,6,-3
3,0,3
1,0,1
16,0,16
5,1,4
0,1,-1
8,6,2
1,0,1
1,0,1
3,0,3
2,1,1
0,1,-1
10,8,2
32,19,13
0,0,0
2,0,2
7,0,7
0,2,-2
1,0,1
1,0,1
1,0,1
3,2,1
15,0,15
6,2,4
0,1,-1
8,8,0
2,1,1
0,0,0
3,1,2
0,0,0
10,5,5
1,3,-2
7,0,7
0,1,-1
2,0,2
19,1,18
0,0,0
1,1,0
0,0,0
2,0,2
0,0,0
4,0,4
3,0,3
36,0,36
1,1,0
3,2,1
8,0,8
7,11,-4
2,1,1
3,7,-4
39,14,25
10,11,-1
17,8,9
9,0,9
1,1,0
2,1,1
5,0,5
3,0,3
3,0,3
6,9,-3
2,0,2
1,0,1
1,3,-2
17,0,17
0,0,0
2,0,2
10,1,9
2,0,2
0,0,0
3,2,1
10,1,9
1,0,1
6,0,6
1,1,0
6,7,-1
4,0,4
1,0,1
6,0,6
1,0,1
1,0,1
0,3,-3
24,3,21
0,0,0
19,0,19
7,7,0
5,5,0
12,0,12
75,15,60
8,10,-2
1,1,0
5,0,5
17,7,10
2,0,2
1,36,-35
2,2,0
0,0,0
5,6,-1
7,0,7
25,7,18
4,43,-39
1,3,-2
0,0,0
0,0,0
2,4,-2
6,1,5
13,0,13
5,18,-13
9,0,9
10,1,9
10,0,10
17,0,17
0,0,0
17,9,8
1,2,-1
7,7,0
15,0,15
22,0,22
45,37,8
0,0,0
10,6,4
0,0,0
14,2,12
0,1,-1
3,4,-1
6,10,-4
16,10,6
2,2,0
0,0,0
7,0,7
2,2,0
1,6,-5
14,26,-12
0,1,-1
32,1,31
0,0,0
1,3,-2
2,0,2
0,1,-1
8,1,7
0,3,-3
8,2,6
11,12,-1
0,1,-1
21,1,20
12,14,-2
1,1,0
10,7,3
2,3,-1
6,0,6
7,5,2
10,1,9
4,46,-42
15,1,14
18,1,17
0,0,0
1,1,0
4,4,0
33,1,32
0,0,0
0,0,0
0,0,0
0,0,0
3,0,3
32,3,29
5,0,5
29,29,0
4,0,4
0,4,-4
0,1,-1
40,9,31
12,5,7
9,5,4
1,0,1
0,0,0
4,6,-2
0,0,0
1,0,1
2,3,-1
2,0,2
2,7,-5
21,9,12
9,4,5
7,1,6
5,1,4
3,7,-4
10,2,8
9,1,8
0,0,0
1,0,1
3,0,3
8,1,7
1,4,-3
9,2,7
33,0,33
9,2,7
11,0,11
0,0,0
3,0,3
9,1,8
0,31,-31
2,0,2
22,1,21
1,2,-1
0,0,0
20,0,20
1,3,-2
0,3,-3
0,6,-6
5,0,5
2,0,2
20,13,7
5,0,5
6,0,6
4,5,-1
5,2,3
1,0,1
1,0,1
5,3,2
29,29,0
1,0,1
1,5,-4
3,0,3
3,5,-2
7,0,7
1,1,0
1,0,1
15,0,15
3,4,-1
2,30,-28
1,3,-2
15,7,8
6,6,0
6,7,-1
6,0,6
0,2,-2
2,0,2
2,0,2
3,0,3
9,2,7
59,0,59
6,3,3
27,24,3
5,57,-52
3,1,2
0,6,-6
0,7,-7
0,1,-1
1,0,1
23,22,1
32,1,31
14,2,12
5,0,5
8,0,8
0,0,0
2,20,-18
3,0,3
10,3,7
1,1,0
20,6,14
3,2,1
0,0,0
6,0,6
1,0,1
1,0,1
7,1,6
0,0,0
0,0,0
1,14,-13
5,0,5
21,2,19
2,2,0
2,3,-1
2,12,-10
12,7,5
1,0,1
1,2,-1
4,9,-5
4,1,3
7,1,6
74,74,0
10,4,6
0,0,0
1,1,0
0,1,-1
22,0,22
0,0,0
1,4,-3
7,7,0
9,2,7
1,4,-3
14,0,14
9,5,4
0,0,0
1,0,1
0,0,0
1,0,1
0,6,-6
0,1,-1
6,7,-1
15,0,15
7,2,5
14,1,13
9,0,9
2,0,2
15,7,8
2,0,2
6,1,5
5,9,-4
4,2,2
0,0,0
11,2,9
29,6,23
4,0,4
1,0,1
2,8,-6
15,0,15
0,2,-2
18,27,-9
18,8,10
0,0,0
21,2,19
2,11,-9
5,9,-4
8,23,-15
2,5,-3
2,4,-2
15,4,11
6,1,5
0,0,0
15,0,15
92,92,0
8,2,6
2,1,1
12,6,6
2,0,2
1,0,1
2,0,2
1,0,1
3,0,3
0,1,-1
4,9,-5
7,7,0
3,1,2
38,11,27
6,4,2
16,4,12
0,0,0
9,20,-11
7,4,3
5,1,4
5,6,-1
9,0,9
3,2,1
3,1,2
7,0,7
2,0,2
0,0,0
0,7,-7
0,0,0
0,0,0
26,7,19
0,0,0
7,0,7
7,0,7
4,6,-2
16,0,16
7,2,5
8,0,8
12,0,12
1,2,-1
0,0,0
2,3,-1
12,1,11
1,0,1
1,2,-1
10,2,8
0,1,-1
3,4,-1
1,26,-25
2,0,2
1,1,0
4,3,1
1,3,-2
28,0,28
2,1,1
0,7,-7
0,1,-1
5,2,3
24,7,17
8,1,7
0,1,-1
0,0,0
4,0,4
4,0,4
7,8,-1
2,10,-8
66,27,39
5,10,-5
0,0,0
5,0,5
22,6,16
0,2,-2
0,0,0
10,7,3
3,2,1
3,2,1
0,0,0
5,1,4
5,0,5
1,2,-1
0,0,0
7,3,4
2,3,-1
4,4,0
0,1,-1
5,5,0
1,1,0
13,0,13
1,0,1
4,0,4
18,0,18
6,9,-3
15,0,15
0,0,0
0,0,0
25,5,20
1,0,1
13,7,6
9,23,-14
2,2,0
0,3,-3
7,19,-12
8,0,8
6,7,-1
0,0,0
1,1,0
9,2,7
1,0,1
1,0,1
0,0,0
15,1,14
0,0,0
8,6,2
12,7,5
5,0,5
3,7,-4
1,0,1
0,0,0
7,4,3
5,16,-11
9,12,-3
7,9,-2
0,0,0
3,2,1
13,0,13
32,3,29
4,9,-5
15,19,-4
1,1,0
2,2,0
21,5,16
2,2,0
5,8,-3
0,0,0
17,1,16
8,1,7
0,7,-7
5,9,-4
2,0,2
0,0,0
0,0,0
2,45,-43
10,36,-26
1,1,0
1,0,1
9,9,0
0,0,0
21,12,9
19,0,19
10,2,8
0,0,0
6,7,-1
8,6,2
0,37,-37
17,10,7
2,1,1
1,0,1
2,2,0
1,0,1
10,11,-1
0,0,0
13,1,12
0,0,0
10,8,2
4,1,3
0,0,0
3,4,-1
9,4,5
3,3,0
14,0,14
13,7,6
9,0,9
55,2,53
21,0,21
0,1,-1
12,4,8
12,0,12
5,0,5
1,1,0
31,23,8
2,2,0
9,0,9
19,0,19
0,0,0
23,0,23
1,0,1
3,3,0
1,3,-2
17,2,15
0,0,0
3,1,2
6,2,4
0,9,-9
5,0,5
2,0,2
8,2,6
7,0,7
36,0,36
1,0,1
19,0,19
3,1,2
0,9,-9
10,0,10
10,0,10
57,91,-34
5,0,5
0,0,0
27,2,25
52,52,0
1,0,1
10,0,10
4,0,4
4,2,2
13,0,13
0,0,0
2,6,-4
2,4,-2
51,11,40
4,10,-6
8,1,7
4,0,4
3,0,3
6,0,6
0,1,-1
3,6,-3
8,0,8
13,4,9
8,5,3
0,0,0
7,1,6
1,0,1
2,1,1
9,12,-3
5,4,1
1,0,1
8,13,-5
0,0,0
11,8,3
7,2,5
5,6,-1
0,0,0
0,1,-1
4,7,-3
1,3,-2
8,2,6
0,0,0
7,10,-3
15,3,12
2,4,-2
0,0,0
6,0,6
1,0,1
10,2,8
0,0,0
0,0,0
11,16,-5
6,1,5
1,0,1
4,4,0
4,0,4
0,1,-1
2,3,-1
12,9,3
2,0,2
2,2,0
13,3,10
4,4,0
3,1,2
1,5,-4
2,11,-9
5,6,-1
2,0,2
0,0,0
6,2,4
11,6,5
1,0,1
0,1,-1
1,7,-6
2,0,2
0,2,-2
27,1,26
6,2,4
0,2,-2
5,3,2
1,3,-2
1,1,0
12,0,12
21,0,21
7,8,-1
0,0,0
9,3,6
2,0,2
8,3,5
0,0,0
3,0,3
0,3,-3
2,5,-3
0,0,0
1,0,1
14,1,13
26,0,26
0,0,0
17,2,15
11,4,7
35,1,34
21,0,21
1,3,-2
0,3,-3
3,0,3
3,0,3
0,2,-2
10,0,10
9,2,7
2,0,2
1,26,-25
0,0,0
7,1,6
5,2,3
1,0,1
15,0,15
21,14,7
2,1,1
0,0,0
16,0,16
0,0,0
1,0,1
3,4,-1
1,0,1
5,6,-1
6,4,2
7,5,2
10,0,10
0,0,0
10,10,0
1,5,-4
8,0,8
2,0,2
18,8,10
3,0,3
57,43,14
2,15,-13
4,0,4
2,6,-4
0,0,0
15,7,8
2,0,2
14,12,2
5,15,-10
5,0,5
5,0,5
1,1,0
9,2,7
4,0,4
42,55,-13
0,6,-6
5,0,5
1,0,1
0,0,0
0,0,0
0,0,0
1,0,1
1,0,1
22,0,22
2,1,1
52,15,37
7,0,7
0,0,0
0,2,-2
3,0,3
24,9,15
5,4,1
6,6,0
1,4,-3
9,7,2
1,0,1
3,0,3
1,0,1
2,0,2
4,0,4
0,2,-2
3,10,-7
4,0,4
3,4,-1
0,0,0
5,2,3
24,0,24
1,0,1
0,0,0
15,0,15
4,9,-5
1,1,0
11,11,0
11,39,-28
0,6,-6
0,0,0
1,0,1
0,0,0
12,9,3
4,1,3
3,0,3
3,7,-4
3,1,2
3,2,1
0,0,0
46,11,35
1,1,0
0,0,0
1,0,1
35,1,34
0,2,-2
8,0,8
6,2,4
9,10,-1
2,0,2
1,0,1
1,0,1
0,1,-1
1,0,1
0,0,0
20,3,17
8,8,0
56,21,35
2,0,2
8,7,1
6,5,1
5,5,0
8,1,7
1,0,1
2,0,2
9,2,7
22,11,11
28,20,8
4,1,3
9,2,7
38,22,16
0,7,-7
3,0,3
0,0,0
31,10,21
0,0,0
0,0,0
11,0,11
4,0,4
4,1,3
2,0,2
6,6,0
29,0,29
9,0,9
0,0,0
1,0,1
0,0,0
7,8,-1
29,19,10
1,1,0
11,40,-29
0,1,-1
8,0,8
0,0,0
0,0,0
18,1,17
44,7,37
30,1,29
1,2,-1
13,0,13
4,0,4
0,2,-2
2,0,2
11,7,4
16,0,16
5,1,4
3,3,0
8,7,1
12,4,8
3,4,-1
4,2,2
4,0,4
39,0,39
2,0,2
26,0,26
0,5,-5
9,4,5
5,3,2
11,1,10
5,1,4
4,0,4
8,2,6
16,3,13
1,1,0
5,1,4
3,0,3
1,14,-13
1,0,1
3,5,-2
20,7,13
6,4,2
0,0,0
2,3,-1
0,0,0
4,16,-12
3,0,3
0,7,-7
1,0,1
1,0,1
2,0,2
1,6,-5
3,0,3
15,5,10
13,7,6
4,0,4
3,0,3
6,0,6
11,1,10
22,1,21
5,0,5
0,1,-1
1,0,1
11,0,11
9,1,8
6,0,6
0,1,-1
1,0,1
3,2,1
0,0,0
6,2,4
3,0,3
2,1,1
0,2,-2
0,0,0
4,0,4
0,0,0
9,9,0
8,0,8
13,5,8
5,0,5
6,7,-1
0,0,0
4,0,4
0,0,0
6,3,3
12,6,6
7,0,7
2,2,0
7,28,-21
4,2,2
47,0,47
68,0,68
2,0,2
2,2,0
8,3,5
0,0,0
9,2,7
14,2,12
6,4,2
3,1,2
2,0,2
6,0,6
1,2,-1
46,1,45
2,24,-22
2,0,2
1,0,1
0,1,-1
7,0,7
11,0,11
21,14,7
2,27,-25
6,6,0
24,2,22
3,2,1
4,2,2
2,7,-5
17,11,6
5,1,4
19,7,12
21,5,16
2,5,-3
3,2,1
13,0,13
12,8,4
8,2,6
14,6,8
21,0,21
19,10,9
10,2,8
45,2,43
5,7,-2
1,0,1
2,1,1
11,3,8
4,0,4
3,0,3
0,0,0
1,7,-6
0,0,0
2,0,2
1,0,1
4,0,4
15,12,3
9,0,9
4,4,0
7,0,7
6,6,0
8,7,1
20,0,20
0,3,-3
4,5,-1
12,1,11
6,1,5
2,0,2
4,12,-8
2,0,2
2,4,-2
14,5,9
6,0,6
6,2,4
2,3,-1
0,4,-4
9,7,2
0,0,0
13,5,8
45,1,44
0,1,-1
2,0,2
0,0,0
3,5,-2
7,5,2
1,0,1
0,1,-1
1,5,-4
2,0,2
5,2,3
1,0,1
18,10,8
9,2,7
9,0,9
0,1,-1
5,0,5
15,9,6
1,0,1
12,5,7
25,2,23
0,0,0
7,7,0
4,6,-2
0,0,0
4,1,3
3,0,3
0,1,-1
8,6,2
3,0,3
4,0,4
8,0,8
0,0,0
9,1,8
7,81,-74
5,2,3
19,15,4
8,0,8
28,7,21
3,0,3
0,1,-1
19,5,14
39,14,25
5,11,-6
0,0,0
0,0,0
5,5,0
16,0,16
12,0,12
41,16,25
7,1,6
1,1,0
1,0,1
8,11,-3
4,10,-6
92,9,83
1,0,1
2,1,1
4,5,-1
5,9,-4
1,1,0
6,4,2
112,63,49
3,0,3
2,1,1
1,0,1
4,0,4
9,18,-9
5,0,5
8,1,7
7,3,4
3,0,3
8,9,-1
14,10,4
3,1,2
2,0,2
24,6,18
0,3,-3
4,4,0
2,0,2
4,0,4
0,0,0
17,9,8
1,2,-1
2,7,-5
0,0,0
3,3,0
11,17,-6
0,0,0
0,0,0
0,0,0
2,0,2
2,0,2
0,0,0
0,3,-3
23,2,21
5,0,5
16,7,9
1,1,0
2,0,2
20,4,16
0,3,-3
2,0,2
2,5,-3
11,7,4
19,15,4
5,2,3
0,0,0
6,7,-1
0,0,0
1,0,1
2,1,1
4,0,4
5,7,-2
0,8,-8
4,0,4
3,0,3
1,2,-1
6,18,-12
9,0,9
1,0,1
1,0,1
5,26,-21
1,0,1
0,0,0
0,0,0
4,0,4
26,0,26
6,0,6
0,5,-5
43,3,40
6,0,6
5,0,5
6,5,1
0,0,0
1,0,1
5,2,3
2,52,-50
4,0,4
7,0,7
5,0,5
0,0,0
7,4,3
9,0,9
3,1,2
6,7,-1
6,8,-2
0,0,0
5,5,0
0,4,-4
0,0,0
34,14,20
14,0,14
40,5,35
7,14,-7
6,0,6
6,9,-3
3,2,1
7,7,0
2,0,2
10,13,-3
1,1,0
0,0,0
3,3,0
1,0,1
2,0,2
13,0,13
0,0,0
10,29,-19
1,1,0
0,0,0
3,1,2
5,9,-4
6,2,4
6,3,3
2,0,2
7,1,6
11,20,-9
20,3,17
1,5,-4
6,7,-1
8,4,4
4,0,4
8,0,8
2,0,2
10,0,10
0,0,0
2,5,-3
7,3,4
20,20,0
0,1,-1
1,0,1
0,0,0
0,0,0
0,0,0
13,4,9
8,0,8
2,72,-70
0,1,-1
0,0,0
11,2,9
25,6,19
35,5,30
7,0,7
6,3,3
5,3,2
5,15,-10
1,15,-14
31,6,25
24,1,23
3,5,-2
6,6,0
1,1,0
1,2,-1
1,0,1
7,3,4
0,0,0
7,10,-3
7,0,7
1,2,-1
9,0,9
3,1,2
1,2,-1
3,0,3
2,0,2
3,1,2
37,2,35
0,1,-1
9,5,4
3,1,2
0,0,0
26,4,22
4,0,4
0,2,-2
7,3,4
3,0,3
3,21,-18
11,0,11
3,1,2
6,0,6
4,4,0
0,0,0
8,7,1
18,2,16
8,1,7
1,0,1
18,12,6
30,1,29
1,2,-1
8,7,1
0,1,-1
11,1,10
17,1,16
19,28,-9
2,0,2
10,0,10
13,8,5
7,4,3
0,0,0
1,0,1
7,0,7
7,8,-1
3,0,3
0,0,0
1,0,1
4,0,4
4,7,-3
2,0,2
23,15,8
34,5,29
4,0,4
15,7,8
3,0,3
2,0,2
10,0,10
7,13,-6
1,1,0
15,8,7
19,14,5
0,0,0
1,0,1
16,7,9
0,1,-1
0,2,-2
0,2,-2
0,1,-1
1,2,-1
1,0,1
7,3,4
3,7,-4
16,5,11
0,0,0
12,4,8
24,2,22
0,2,-2
5,5,0
0,1,-1
7,8,-1
3,10,-7
1,0,1
0,0,0
9,2,7
0,0,0
18,1,17
0,0,0
18,0,18
2,0,2
1,1,0
13,2,11
4,15,-11
8,1,7
7,4,3
2,3,-1
1,23,-22
20,7,13
0,0,0
2,0,2
9,7,2
27,29,-2
2,3,-1
0,0,0
9,5,4
6,0,6
0,1,-1
4,26,-22
0,0,0
0,0,0
0,4,-4
27,1,26
8,5,3
6,2,4
0,0,0
5,0,5
1,0,1
3,1,2
1,7,-6
4,4,0
85,85,0
4,0,4
27,25,2
33,39,-6
4,0,4
3,10,-7
37,37,0
18,15,3
6,0,6
0,1,-1
43,0,43
29,0,29
4,4,0
3,5,-2
14,0,14
0,0,0
0,0,0
27,7,20
3,1,2
0,2,-2
3,0,3
0,0,0
7,0,7
4,3,1
29,0,29
2,2,0
4,2,2
7,4,3
10,0,10
2,2,0
7,6,1
0,0,0
5,0,5
4,0,4
10,42,-32
0,0,0
2,0,2
2,76,-74
3,5,-2
7,14,-7
24,15,9
3,1,2
0,5,-5
1,1,0
1,0,1
25,10,15
14,12,2
8,1,7
6,35,-29
21,5,16
4,5,-1
7,0,7
11,0,11
16,0,16
9,1,8
16,15,1
1,6,-5
1,0,1
25,11,14
8,19,-11
1,5,-4
2,1,1
7,45,-38
15,2,13
6,3,3
5,7,-2
19,3,16
5,0,5
1,17,-16
0,0,0
0,0,0
0,0,0
1,0,1
0,0,0
11,13,-2
4,0,4
0,0,0
0,1,-1
0,0,0
19,0,19
1,5,-4
5,7,-2
12,11,1
0,0,0
7,10,-3
4,0,4
30,16,14
1,0,1
0,0,0
7,4,3
0,5,-5
0,2,-2
1,0,1
4,0,4
1,0,1
30,0,30
2,7,-5
10,0,10
13,5,8
2,0,2
10,2,8
6,1,5
4,7,-3
0,0,0
3,7,-4
0,6,-6
0,0,0
0,0,0
1,0,1
8,2,6
2,0,2
5,0,5
2,0,2
1,0,1
1,7,-6
5,6,-1
2,2,0
2,0,2
5,2,3
15,6,9
5,25,-20
8,5,3
3,0,3
2,0,2
4,1,3
0,0,0
3,2,1
0,0,0
8,0,8
28,36,-8
2,8,-6
1,0,1
1,3,-2
4,6,-2
0,5,-5
9,8,1
3,1,2
4,0,4
0,3,-3
1,4,-3
1,1,0
22,7,15
0,0,0
13,0,13
4,0,4
20,2,18
3,5,-2
1,2,-1
8,9,-1
0,0,0
3,3,0
7,1,6
0,0,0
21,0,21
2,2,0
7,5,2
8,6,2
18,10,8
1,5,-4
2,1,1
0,0,0
1,1,0
12,1,11
9,7,2
2,1,1
0,5,-5
43,9,34
2,7,-5
4,30,-26
8,4,4
1,0,1
4,1,3
2,1,1
5,2,3
0,0,0
8,17,-9
2,3,-1
0,1,-1
4,0,4
2,3,-1
1,1,0
11,4,7
24,9,15
47,14,33
10,0,10
4,1,3
5,0,5
0,0,0
1,1,0
1,0,1
2,0,2
16,0,16
13,0,13
7,8,-1
0,0,0
28,21,7
27,6,21
0,0,0
4,2,2
10,9,1
6,3,3
7,5,2
7,1,6
4,0,4
6,2,4
0,0,0
3,0,3
2,0,2
1,1,0
10,10,0
0,0,0
0,0,0
3,0,3
2,4,-2
4,0,4
0,0,0
0,7,-7
2,1,1
6,4,2
3,1,2
0,0,0
1,2,-1
16,4,12
4,0,4
0,0,0
7,2,5
2,1,1
10,28,-18
3,1,2
45,11,34
8,1,7
20,2,18
1,0,1
4,3,1
15,13,2
3,15,-12
3,16,-13
4,0,4
9,6,3
7,5,2
1,0,1
13,2,11
11,1,10
0,0,0
5,2,3
2,0,2
0,0,0
10,16,-6
6,2,4
12,3,9
5,0,5
0,0,0
0,3,-3
2,0,2
0,0,0
31,0,31
12,4,8
0,0,0
16,7,9
6,0,6
57,0,57
4,17,-13
18,3,15
7,1,6
1,0,1
1,0,1
2,7,-5
9,2,7
0,0,0
0,0,0
8,0,8
6,0,6
0,0,0
11,3,8
5,1,4
8,0,8
13,0,13
2,1,1
9,5,4
4,0,4
0,0,0
0,1,-1
1,1,0
6,10,-4
14,0,14
1,0,1
10,0,10
9,0,9
4,14,-10
1,0,1
4,5,-1
0,11,-11
11,1,10
2,2,0
0,0,0
2,2,0
1,1,0
0,1,-1
1,2,-1
0,0,0
1,1,0
1,2,-1
2,0,2
0,0,0
2,0,2
7,3,4
4,0,4
7,0,7
2,6,-4
1,1,0
8,5,3
2,0,2
3,0,3
2,5,-3
1,0,1
0,7,-7
19,1,18
15,5,10
18,3,15
3,1,2
1,0,1
3,5,-2
8,25,-17
9,1,8
0,0,0
0,0,0
1,0,1
12,1,11
0,1,-1
3,17,-14
0,0,0
1,0,1
5,3,2
7,0,7
10,1,9
7,0,7
6,22,-16
1,0,1
22,0,22
7,0,7
5,2,3
0,1,-1
8,21,-13
2,1,1
0,0,0
0,0,0
1,2,-1
0,0,0
0,0,0
13,8,5
16,7,9
9,0,9
2,1,1
3,0,3
0,0,0
5,2,3
4,2,2
0,0,0
0,0,0
0,2,-2
6,15,-9
6,1,5
1,0,1
17,1,16
13,0,13
20,2,18
4,2,2
3,0,3
0,2,-2
15,0,15
1,10,-9
10,0,10
5,2,3
0,0,0
17,0,17
4,0,4
21,6,15
0,6,-6
0,0,0
0,1,-1
0,0,0
2,1,1
0,0,0
5,5,0
5,7,-2
8,0,8
18,2,16
4,6,-2
4,0,4
0,0,0
12,0,12
10,0,10
26,80,-54
0,0,0
22,4,18
0,1,-1
5,5,0
1,0,1
17,10,7
3,0,3
9,5,4
8,5,3
0,0,0
0,0,0
0,0,0
0,0,0
6,0,6
3,6,-3
17,13,4
14,3,11
15,6,9
1,1,0
14,1,13
19,2,17
0,0,0
4,0,4
2,2,0
5,3,2
11,1,10
11,0,11
12,15,-3
0,7,-7
16,3,13
18,1,17
6,0,6
0,0,0
6,2,4
14,5,9
1,5,-4
1,6,-5
0,0,0
5,9,-4
14,10,4
8,2,6
3,0,3
2,9,-7
0,0,0
2,0,2
3,2,1
0,0,0
6,0,6
0,0,0
2,6,-4
0,0,0
11,5,6
20,4,16
2,0,2
9,0,9
2,0,2
1,3,-2
4,0,4
0,7,-7
3,0,3
15,12,3
0,0,0
9,3,6
4,1,3
3,7,-4
3,1,2
0,0,0
1,5,-4
26,8,18
2,0,2
16,15,1
27,4,23
2,0,2
1,0,1
4,0,4
2,0,2
14,13,1
22,0,22
19,6,13
20,7,13
16,0,16
9,3,6
0,0,0
0,1,-1
5,0,5
0,0,0
0,5,-5
11,7,4
11,2,9
16,7,9
1,3,-2
11,0,11
10,13,-3
5,0,5
0,0,0
7,7,0
6,8,-2
2,0,2
4,0,4
0,1,-1
7,0,7
3,22,-19
2,0,2
4,0,4
0,0,0
14,7,7
49,13,36
0,0,0
2,50,-48
0,7,-7
2,1,1
1,0,1
17,7,10
1,0,1
8,9,-1
9,0,9
2,0,2
10,20,-10
18,9,9
8,0,8
1,1,0
3,3,0
5,11,-6
18,10,8
38,9,29
4,3,1
0,5,-5
9,6,3
3,2,1
0,0,0
28,3,25
4,0,4
0,1,-1
0,1,-1
4,22,-18
0,2,-2
15,0,15
2,0,2
2,2,0
6,14,-8
1,0,1
10,7,3
1,0,1
0,0,0
12,0,12
0,0,0
16,0,16
0,0,0
0,0,0
3,2,1
3,5,-2
13,6,7
0,0,0
8,3,5
8,26,-18
14,0,14
0,0,0
1,1,0
0,7,-7
9,2,7
0,7,-7
1,1,0
0,0,0
16,0,16
2,0,2
0,2,-2
5,6,-1
3,4,-1
2,4,-2
3,7,-4
4,0,4
13,0,13
0,2,-2
50,3,47
13,4,9
4,0,4
13,24,-11
5,2,3
17,7,10
3,9,-6
5,7,-2
13,8,5
1,3,-2
1,0,1
7,0,7
5,8,-3
5,4,1
0,0,0
6,0,6
7,6,1
1,1,0
0,0,0
1,9,-8
4,0,4
15,0,15
15,19,-4
1,2,-1
3,3,0
6,0,6
5,2,3
6,7,-1
2,0,2
18,2,16
0,1,-1
7,1,6
1,1,0
1,7,-6
11,14,-3
5,5,0
2,0,2
1,13,-12
3,1,2
4,2,2
39,9,30
0,0,0
8,4,4
0,0,0
0,0,0
0,0,0
12,0,12
1,2,-1
32,5,27
8,0,8
0,2,-2
1,2,-1
8,3,5
3,0,3
6,11,-5
24,24,0
0,8,-8
15,11,4
17,9,8
12,0,12
0,0,0
0,1,-1
0,0,0
0,0,0
4,0,4
6,2,4
3,0,3
0,0,0
0,0,0
0,6,-6
12,0,12
3,3,0
3,7,-4
4,0,4
0,0,0
10,4,6
1,0,1
0,0,0
7,0,7
1,0,1
1,0,1
7,0,7
7,2,5
7,1,6
0,1,-1
6,0,6
14,4,10
0,0,0
18,8,10
18,1,17
4,41,-37
0,0,0
2,3,-1
1,0,1
1,4,-3
0,7,-7
0,11,-11
3,0,3
1,1,0
1,0,1
8,2,6
6,0,6
33,10,23
40,42,-2
0,1,-1
1,1,0
0,0,0
28,72,-44
6,2,4
1,0,1
0,9,-9
1,0,1
7,7,0
3,0,3
18,0,18
24,4,20
12,0,12
5,0,5
10,13,-3
12,8,4
5,3,2
3,2,1
3,4,-1
3,1,2
3,8,-5
2,0,2
0,0,0
4,20,-16
3,0,3
0,5,-5
13,11,2
2,0,2
0,1,-1
10,5,5
7,1,6
22,2,20
2,2,0
9,8,1
3,2,1
2,0,2
0,0,0
17,8,9
0,0,0
6,19,-13
4,5,-1
6,2,4
25,1,24
6,0,6
6,3,3
2,3,-1
8,2,6
3,1,2
6,1,5
0,3,-3
25,44,-19
3,0,3
5,4,1
17,13,4
19,20,-1
14,28,-14
17,15,2
6,2,4
14,0,14
5,1,4
6,6,0
0,0,0
28,3,25
6,7,-1
14,3,11
1,0,1
6,4,2
1,1,0
0,0,0
0,0,0
0,0,0
0,0,0
0,0,0
0,3,-3
2,0,2
0,5,-5
1,7,-6
27,2,25
4,2,2
12,1,11
3,3,0
1,0,1
0,0,0
0,0,0
0,3,-3
0,0,0
51,51,0
3,2,1
10,26,-16
4,0,4
1,0,1
6,2,4
2,0,2
5,9,-4
2,0,2
8,0,8
0,0,0
8,1,7
12,15,-3
1,0,1
0,15,-15
13,3,10
3,0,3
1,0,1
0,0,0
0,1,-1
0,0,0
3,0,3
8,4,4
1,69,-68
6,1,5
0,1,-1
0,0,0
7,12,-5
5,0,5
2,4,-2
6,0,6
0,0,0
14,27,-13
6,2,4
14,2,12
4,1,3
3,3,0
0,0,0
7,0,7
18,0,18
3,3,0
0,0,0
2,14,-12
0,0,0
0,1,-1
1,2,-1
10,6,4
1,2,-1
0,0,0
6,1,5
13,0,13
40,1,39
0,0,0
0,0,0
7,13,-6
4,2,2
8,8,0
4,3,1
7,0,7
3,8,-5
7,0,7
19,25,-6
0,0,0
1,0,1
3,1,2
0,1,-1
5,21,-16
10,25,-15
29,29,0
2,0,2
1,0,1
24,5,19
8,4,4
7,0,7
38,14,24
11,6,5
2,0,2
0,0,0
11,3,8
4,0,4
2,2,0
8,9,-1
12,7,5
3,4,-1
0,0,0
4,2,2
3,0,3
9,0,9
0,0,0
1,0,1
12,11,1
5,0,5
6,2,4
4,4,0
0,0,0
0,7,-7
2,0,2
2,0,2
4,4,0
4,0,4
10,0,10
0,0,0
5,1,4
3,0,3
12,0,12
6,1,5
0,0,0
13,8,5
21,7,14
2,1,1
7,3,4
1,0,1
1,0,1
26,2,24
4,1,3
0,0,0
18,5,13
4,9,-5
8,15,-7
1,9,-8
10,0,10
2,3,-1
7,1,6
3,1,2
0,1,-1
7,0,7
2,0,2
2,0,2
2,0,2
7,1,6
6,7,-1
0,6,-6
6,0,6
4,0,4
6,0,6
5,1,4
1,0,1
5,0,5
7,58,-51
2,1,1
0,1,-1
3,0,3
0,0,0
0,6,-6
3,3,0
8,2,6
8,10,-2
0,1,-1
1,0,1
5,9,-4
3,0,3
6,2,4
1,46,-45
13,1,12
1,0,1
3,0,3
3,0,3
19,1,18
11,2,9
12,38,-26
0,2,-2
17,1,16
0,1,-1
0,0,0
21,0,21
37,28,9
3,1,2
8,7,1
12,7,5
1,1,0
7,0,7
0,0,0
0,0,0
1,11,-10
18,16,2
3,0,3
2,2,0
9,14,-5
19,5,14
14,16,-2
10,66,-56
1,0,1
2,1,1
4,5,-1
13,0,13
1,1,0
5,3,2
25,0,25
2,0,2
1,1,0
3,3,0
3,0,3
18,12,6
0,0,0
13,1,12
10,9,1
11,9,2
16,11,5
8,5,3
7,9,-2
4,4,0
3,15,-12
7,1,6
3,0,3
12,0,12
13,2,11
18,50,-32
1,0,1
0,0,0
0,0,0
3,11,-8
0,2,-2
3,6,-3
16,1,15
1,5,-4
1,0,1
2,0,2
2,2,0
0,3,-3
80,80,0
1,0,1
11,2,9
7,0,7
1,0,1
0,1,-1
3,2,1
26,10,16
13,0,13
5,2,3
5,14,-9
43,9,34
0,0,0
0,0,0
1,0,1
0,0,0
9,13,-4
2,2,0
8,2,6
3,0,3
18,10,8
0,10,-10
18,15,3
4,4,0
13,0,13
27,0,27
6,9,-3
8,7,1
6,0,6
23,8,15
1,4,-3
44,44,0
31,31,0
4,0,4
0,0,0
6,10,-4
11,7,4
4,3,1
1,0,1
12,3,9
5,1,4
0,0,0
17,19,-2
24,17,7
0,0,0
2,0,2
11,0,11
3,14,-11
0,0,0
1,2,-1
2,0,2
14,9,5
8,0,8
13,0,13
2,1,1
12,10,2
3,2,1
6,5,1
2,0,2
11,4,7
1,0,1
5,3,2
6,0,6
4,8,-4
2,0,2
8,1,7
4,1,3
11,1,10
3,1,2
11,3,8
8,10,-2
0,0,0
3,0,3
4,4,0
1,5,-4
1,0,1
1,2,-1
21,0,21
4,2,2
0,0,0
3,0,3
5,0,5
9,3,6
0,5,-5
2,0,2
2,4,-2
0,0,0
1,0,1
0,2,-2
7,8,-1
3,0,3
3,7,-4
5,5,0
32,9,23
16,1,15
36,36,0
7,4,3
0,0,0
5,3,2
0,0,0
24,8,16
3,2,1
24,14,10
15,6,9
20,7,13
0,0,0
0,0,0
0,1,-1
3,0,3
13,13,0
49,10,39
13,3,10
16,2,14
2,0,2
0,0,0
0,0,0
6,0,6
2,1,1
1,1,0
1,1,0
9,0,9
3,58,-55
4,4,0
2,0,2
9,6,3
1,0,1
10,13,-3
1,19,-18
1,7,-6
2,7,-5
3,5,-2
10,20,-10
2,2,0
15,10,5
0,0,0
1,2,-1
5,0,5
17,2,15
13,13,0
13,14,-1
9,0,9
7,5,2
8,2,6
4,0,4
2,2,0
6,5,1
4,1,3
0,0,0
4,0,4
2,1,1
0,0,0
5,4,1
1,14,-13
0,0,0
18,8,10
5,0,5
0,0,0
0,0,0
4,0,4
8,1,7
0,0,0
5,2,3
4,0,4
0,2,-2
0,0,0
6,8,-2
10,2,8
1,0,1
1,0,1
28,1,27
27,3,24
0,0,0
29,0,29
11,15,-4
1,1,0
17,6,11
1,0,1
10,3,7
5,55,-50
0,0,0
10,2,8
2,0,2
2,0,2
1,2,-1
0,0,0
11,5,6
0,3,-3
9,0,9
7,0,7
3,5,-2
6,18,-12
31,2,29
4,4,0
7,0,7
6,8,-2
23,1,22
1,0,1
3,27,-24
11,0,11
18,0,18
6,0,6
8,1,7
0,0,0
1,0,1
4,2,2
6,3,3
1,0,1
2,1,1
0,2,-2
1,0,1
0,0,0
1,0,1
4,0,4
26,0,26
0,0,0
5,0,5
3,0,3
0,0,0
11,0,11
2,1,1
0,14,-14
3,2,1
7,2,5
44,0,44
2,4,-2
4,0,4
0,2,-2
2,3,-1
1,0,1
17,1,16
2,0,2
20,6,14
1,1,0
6,0,6
6,0,6
1,0,1
0,0,0
1,2,-1
6,0,6
1,0,1
0,0,0
2,0,2
3,4,-1
1,0,1
1,1,0
0,0,0
9,26,-17
7,5,2
24,6,18
7,3,4
0,0,0
23,0,23
9,0,9
5,0,5
0,0,0
7,3,4
9,2,7
0,0,0
1,0,1
1,0,1
2,0,2
4,5,-1
0,7,-7
5,2,3
24,1,23
1,0,1
11,8,3
13,36,-23
3,7,-4
0,0,0
0,0,0
6,1,5
3,1,2
15,6,9
0,0,0
3,1,2
12,0,12
2,0,2
0,0,0
2,1,1
0,0,0
1,0,1
7,7,0
4,0,4
0,5,-5
7,4,3
1,0,1
5,0,5
3,5,-2
3,0,3
14,0,14
2,0,2
3,6,-3
0,0,0
5,22,-17
1,0,1
15,3,12
2,3,-1
5,7,-2
3,6,-3
0,21,-21
20,6,14
11,0,11
13,0,13
25,25,0
1,1,0
1,0,1
10,0,10
2,0,2
37,0,37
8,1,7
7,1,6
22,0,22
4,0,4
0,0,0
0,0,0
0,0,0
4,2,2
1,0,1
2,2,0
0,0,0
1,0,1
0,0,0
2,5,-3
18,2,16
4,1,3
4,2,2
1,3,-2
0,0,0
6,2,4
1,5,-4
2,2,0
4,1,3
1,1,0
35,30,5
6,24,-18
0,0,0
1,0,1
8,2,6
0,3,-3
1,59,-58
0,0,0
0,0,0
2,0,2
6,4,2
2,0,2
0,0,0
4,5,-1
1,1,0
1,1,0
10,22,-12
9,5,4
23,11,12
5,0,5
100,3,97
10,4,6
0,0,0
2,23,-21
2,0,2
0,0,0
14,0,14
32,2,30
10,0,10
13,0,13
26,52,-26
24,9,15
5,1,4
9,2,7
1,1,0
12,8,4
33,0,33
3,8,-5
1,5,-4
19,1,18
4,6,-2
1,0,1
1,0,1
1,7,-6
5,0,5
6,0,6
0,0,0
9,9,0
1,1,0
35,1,34
7,7,0
2,0,2
5,0,5
3,0,3
4,1,3
8,1,7
17,4,13
1,0,1
28,5,23
0,0,0
2,6,-4
5,0,5
1,1,0
9,8,1
24,20,4
1,0,1
1,0,1
18,0,18
0,0,0
0,0,0
15,0,15
1,0,1
1,0,1
9,1,8
3,0,3
6,0,6
5,2,3
6,1,5
0,2,-2
0,0,0
27,2,25
13,5,8
0,3,-3
9,1,8
1,3,-2
3,2,1
4,0,4
1,1,0
3,1,2
0,1,-1
1,0,1
0,0,0
2,0,2
0,2,-2
19,21,-2
5,5,0
0,0,0
7,0,7
1,0,1
5,0,5
2,0,2
0,4,-4
0,0,0
7,11,-4
9,5,4
0,1,-1
0,0,0
6,0,6
12,0,12
6,1,5
0,0,0
5,1,4
6,7,-1
5,2,3
0,2,-2
1,1,0
10,3,7
28,0,28
0,0,0
12,8,4
4,2,2
5,0,5
0,3,-3
6,6,0
4,9,-5
2,1,1
0,0,0
0,0,0
6,1,5
29,0,29
12,20,-8
63,0,63
6,11,-5
0,0,0
1,0,1
2,2,0
26,7,19
9,7,2
1,0,1
7,6,1
0,0,0
1,6,-5
22,1,21
8,6,2
1,1,0
1,5,-4
3,14,-11
15,5,10
3,0,3
25,40,-15
7,5,2
0,0,0
0,0,0
20,5,15
1,0,1
2,6,-4
2,0,2
36,0,36
34,12,22
0,0,0
2,0,2
4,2,2
5,2,3
18,10,8
4,0,4
3,0,3
3,6,-3
0,2,-2
0,0,0
10,1,9
2,5,-3
12,2,10
2,0,2
12,10,2
6,38,-32
14,2,12
0,0,0
15,1,14
2,0,2
1,1,0
0,0,0
8,2,6
0,3,-3
2,6,-4
4,2,2
5,10,-5
2,0,2
0,0,0
0,0,0
34,18,16
1,11,-10
1,7,-6
2,0,2
8,0,8
9,0,9
18,5,13
0,0,0
7,4,3
12,20,-8
4,1,3
2,1,1
2,1,1
1,15,-14
10,2,8
18,0,18
0,0,0
5,1,4
0,3,-3
12,8,4
2,2,0
1,4,-3
0,2,-2
1,4,-3
0,2,-2
5,13,-8
33,4,29
0,1,-1
4,1,3
2,0,2
7,1,6
14,14,0
4,6,-2
1,0,1
7,5,2
0,1,-1
36,38,-2
2,0,2
10,0,10
1,0,1
3,0,3
0,0,0
0,0,0
8,3,5
0,0,0
9,2,7
2,10,-8
30,1,29
10,1,9
7,4,3
1,0,1
5,3,2
6,1,5
0,1,-1
8,3,5
9,1,8
11,5,6
20,9,11
17,14,3
33,5,28
22,12,10
0,0,0
3,1,2
19,30,-11
5,0,5
0,0,0
1,0,1
7,0,7
7,9,-2
1,13,-12
0,1,-1
5,3,2
11,5,6
1,1,0
20,3,17
32,1,31
0,2,-2
13,22,-9
12,2,10
1,0,1
23,40,-17
7,6,1
0,13,-13
3,1,2
1,2,-1
4,3,1
2,0,2
2,0,2
0,0,0
1,1,0
4,3,1
0,0,0
3,0,3
0,0,0
0,0,0
0,1,-1
20,10,10
0,0,0
2,1,1
17,4,13
2,1,1
0,0,0
0,0,0
10,7,3
2,0,2
1,3,-2
3,3,0
2,12,-10
14,1,13
3,8,-5
18,0,18
6,6,0
4,0,4
14,0,14
5,1,4
4,0,4
11,7,4
0,0,0
1,0,1
5,8,-3
0,2,-2
7,9,-2
18,0,18
0,0,0
5,2,3
16,9,7
13,5,8
14,0,14
0,0,0
29,2,27
0,0,0
3,2,1
0,2,-2
2,1,1
25,7,18
5,8,-3
0,0,0
8,0,8
2,7,-5
10,6,4
1,0,1
2,1,1
2,0,2
18,0,18
1,3,-2
0,0,0
3,4,-1
15,0,15
5,1,4
14,2,12
5,0,5
21,27,-6
1,2,-1
4,1,3
6,3,3
11,3,8
3,0,3
4,1,3
7,0,7
6,0,6
9,5,4
9,7,2
3,3,0
2,0,2
2,19,-17
2,6,-4
0,0,0
4,4,0
13,1,12
0,0,0
0,0,0
8,1,7
5,2,3
0,0,0
1,1,0
16,4,12
0,0,0
0,0,0
5,5,0
8,0,8
0,0,0
12,7,5
8,2,6
9,8,1
13,1,12
1,0,1
7,5,2
6,2,4
6,1,5
8,1,7
12,11,1
8,7,1
14,0,14
0,0,0
14,25,-11
1,7,-6
2,21,-19
7,0,7
2,4,-2
3,3,0
1,8,-7
11,0,11
15,26,-11
1,1,0
0,0,0
20,0,20
8,0,8
1,0,1
2,4,-2
19,1,18
0,4,-4
0,0,0
9,1,8
0,1,-1
8,2,6
0,0,0
33,59,-26
11,7,4
2,2,0
16,13,3
18,2,16
5,0,5
1,7,-6
4,0,4
22,30,-8
1,0,1
3,0,3
6,0,6
26,0,26
7,1,6
3,4,-1
1,7,-6
1,15,-14
2,0,2
4,0,4
3,2,1
0,0,0
0,2,-2
1,1,0
6,6,0
2,3,-1
1,6,-5
23,15,8
3,15,-12
3,0,3
1,0,1
1,2,-1
7,0,7
3,0,3
0,0,0
0,4,-4
0,0,0
11,3,8
20,1,19
1,5,-4
4,0,4
0,3,-3
8,0,8
14,0,14
0,1,-1
8,0,8
4,5,-1
21,0,21
12,0,12
0,0,0
5,2,3
25,7,18
9,0,9
2,4,-2
2,3,-1
3,23,-20
9,0,9
7,7,0
2,0,2
7,4,3
6,0,6
0,0,0
0,0,0
10,3,7
0,0,0
10,3,7
2,5,-3
0,0,0
1,0,1
6,2,4
49,11,38
1,1,0
14,1,13
2,5,-3
12,0,12
2,2,0
2,0,2
25,9,16
1,0,1
1,1,0
1,1,0
3,10,-7
2,1,1
1,0,1
11,7,4
10,13,-3
2,2,0
2,1,1
1,0,1
9,2,7
3,3,0
27,4,23
7,2,5
0,0,0
1,0,1
14,10,4
12,40,-28
1,5,-4
20,1,19
6,11,-5
14,7,7
0,0,0
0,0,0
2,0,2
1,3,-2
14,0,14
5,2,3
0,0,0
0,0,0
15,2,13
0,0,0
30,0,30
0,0,0
5,0,5
0,1,-1
0,0,0
1,0,1
0,0,0
11,9,2
2,0,2
10,11,-1
8,8,0
8,6,2
0,0,0
11,4,7
4,0,4
3,0,3
0,0,0
8,2,6
13,63,-50
3,4,-1
1,9,-8
3,6,-3
0,69,-69
0,2,-2
0,0,0
2,4,-2
0,4,-4
12,0,12
0,0,0
2,5,-3
2,0,2
33,3,30
3,2,1
1,0,1
5,11,-6
0,0,0
3,8,-5
2,5,-3
0,9,-9
0,2,-2
25,24,1
0,24,-24
7,3,4
1,0,1
2,0,2
9,1,8
2,11,-9
3,1,2
9,4,5
12,0,12
0,0,0
2,2,0
1,1,0
0,0,0
1,1,0
8,0,8
2,1,1
3,3,0
9,11,-2
0,0,0
8,3,5
16,12,4
12,2,10
9,0,9
14,3,11
9,0,9
0,1,-1
6,9,-3
4,3,1
1,1,0
7,6,1
0,0,0
2,0,2
11,1,10
0,0,0
5,1,4
1,1,0
0,1,-1
23,2,21
2,2,0
13,11,2
8,1,7
22,1,21
13,11,2
58,30,28
6,0,6
0,0,0
4,0,4
0,3,-3
4,2,2
3,1,2
1,1,0
1,0,1
2,2,0
7,0,7
12,15,-3
4,1,3
1,1,0
16,1,15
5,0,5
13,2,11
6,7,-1
10,20,-10
3,7,-4
0,0,0
2,2,0
1,6,-5
0,0,0
0,3,-3
0,0,0
16,9,7
9,2,7
7,0,7
0,0,0
2,0,2
0,1,-1
15,5,10
1,1,0
3,1,2
3,3,0
13,0,13
6,2,4
1,0,1
7,0,7
7,0,7
0,0,0
0,2,-2
9,3,6
0,0,0
4,0,4
0,0,0
4,2,2
12,0,12
0,0,0
1,0,1
16,11,5
13,5,8
2,0,2
9,0,9
5,0,5
2,0,2
3,11,-8
1,7,-6
3,0,3
5,1,4
0,0,0
11,3,8
0,0,0
0,0,0
0,0,0
0,0,0
9,9,0
3,0,3
5,0,5
5,1,4
33,8,25
5,7,-2
10,0,10
0,0,0
7,6,1
1,2,-1
18,1,17
4,0,4
0,0,0
0,0,0
28,62,-34
0,0,0
19,14,5
2,0,2
6,3,3
1,0,1
1,0,1
0,0,0
1,0,1
17,0,17
5,5,0
0,0,0
1,2,-1
2,0,2
3,8,-5
15,11,4
0,10,-10
17,7,10
0,0,0
2,76,-74
4,7,-3
5,8,-3
11,7,4
3,7,-4
5,0,5
14,0,14
8,0,8
4,2,2
19,1,18
4,16,-12
1,5,-4
11,6,5
0,1,-1
1,11,-10
0,9,-9
0,0,0
4,1,3
10,0,10
13,15,-2
0,0,0
6,0,6
3,0,3
4,3,1
7,5,2
1,3,-2
1,0,1
16,5,11
1,1,0
9,1,8
13,1,12
1,1,0
2,19,-17
12,5,7
0,1,-1
11,2,9
29,9,20
0,0,0
9,0,9
13,2,11
14,8,6
6,1,5
0,0,0
0,0,0
2,0,2
0,1,-1
0,2,-2
1,0,1
14,0,14
8,3,5
21,0,21
75,0,75
3,0,3
3,3,0
39,46,-7
9,7,2
25,0,25
19,25,-6
0,4,-4
14,0,14
0,0,0
0,0,0
1,1,0
1,2,-1
13,6,7
15,0,15
0,6,-6
29,3,26
4,3,1
24,20,4
7,0,7
0,0,0
5,1,4
3,0,3
3,2,1
1,2,-1
3,9,-6
6,0,6
23,0,23
7,10,-3
0,6,-6
4,0,4
20,1,19
3,4,-1
11,2,9
1,0,1
0,0,0
6,2,4
3,6,-3
2,5,-3
4,8,-4
10,6,4
12,1,11
21,0,21
4,0,4
5,3,2
0,1,-1
45,13,32
1,1,0
10,8,2
3,2,1
7,9,-2
0,0,0
3,3,0
3,1,2
1,15,-14
6,4,2
18,9,9
2,1,1
4,0,4
1,0,1
0,0,0
7,0,7
0,2,-2
0,0,0
1,2,-1
5,2,3
0,0,0
2,4,-2
3,0,3
1,0,1
11,7,4
0,30,-30
16,2,14
16,15,1
4,0,4
10,12,-2
17,0,17
0,5,-5
7,0,7
16,0,16
7,6,1
18,23,-5
9,8,1
4,0,4
14,27,-13
0,0,0
0,3,-3
1,7,-6
2,2,0
5,0,5
10,2,8
2,3,-1
0,0,0
1,2,-1
3,3,0
1,3,-2
2,74,-72
40,10,30
16,16,0
0,0,0
0,0,0
0,3,-3
7,7,0
2,4,-2
3,5,-2
7,7,0
0,2,-2
14,38,-24
24,15,9
5,5,0
5,0,5
1,21,-20
1,9,-8
1,9,-8
7,8,-1
0,2,-2
9,0,9
0,2,-2
0,0,0
0,0,0
15,10,5
19,23,-4
11,1,10
9,1,8
4,0,4
0,1,-1
4,0,4
37,2,35
2,0,2
0,0,0
2,1,1
4,0,4
2,0,2
13,10,3
7,0,7
15,7,8
1,0,1
0,0,0
4,0,4
0,0,0
12,6,6
0,0,0
25,4,21
6,0,6
3,0,3
23,0,23
2,5,-3
0,0,0
8,1,7
8,1,7
1,0,1
1,0,1
0,0,0
4,0,4
6,2,4
20,15,5
16,0,16
0,0,0
16,19,-3
17,5,12
1,0,1
6,7,-1
2,3,-1
0,0,0
4,6,-2
5,49,-44
10,3,7
0,0,0
2,0,2
6,1,5
0,0,0
16,2,14
4,1,3
6,5,1
6,1,5
0,1,-1
1,3,-2
2,1,1
1,0,1
1,0,1
2,3,-1
0,0,0
4,28,-24
2,1,1
10,5,5
6,3,3
2,0,2
5,9,-4
0,0,0
8,16,-8
5,0,5
2,3,-1
0,0,0
0,0,0
0,0,0
2,0,2
6,9,-3
3,2,1
14,1,13
16,7,9
3,1,2
1,13,-12
16,2,14
0,0,0
2,0,2
1,0,1
16,1,15
0,0,0
11,5,6
4,6,-2
23,0,23
8,7,1
8,8,0
1,2,-1
5,1,4
9,7,2
2,2,0
9,1,8
1,1,0
1,0,1
4,1,3
3,0,3
10,7,3
12,7,5
5,0,5
0,0,0
10,7,3
2,7,-5
4,6,-2
0,0,0
0,0,0
6,2,4
0,0,0
6,5,1
22,7,15
0,1,-1
3,4,-1
24,8,16
7,7,0
5,8,-3
1,6,-5
0,5,-5
0,2,-2
3,0,3
0,0,0
22,0,22
21,17,4
2,0,2
4,0,4
13,1,12
5,0,5
3,2,1
0,2,-2
3,0,3
0,0,0
4,5,-1
0,0,0
0,0,0
16,25,-9
8,2,6
5,2,3
0,0,0
24,22,2
2,5,-3
1,0,1
3,1,2
0,0,0
20,40,-20
0,0,0
1,0,1
27,3,24
0,0,0
2,13,-11
15,1,14
2,4,-2
0,8,-8
2,0,2
5,2,3
2,3,-1
12,15,-3
1,0,1
29,0,29
2,0,2
27,2,25
1,1,0
26,50,-24
1,0,1
63,63,0
0,0,0
6,3,3
3,1,2
1,0,1
1,0,1
20,0,20
6,0,6
3,2,1
2,8,-6
1,0,1
4,7,-3
35,35,0
4,1,3
7,7,0
4,0,4
0,0,0
0,0,0
0,0,0
9,1,8
4,1,3
4,3,1
2,1,1
11,9,2
0,4,-4
1,0,1
1,0,1
0,1,-1
10,25,-15
3,25,-22
6,2,4
3,0,3
16,17,-1
1,2,-1
9,1,8
6,2,4
3,1,2
0,0,0
2,0,2
8,11,-3
17,6,11
26,0,26
4,1,3
1,0,1
8,7,1
2,2,0
13,3,10
10,7,3
0,1,-1
7,2,5
3,0,3
4,2,2
37,7,30
19,0,19
29,3,26
0,0,0
10,9,1
4,0,4
0,0,0
10,1,9
15,0,15
1,1,0
3,3,0
26,6,20
11,1,10
2,0,2
1,0,1
1,0,1
1,0,1
2,3,-1
3,2,1
17,6,11
6,1,5
7,0,7
29,21,8
2,2,0
0,2,-2
2,0,2
1,7,-6
1,0,1
11,1,10
16,13,3
10,3,7
1,0,1
6,2,4
23,9,14
22,0,22
0,0,0
0,0,0
14,0,14
4,0,4
0,0,0
11,5,6
2,0,2
0,0,0
4,0,4
4,0,4
2,0,2
6,8,-2
9,7,2
1,0,1
7,1,6
7,0,7
0,0,0
3,10,-7
1,1,0
1,0,1
0,0,0
2,5,-3
0,0,0
6,0,6
1,0,1
2,2,0
8,8,0
0,0,0
1,0,1
8,2,6
4,0,4
1,3,-2
0,0,0
6,8,-2
0,0,0
21,1,20
55,55,0
4,0,4
0,0,0
9,11,-2
16,4,12
5,1,4
19,6,13
0,0,0
2,0,2
0,0,0
3,6,-3
6,2,4
2,26,-24
16,10,6
1,1,0
7,1,6
3,6,-3
34,27,7
3,3,0
5,8,-3
0,0,0
2,2,0
0,0,0
0,0,0
1,0,1
26,0,26
0,1,-1
0,5,-5
13,0,13
2,1,1
5,0,5
3,3,0
0,0,0
6,0,6
0,2,-2
0,0,0
3,32,-29
0,0,0
4,2,2
21,10,11
3,3,0
0,0,0
0,0,0
26,9,17
1,1,0
3,8,-5
8,8,0
1,1,0
0,1,-1
3,2,1
1,0,1
0,0,0
0,0,0
9,0,9
16,4,12
13,0,13
4,4,0
0,0,0
2,25,-23
0,1,-1
5,2,3
1,0,1
6,7,-1
0,0,0
3,4,-1
15,15,0
0,1,-1
1,0,1
40,0,40
0,0,0
0,0,0
5,0,5
5,10,-5
1,0,1
5,0,5
21,0,21
0,0,0
4,0,4
29,30,-1
25,0,25
1,0,1
2,0,2
4,0,4
4,0,4
22,0,22
18,0,18
6,7,-1
1,0,1
0,2,-2
33,3,30
2,0,2
0,10,-10
6,0,6
2,0,2
36,0,36
3,0,3
0,0,0
3,7,-4
2,1,1
0,0,0
1,1,0
4,10,-6
7,7,0
57,1,56
0,0,0
2,5,-3
0,0,0
5,5,0
5,0,5
8,19,-11
9,1,8
1,0,1
1,0,1
10,19,-9
5,34,-29
23,4,19
5,0,5
3,7,-4
12,7,5
13,5,8
0,0,0
2,4,-2
1,2,-1
0,0,0
8,2,6
1,0,1
0,0,0
4,19,-15
0,3,-3
5,0,5
38,22,16
30,7,23
7,2,5
6,2,4
8,0,8
12,0,12
0,5,-5
9,7,2
4,2,2
1,1,0
28,3,25
1,1,0
6,2,4
1,8,-7
1,2,-1
3,1,2
9,5,4
16,3,13
0,0,0
5,6,-1
1,3,-2
0,0,0
11,5,6
7,2,5
0,0,0
11,4,7
8,7,1
33,5,28
4,7,-3
10,27,-17
0,4,-4
16,9,7
0,0,0
13,0,13
0,0,0
2,0,2
1,0,1
0,0,0
0,0,0
15,11,4
2,3,-1
12,7,5
1,0,1
9,21,-12
13,4,9
2,0,2
3,2,1
0,9,-9
0,0,0
8,2,6
2,0,2
0,13,-13
1,0,1
2,0,2
0,0,0
13,10,3
24,20,4
1,0,1
22,33,-11
2,2,0
1,7,-6
27,5,22
15,2,13
4,6,-2
1,0,1
11,0,11
0,0,0
10,0,10
10,0,10
37,4,33
3,3,0
4,4,0
6,1,5
20,5,15
2,3,-1
2,1,1
0,10,-10
0,1,-1
1,0,1
0,0,0
19,30,-11
1,1,0
8,3,5
24,3,21
47,9,38
0,0,0
6,13,-7
0,0,0
0,0,0
3,0,3
0,0,0
2,19,-17
0,0,0
3,1,2
5,2,3
7,0,7
5,8,-3
1,0,1
0,2,-2
5,0,5
0,5,-5
5,1,4
49,1,48
5,4,1
5,5,0
2,0,2
2,2,0
12,5,7
2,0,2
0,0,0
0,0,0
5,0,5
9,10,-1
3,1,2
2,0,2
0,3,-3
1,0,1
2,0,2
2,6,-4
0,0,0
3,1,2
6,3,3
9,25,-16
3,0,3
0,0,0
7,1,6
31,31,0
4,2,2
5,2,3
61,18,43
0,0,0
5,2,3
3,0,3
18,2,16
7,9,-2
4,15,-11
13,4,9
0,0,0
11,5,6
29,53,-24
0,0,0
1,1,0
1,0,1
33,1,32
3,3,0
4,2,2
14,0,14
6,2,4
6,0,6
18,36,-18
2,0,2
9,3,6
2,2,0
9,1,8
0,1,-1
1,21,-20
1,0,1
6,1,5
7,5,2
4,0,4
3,4,-1
3,0,3
9,2,7
8,1,7
4,4,0
4,0,4
0,0,0
0,0,0
7,7,0
2,0,2
7,5,2
16,0,16
12,1,11
4,0,4
4,0,4
21,24,-3
2,0,2
5,2,3
10,0,10
3,0,3
6,0,6
27,0,27
28,0,28
7,2,5
1,5,-4
17,2,15
8,0,8
17,3,14
6,0,6
0,0,0
1,0,1
1,4,-3
1,1,0
1,0,1
16,7,9
0,9,-9
0,2,-2
4,2,2
1,0,1
1,0,1
3,1,2
0,0,0
2,0,2
7,0,7
13,0,13
1,0,1
4,1,3
0,0,0
0,1,-1
6,6,0
3,1,2
4,4,0
3,6,-3
0,3,-3
45,0,45
26,7,19
13,0,13
1,0,1
15,11,4
8,8,0
5,11,-6
2,0,2
7,7,0
4,1,3
22,0,22
2,0,2
0,3,-3
1,1,0
9,10,-1
28,5,23
13,9,4
32,0,32
4,1,3
10,4,6
2,9,-7
5,1,4
13,3,10
9,21,-12
5,7,-2
0,0,0
0,0,0
24,69,-45
0,1,-1
0,1,-1
0,11,-11
1,0,1
4,2,2
0,0,0
3,0,3
5,11,-6
1,0,1
13,1,12
0,0,0
1,3,-2
12,6,6
11,0,11
0,3,-3
0,0,0
0,0,0
0,2,-2
1,0,1
15,7,8
0,0,0
4,0,4
2,35,-33
0,0,0
3,8,-5
2,0,2
0,5,-5
1,0,1
7,0,7
9,0,9
11,18,-7
4,0,4
10,2,8
1,0,1
0,1,-1
3,4,-1
0,2,-2
4,1,3
0,7,-7
0,3,-3
25,0,25
7,0,7
0,0,0
9,1,8
33,7,26
0,0,0
16,0,16
8,3,5
1,2,-1
4,2,2
3,0,3
0,1,-1
11,1,10
12,5,7
27,0,27
7,0,7
13,19,-6
6,2,4
3,5,-2
7,3,4
17,0,17
13,2,11
32,25,7
29,18,11
3,0,3
9,12,-3
10,1,9
5,0,5
14,1,13
0,0,0
8,7,1
4,1,3
21,1,20
11,8,3
2,2,0
9,1,8
9,9,0
1,3,-2
18,3,15
17,2,15
14,36,-22
5,5,0
4,30,-26
1,0,1
1,3,-2
1,0,1
17,7,10
8,7,1
7,3,4
6,6,0
2,0,2
28,0,28
5,0,5
0,0,0
1,0,1
29,10,19
15,2,13
0,0,0
7,9,-2
41,28,13
4,0,4
21,0,21
0,0,0
7,8,-1
9,0,9
5,5,0
2,0,2
0,5,-5
9,9,0
2,0,2
3,0,3
0,9,-9
2,15,-13
10,7,3
11,11,0
0,15,-15
0,0,0
0,0,0
0,0,0
2,0,2
2,0,2
0,0,0
9,9,0
2,5,-3
9,9,0
0,0,0
7,7,0
34,10,24
13,39,-26
10,6,4
4,6,-2
4,2,2
2,5,-3
0,0,0
3,3,0
4,9,-5
5,0,5
1,0,1
4,0,4
1,0,1
0,0,0
11,4,7
5,2,3
0,0,0
0,0,0
5,1,4
5,15,-10
7,17,-10
13,9,4
0,1,-1
1,43,-42
10,0,10
10,6,4
2,0,2
8,0,8
1,0,1
4,0,4
1,5,-4
4,2,2
15,7,8
8,2,6
1,0,1
1,7,-6
3,6,-3
7,4,3
20,0,20
14,0,14
0,0,0
2,0,2
9,14,-5
0,7,-7
0,0,0
2,10,-8
9,41,-32
0,1,-1
4,0,4
18,12,6
9,1,8
3,0,3
2,0,2
8,6,2
34,1,33
6,5,1
8,9,-1
8,0,8
64,12,52
4,1,3
5,1,4
2,0,2
1,1,0
0,0,0
3,0,3
26,7,19
0,1,-1
0,0,0
3,0,3
13,9,4
3,0,3
5,2,3
1,0,1
14,9,5
1,0,1
0,0,0
7,2,5
22,20,2
4,18,-14
3,0,3
3,5,-2
2,5,-3
33,1,32
8,0,8
9,14,-5
0,0,0
50,21,29
1,1,0
10,10,0
3,0,3
2,1,1
7,6,1
4,4,0
3,0,3
2,1,1
4,1,3
0,0,0
2,1,1
10,1,9
1,0,1
8,4,4
0,0,0
6,4,2
1,0,1
1,2,-1
26,0,26
6,3,3
1,3,-2
1,5,-4
9,0,9
3,2,1
4,0,4
1,0,1
4,0,4
5,10,-5
2,0,2
2,5,-3
1,14,-13
14,1,13
4,4,0
19,2,17
1,0,1
0,0,0
17,0,17
5,0,5
23,18,5
5,6,-1
24,5,19
2,0,2
2,2,0
33,0,33
3,0,3
12,0,12
2,0,2
3,0,3
6,15,-9
1,0,1
11,6,5
7,11,-4
8,0,8
0,0,0
0,0,0
0,0,0
24,2,22
3,1,2
10,5,5
11,3,8
7,0,7
1,6,-5
0,0,0
0,0,0
1,0,1
1,0,1
25,46,-21
0,3,-3
0,10,-10
6,0,6
13,11,2
25,7,18
0,1,-1
4,1,3
2,0,2
1,1,0
4,0,4
5,5,0
5,4,1
6,1,5
19,9,10
8,17,-9
5,2,3
0,0,0
7,3,4
37,3,34
0,0,0
0,0,0
0,6,-6
2,0,2
9,3,6
14,2,12
0,2,-2
6,0,6
17,29,-12
0,0,0
0,3,-3
3,4,-1
4,7,-3
7,9,-2
13,3,10
13,6,7
0,0,0
2,2,0
10,2,8
1,0,1
11,1,10
6,0,6
3,0,3
0,0,0
16,3,13
3,3,0
5,0,5
0,0,0
5,3,2
11,1,10
13,8,5
0,0,0
9,2,7
9,0,9
9,0,9
1,2,-1
1,0,1
0,14,-14
0,0,0
0,0,0
1,9,-8
12,0,12
3,0,3
2,0,2
13,2,11
8,2,6
6,0,6
14,1,13
8,7,1
1,2,-1
4,6,-2
4,2,2
0,0,0
1,1,0
18,0,18
0,0,0
5,6,-1
7,4,3
33,1,32
2,0,2
4,3,1
0,5,-5
0,0,0
3,9,-6
5,0,5
0,0,0
18,0,18
0,0,0
1,10,-9
25,5,20
1,3,-2
0,7,-7
3,2,1
1,0,1
27,1,26
3,1,2
1,0,1
0,7,-7
8,1,7
4,2,2
7,14,-7
0,0,0
0,0,0
1,1,0
1,0,1
5,2,3
1,0,1
3,0,3
10,5,5
0,1,-1
11,9,2
4,16,-12
9,7,2
3,1,2
0,0,0
14,1,13
11,4,7
8,0,8
20,6,14
1,5,-4
1,2,-1
3,5,-2
5,0,5
18,3,15
6,0,6
17,1,16
0,0,0
0,0,0
20,13,7
12,13,-1
22,0,22
0,0,0
4,7,-3
19,16,3
7,5,2
3,1,2
10,1,9
2,1,1
1,7,-6
1,0,1
2,2,0
5,1,4
0,0,0
0,2,-2
0,0,0
17,7,10
25,0,25
12,2,10
0,0,0
4,0,4
2,2,0
7,1,6
4,0,4
17,10,7
3,2,1
0,0,0
6,0,6
1,2,-1
0,0,0
15,3,12
3,0,3
1,0,1
5,0,5
1,0,1
1,7,-6
0,0,0
0,0,0
0,0,0
3,6,-3
1,0,1
0,0,0
0,0,0
18,1,17
14,0,14
16,2,14
2,2,0
1,0,1
1,0,1
0,0,0
0,0,0
4,0,4
2,0,2
1,0,1
7,1,6
3,4,-1
12,2,10
0,0,0
11,10,1
8,0,8
0,0,0
9,8,1
1,0,1
1,1,0
35,5,30
5,1,4
2,0,2
9,9,0
0,0,0
0,7,-7
11,15,-4
0,0,0
13,4,9
19,1,18
1,9,-8
3,0,3
2,27,-25
4,2,2
5,8,-3
3,11,-8
0,0,0
1,1,0
0,4,-4
1,0,1
29,1,28
11,0,11
2,0,2
27,0,27
3,1,2
0,0,0
7,0,7
6,1,5
3,0,3
0,0,0
8,9,-1
2,0,2
17,0,17
3,1,2
0,0,0
7,5,2
36,11,25
12,22,-10
22,5,17
1,4,-3
13,1,12
16,1,15
0,1,-1
10,2,8
10,0,10
1,0,1
2,0,2
4,2,2
0,0,0
0,0,0
0,0,0
0,0,0
10,15,-5
1,0,1
21,39,-18
3,0,3
26,2,24
0,4,-4
4,1,3
8,3,5
8,13,-5
9,3,6
69,69,0
18,0,18
2,0,2
18,29,-11
3,1,2
2,0,2
5,4,1
0,3,-3
3,10,-7
16,8,8
1,7,-6
0,0,0
24,7,17
0,0,0
4,0,4
0,6,-6
8,4,4
0,0,0
0,0,0
0,5,-5
13,0,13
23,8,15
6,13,-7
2,1,1
4,8,-4
5,0,5
15,1,14
2,0,2
17,6,11
2,0,2
5,0,5
25,1,24
7,19,-12
11,0,11
11,5,6
1,3,-2
1,0,1
0,0,0
0,0,0
0,0,0
1,66,-65
1,3,-2
2,0,2
0,3,-3
1,4,-3
25,4,21
0,0,0
8,0,8
4,2,2
2,15,-13
13,0,13
25,1,24
9,3,6
9,13,-4
0,0,0
2,2,0
4,4,0
5,1,4
8,0,8
12,10,2
6,0,6
2,1,1
4,4,0
0,0,0
4,2,2
11,0,11
10,8,2
11,1,10
12,5,7
2,0,2
19,0,19
9,14,-5
7,1,6
2,0,2
3,0,3
17,0,17
13,2,11
0,4,-4
3,0,3
12,0,12
12,0,12
15,0,15
4,0,4
0,0,0
4,0,4
0,6,-6
20,82,-62
3,0,3
3,0,3
2,5,-3
1,0,1
2,0,2
1,0,1
35,9,26
75,22,53
0,0,0
4,0,4
0,6,-6
2,0,2
9,8,1
1,0,1
23,5,18
8,0,8
17,3,14
1,0,1
2,4,-2
2,0,2
3,4,-1
4,0,4
28,4,24
5,0,5
9,9,0
24,7,17
3,1,2
0,0,0
1,0,1
0,0,0
4,0,4
6,1,5
18,2,16
25,1,24
13,2,11
0,0,0
0,2,-2
4,0,4
6,4,2
1,0,1
0,0,0
9,9,0
2,0,2
16,34,-18
4,0,4
23,6,17
21,19,2
3,1,2
0,0,0
5,38,-33
0,0,0
1,3,-2
6,9,-3
1,2,-1
4,0,4
7,3,4
11,4,7
17,4,13
5,0,5
1,0,1
28,1,27
42,7,35
0,0,0
0,0,0
1,11,-10
5,1,4
23,3,20
5,0,5
0,0,0
17,3,14
8,6,2
0,3,-3
1,9,-8
11,5,6
28,5,23
8,4,4
5,0,5
1,0,1
10,1,9
8,0,8
3,0,3
9,2,7
18,1,17
1,0,1
15,2,13
1,0,1
20,7,13
16,0,16
10,5,5
3,3,0
0,6,-6
19,5,14
4,8,-4
11,6,5
4,6,-2
13,12,1
14,27,-13
0,0,0
3,47,-44
5,0,5
0,0,0
1,4,-3
36,36,0
6,2,4
2,7,-5
4,5,-1
11,6,5
0,0,0
0,0,0
0,1,-1
2,11,-9
0,0,0
4,0,4
3,5,-2
15,1,14
15,7,8
0,1,-1
8,7,1
2,6,-4
0,0,0
3,0,3
6,7,-1
11,0,11
9,2,7
8,10,-2
16,0,16
1,0,1
0,0,0
7,2,5
13,12,1
4,8,-4
1,0,1
0,0,0
3,1,2
0,0,0
11,10,1
0,7,-7
1,2,-1
1,1,0
10,2,8
9,1,8
9,7,2
0,38,-38
2,0,2
2,18,-16
3,5,-2
4,4,0
10,66,-56
16,40,-24
0,0,0
6,1,5
7,15,-8
0,8,-8
0,0,0
1,1,0
6,0,6
0,0,0
24,2,22
1,0,1
0,0,0
3,0,3
0,2,-2
17,0,17
7,1,6
5,1,4
2,2,0
2,4,-2
2,7,-5
2,0,2
8,7,1
7,21,-14
0,0,0
9,0,9
5,0,5
28,10,18
0,0,0
18,11,7
10,2,8
7,2,5
15,15,0
6,0,6
3,0,3
3,10,-7
3,0,3
0,0,0
4,0,4
7,8,-1
11,6,5
12,15,-3
1,1,0
13,1,12
29,29,0
1,0,1
6,2,4
0,1,-1
0,0,0
13,14,-1
2,1,1
14,10,4
1,4,-3
15,0,15
4,2,2
22,9,13
34,7,27
0,0,0
3,4,-1
19,12,7
16,0,16
0,0,0
9,11,-2
1,0,1
15,4,11
2,4,-2
16,7,9
18,5,13
23,0,23
4,0,4
0,0,0
5,0,5
8,1,7
13,0,13
5,0,5
0,0,0
1,0,1
9,1,8
16,6,10
1,6,-5
1,4,-3
2,1,1
9,0,9
0,9,-9
1,1,0
7,2,5
0,2,-2
1,0,1
12,1,11
4,15,-11
4,14,-10
0,0,0
0,0,0
6,17,-11
8,5,3
0,0,0
2,8,-6
1,1,0
0,0,0
16,12,4
0,0,0
5,1,4
16,0,16
3,9,-6
7,1,6
1,0,1
4,4,0
0,0,0
0,0,0
9,2,7
2,3,-1
7,13,-6
0,0,0
0,0,0
1,0,1
0,0,0
3,2,1
6,6,0
1,0,1
1,0,1
0,0,0
5,5,0
14,3,11
2,0,2
4,4,0
14,4,10
0,0,0
0,0,0
10,0,10
3,0,3
0,3,-3
0,0,0
0,2,-2
1,1,0
18,3,15
7,9,-2
8,0,8
1,0,1
2,0,2
0,0,0
6,4,2
0,0,0
0,3,-3
8,3,5
30,16,14
3,0,3
16,8,8
3,3,0
3,0,3
4,0,4
10,0,10
3,0,3
20,14,6
4,7,-3
4,1,3
6,1,5
0,2,-2
1,0,1
4,6,-2
18,19,-1
0,0,0
13,11,2
0,0,0
8,7,1
20,1,19
7,2,5
9,3,6
3,0,3
2,20,-18
2,9,-7
5,0,5
4,2,2
18,5,13
5,7,-2
14,0,14
5,2,3
13,9,4
2,0,2
0,2,-2
17,10,7
6,1,5
3,3,0
0,1,-1
3,0,3
0,0,0
8,0,8
2,2,0
0,0,0
7,1,6
0,1,-1
1,5,-4
12,7,5
1,8,-7
0,0,0
2,1,1
0,0,0
1,0,1
6,0,6
0,0,0
0,0,0
1,0,1
0,0,0
7,40,-33
0,0,0
0,0,0
14,0,14
0,3,-3
0,10,-10
22,0,22
2,0,2
2,0,2
1,0,1
8,2,6
17,2,15
3,1,2
2,2,0
4,3,1
9,26,-17
2,0,2
4,4,0
0,0,0
0,0,0
7,12,-5
2,1,1
5,2,3
11,3,8
5,2,3
1,2,-1
34,14,20
8,0,8
1,1,0
1,1,0
4,1,3
4,2,2
35,4,31
11,0,11
4,2,2
1,0,1
5,0,5
12,22,-10
2,0,2
0,0,0
0,0,0
4,3,1
14,0,14
0,7,-7
1,0,1
0,10,-10
1,5,-4
0,0,0
3,3,0
1,0,1
22,0,22
1,10,-9
8,7,1
9,11,-2
3,0,3
5,0,5
0,0,0
22,0,22
0,0,0
9,10,-1
3,2,1
16,0,16
1,2,-1
19,3,16
0,0,0
0,1,-1
3,0,3
0,0,0
1,0,1
5,1,4
12,0,12
2,0,2
4,3,1
15,0,15
13,1,12
11,38,-27
1,1,0
2,0,2
33,0,33
5,4,1
13,9,4
0,0,0
8,3,5
1,0,1
27,0,27
1,0,1
1,3,-2
10,0,10
1,0,1
1,2,-1
25,0,25
0,0,0
37,58,-21
10,13,-3
3,0,3
0,2,-2
8,26,-18
2,0,2
8,5,3
1,5,-4
2,0,2
8,0,8
6,3,3
1,7,-6
0,4,-4
6,1,5
0,13,-13
15,7,8
3,1,2
1,0,1
1,0,1
6,2,4
3,0,3
0,1,-1
14,14,0
7,52,-45
0,0,0
8,0,8
1,0,1
7,7,0
3,0,3
0,2,-2
1,0,1
18,5,13
3,3,0
9,0,9
0,2,-2
10,2,8
7,3,4
1,37,-36
1,10,-9
13,2,11
21,0,21
0,1,-1
9,3,6
48,0,48
3,0,3
3,0,3
133,133,0
9,0,9
0,0,0
0,0,0
0,36,-36
13,13,0
0,0,0
34,0,34
2,2,0
3,3,0
0,4,-4
0,5,-5
3,3,0
7,7,0
20,17,3
0,0,0
4,5,-1
10,54,-44
10,1,9
13,3,10
23,2,21
0,0,0
7,0,7
25,7,18
4,0,4
2,3,-1
1,0,1
10,0,10
7,0,7
9,1,8
1,0,1
0,1,-1
0,0,0
30,0,30
2,1,1
6,3,3
3,1,2
0,0,0
0,0,0
4,0,4
3,5,-2
1,0,1
4,1,3
2,0,2
13,7,6
3,15,-12
8,10,-2
4,0,4
9,0,9
0,3,-3
11,2,9
0,0,0
0,0,0
3,0,3
3,0,3
12,27,-15
1,0,1
4,4,0
17,0,17
8,0,8
0,0,0
1,0,1
4,8,-4
0,0,0
1,3,-2
10,8,2
13,1,12
5,6,-1
0,0,0
3,3,0
3,1,2
11,0,11
12,0,12
24,26,-2
0,0,0
0,0,0
4,1,3
7,20,-13
7,0,7
19,10,9
1,1,0
36,14,22
1,9,-8
10,4,6
19,14,5
0,0,0
7,2,5
0,0,0
8,12,-4
7,8,-1
40,3,37
11,0,11
2,2,0
3,1,2
1,1,0
10,0,10
0,4,-4
1,0,1
1,0,1
5,1,4
1,1,0
2,0,2
6,2,4
2,1,1
1,0,1
34,1,33
3,4,-1
0,0,0
1,4,-3
4,3,1
1,0,1
4,7,-3
4,0,4
0,5,-5
3,0,3
0,22,-22
6,7,-1
17,0,17
1,0,1
7,0,7
4,0,4
0,0,0
2,0,2
0,0,0
2,1,1
0,0,0
10,0,10
5,0,5
13,0,13
0,0,0
1,6,-5
4,0,4
18,1,17
19,9,10
12,7,5
1,0,1
2,13,-11
26,36,-10
9,1,8
3,0,3
0,5,-5
29,14,15
0,10,-10
0,0,0
0,0,0
2,4,-2
2,0,2
1,0,1
1,0,1
0,0,0
3,0,3
9,3,6
13,1,12
17,7,10
1,0,1
20,9,11
5,6,-1
2,2,0
0,2,-2
12,0,12
2,2,0
6,26,-20
3,0,3
0,0,0
2,0,2
7,0,7
0,0,0
6,6,0
11,0,11
15,12,3
3,3,0
24,1,23
0,0,0
3,1,2
2,0,2
0,4,-4
8,3,5
17,0,17
2,3,-1
1,0,1
4,1,3
1,6,-5
13,5,8
11,2,9
33,1,32
3,0,3
2,7,-5
2,2,0
16,3,13
0,1,-1
15,0,15
15,4,11
0,0,0
2,0,2
0,0,0
0,3,-3
7,1,6
1,0,1
2,6,-4
18,21,-3
10,2,8
14,15,-1
0,2,-2
0,0,0
1,0,1
17,11,6
4,1,3
3,0,3
8,18,-10
3,0,3
50,50,0
0,0,0
3,0,3
3,0,3
0,2,-2
13,19,-6
4,4,0
10,1,9
12,0,12
26,7,19
9,0,9
8,4,4
10,0,10
0,2,-2
13,1,12
4,1,3
3,2,1
0,0,0
0,0,0
9,11,-2
1,0,1
1,0,1
14,1,13
8,0,8
6,2,4
9,6,3
1,8,-7
1,0,1
6,3,3
1,2,-1
9,9,0
6,0,6
4,0,4
16,15,1
3,0,3
6,0,6
1,0,1
11,0,11
4,2,2
4,3,1
2,0,2
11,5,6
22,15,7
1,1,0
4,0,4
3,4,-1
1,0,1
5,46,-41
4,1,3
2,2,0
8,0,8
8,8,0
0,0,0
1,0,1
3,18,-15
5,0,5
20,0,20
0,0,0
4,1,3
7,0,7
0,4,-4
16,0,16
1,0,1
12,0,12
1,0,1
12,0,12
2,12,-10
5,2,3
0,0,0
2,2,0
1,0,1
5,7,-2
3,0,3
0,0,0
2,1,1
4,0,4
12,9,3
3,9,-6
5,5,0
0,0,0
1,0,1
15,16,-1
10,7,3
20,18,2
0,0,0
4,4,0
0,7,-7
18,1,17
39,4,35
8,1,7
9,10,-1
11,7,4
0,0,0
1,0,1
18,0,18
31,0,31
5,1,4
8,8,0
12,35,-23
2,2,0
2,1,1
13,1,12
0,0,0
17,1,16
31,0,31
1,1,0
0,1,-1
2,1,1
15,0,15
2,0,2
0,0,0
6,6,0
3,0,3
7,6,1
0,2,-2
0,0,0
8,1,7
3,4,-1
3,0,3
3,0,3
23,9,14
1,4,-3
8,1,7
1,19,-18
0,0,0
0,0,0
1,4,-3
2,0,2
1,0,1
7,0,7
17,3,14
2,1,1
3,1,2
13,5,8
3,3,0
12,3,9
0,0,0
8,7,1
8,1,7
13,0,13
7,0,7
0,3,-3
3,7,-4
1,0,1
3,2,1
11,0,11
2,2,0
3,0,3
0,0,0
0,0,0
7,1,6
0,0,0
11,3,8
1,4,-3
0,0,0
6,10,-4
2,2,0
7,7,0
0,0,0
3,0,3
24,15,9
8,6,2
10,10,0
16,0,16
4,5,-1
4,2,2
3,1,2
10,0,10
6,5,1
8,1,7
0,7,-7
0,2,-2
10,5,5
1,1,0
0,0,0
1,1,0
4,3,1
7,7,0
0,1,-1
3,1,2
14,0,14
10,2,8
11,8,3
5,4,1
1,1,0
1,0,1
0,0,0
0,0,0
21,3,18
3,4,-1
10,1,9
29,0,29
5,0,5
26,16,10
24,58,-34
0,0,0
12,2,10
9,8,1
12,0,12
0,0,0
2,1,1
55,0,55
0,0,0
1,0,1
0,0,0
0,0,0
2,0,2
13,12,1
8,0,8
2,0,2
3,0,3
28,40,-12
2,1,1
12,16,-4
13,0,13
3,4,-1
16,7,9
1,3,-2
3,0,3
3,2,1
5,1,4
3,9,-6
4,4,0
11,0,11
1,0,1
27,7,20
7,2,5
11,11,0
16,0,16
1,0,1
0,0,0
1,1,0
9,1,8
0,0,0
3,3,0
4,4,0
0,15,-15
3,1,2
0,2,-2
0,1,-1
0,0,0
0,2,-2
1,0,1
10,13,-3
2,0,2
0,2,-2
6,0,6
15,11,4
0,0,0
1,0,1
0,0,0
0,0,0
7,2,5
10,25,-15
1,0,1
2,0,2
36,6,30
4,2,2
9,1,8
8,7,1
2,1,1
4,2,2
15,0,15
0,0,0
2,0,2
13,2,11
1,0,1
11,15,-4
2,0,2
16,11,5
8,1,7
1,0,1
11,9,2
15,9,6
18,1,17
2,10,-8
1,0,1
15,5,10
8,7,1
3,3,0
0,0,0
0,1,-1
1,1,0
15,0,15
5,0,5
1,2,-1
11,12,-1
0,0,0
1,7,-6
0,21,-21
5,0,5
4,3,1
1,4,-3
0,0,0
4,4,0
19,4,15
7,15,-8
0,0,0
14,1,13
7,0,7
0,0,0
0,0,0
14,7,7
1,0,1
6,0,6
32,0,32
25,13,12
1,3,-2
8,12,-4
8,0,8
3,6,-3
9,7,2
21,2,19
4,0,4
3,0,3
12,1,11
1,0,1
8,10,-2
0,0,0
8,3,5
12,0,12
3,4,-1
1,1,0
5,2,3
4,0,4
2,0,2
2,2,0
6,20,-14
0,0,0
6,3,3
1,7,-6
2,7,-5
0,0,0
4,0,4
3,3,0
0,0,0
4,0,4
7,0,7
32,5,27
1,0,1
6,1,5
6,1,5
16,0,16
17,16,1
11,5,6
6,9,-3
1,2,-1
14,3,11
9,0,9
5,0,5
0,10,-10
7,0,7
13,8,5
3,1,2
0,1,-1
3,2,1
0,2,-2
5,5,0
23,0,23
5,2,3
31,46,-15
1,1,0
1,4,-3
13,13,0
7,1,6
6,0,6
0,3,-3
2,1,1
0,0,0
46,0,46
1,0,1
1,4,-3
2,2,0
21,2,19
0,0,0
3,1,2
0,0,0
2,7,-5
2,5,-3
4,0,4
4,1,3
17,0,17
14,0,14
5,10,-5
1,1,0
0,0,0
5,5,0
5,0,5
1,0,1
3,1,2
0,0,0
2,13,-11
7,0,7
4,0,4
1,7,-6
0,0,0
0,0,0
1,1,0
3,2,1
1,2,-1
19,0,19
11,0,11
4,9,-5
7,1,6
1,0,1
3,0,3
2,5,-3
11,1,10
63,63,0
18,0,18
30,48,-18
5,0,5
11,3,8
2,0,2
1,0,1
12,1,11
1,0,1
9,6,3
0,0,0
1,1,0
0,0,0
2,8,-6
52,6,46
23,6,17
7,4,3
28,0,28
1,1,0
4,1,3
4,1,3
20,0,20
0,0,0
8,0,8
0,1,-1
5,25,-20
0,0,0
22,0,22
12,10,2
1,1,0
12,5,7
3,1,2
12,1,11
10,6,4
9,4,5
1,1,0
1,1,0
3,0,3
9,2,7
2,0,2
8,1,7
0,0,0
0,4,-4
6,0,6
18,57,-39
6,3,3
7,8,-1
9,0,9
1,0,1
3,0,3
0,0,0
0,7,-7
0,0,0
11,0,11
8,0,8
1,0,1
2,0,2
3,1,2
2,0,2
2,1,1
7,14,-7
0,0,0
0,0,0
17,10,7
2,0,2
7,7,0
34,14,20
5,0,5
2,3,-1
0,3,-3
4,0,4
2,0,2
8,3,5
1,1,0
5,0,5
0,0,0
0,5,-5
2,1,1
10,7,3
2,0,2
32,22,10
9,2,7
2,1,1
0,1,-1
12,3,9
1,0,1
0,0,0
5,2,3
5,0,5
2,10,-8
1,1,0
1,3,-2
0,1,-1
5,0,5
5,7,-2
15,2,13
5,0,5
2,0,2
5,7,-2
8,59,-51
9,0,9
11,0,11
6,30,-24
7,0,7
6,0,6
6,0,6
8,9,-1
2,0,2
2,8,-6
14,6,8
2,2,0
0,0,0
3,1,2
1,0,1
2,0,2
18,10,8
3,5,-2
10,0,10
1,0,1
1,0,1
8,1,7
1,0,1
0,1,-1
16,0,16
16,1,15
12,0,12
6,1,5
39,6,33
7,1,6
7,7,0
21,21,0
10,0,10
3,5,-2
3,3,0
30,30,0
6,0,6
6,0,6
0,0,0
3,1,2
4,0,4
0,0,0
1,0,1
1,0,1
5,1,4
0,0,0
2,0,2
4,1,3
3,9,-6
0,0,0
0,0,0
1,0,1
7,0,7
19,0,19
26,6,20
6,3,3
0,0,0
1,4,-3
6,4,2
11,1,10
2,1,1
0,0,0
6,2,4
8,0,8
5,3,2
4,0,4
31,9,22
2,0,2
0,0,0
8,0,8
0,0,0
5,2,3
0,0,0
4,0,4
21,5,16
7,1,6
6,1,5
3,0,3
0,0,0
1,0,1
3,3,0
9,1,8
2,2,0
0,0,0
1,1,0
0,4,-4
0,0,0
8,1,7
8,2,6
33,4,29
0,0,0
3,4,-1
0,1,-1
15,0,15
7,0,7
0,7,-7
34,32,2
4,1,3
5,1,4
1,5,-4
11,3,8
21,2,19
2,0,2
2,0,2
0,0,0
9,1,8
0,2,-2
0,0,0
4,2,2
2,0,2
0,0,0
1,2,-1
33,2,31
7,1,6
1,2,-1
15,7,8
2,0,2
1,7,-6
4,4,0
19,19,0
4,4,0
1,1,0
0,0,0
1,0,1
1,7,-6
1,0,1
3,3,0
1,1,0
12,11,1
1,3,-2
2,6,-4
51,30,21
0,0,0
5,4,1
10,3,7
2,4,-2
4,6,-2
13,0,13
0,2,-2
0,0,0
11,8,3
5,1,4
1,20,-19
2,0,2
10,14,-4
5,10,-5
13,15,-2
1,5,-4
2,6,-4
4,7,-3
18,3,15
0,0,0
22,9,13
5,1,4
5,3,2
8,0,8
6,14,-8
0,0,0
5,0,5
2,0,2
8,0,8
0,0,0
4,0,4
15,20,-5
0,0,0
42,1,41
1,0,1
10,19,-9
15,2,13
6,0,6
21,3,18
0,1,-1
18,19,-1
2,11,-9
13,7,6
0,0,0
0,0,0
3,2,1
27,22,5
4,1,3
3,0,3
4,6,-2
2,2,0
2,4,-2
0,0,0
0,0,0
1,0,1
9,5,4
8,0,8
1,2,-1
16,5,11
7,0,7
3,0,3
6,7,-1
6,0,6
23,0,23
6,0,6
0,0,0
17,10,7
0,0,0
6,1,5
1,1,0
4,3,1
5,5,0
1,1,0
3,1,2
1,13,-12
5,7,-2
0,0,0
0,0,0
3,0,3
10,0,10
3,0,3
0,0,0
1,0,1
4,11,-7
10,5,5
10,0,10
4,0,4
31,1,30
2,7,-5
4,0,4
11,17,-6
8,4,4
0,1,-1
2,0,2
0,0,0
2,4,-2
3,5,-2
2,0,2
13,4,9
1,0,1
2,0,2
0,2,-2
4,1,3
2,0,2
4,7,-3
11,0,11
2,0,2
3,0,3
9,7,2
9,0,9
2,2,0
26,52,-26
6,1,5
2,1,1
40,37,3
0,0,0
0,0,0
54,14,40
6,13,-7
0,0,0
2,2,0
8,3,5
0,2,-2
11,16,-5
5,5,0
0,0,0
12,23,-11
6,1,5
1,0,1
0,10,-10
22,77,-55
4,0,4
1,2,-1
6,7,-1
2,1,1
12,6,6
0,0,0
21,7,14
1,3,-2
1,3,-2
2,2,0
1,0,1
5,1,4
1,1,0
1,3,-2
0,0,0
1,0,1
0,0,0
6,3,3
29,0,29
1,0,1
0,0,0
1,1,0
4,0,4
37,23,14
4,2,2
3,2,1
2,1,1
0,1,-1
2,5,-3
13,1,12
4,2,2
4,5,-1
1,3,-2
3,2,1
8,0,8
1,5,-4
7,0,7
1,0,1
9,0,9
0,0,0
4,1,3
3,9,-6
0,0,0
6,0,6
4,0,4
19,0,19
1,0,1
1,0,1
0,0,0
21,1,20
21,3,18
1,0,1
3,4,-1
17,0,17
1,0,1
2,9,-7
10,2,8
3,0,3
3,0,3
3,2,1
2,0,2
3,10,-7
0,0,0
0,0,0
43,5,38
40,1,39
29,2,27
0,0,0
6,1,5
0,0,0
7,0,7
14,0,14
0,0,0
2,0,2
0,8,-8
9,8,1
12,5,7
17,2,15
4,0,4
6,8,-2
0,0,0
12,12,0
25,8,17
14,0,14
2,2,0
14,4,10
9,5,4
1,0,1
0,0,0
12,2,10
3,2,1
0,0,0
4,13,-9
7,0,7
1,1,0
5,6,-1
1,15,-14
7,5,2
5,5,0
12,3,9
6,3,3
6,3,3
1,1,0
4,3,1
1,0,1
3,2,1
7,0,7
8,1,7
1,0,1
4,6,-2
7,0,7
2,1,1
33,2,31
7,19,-12
0,0,0
36,14,22
1,0,1
5,0,5
1,2,-1
8,18,-10
1,5,-4
0,0,0
10,0,10
15,8,7
0,0,0
5,4,1
33,20,13
0,0,0
0,0,0
0,0,0
14,1,13
0,0,0
26,2,24
0,0,0
5,0,5
48,48,0
2,0,2
17,9,8
2,0,2
3,1,2
2,5,-3
1,0,1
4,3,1
2,14,-12
2,3,-1
9,3,6
37,28,9
0,1,-1
0,0,0
7,7,0
24,9,15
5,10,-5
4,1,3
13,7,6
0,0,0
12,1,11
0,0,0
5,2,3
0,0,0
7,25,-18
5,2,3
6,0,6
4,1,3
1,0,1
6,3,3
0,0,0
2,2,0
7,1,6
1,4,-3
30,20,10
0,0,0
4,2,2
7,6,1
2,0,2
0,0,0
4,1,3
0,0,0
5,1,4
1,4,-3
14,19,-5
0,2,-2
3,6,-3
5,0,5
22,1,21
7,7,0
35,0,35
8,16,-8
6,0,6
3,7,-4
6,0,6
0,1,-1
5,10,-5
3,3,0
1,6,-5
0,1,-1
6,1,5
6,4,2
4,8,-4
3,0,3
2,8,-6
1,1,0
0,1,-1
2,1,1
6,6,0
0,2,-2
2,2,0
5,8,-3
3,0,3
6,2,4
6,1,5
10,37,-27
3,1,2
1,2,-1
3,0,3
1,0,1
2,7,-5
32,2,30
0,0,0
0,0,0
4,0,4
2,1,1
8,0,8
2,0,2
5,2,3
5,7,-2
8,25,-17
0,0,0
4,2,2
17,4,13
4,0,4
1,44,-43
0,0,0
30,38,-8
15,24,-9
0,1,-1
5,5,0
6,1,5
3,0,3
0,0,0
3,3,0
7,1,6
5,1,4
20,0,20
4,1,3
10,2,8
7,1,6
3,0,3
2,0,2
2,1,1
3,0,3
0,0,0
0,0,0
1,0,1
1,0,1
36,31,5
1,0,1
9,7,2
0,0,0
2,3,-1
6,8,-2
13,7,6
3,0,3
2,0,2
0,0,0
1,0,1
1,0,1
0,1,-1
2,4,-2
7,7,0
0,0,0
3,3,0
1,2,-1
11,0,11
3,0,3
3,2,1
0,0,0
4,1,3
2,1,1
22,31,-9
15,5,10
5,2,3
6,6,0
13,2,11
12,6,6
3,1,2
0,0,0
8,0,8
6,0,6
5,0,5
10,16,-6
7,7,0
4,3,1
9,0,9
2,0,2
9,14,-5
3,3,0
17,1,16
0,0,0
0,0,0
4,0,4
0,0,0
10,6,4
0,0,0
11,11,0
0,0,0
30,0,30
43,2,41
9,6,3
7,3,4
3,9,-6
4,0,4
1,0,1
0,0,0
1,0,1
8,0,8
1,0,1
0,8,-8
4,7,-3
4,5,-1
0,1,-1
23,14,9
3,0,3
7,0,7
0,0,0
4,0,4
13,0,13
1,0,1
5,3,2
7,6,1
1,0,1
8,4,4
13,2,11
0,0,0
9,9,0
9,2,7
22,22,0
3,7,-4
3,0,3
0,2,-2
0,0,0
5,2,3
42,6,36
7,1,6
0,1,-1
1,1,0
5,0,5
1,0,1
18,11,7
13,9,4
1,1,0
25,2,23
20,6,14
10,5,5
7,0,7
35,35,0
12,9,3
0,0,0
0,1,-1
0,0,0
3,7,-4
21,18,3
10,1,9
5,3,2
0,0,0
5,0,5
2,8,-6
4,4,0
18,2,16
0,0,0
12,2,10
4,0,4
24,0,24
7,7,0
0,0,0
23,0,23
7,0,7
1,0,1
7,1,6
3,0,3
14,0,14
9,3,6
0,0,0
0,0,0
13,1,12
9,0,9
20,31,-11
6,9,-3
5,9,-4
0,1,-1
2,2,0
12,1,11
23,0,23
18,1,17
9,0,9
5,0,5
1,0,1
71,31,40
2,0,2
1,0,1
0,0,0
1,0,1
19,3,16
0,0,0
3,2,1
2,0,2
3,10,-7
0,2,-2
8,0,8
6,6,0
13,1,12
3,5,-2
2,0,2
2,1,1
5,4,1
5,5,0
1,0,1
0,0,0
2,9,-7
7,3,4
0,2,-2
25,10,15
1,14,-13
21,14,7
7,3,4
2,3,-1
25,1,24
0,0,0
0,0,0
9,9,0
8,6,2
0,1,-1
7,0,7
1,0,1
4,3,1
5,0,5
23,4,19
2,2,0
8,0,8
1,1,0
2,2,0
47,47,0
0,0,0
9,0,9
0,0,0
15,14,1
29,42,-13
43,0,43
1,0,1
20,11,9
1,0,1
5,0,5
1,1,0
3,8,-5
35,35,0
1,0,1
3,1,2
0,1,-1
6,0,6
13,3,10
14,3,11
7,5,2
0,1,-1
0,5,-5
4,2,2
14,0,14
1,10,-9
3,9,-6
9,0,9
0,0,0
0,0,0
13,2,11
0,5,-5
38,49,-11
3,2,1
0,0,0
6,2,4
15,12,3
6,0,6
11,2,9
0,0,0
8,2,6
4,5,-1
26,7,19
4,1,3
5,0,5
17,1,16
1,0,1
10,2,8
7,27,-20
9,5,4
3,4,-1
0,5,-5
9,0,9
22,2,20
2,3,-1
5,4,1
3,0,3
3,1,2
2,2,0
3,0,3
1,0,1
9,0,9
0,0,0
6,7,-1
11,6,5
3,9,-6
35,0,35
2,0,2
0,0,0
0,1,-1
1,7,-6
3,0,3
3,1,2
1,0,1
3,0,3
0,0,0
2,0,2
2,3,-1
4,0,4
1,7,-6
13,4,9
2,3,-1
6,1,5
18,34,-16
1,0,1
6,3,3
1,3,-2
14,8,6
29,39,-10
7,4,3
2,0,2
12,4,8
2,2,0
11,0,11
6,0,6
15,0,15
5,3,2
6,1,5
31,21,10
8,9,-1
0,3,-3
18,0,18
38,0,38
0,2,-2
12,0,12
8,0,8
0,0,0
10,9,1
62,3,59
0,2,-2
3,7,-4
8,2,6
6,0,6
0,0,0
8,5,3
0,0,0
8,0,8
3,0,3
9,4,5
4,0,4
30,4,26
3,9,-6
0,0,0
1,1,0
10,0,10
0,0,0
1,0,1
10,7,3
0,0,0
3,0,3
0,1,-1
6,0,6
6,1,5
0,0,0
0,0,0
14,13,1
2,0,2
2,0,2
6,1,5
65,3,62
1,5,-4
24,10,14
0,0,0
0,2,-2
21,3,18
2,1,1
1,0,1
0,2,-2
6,9,-3
19,9,10
17,0,17
2,0,2
3,3,0
10,1,9
3,0,3
16,16,0
1,19,-18
30,30,0
3,7,-4
1,5,-4
1,1,0
10,11,-1
8,1,7
4,4,0
8,0,8
7,0,7
1,21,-20
7,1,6
11,9,2
0,2,-2
8,1,7
3,24,-21
0,7,-7
1,4,-3
10,11,-1
23,1,22
0,0,0
3,2,1
4,11,-7
2,0,2
6,2,4
0,0,0
4,0,4
0,0,0
0,14,-14
2,1,1
11,0,11
0,0,0
0,1,-1
10,2,8
3,2,1
4,0,4
4,0,4
11,7,4
15,9,6
0,0,0
6,5,1
8,10,-2
17,4,13
3,1,2
0,0,0
4,0,4
5,2,3
7,13,-6
7,5,2
1,0,1
1,7,-6
6,3,3
1,2,-1
2,7,-5
3,2,1
2,7,-5
3,3,0
5,0,5
1,2,-1
1,0,1
0,1,-1
53,1,52
2,11,-9
2,40,-38
0,0,0
3,0,3
0,0,0
0,0,0
2,1,1
9,14,-5
16,9,7
11,0,11
1,1,0
0,0,0
0,0,0
9,2,7
11,8,3
4,0,4
1,2,-1
13,30,-17
0,0,0
1,0,1
11,7,4
3,0,3
8,19,-11
21,4,17
1,3,-2
2,0,2
9,8,1
18,15,3
6,3,3
26,5,21
2,4,-2
9,9,0
1,0,1
1,0,1
24,0,24
8,1,7
1,7,-6
8,5,3
9,11,-2
37,3,34
0,8,-8
11,36,-25
5,5,0
0,7,-7
0,0,0
1,1,0
24,2,22
0,0,0
7,2,5
0,2,-2
29,1,28
1,5,-4
6,6,0
0,0,0
8,2,6
13,8,5
2,0,2
0,0,0
3,3,0
2,0,2
1,0,1
11,4,7
2,0,2
20,0,20
11,5,6
9,7,2
8,1,7
4,5,-1
6,1,5
30,6,24
24,31,-7
19,19,0
3,2,1
0,0,0
2,0,2
6,2,4
1,0,1
7,2,5
8,0,8
18,1,17
34,2,32
0,0,0
3,0,3
25,0,25
2,0,2
0,0,0
3,2,1
8,1,7
0,1,-1
2,0,2
14,0,14
0,0,0
0,0,0
0,0,0
1,0,1
11,0,11
1,5,-4
0,0,0
1,0,1
2,3,-1
41,44,-3
18,4,14
5,2,3
1,5,-4
4,9,-5
3,2,1
1,2,-1
5,0,5
9,0,9
85,34,51
4,4,0
3,1,2
1,0,1
0,2,-2
4,1,3
8,0,8
3,0,3
6,0,6
1,1,0
26,5,21
1,0,1
0,0,0
0,0,0
3,3,0
5,5,0
6,4,2
0,2,-2
2,2,0
5,0,5
2,1,1
28,4,24
13,4,9
1,0,1
11,0,11
2,3,-1
5,7,-2
3,4,-1
3,2,1
47,0,47
0,0,0
1,1,0
10,28,-18
1,0,1
2,1,1
27,0,27
0,0,0
0,1,-1
2,0,2
1,0,1
8,17,-9
4,0,4
0,0,0
3,1,2
2,0,2
0,0,0
3,4,-1
5,5,0
6,0,6
26,0,26
27,10,17
7,1,6
5,1,4
9,5,4
8,6,2
1,0,1
9,8,1
8,6,2
9,0,9
0,3,-3
3,1,2
1,1,0
4,8,-4
11,0,11
0,0,0
4,1,3
6,0,6
4,0,4
7,5,2
15,0,15
9,1,8
4,6,-2
10,7,3
33,25,8
2,1,1
0,0,0
1,0,1
4,7,-3
9,10,-1
0,7,-7
1,4,-3
9,0,9
14,5,9
1,0,1
13,0,13
11,7,4
2,1,1
3,1,2
1,0,1
17,8,9
19,4,15
0,0,0
0,0,0
4,0,4
17,1,16
0,0,0
2,2,0
5,7,-2
0,0,0
9,1,8
2,2,0
11,1,10
7,14,-7
0,0,0
0,0,0
10,1,9
2,2,0
5,11,-6
1,7,-6
3,1,2
0,0,0
53,34,19
3,0,3
2,0,2
20,20,0
4,0,4
4,0,4
3,1,2
1,0,1
20,0,20
15,7,8
1,0,1
0,0,0
15,0,15
0,0,0
0,1,-1
2,7,-5
2,2,0
1,0,1
37,9,28
2,0,2
4,3,1
1,0,1
0,0,0
1,1,0
0,3,-3
16,0,16
16,31,-15
3,0,3
0,0,0
0,2,-2
1,22,-21
1,0,1
1,2,-1
0,4,-4
1,1,0
4,1,3
0,0,0
9,30,-21
0,2,-2
12,9,3
3,0,3
12,0,12
3,2,1
8,8,0
0,0,0
6,1,5
7,3,4
3,15,-12
6,1,5
11,1,10
0,0,0
0,0,0
6,0,6
1,4,-3
0,6,-6
0,0,0
1,2,-1
28,1,27
2,0,2
7,2,5
4,2,2
7,6,1
34,4,30
12,0,12
27,4,23
1,4,-3
10,0,10
9,0,9
2,0,2
0,0,0
7,0,7
3,5,-2
12,0,12
20,12,8
6,6,0
0,0,0
0,0,0
0,1,-1
1,1,0
13,6,7
2,2,0
9,1,8
7,1,6
3,3,0
1,0,1
1,0,1
1,0,1
3,0,3
20,14,6
16,8,8
5,1,4
4,4,0
0,7,-7
6,1,5
1,2,-1
0,0,0
5,1,4
3,3,0
4,2,2
4,6,-2
6,7,-1
2,5,-3
0,0,0
10,4,6
4,1,3
0,14,-14
6,3,3
12,7,5
7,5,2
13,0,13
6,2,4
34,2,32
9,9,0
7,0,7
1,0,1
8,12,-4
6,0,6
3,6,-3
1,0,1
38,0,38
10,18,-8
8,2,6
2,2,0
1,0,1
8,6,2
1,0,1
1,5,-4
1,1,0
0,0,0
10,2,8
10,3,7
3,2,1
5,5,0
1,9,-8
11,0,11
5,26,-21
29,2,27
4,0,4
3,6,-3
3,1,2
0,0,0
0,0,0
9,4,5
22,60,-38
20,5,15
1,2,-1
18,2,16
13,0,13
3,0,3
2,1,1
4,5,-1
0,0,0
2,2,0
33,1,32
5,6,-1
7,1,6
15,7,8
7,0,7
3,3,0
5,7,-2
14,7,7
4,4,0
4,5,-1
2,1,1
11,3,8
9,10,-1
9,0,9
44,1,43
6,1,5
29,4,25
0,0,0
20,0,20
9,7,2
4,0,4
0,28,-28
5,0,5
9,2,7
0,2,-2
0,0,0
32,10,22
2,3,-1
11,9,2
0,0,0
2,0,2
19,8,11
1,1,0
8,10,-2
1,17,-16
3,3,0
2,3,-1
0,0,0
4,0,4
0,0,0
1,7,-6
0,0,0
1,1,0
1,0,1
0,0,0
6,1,5
5,1,4
3,3,0
2,0,2
1,0,1
0,3,-3
10,10,0
2,2,0
9,3,6
9,2,7
12,3,9
4,2,2
4,1,3
7,7,0
0,0,0
11,9,2
2,15,-13
1,5,-4
8,12,-4
0,0,0
7,4,3
0,2,-2
38,1,37
6,4,2
0,0,0
3,1,2
0,0,0
11,0,11
0,0,0
1,2,-1
1,2,-1
3,1,2
6,0,6
0,5,-5
7,10,-3
13,2,11
1,6,-5
20,0,20
10,9,1
0,0,0
4,2,2
22,0,22
1,0,1
3,0,3
6,1,5
8,6,2
9,0,9
25,4,21
6,6,0
1,2,-1
0,0,0
19,9,10
6,0,6
2,0,2
7,6,1
0,0,0
10,4,6
6,0,6
12,10,2
7,7,0
0,0,0
8,2,6
7,13,-6
0,0,0
31,23,8
0,0,0
5,0,5
25,20,5
5,0,5
5,1,4
7,2,5
6,5,1
14,9,5
6,0,6
0,0,0
2,8,-6
6,2,4
17,0,17
1,0,1
8,0,8
16,9,7
0,0,0
1,1,0
8,4,4
1,0,1
1,2,-1
4,5,-1
16,2,14
5,2,3
1,0,1
11,10,1
0,0,0
4,2,2
4,5,-1
2,0,2
5,0,5
0,0,0
1,0,1
8,1,7
8,2,6
5,5,0
15,3,12
11,0,11
0,10,-10
7,2,5
2,0,2
23,0,23
12,0,12
7,7,0
2,4,-2
0,2,-2
2,0,2
12,14,-2
1,18,-17
2,0,2
5,0,5
19,40,-21
1,10,-9
9,1,8
11,0,11
4,0,4
4,0,4
4,0,4
22,2,20
24,7,17
5,0,5
0,0,0
0,0,0
0,0,0
43,27,16
1,0,1
27,0,27
3,1,2
3,1,2
2,0,2
58,21,37
2,0,2
3,0,3
1,2,-1
7,7,0
14,1,13
5,7,-2
3,5,-2
12,19,-7
12,0,12
45,16,29
6,0,6
5,4,1
10,3,7
0,0,0
14,12,2
16,30,-14
5,1,4
8,1,7
2,1,1
1,2,-1
11,4,7
2,1,1
1,1,0
2,0,2
4,4,0
5,0,5
2,0,2
3,0,3
1,6,-5
27,0,27
25,0,25
3,0,3
1,0,1
0,0,0
10,2,8
21,0,21
0,0,0
4,17,-13
15,7,8
0,0,0
0,20,-20
1,0,1
3,0,3
3,0,3
15,2,13
2,1,1
3,10,-7
0,0,0
5,0,5
2,11,-9
13,0,13
5,0,5
43,0,43
3,4,-1
3,0,3
1,0,1
0,0,0
0,0,0
17,0,17
15,35,-20
13,3,10
1,1,0
5,0,5
1,1,0
2,0,2
0,2,-2
0,1,-1
24,0,24
13,1,12
17,1,16
19,2,17
16,1,15
3,6,-3
2,3,-1
7,2,5
10,9,1
0,0,0
12,3,9
4,0,4
1,1,0
0,0,0
39,2,37
6,1,5
3,0,3
0,3,-3
1,4,-3
8,13,-5
7,0,7
0,1,-1
13,0,13
4,0,4
18,6,12
13,0,13
0,0,0
14,4,10
9,0,9
5,0,5
0,1,-1
8,10,-2
13,2,11
4,6,-2
0,4,-4
1,1,0
5,3,2
4,15,-11
8,0,8
1,0,1
0,0,0
36,33,3
6,3,3
3,0,3
0,0,0
12,1,11
0,0,0
6,0,6
9,2,7
0,2,-2
2,0,2
1,9,-8
20,20,0
4,0,4
2,0,2
9,2,7
4,0,4
0,0,0
2,11,-9
16,16,0
1,0,1
6,10,-4
7,16,-9
3,4,-1
20,3,17
6,10,-4
5,8,-3
0,0,0
10,7,3
10,1,9
12,5,7
2,0,2
1,0,1
0,0,0
71,71,0
5,15,-10
2,2,0
0,0,0
12,1,11
8,7,1
4,1,3
3,15,-12
1,0,1
3,7,-4
16,13,3
0,1,-1
4,1,3
15,13,2
0,0,0
28,16,12
8,5,3
0,0,0
9,2,7
0,0,0
5,0,5
15,15,0
42,38,4
6,20,-14
4,2,2
6,5,1
23,13,10
11,0,11
9,0,9
2,0,2
5,5,0
5,0,5
9,0,9
6,0,6
11,2,9
0,0,0
15,10,5
0,5,-5
14,18,-4
1,0,1
0,0,0
5,7,-2
2,0,2
2,2,0
0,0,0
14,4,10
0,0,0
3,8,-5
1,0,1
4,5,-1
2,0,2
3,0,3
0,2,-2
3,1,2
1,1,0
2,0,2
4,0,4
0,0,0
10,0,10
0,0,0
1,1,0
0,0,0
8,8,0
6,1,5
24,0,24
6,15,-9
0,0,0
4,3,1
4,0,4
24,3,21
0,5,-5
0,0,0
6,1,5
9,1,8
1,27,-26
6,9,-3
6,10,-4
22,22,0
2,0,2
5,0,5
9,13,-4
15,0,15
1,7,-6
11,39,-28
1,0,1
6,4,2
1,1,0
29,0,29
0,0,0
9,19,-10
2,0,2
1,0,1
0,5,-5
3,2,1
14,0,14
17,0,17
7,0,7
4,0,4
0,0,0
2,4,-2
3,0,3
12,0,12
3,0,3
3,0,3
1,0,1
5,2,3
4,6,-2
0,0,0
9,1,8
15,4,11
8,1,7
11,0,11
2,0,2
0,0,0
6,0,6
27,1,26
1,2,-1
9,8,1
3,10,-7
14,0,14
0,0,0
16,0,16
0,1,-1
0,3,-3
11,3,8
0,0,0
5,9,-4
1,1,0
6,0,6
2,4,-2
7,2,5
3,0,3
0,0,0
13,13,0
2,0,2
3,1,2
2,0,2
12,2,10
3,0,3
15,14,1
2,0,2
0,0,0
0,7,-7
1,0,1
7,8,-1
3,0,3
1,0,1
9,7,2
1,2,-1
3,1,2
1,0,1
3,0,3
6,1,5
0,0,0
12,0,12
1,1,0
44,29,15
5,0,5
1,0,1
1,0,1
1,0,1
0,6,-6
8,2,6
3,2,1
1,0,1
8,0,8
2,3,-1
1,0,1
1,0,1
10,2,8
3,2,1
15,2,13
34,15,19
2,6,-4
1,0,1
16,0,16
1,0,1
1,2,-1
60,42,18
11,0,11
2,0,2
19,38,-19
39,39,0
27,11,16
3,1,2
21,7,14
13,7,6
14,1,13
9,6,3
11,2,9
7,4,3
34,2,32
1,2,-1
2,1,1
12,1,11
1,0,1
3,3,0
10,0,10
1,0,1
4,0,4
4,4,0
17,13,4
4,3,1
0,0,0
0,0,0
1,0,1
13,1,12
4,4,0
6,0,6
0,0,0
0,3,-3
23,55,-32
1,3,-2
0,3,-3
0,0,0
6,9,-3
1,0,1
1,2,-1
0,0,0
0,0,0
1,0,1
31,0,31
5,4,1
11,2,9
3,0,3
18,0,18
0,6,-6
0,0,0
4,7,-3
0,0,0
0,0,0
7,2,5
1,0,1
37,1,36
5,11,-6
1,1,0
2,2,0
0,1,-1
14,24,-10
10,3,7
4,2,2
1,3,-2
2,0,2
28,37,-9
1,0,1
5,9,-4
35,6,29
6,8,-2
7,7,0
8,2,6
2,3,-1
1,0,1
0,0,0
10,14,-4
0,0,0
8,8,0
11,0,11
5,0,5
1,1,0
2,0,2
2,9,-7
4,0,4
22,0,22
8,0,8
1,0,1
5,4,1
6,0,6
2,8,-6
4,2,2
2,3,-1
18,3,15
0,0,0
1,0,1
1,4,-3
12,1,11
9,1,8
0,0,0
10,7,3
19,0,19
1,3,-2
15,25,-10
6,1,5
1,0,1
4,1,3
5,0,5
1,1,0
8,5,3
15,15,0
1,0,1
0,0,0
8,2,6
47,1,46
4,4,0
2,0,2
3,0,3
0,0,0
2,2,0
5,3,2
5,0,5
12,0,12
1,2,-1
0,5,-5
4,0,4
15,1,14
17,9,8
1,1,0
1,2,-1
0,6,-6
0,0,0
4,2,2
1,0,1
1,2,-1
22,6,16
9,7,2
2,0,2
5,3,2
4,2,2
1,4,-3
6,34,-28
8,3,5
14,5,9
0,0,0
0,0,0
11,6,5
4,0,4
23,11,12
0,0,0
2,0,2
1,0,1
9,1,8
7,0,7
0,0,0
1,3,-2
3,6,-3
43,41,2
0,0,0
0,0,0
0,3,-3
21,3,18
14,0,14
27,0,27
11,0,11
9,1,8
1,0,1
12,77,-65
9,0,9
8,5,3
7,18,-11
5,1,4
13,6,7
8,6,2
7,5,2
1,1,0
15,4,11
3,0,3
2,8,-6
3,0,3
4,6,-2
10,2,8
2,0,2
1,0,1
1,1,0
5,2,3
15,5,10
4,0,4
2,1,1
2,3,-1
3,0,3
2,0,2
0,0,0
0,0,0
1,0,1
2,4,-2
6,0,6
1,2,-1
3,3,0
4,4,0
12,5,7
20,7,13
1,2,-1
11,0,11
6,3,3
6,2,4
5,3,2
0,0,0
48,1,47
20,2,18
2,2,0
0,0,0
4,2,2
10,7,3
4,0,4
10,1,9
22,0,22
12,7,5
21,1,20
2,0,2
8,8,0
0,0,0
1,0,1
7,42,-35
3,0,3
11,7,4
0,1,-1
5,0,5
1,2,-1
17,21,-4
2,7,-5
4,3,1
2,0,2
10,7,3
25,1,24
16,7,9
4,3,1
11,0,11
6,1,5
2,5,-3
0,1,-1
13,4,9
2,0,2
4,6,-2
10,2,8
20,0,20
5,11,-6
11,2,9
5,5,0
13,24,-11
43,9,34
5,0,5
0,0,0
8,0,8
1,8,-7
6,1,5
5,1,4
8,5,3
8,1,7
16,11,5
2,8,-6
4,0,4
0,0,0
10,1,9
4,4,0
6,0,6
10,0,10
1,0,1
30,3,27
18,1,17
0,1,-1
4,7,-3
0,0,0
25,68,-43
0,1,-1
8,6,2
3,3,0
3,25,-22
2,2,0
0,0,0
11,9,2
19,7,12
7,2,5
5,0,5
72,72,0
5,0,5
1,3,-2
2,2,0
13,3,10
11,12,-1
3,0,3
9,0,9
1,0,1
33,33,0
0,4,-4
8,1,7
3,1,2
5,10,-5
0,5,-5
19,7,12
4,5,-1
21,5,16
0,12,-12
3,0,3
1,0,1
14,4,10
0,0,0
6,3,3
5,0,5
14,28,-14
5,10,-5
19,19,0
16,0,16
2,0,2
1,0,1
4,0,4
5,0,5
1,3,-2
7,0,7
25,1,24
0,0,0
4,5,-1
2,2,0
1,0,1
26,9,17
0,0,0
1,0,1
1,0,1
0,1,-1
10,6,4
25,1,24
1,0,1
0,5,-5
0,0,0
2,0,2
12,2,10
2,2,0
19,2,17
0,7,-7
0,0,0
4,7,-3
4,0,4
7,5,2
30,1,29
4,2,2
8,8,0
3,1,2
0,0,0
0,15,-15
1,14,-13
0,0,0
36,1,35
11,1,10
22,0,22
0,4,-4
2,0,2
36,1,35
8,0,8
9,9,0
19,0,19
5,4,1
1,1,0
0,0,0
3,2,1
2,1,1
3,0,3
0,0,0
3,0,3
19,0,19
6,2,4
4,1,3
6,0,6
0,0,0
0,1,-1
8,1,7
10,0,10
1,0,1
1,1,0
23,4,19
4,0,4
4,3,1
2,0,2
0,0,0
5,17,-12
14,0,14
7,3,4
0,3,-3
5,0,5
0,11,-11
1,1,0
0,0,0
0,0,0
8,41,-33
4,5,-1
6,0,6
8,11,-3
0,11,-11
26,26,0
7,5,2
11,5,6
4,0,4
2,2,0
0,0,0
3,0,3
0,0,0
2,1,1
1,6,-5
1,0,1
11,1,10
6,7,-1
1,4,-3
17,0,17
9,0,9
7,0,7
3,0,3
5,0,5
0,2,-2
0,0,0
0,0,0
0,0,0
0,0,0
23,15,8
0,0,0
4,4,0
1,0,1
0,3,-3
6,0,6
1,1,0
6,0,6
15,14,1
2,2,0
9,48,-39
1,38,-37
25,14,11
4,1,3
8,0,8
2,0,2
11,5,6
24,2,22
0,1,-1
10,1,9
10,3,7
3,0,3
3,0,3
9,0,9
6,3,3
7,17,-10
0,0,0
1,4,-3
26,15,11
6,2,4
2,0,2
4,0,4
0,0,0
0,0,0
5,0,5
2,7,-5
1,4,-3
2,2,0
6,0,6
4,7,-3
11,12,-1
5,3,2
1,1,0
0,0,0
31,1,30
5,5,0
1,0,1
2,6,-4
14,14,0
0,10,-10
3,0,3
15,7,8
7,1,6
2,0,2
0,1,-1
0,4,-4
0,0,0
4,2,2
22,25,-3
15,3,12
0,0,0
0,0,0
13,15,-2
8,10,-2
7,18,-11
1,24,-23
3,0,3
0,1,-1
4,5,-1
0,0,0
1,1,0
7,0,7
1,0,1
5,0,5
3,0,3
0,0,0
7,1,6
6,2,4
3,6,-3
7,15,-8
0,0,0
19,1,18
1,0,1
1,2,-1
5,4,1
2,4,-2
1,4,-3
9,4,5
16,20,-4
19,0,19
3,1,2
12,0,12
0,1,-1
3,4,-1
0,0,0
17,1,16
7,0,7
1,0,1
12,0,12
8,7,1
15,0,15
1,1,0
5,9,-4
2,1,1
8,7,1
6,0,6
2,2,0
11,1,10
0,2,-2
8,0,8
1,0,1
0,0,0
4,3,1
13,1,12
2,2,0
9,8,1
3,7,-4
5,0,5
3,0,3
3,0,3
2,0,2
23,0,23
18,5,13
6,0,6
9,6,3
3,0,3
14,3,11
8,3,5
4,6,-2
6,3,3
2,0,2
1,0,1
0,0,0
1,0,1
2,2,0
12,6,6
0,0,0
3,1,2
1,1,0
8,7,1
2,2,0
0,0,0
0,0,0
1,0,1
0,0,0
6,0,6
2,1,1
2,5,-3
12,5,7
2,10,-8
9,0,9
43,43,0
28,2,26
6,1,5
0,0,0
1,4,-3
18,9,9
4,4,0
40,0,40
3,3,0
16,3,13
3,1,2
3,1,2
5,4,1
7,1,6
0,0,0
6,0,6
2,1,1
2,0,2
6,4,2
2,0,2
1,2,-1
16,34,-18
1,0,1
1,6,-5
16,1,15
0,0,0
0,3,-3
5,13,-8
2,2,0
0,0,0
1,1,0
7,7,0
1,0,1
7,2,5
16,0,16
1,3,-2
4,0,4
2,1,1
6,1,5
3,0,3
38,0,38
6,51,-45
0,0,0
2,1,1
0,9,-9
19,17,2
3,0,3
4,0,4
0,0,0
0,0,0
0,1,-1
5,1,4
0,15,-15
6,2,4
0,0,0
6,1,5
0,1,-1
1,0,1
4,0,4
10,0,10
8,6,2
5,6,-1
8,6,2
5,3,2
1,0,1
4,0,4
0,0,0
9,9,0
7,3,4
14,14,0
0,0,0
2,1,1
12,0,12
6,15,-9
3,4,-1
0,2,-2
1,0,1
12,0,12
1,0,1
1,2,-1
9,0,9
10,1,9
1,0,1
46,0,46
1,0,1
17,9,8
34,34,0
18,0,18
11,0,11
13,0,13
1,0,1
2,2,0
4,4,0
12,7,5
0,2,-2
23,10,13
32,32,0
5,2,3
9,5,4
5,1,4
0,0,0
3,0,3
26,11,15
4,7,-3
0,0,0
1,1,0
8,0,8
17,9,8
0,0,0
9,8,1
12,1,11
8,7,1
11,15,-4
0,0,0
0,0,0
0,0,0
7,1,6
8,4,4
3,1,2
20,0,20
11,0,11
5,14,-9
1,2,-1
2,3,-1
1,0,1
0,0,0
1,0,1
5,0,5
0,2,-2
8,3,5
13,18,-5
6,3,3
14,1,13
4,7,-3
0,0,0
0,0,0
8,7,1
32,0,32
9,5,4
1,2,-1
3,0,3
31,1,30
2,1,1
3,6,-3
4,4,0
5,0,5
4,1,3
2,6,-4
3,1,2
4,0,4
0,1,-1
4,13,-9
0,10,-10
13,3,10
3,3,0
9,0,9
10,0,10
8,16,-8
16,1,15
7,4,3
12,0,12
8,4,4
6,4,2
1,0,1
7,14,-7
13,1,12
1,1,0
1,0,1
2,1,1
0,0,0
8,2,6
20,0,20
0,0,0
11,11,0
15,23,-8
6,2,4
15,7,8
13,3,10
1,0,1
14,10,4
0,1,-1
8,0,8
0,0,0
2,1,1
2,0,2
17,9,8
7,1,6
2,0,2
6,1,5
13,1,12
7,0,7
3,2,1
5,0,5
7,1,6
6,6,0
35,26,9
5,4,1
0,0,0
2,2,0
0,7,-7
1,2,-1
3,1,2
5,7,-2
1,2,-1
4,0,4
4,0,4
1,0,1
0,0,0
3,0,3
8,8,0
13,1,12
6,2,4
1,0,1
3,15,-12
3,3,0
8,2,6
2,1,1
5,0,5
7,4,3
12,1,11
7,6,1
9,0,9
0,0,0
5,7,-2
0,0,0
27,2,25
18,7,11
12,0,12
7,4,3
9,9,0
4,8,-4
1,4,-3
2,0,2
5,5,0
2,0,2
4,0,4
0,2,-2
10,2,8
6,0,6
1,1,0
0,0,0
0,0,0
5,1,4
0,3,-3
9,0,9
16,21,-5
2,11,-9
10,80,-70
5,0,5
0,9,-9
9,1,8
2,3,-1
9,0,9
4,3,1
0,0,0
2,2,0
2,2,0
4,6,-2
27,15,12
18,1,17
7,6,1
6,6,0
7,16,-9
1,0,1
10,9,1
6,0,6
1,1,0
5,8,-3
2,0,2
6,7,-1
1,8,-7
0,0,0
10,7,3
5,2,3
0,0,0
17,2,15
21,5,16
0,0,0
48,14,34
2,4,-2
5,0,5
0,0,0
6,1,5
0,0,0
20,6,14
30,0,30
6,0,6
21,0,21
2,6,-4
5,6,-1
13,4,9
0,0,0
0,0,0
1,0,1
66,66,0
1,4,-3
14,0,14
15,4,11
25,1,24
3,0,3
12,7,5
0,0,0
4,3,1
0,5,-5
29,1,28
13,7,6
4,0,4
0,0,0
5,0,5
0,0,0
0,0,0
27,0,27
2,20,-18
6,18,-12
36,8,28
11,2,9
4,2,2
9,4,5
12,2,10
0,0,0
5,0,5
4,0,4
19,3,16
13,0,13
0,9,-9
2,0,2
2,0,2
6,2,4
10,12,-2
3,0,3
9,19,-10
14,0,14
2,0,2
9,1,8
9,18,-9
1,0,1
16,4,12
10,10,0
11,6,5
0,0,0
8,0,8
6,2,4
1,0,1
4,12,-8
2,2,0
12,8,4
23,0,23
2,0,2
0,0,0
0,0,0
25,23,2
2,0,2
21,0,21
1,0,1
0,1,-1
5,2,3
1,0,1
22,0,22
0,0,0
10,4,6
9,0,9
0,1,-1
14,19,-5
4,1,3
34,51,-17
16,18,-2
1,2,-1
4,0,4
1,1,0
2,0,2
4,0,4
2,0,2
1,0,1
8,5,3
4,3,1
4,0,4
6,6,0
2,0,2
10,4,6
4,3,1
1,3,-2
1,0,1
2,3,-1
0,0,0
5,5,0
4,0,4
3,2,1
1,1,0
5,1,4
1,1,0
9,7,2
0,0,0
6,0,6
1,0,1
0,0,0
4,6,-2
0,0,0
10,0,10
3,0,3
1,2,-1
4,0,4
1,2,-1
3,0,3
0,0,0
16,2,14
1,1,0
0,0,0
8,4,4
0,0,0
2,2,0
2,2,0
15,0,15
0,6,-6
13,0,13
1,0,1
6,0,6
10,17,-7
1,26,-25
10,1,9
2,0,2
0,3,-3
22,0,22
1,1,0
2,2,0
0,0,0
3,1,2
0,7,-7
22,15,7
2,7,-5
1,0,1
1,0,1
13,5,8
0,5,-5
3,1,2
0,10,-10
1,0,1
3,2,1
7,2,5
0,0,0
9,1,8
2,2,0
16,21,-5
3,0,3
6,6,0
5,0,5
4,0,4
16,5,11
0,5,-5
0,1,-1
21,0,21
2,2,0
5,4,1
1,0,1
1,1,0
2,2,0
3,0,3
48,0,48
2,0,2
6,0,6
2,1,1
2,0,2
6,0,6
3,0,3
3,0,3
2,3,-1
0,0,0
16,3,13
6,0,6
1,0,1
0,0,0
0,2,-2
0,2,-2
0,0,0
6,0,6
12,2,10
3,0,3
6,0,6
2,0,2
9,0,9
1,0,1
1,0,1
7,7,0
0,0,0
5,0,5
0,3,-3
14,4,10
3,4,-1
1,0,1
6,1,5
0,0,0
8,7,1
7,0,7
11,11,0
1,0,1
12,11,1
0,1,-1
22,1,21
4,3,1
0,1,-1
7,0,7
2,2,0
6,0,6
7,3,4
7,1,6
3,0,3
0,1,-1
0,1,-1
5,3,2
1,0,1
3,0,3
10,2,8
9,2,7
2,0,2
17,3,14
1,0,1
26,10,16
2,1,1
11,5,6
0,0,0
3,6,-3
10,1,9
1,2,-1
2,1,1
9,5,4
3,3,0
17,31,-14
10,1,9
6,2,4
11,0,11
31,3,28
10,12,-2
1,1,0
0,0,0
9,0,9
0,0,0
2,0,2
1,2,-1
4,0,4
1,0,1
1,0,1
0,0,0
0,0,0
6,0,6
15,8,7
29,1,28
1,7,-6
10,0,10
3,0,3
6,34,-28
1,0,1
0,0,0
1,0,1
16,6,10
5,11,-6
27,30,-3
26,41,-15
0,0,0
16,3,13
0,7,-7
1,0,1
5,5,0
2,3,-1
3,0,3
19,2,17
2,9,-7
5,3,2
2,0,2
8,0,8
0,1,-1
0,0,0
1,1,0
14,0,14
1,0,1
0,4,-4
0,1,-1
0,0,0
1,3,-2
0,0,0
0,0,0
4,0,4
4,0,4
1,2,-1
13,2,11
1,3,-2
0,0,0
10,2,8
0,0,0
9,7,2
5,10,-5
1,4,-3
12,7,5
30,55,-25
0,0,0
5,0,5
0,0,0
1,14,-13
7,0,7
13,25,-12
0,0,0
1,0,1
0,0,0
9,20,-11
6,0,6
1,5,-4
14,8,6
3,0,3
1,6,-5
3,5,-2
5,17,-12
14,4,10
0,0,0
13,22,-9
7,5,2
0,1,-1
6,1,5
8,0,8
0,0,0
11,1,10
1,0,1
11,5,6
3,1,2
0,0,0
3,5,-2
1,5,-4
12,0,12
5,10,-5
0,0,0
1,0,1
0,0,0
3,3,0
0,0,0
0,0,0
7,0,7
4,0,4
13,2,11
7,9,-2
5,0,5
0,0,0
0,0,0
1,0,1
11,14,-3
4,11,-7
7,0,7
0,0,0
6,6,0
5,6,-1
1,0,1
7,14,-7
2,0,2
6,6,0
11,15,-4
15,15,0
3,8,-5
3,3,0
10,7,3
9,2,7
7,1,6
17,9,8
5,1,4
3,1,2
2,1,1
10,0,10
0,4,-4
9,0,9
3,0,3
3,0,3
11,0,11
10,0,10
0,0,0
9,18,-9
0,0,0
12,15,-3
16,3,13
1,6,-5
4,0,4
7,1,6
3,1,2
6,1,5
6,2,4
9,0,9
5,0,5
2,1,1
5,0,5
0,0,0
9,6,3
2,0,2
1,6,-5
0,0,0
11,6,5
12,2,10
10,1,9
18,20,-2
6,4,2
121,121,0
0,0,0
10,2,8
12,1,11
5,0,5
6,2,4
0,2,-2
1,0,1
24,6,18
8,0,8
14,0,14
0,0,0
2,0,2
0,3,-3
2,5,-3
12,0,12
0,2,-2
0,4,-4
0,1,-1
9,4,5
1,0,1
3,0,3
1,0,1
2,1,1
0,0,0
0,0,0
0,1,-1
46,10,36
2,7,-5
3,3,0
8,0,8
40,15,25
2,0,2
6,0,6
8,1,7
0,0,0
0,0,0
0,0,0
16,0,16
1,0,1
5,5,0
0,5,-5
0,0,0
8,0,8
28,0,28
2,2,0
11,4,7
0,0,0
0,25,-25
1,2,-1
1,0,1
20,7,13
5,0,5
30,23,7
34,3,31
4,8,-4
9,0,9
8,0,8
1,0,1
40,16,24
2,0,2
5,1,4
0,1,-1
1,15,-14
0,0,0
0,0,0
9,0,9
44,0,44
3,0,3
0,0,0
8,9,-1
4,0,4
2,0,2
2,2,0
0,0,0
0,3,-3
0,0,0
0,0,0
0,49,-49
0,0,0
0,0,0
5,3,2
1,14,-13
3,0,3
9,0,9
0,0,0
7,17,-10
11,10,1
3,0,3
1,7,-6
9,0,9
11,2,9
1,0,1
1,0,1
3,0,3
3,1,2
15,2,13
14,6,8
34,14,20
4,5,-1
4,0,4
0,0,0
13,2,11
7,8,-1
0,0,0
7,4,3
1,7,-6
3,12,-9
8,1,7
12,12,0
12,5,7
0,2,-2
6,15,-9
6,0,6
1,0,1
3,1,2
9,0,9
21,7,14
25,14,11
0,2,-2
7,0,7
5,0,5
2,7,-5
4,0,4
1,0,1
10,7,3
40,0,40
15,5,10
12,6,6
1,0,1
0,0,0
5,2,3
2,0,2
1,0,1
0,0,0
14,1,13
0,0,0
8,3,5
4,0,4
4,0,4
6,4,2
62,62,0
14,4,10
11,9,2
11,2,9
14,0,14
11,30,-19
0,0,0
1,2,-1
9,1,8
11,7,4
1,0,1
5,0,5
6,2,4
2,18,-16
18,6,12
10,0,10
5,3,2
0,2,-2
2,2,0
6,1,5
0,0,0
15,13,2
4,1,3
11,1,10
2,0,2
1,2,-1
4,5,-1
0,0,0
0,0,0
3,1,2
3,0,3
17,7,10
6,5,1
6,0,6
4,0,4
13,2,11
2,0,2
6,3,3
5,5,0
0,0,0
13,5,8
15,0,15
15,0,15
8,7,1
9,6,3
2,0,2
0,0,0
1,1,0
1,1,0
8,14,-6
1,0,1
3,3,0
1,69,-68
6,4,2
19,8,11
0,0,0
4,3,1
25,11,14
2,0,2
41,59,-18
1,0,1
13,0,13
0,3,-3
4,1,3
2,3,-1
4,0,4
2,2,0
15,5,10
7,7,0
1,8,-7
1,0,1
8,16,-8
3,9,-6
0,0,0
4,10,-6
90,7,83
2,0,2
3,14,-11
3,0,3
1,0,1
0,0,0
5,6,-1
22,15,7
1,2,-1
19,19,0
2,0,2
0,0,0
21,0,21
3,1,2
3,50,-47
15,4,11
2,9,-7
0,0,0
2,0,2
5,1,4
12,0,12
8,4,4
11,0,11
14,6,8
1,0,1
2,4,-2
18,6,12
1,1,0
2,0,2
1,0,1
0,1,-1
15,15,0
0,0,0
14,0,14
1,1,0
5,0,5
0,0,0
8,1,7
1,1,0
18,26,-8
4,2,2
13,9,4
1,0,1
8,6,2
4,1,3
22,1,21
16,7,9
0,0,0
3,1,2
9,2,7
11,7,4
7,1,6
0,2,-2
0,0,0
5,0,5
7,3,4
2,2,0
24,5,19
5,3,2
3,0,3
0,3,-3
0,1,-1
5,0,5
5,2,3
25,1,24
14,9,5
20,5,15
2,0,2
5,4,1
10,1,9
28,22,6
15,1,14
0,0,0
0,0,0
2,2,0
12,15,-3
0,0,0
0,0,0
2,17,-15
2,0,2
4,9,-5
0,0,0
1,0,1
7,0,7
0,0,0
5,5,0
2,1,1
9,8,1
0,0,0
2,19,-17
9,2,7
7,0,7
11,45,-34
2,0,2
1,0,1
3,1,2
1,1,0
0,0,0
3,2,1
14,5,9
5,2,3
2,0,2
27,16,11
1,0,1
1,1,0
4,5,-1
18,5,13
9,2,7
3,2,1
19,7,12
7,4,3
1,0,1
0,0,0
2,40,-38
8,7,1
0,0,0
79,1,78
4,0,4
2,0,2
3,2,1
4,1,3
1,7,-6
0,0,0
37,15,22
0,0,0
0,5,-5
9,1,8
5,5,0
5,2,3
8,8,0
0,0,0
0,2,-2
1,0,1
6,0,6
22,1,21
0,0,0
60,0,60
25,2,23
13,1,12
4,1,3
3,0,3
1,0,1
3,6,-3
4,2,2
2,2,0
10,9,1
4,0,4
8,2,6
10,5,5
6,2,4
3,0,3
1,3,-2
20,2,18
11,20,-9
4,0,4
7,0,7
1,12,-11
0,5,-5
14,12,2
7,0,7
6,3,3
5,8,-3
1,7,-6
0,0,0
39,0,39
2,2,0
3,2,1
11,14,-3
1,0,1
9,12,-3
22,25,-3
1,2,-1
3,0,3
1,0,1
2,24,-22
0,0,0
11,0,11
1,0,1
2,0,2
1,7,-6
21,8,13
0,0,0
1,0,1
11,0,11
0,5,-5
9,0,9
3,1,2
1,0,1
3,0,3
15,14,1
0,0,0
1,12,-11
1,0,1
2,0,2
2,2,0
0,0,0
2,4,-2
1,1,0
3,0,3
9,0,9
2,0,2
4,5,-1
3,9,-6
26,1,25
22,0,22
9,1,8
28,15,13
53,48,5
0,0,0
4,1,3
0,0,0
8,3,5
20,0,20
1,0,1
2,0,2
3,0,3
0,0,0
0,1,-1
13,15,-2
5,6,-1
13,7,6
13,5,8
0,0,0
3,0,3
5,51,-46
0,0,0
8,1,7
0,0,0
5,2,3
0,0,0
4,0,4
6,6,0
19,9,10
4,5,-1
0,0,0
0,0,0
0,0,0
2,0,2
0,0,0
3,0,3
1,1,0
0,0,0
4,1,3
11,17,-6
19,13,6
0,0,0
31,0,31
3,30,-27
7,9,-2
10,3,7
0,0,0
3,3,0
10,1,9
10,3,7
3,3,0
6,1,5
4,1,3
0,3,-3
2,0,2
0,0,0
5,6,-1
1,13,-12
0,0,0
7,0,7
9,0,9
2,0,2
3,2,1
2,15,-13
6,1,5
6,1,5
1,0,1
2,29,-27
5,2,3
7,1,6
3,3,0
18,0,18
2,1,1
10,1,9
3,0,3
0,0,0
3,0,3
0,0,0
3,1,2
0,0,0
39,0,39
0,0,0
24,1,23
26,2,24
2,0,2
11,1,10
0,0,0
3,2,1
0,4,-4
4,0,4
5,5,0
0,0,0
2,0,2
7,2,5
0,2,-2
9,9,0
2,0,2
21,13,8
9,6,3
0,3,-3
3,0,3
1,0,1
0,5,-5
23,0,23
34,1,33
6,3,3
0,0,0
0,19,-19
5,0,5
34,0,34
0,0,0
2,2,0
1,3,-2
9,10,-1
19,2,17
7,9,-2
5,0,5
28,1,27
0,0,0
15,4,11
6,0,6
3,1,2
6,4,2
4,7,-3
0,1,-1
16,1,15
7,7,0
11,0,11
3,7,-4
0,2,-2
0,0,0
5,0,5
3,0,3
9,9,0
0,2,-2
9,0,9
0,0,0
0,0,0
3,5,-2
3,2,1
1,0,1
2,0,2
8,2,6
2,9,-7
30,0,30
27,31,-4
3,0,3
17,5,12
4,0,4
13,11,2
0,3,-3
18,0,18
27,0,27
1,5,-4
0,1,-1
9,1,8
3,0,3
9,2,7
2,0,2
9,0,9
15,0,15
2,0,2
4,0,4
1,0,1
7,0,7
2,8,-6
0,0,0
2,0,2
7,12,-5
8,2,6
2,3,-1
43,5,38
17,17,0
0,0,0
0,0,0
0,1,-1
7,1,6
57,17,40
22,15,7
20,0,20
4,3,1
13,1,12
4,8,-4
8,2,6
0,0,0
8,4,4
5,2,3
32,15,17
11,0,11
4,10,-6
0,0,0
0,0,0
0,0,0
8,6,2
0,6,-6
1,2,-1
30,0,30
2,0,2
1,0,1
8,8,0
5,7,-2
1,3,-2
0,0,0
4,2,2
0,0,0
8,0,8
2,0,2
1,0,1
12,4,8
8,0,8
1,0,1
0,0,0
2,4,-2
0,2,-2
7,0,7
6,0,6
44,1,43
0,16,-16
2,1,1
0,57,-57
8,2,6
1,0,1
3,0,3
3,2,1
6,1,5
4,0,4
4,3,1
0,4,-4
2,0,2
5,7,-2
28,83,-55
4,0,4
0,1,-1
10,0,10
5,0,5
8,0,8
1,0,1
8,2,6
24,19,5
0,0,0
3,0,3
9,0,9
2,0,2
10,14,-4
25,5,20
25,0,25
3,2,1
1,0,1
12,10,2
0,3,-3
0,0,0
0,15,-15
0,4,-4
0,0,0
18,0,18
1,1,0
1,0,1
4,1,3
8,12,-4
18,9,9
16,0,16
0,0,0
24,2,22
9,2,7
0,0,0
11,2,9
21,16,5
13,6,7
8,0,8
0,0,0
9,5,4
2,2,0
1,0,1
6,15,-9
2,1,1
3,3,0
0,0,0
6,0,6
0,1,-1
22,0,22
3,0,3
2,3,-1
6,3,3
1,0,1
1,0,1
4,5,-1
2,0,2
5,7,-2
1,12,-11
4,1,3
5,5,0
8,6,2
1,0,1
3,0,3
8,17,-9
1,0,1
4,1,3
11,11,0
6,0,6
13,2,11
19,1,18
7,2,5
0,0,0
0,2,-2
2,6,-4
0,1,-1
4,2,2
1,2,-1
3,0,3
1,6,-5
2,9,-7
5,0,5
3,0,3
2,0,2
80,80,0
1,92,-91
13,0,13
2,4,-2
4,1,3
8,0,8
0,0,0
0,0,0
1,0,1
0,0,0
6,11,-5
5,0,5
1,1,0
15,4,11
1,0,1
12,7,5
6,4,2
0,0,0
7,5,2
3,0,3
3,4,-1
5,10,-5
1,40,-39
0,0,0
0,3,-3
1,0,1
0,0,0
6,7,-1
18,1,17
12,0,12
12,7,5
27,15,12
35,7,28
10,4,6
2,0,2
17,1,16
2,2,0
0,3,-3
1,0,1
0,0,0
0,0,0
5,2,3
4,6,-2
1,0,1
8,8,0
2,3,-1
3,0,3
0,0,0
18,34,-16
1,0,1
0,2,-2
5,3,2
0,0,0
6,1,5
0,0,0
5,0,5
12,11,1
0,2,-2
52,52,0
0,0,0
19,0,19
0,0,0
3,1,2
14,18,-4
4,1,3
4,0,4
0,0,0
0,0,0
1,2,-1
27,15,12
1,0,1
5,15,-10
3,2,1
10,7,3
0,0,0
0,0,0
0,0,0
0,2,-2
1,7,-6
26,5,21
1,0,1
3,0,3
3,0,3
4,0,4
86,7,79
1,0,1
23,7,16
4,2,2
14,4,10
4,4,0
0,0,0
6,2,4
18,4,14
8,45,-37
0,0,0
5,3,2
1,5,-4
12,0,12
2,2,0
0,4,-4
22,1,21
11,1,10
4,0,4
0,0,0
4,1,3
2,9,-7
15,1,14
13,8,5
0,5,-5
3,0,3
0,0,0
0,0,0
6,0,6
1,0,1
0,0,0
0,0,0
0,0,0
13,5,8
6,0,6
3,4,-1
41,0,41
0,0,0
7,4,3
12,5,7
43,43,0
3,4,-1
2,3,-1
4,15,-11
11,2,9
11,62,-51
9,0,9
13,0,13
2,4,-2
4,7,-3
0,0,0
1,0,1
11,7,4
3,0,3
3,2,1
25,25,0
10,4,6
4,0,4
5,16,-11
15,1,14
3,1,2
1,7,-6
0,5,-5
1,4,-3
0,0,0
15,9,6
0,8,-8
3,7,-4
1,3,-2
0,2,-2
11,12,-1
3,8,-5
17,33,-16
0,6,-6
2,0,2
7,1,6
6,2,4
0,2,-2
3,2,1
0,11,-11
4,3,1
12,0,12
15,7,8
2,2,0
1,0,1
0,2,-2
1,1,0
2,0,2
1,0,1
7,0,7
28,3,25
13,9,4
2,0,2
1,1,0
5,0,5
24,7,17
3,1,2
0,0,0
3,8,-5
10,1,9
2,0,2
0,0,0
0,0,0
0,0,0
34,34,0
1,0,1
8,5,3
0,0,0
24,9,15
4,1,3
1,0,1
8,0,8
1,0,1
1,0,1
7,5,2
1,1,0
6,5,1
1,0,1
3,0,3
0,0,0
4,3,1
2,4,-2
8,0,8
17,3,14
18,2,16
5,2,3
2,2,0
2,0,2
2,0,2
24,9,15
1,0,1
5,75,-70
14,14,0
10,4,6
10,7,3
8,0,8
0,0,0
0,9,-9
16,1,15
1,1,0
3,0,3
13,3,10
4,4,0
3,1,2
2,0,2
4,0,4
0,0,0
4,4,0
0,0,0
3,0,3
3,4,-1
0,0,0
9,4,5
8,0,8
0,2,-2
7,1,6
6,78,-72
3,0,3
0,1,-1
4,0,4
2,2,0
19,1,18
39,31,8
10,2,8
1,0,1
8,21,-13
0,19,-19
1,2,-1
1,0,1
1,5,-4
1,1,0
0,0,0
5,8,-3
10,0,10
8,7,1
14,7,7
12,6,6
2,0,2
10,9,1
25,39,-14
2,1,1
7,7,0
0,0,0
2,3,-1
11,2,9
15,0,15
0,0,0
3,7,-4
0,4,-4
13,5,8
3,0,3
9,2,7
10,9,1
6,4,2
0,0,0
5,2,3
2,1,1
3,2,1
15,6,9
2,0,2
0,0,0
1,0,1
6,2,4
18,10,8
3,2,1
1,0,1
2,0,2
2,1,1
8,4,4
1,0,1
10,31,-21
0,0,0
0,0,0
1,1,0
0,5,-5
4,1,3
15,1,14
3,1,2
0,0,0
12,25,-13
1,0,1
39,0,39
10,25,-15
0,3,-3
0,8,-8
0,0,0
4,0,4
26,0,26
2,0,2
1,0,1
1,0,1
1,0,1
2,0,2
6,3,3
0,0,0
10,9,1
13,3,10
0,0,0
2,2,0
2,1,1
1,0,1
4,9,-5
0,0,0
2,2,0
1,0,1
10,1,9
3,9,-6
0,0,0
0,0,0
14,6,8
21,0,21
3,21,-18
3,2,1
2,0,2
5,4,1
8,0,8
4,0,4
11,18,-7
1,0,1
9,1,8
12,5,7
14,9,5
14,27,-13
0,0,0
5,0,5
1,2,-1
5,0,5
5,0,5
6,26,-20
20,6,14
0,0,0
0,0,0
1,0,1
5,7,-2
1,0,1
0,4,-4
11,3,8
0,0,0
19,8,11
16,2,14
17,0,17
3,1,2
28,0,28
9,4,5
1,0,1
1,0,1
0,0,0
0,0,0
4,27,-23
5,4,1
4,0,4
4,2,2
2,5,-3
8,3,5
0,0,0
0,0,0
10,50,-40
4,0,4
0,1,-1
5,0,5
1,1,0
4,0,4
10,1,9
0,0,0
1,0,1
22,1,21
0,0,0
4,0,4
5,0,5
0,0,0
12,6,6
9,1,8
9,3,6
1,3,-2
0,0,0
4,0,4
7,10,-3
5,8,-3
3,0,3
5,0,5
4,4,0
18,20,-2
0,2,-2
3,2,1
1,0,1
0,0,0
1,1,0
19,4,15
2,0,2
2,2,0
21,0,21
1,0,1
0,0,0
1,0,1
8,6,2
1,0,1
21,11,10
23,0,23
0,9,-9
5,1,4
1,0,1
17,17,0
17,17,0
4,4,0
1,3,-2
1,2,-1
0,0,0
3,0,3
13,2,11
7,0,7
5,3,2
18,0,18
6,4,2
10,1,9
11,3,8
16,6,10
0,0,0
0,0,0
4,0,4
2,0,2
3,1,2
0,0,0
7,1,6
5,2,3
0,0,0
22,13,9
1,11,-10
4,0,4
0,0,0
6,0,6
2,0,2
8,0,8
20,11,9
0,0,0
3,5,-2
0,1,-1
1,2,-1
7,0,7
2,9,-7
1,0,1
14,1,13
42,34,8
10,1,9
1,0,1
3,1,2
1,1,0
0,1,-1
0,0,0
9,8,1
6,5,1
0,0,0
12,1,11
5,0,5
37,4,33
1,1,0
27,0,27
1,2,-1
7,5,2
6,0,6
0,2,-2
1,2,-1
5,2,3
0,17,-17
0,6,-6
6,0,6
2,6,-4
13,2,11
2,0,2
1,0,1
26,8,18
11,5,6
22,4,18
2,0,2
16,0,16
1,1,0
1,0,1
11,7,4
0,0,0
7,7,0
15,2,13
1,1,0
9,0,9
64,46,18
7,2,5
1,0,1
11,13,-2
5,0,5
1,45,-44
1,4,-3
17,1,16
8,11,-3
12,4,8
5,7,-2
1,1,0
2,0,2
4,4,0
7,0,7
8,0,8
1,0,1
3,2,1
0,0,0
3,0,3
5,0,5
0,0,0
0,0,0
0,3,-3
3,0,3
10,0,10
5,0,5
0,0,0
33,3,30
7,5,2
6,0,6
10,1,9
1,0,1
9,0,9
15,15,0
4,1,3
3,0,3
0,0,0
32,27,5
16,1,15
4,0,4
0,2,-2
6,0,6
0,0,0
3,2,1
9,15,-6
2,1,1
3,0,3
1,0,1
1,7,-6
10,2,8
35,0,35
24,2,22
8,7,1
18,0,18
0,3,-3
20,0,20
20,9,11
0,0,0
0,0,0
40,7,33
3,0,3
3,3,0
0,0,0
28,1,27
0,0,0
6,2,4
2,2,0
0,0,0
6,9,-3
10,9,1
0,0,0
12,4,8
3,0,3
0,0,0
8,0,8
8,0,8
15,1,14
2,0,2
4,3,1
10,22,-12
2,0,2
1,1,0
1,0,1
0,0,0
12,2,10
9,1,8
0,0,0
0,6,-6
4,0,4
14,25,-11
29,5,24
12,5,7
1,0,1
6,1,5
0,0,0
1,0,1
4,7,-3
0,2,-2
10,0,10
5,0,5
3,0,3
0,3,-3
8,10,-2
21,2,19
2,0,2
17,4,13
5,10,-5
2,0,2
11,7,4
1,0,1
1,0,1
0,0,0
23,0,23
53,5,48
0,0,0
0,0,0
2,0,2
3,2,1
0,7,-7
8,0,8
9,1,8
2,0,2
23,0,23
2,1,1
23,23,0
7,1,6
7,0,7
13,13,0
4,1,3
6,1,5
1,2,-1
2,0,2
11,1,10
9,3,6
7,1,6
4,4,0
0,1,-1
10,0,10
0,40,-40
0,22,-22
2,7,-5
0,1,-1
0,2,-2
0,0,0
8,0,8
2,0,2
12,16,-4
7,7,0
11,16,-5
5,4,1
5,7,-2
0,7,-7
0,0,0
3,0,3
4,1,3
5,0,5
0,2,-2
1,14,-13
20,0,20
4,2,2
0,0,0
6,3,3
13,3,10
11,8,3
3,7,-4
9,9,0
7,3,4
0,0,0
25,29,-4
8,2,6
0,0,0
0,0,0
4,13,-9
17,13,4
6,7,-1
1,1,0
0,0,0
8,2,6
0,0,0
23,27,-4
0,1,-1
5,0,5
17,19,-2
17,0,17
12,0,12
0,0,0
5,0,5
14,2,12
2,0,2
2,0,2
3,0,3
1,19,-18
13,1,12
5,3,2
5,5,0
8,0,8
27,0,27
18,1,17
4,4,0
2,1,1
2,0,2
13,9,4
2,3,-1
46,0,46
15,8,7
7,0,7
2,0,2
4,1,3
0,0,0
10,7,3
5,2,3
3,5,-2
0,0,0
3,1,2
0,0,0
3,0,3
16,7,9
0,0,0
6,1,5
1,0,1
1,2,-1
15,45,-30
2,1,1
6,4,2
2,0,2
1,1,0
6,1,5
10,3,7
0,0,0
0,0,0
5,4,1
2,0,2
10,8,2
21,15,6
3,1,2
0,0,0
1,0,1
2,9,-7
6,3,3
1,0,1
5,6,-1
3,4,-1
27,5,22
5,1,4
52,1,51
3,4,-1
8,10,-2
23,4,19
1,0,1
12,3,9
27,5,22
1,1,0
1,0,1
6,6,0
0,0,0
2,0,2
2,0,2
1,0,1
6,0,6
2,3,-1
3,1,2
0,0,0
2,2,0
8,8,0
7,8,-1
0,0,0
24,5,19
2,0,2
0,0,0
1,2,-1
0,71,-71
12,0,12
0,10,-10
12,1,11
0,3,-3
27,15,12
23,4,19
2,4,-2
0,0,0
37,0,37
12,34,-22
0,0,0
0,0,0
21,0,21
6,3,3
1,0,1
1,0,1
0,0,0
5,5,0
5,4,1
0,0,0
4,0,4
0,0,0
6,2,4
3,2,1
20,15,5
23,25,-2
0,0,0
2,0,2
4,1,3
0,0,0
17,5,12
0,1,-1
1,0,1
1,0,1
8,32,-24
3,4,-1
9,0,9
1,0,1
1,2,-1
2,21,-19
0,0,0
7,0,7
1,2,-1
26,4,22
3,1,2
0,0,0
3,16,-13
1,0,1
21,8,13
9,4,5
16,0,16
0,1,-1
6,1,5
2,1,1
7,5,2
13,5,8
0,0,0
0,3,-3
1,1,0
1,1,0
7,7,0
4,0,4
2,0,2
11,0,11
41,29,12
15,0,15
10,1,9
10,9,1
3,0,3
6,1,5
15,9,6
7,6,1
4,10,-6
2,2,0
29,29,0
7,6,1
20,5,15
1,7,-6
3,0,3
29,2,27
25,2,23
8,7,1
6,3,3
4,1,3
0,2,-2
0,0,0
1,1,0
1,0,1
58,10,48
2,5,-3
18,12,6
2,10,-8
22,0,22
26,0,26
7,3,4
10,8,2
5,3,2
4,1,3
0,0,0
0,0,0
34,27,7
8,6,2
10,9,1
4,0,4
3,2,1
1,0,1
2,1,1
31,3,28
0,1,-1
8,11,-3
1,4,-3
0,4,-4
0,15,-15
0,6,-6
3,25,-22
0,1,-1
9,0,9
4,3,1
0,0,0
0,0,0
0,4,-4
9,1,8
33,1,32
15,0,15
1,0,1
12,1,11
9,1,8
4,0,4
3,1,2
1,2,-1
0,3,-3
40,40,0
0,3,-3
0,0,0
0,0,0
0,3,-3
3,6,-3
3,0,3
9,10,-1
14,2,12
0,0,0
12,0,12
3,18,-15
14,8,6
5,1,4
0,0,0
0,2,-2
7,4,3
0,0,0
18,4,14
0,1,-1
1,11,-10
1,3,-2
2,3,-1
0,0,0
2,0,2
6,6,0
9,1,8
8,4,4
0,0,0
3,1,2
0,0,0
0,0,0
1,0,1
14,31,-17
0,0,0
1,0,1
7,7,0
15,13,2
2,0,2
2,13,-11
3,15,-12
18,20,-2
7,2,5
2,0,2
8,1,7
0,1,-1
2,3,-1
0,20,-20
0,2,-2
10,0,10
1,9,-8
0,0,0
4,0,4
0,0,0
3,1,2
17,3,14
0,1,-1
0,0,0
3,6,-3
7,0,7
31,1,30
0,14,-14
9,0,9
53,0,53
0,0,0
12,6,6
11,2,9
3,6,-3
6,0,6
2,0,2
3,2,1
0,0,0
0,7,-7
6,3,3
0,0,0
0,0,0
7,18,-11
1,0,1
0,1,-1
7,10,-3
0,0,0
7,0,7
13,4,9
4,0,4
1,0,1
11,8,3
7,1,6
4,3,1
1,2,-1
0,2,-2
1,0,1
0,0,0
0,0,0
1,4,-3
1,0,1
1,9,-8
15,1,14
23,19,4
1,0,1
33,0,33
4,40,-36
1,0,1
1,1,0
7,2,5
39,0,39
0,6,-6
0,0,0
1,0,1
0,0,0
29,0,29
1,0,1
6,9,-3
2,7,-5
14,7,7
7,1,6
7,0,7
5,4,1
3,3,0
6,14,-8
11,5,6
2,1,1
9,0,9
33,37,-4
0,0,0
4,5,-1
0,3,-3
2,1,1
11,0,11
0,4,-4
7,0,7
11,12,-1
8,0,8
10,5,5
2,2,0
0,0,0
2,14,-12
2,1,1
1,0,1
9,2,7
0,1,-1
1,0,1
14,7,7
7,4,3
7,1,6
0,0,0
15,0,15
4,0,4
8,8,0
0,0,0
11,13,-2
28,1,27
2,0,2
12,5,7
3,22,-19
6,1,5
1,0,1
0,2,-2
15,0,15
7,3,4
2,0,2
1,0,1
10,0,10
2,0,2
3,0,3
1,10,-9
1,0,1
1,0,1
4,2,2
19,0,19
10,7,3
19,10,9
21,21,0
0,8,-8
0,0,0
0,0,0
5,0,5
3,0,3
21,59,-38
8,0,8
44,7,37
2,4,-2
16,6,10
1,0,1
3,0,3
9,4,5
7,0,7
4,7,-3
1,2,-1
9,25,-16
0,0,0
7,0,7
16,0,16
0,0,0
2,1,1
1,0,1
0,0,0
8,11,-3
3,1,2
3,0,3
17,9,8
1,0,1
4,7,-3
1,0,1
1,4,-3
8,8,0
23,0,23
1,0,1
2,0,2
6,0,6
25,0,25
7,6,1
8,6,2
0,6,-6
11,4,7
32,9,23
4,7,-3
0,11,-11
4,1,3
4,4,0
24,34,-10
4,4,0
0,0,0
3,1,2
1,0,1
1,4,-3
5,7,-2
5,2,3
14,2,12
0,0,0
11,8,3
0,3,-3
25,19,6
1,0,1
4,1,3
13,10,3
15,7,8
9,7,2
5,1,4
4,9,-5
17,20,-3
3,3,0
3,0,3
10,0,10
19,1,18
18,2,16
6,8,-2
1,0,1
0,0,0
1,1,0
1,0,1
3,14,-11
2,2,0
10,3,7
13,1,12
9,7,2
39,0,39
2,1,1
1,8,-7
0,0,0
8,0,8
4,5,-1
0,0,0
4,0,4
9,2,7
0,0,0
14,7,7
2,0,2
9,14,-5
15,8,7
4,6,-2
0,2,-2
1,0,1
1,0,1
2,0,2
29,1,28
1,9,-8
3,1,2
8,15,-7
4,13,-9
28,10,18
5,0,5
2,0,2
0,0,0
2,1,1
5,1,4
5,5,0
4,1,3
7,0,7
3,0,3
5,0,5
31,1,30
9,0,9
18,9,9
0,0,0
4,1,3
10,1,9
16,1,15
6,0,6
3,0,3
4,4,0
3,0,3
0,2,-2
5,25,-20
0,0,0
1,1,0
0,1,-1
0,0,0
10,7,3
3,3,0
0,0,0
29,41,-12
4,0,4
1,1,0
5,19,-14
4,3,1
14,3,11
1,0,1
2,2,0
4,1,3
4,1,3
0,1,-1
6,11,-5
12,2,10
5,4,1
1,0,1
5,19,-14
3,3,0
1,0,1
4,0,4
1,5,-4
10,7,3
4,2,2
2,0,2
12,0,12
0,0,0
3,2,1
3,2,1
0,0,0
5,6,-1
2,2,0
0,0,0
0,0,0
3,2,1
37,6,31
11,1,10
1,0,1
0,0,0
11,7,4
7,4,3
1,0,1
0,5,-5
1,0,1
2,9,-7
10,10,0
21,15,6
2,0,2
17,0,17
3,1,2
0,0,0
4,2,2
0,33,-33
15,14,1
0,0,0
0,0,0
7,5,2
13,0,13
1,2,-1
37,6,31
1,0,1
10,1,9
3,0,3
0,6,-6
1,2,-1
2,17,-15
0,0,0
8,5,3
8,8,0
5,6,-1
1,0,1
2,1,1
3,1,2
0,3,-3
19,8,11
0,0,0
0,0,0
0,7,-7
20,16,4
15,19,-4
0,0,0
16,0,16
11,28,-17
12,0,12
6,0,6
12,1,11
7,1,6
2,1,1
1,0,1
0,1,-1
5,4,1
20,0,20
16,1,15
34,0,34
0,0,0
9,14,-5
1,4,-3
6,1,5
0,0,0
2,5,-3
0,2,-2
2,0,2
3,1,2
6,0,6
1,0,1
2,0,2
0,0,0
25,2,23
0,0,0
8,4,4
2,4,-2
0,0,0
1,2,-1
1,7,-6
14,4,10
12,1,11
0,10,-10
19,8,11
0,0,0
3,6,-3
9,0,9
0,0,0
6,5,1
1,1,0
0,6,-6
5,5,0
4,6,-2
23,1,22
41,28,13
4,4,0
11,0,11
4,0,4
2,6,-4
17,2,15
0,3,-3
3,0,3
0,0,0
6,8,-2
12,7,5
0,0,0
7,3,4
0,2,-2
0,0,0
11,0,11
1,0,1
18,12,6
0,0,0
0,0,0
0,0,0
19,2,17
5,3,2
2,1,1
2,2,0
1,0,1
4,1,3
0,0,0
0,0,0
3,2,1
0,1,-1
7,1,6
45,7,38
2,0,2
6,0,6
6,9,-3
14,6,8
0,0,0
8,25,-17
9,7,2
1,0,1
0,4,-4
6,4,2
8,4,4
0,5,-5
14,3,11
11,2,9
4,0,4
3,2,1
7,6,1
7,7,0
1,0,1
3,0,3
7,5,2
0,0,0
5,16,-11
9,1,8
3,55,-52
0,0,0
3,0,3
0,7,-7
8,0,8
8,3,5
0,0,0
7,7,0
19,3,16
1,0,1
10,3,7
7,0,7
4,4,0
0,0,0
6,6,0
62,16,46
1,3,-2
1,0,1
29,18,11
3,2,1
2,1,1
1,7,-6
0,0,0
0,3,-3
36,19,17
4,1,3
0,0,0
15,1,14
0,40,-40
0,0,0
1,0,1
0,0,0
10,9,1
4,1,3
3,1,2
6,5,1
2,2,0
20,42,-22
17,0,17
42,70,-28
13,2,11
30,17,13
1,7,-6
0,0,0
3,0,3
36,4,32
10,0,10
14,2,12
5,4,1
7,0,7
4,1,3
20,5,15
1,0,1
20,7,13
3,6,-3
1,2,-1
4,5,-1
6,6,0
7,1,6
5,0,5
16,5,11
0,0,0
7,2,5
2,7,-5
2,15,-13
0,0,0
2,3,-1
25,4,21
2,4,-2
3,1,2
4,0,4
7,5,2
9,0,9
29,0,29
1,3,-2
4,0,4
3,7,-4
10,6,4
3,0,3
31,17,14
13,0,13
0,10,-10
0,0,0
0,0,0
18,12,6
7,0,7
6,9,-3
1,20,-19
0,0,0
0,0,0
1,2,-1
10,4,6
0,0,0
17,14,3
11,24,-13
20,4,16
5,0,5
8,0,8
1,1,0
1,1,0
2,26,-24
7,4,3
32,32,0
4,0,4
6,1,5
11,1,10
2,2,0
14,2,12
3,7,-4
7,1,6
1,0,1
9,6,3
2,3,-1
13,0,13
8,19,-11
1,1,0
29,30,-1
2,0,2
2,0,2
1,3,-2
0,0,0
15,5,10
14,31,-17
0,0,0
1,0,1
0,2,-2
5,5,0
4,36,-32
1,3,-2
10,10,0
24,0,24
1,34,-33
0,0,0
16,0,16
0,0,0
0,1,-1
2,0,2
6,0,6
3,0,3
2,9,-7
15,10,5
6,1,5
7,1,6
2,0,2
20,22,-2
1,0,1
3,0,3
24,0,24
4,4,0
3,1,2
3,0,3
0,0,0
2,3,-1
9,1,8
0,0,0
1,4,-3
2,0,2
1,0,1
2,2,0
6,0,6
20,18,2
10,0,10
5,0,5
3,3,0
2,4,-2
2,0,2
10,1,9
15,13,2
18,4,14
5,0,5
0,0,0
1,1,0
0,0,0
1,0,1
0,0,0
2,0,2
0,4,-4
6,0,6
3,3,0
18,15,3
1,5,-4
4,0,4
3,1,2
5,4,1
0,2,-2
0,0,0
5,5,0
10,4,6
19,0,19
5,3,2
0,5,-5
0,0,0
21,1,20
0,4,-4
23,9,14
0,0,0
3,3,0
9,3,6
2,0,2
0,0,0
3,2,1
0,0,0
1,0,1
7,9,-2
26,0,26
8,7,1
21,5,16
20,0,20
6,0,6
6,3,3
46,3,43
0,0,0
2,7,-5
19,36,-17
1,0,1
5,1,4
20,1,19
0,0,0
4,0,4
8,5,3
4,0,4
6,0,6
0,0,0
11,8,3
0,2,-2
10,1,9
1,18,-17
0,2,-2
0,4,-4
18,2,16
5,41,-36
5,3,2
5,2,3
0,0,0
3,1,2
5,2,3
12,10,2
0,7,-7
0,0,0
3,20,-17
5,0,5
0,0,0
0,4,-4
1,1,0
8,6,2
0,2,-2
5,0,5
7,0,7
4,2,2
48,1,47
1,0,1
2,0,2
1,0,1
5,2,3
1,0,1
9,2,7
13,6,7
1,7,-6
6,2,4
23,0,23
14,5,9
6,2,4
5,6,-1
13,1,12
13,35,-22
4,0,4
9,0,9
3,9,-6
1,2,-1
7,4,3
21,3,18
22,5,17
5,2,3
0,0,0
7,3,4
3,5,-2
14,25,-11
7,4,3
7,0,7
17,7,10
6,0,6
0,0,0
9,2,7
6,2,4
2,59,-57
16,3,13
8,0,8
13,1,12
35,0,35
0,3,-3
1,0,1
3,1,2
1,0,1
2,0,2
0,0,0
3,0,3
2,0,2
1,0,1
34,25,9
4,0,4
9,0,9
1,2,-1
4,3,1
3,0,3
0,0,0
8,0,8
0,0,0
15,2,13
1,3,-2
10,5,5
1,0,1
23,0,23
3,4,-1
18,7,11
26,6,20
5,1,4
3,3,0
22,1,21
13,6,7
0,3,-3
10,7,3
12,0,12
2,0,2
22,5,17
14,2,12
5,3,2
6,4,2
20,24,-4
16,4,12
0,0,0
8,3,5
10,0,10
13,0,13
14,2,12
0,1,-1
10,7,3
9,1,8
2,25,-23
0,9,-9
13,1,12
2,0,2
1,1,0
4,1,3
0,0,0
4,2,2
2,0,2
8,3,5
0,0,0
0,1,-1
0,0,0
37,5,32
24,0,24
7,0,7
3,4,-1
13,2,11
3,0,3
17,0,17
1,0,1
23,27,-4
3,4,-1
8,1,7
1,0,1
5,5,0
0,0,0
4,0,4
6,0,6
4,2,2
34,14,20
0,0,0
0,5,-5
46,0,46
0,11,-11
3,2,1
0,0,0
0,0,0
8,0,8
2,3,-1
0,0,0
16,13,3
1,3,-2
1,3,-2
2,0,2
21,10,11
8,7,1
1,1,0
3,0,3
5,0,5
1,1,0
1,0,1
3,0,3
5,5,0
0,0,0
14,0,14
7,8,-1
19,0,19
6,0,6
6,1,5
1,1,0
26,8,18
7,36,-29
15,1,14
1,0,1
0,0,0
17,4,13
7,5,2
14,2,12
11,1,10
0,0,0
5,8,-3
6,0,6
5,2,3
0,0,0
0,19,-19
1,0,1
48,0,48
5,5,0
13,7,6
10,6,4
1,1,0
2,2,0
34,34,0
0,26,-26
0,2,-2
5,1,4
6,0,6
16,2,14
6,5,1
1,1,0
58,10,48
2,2,0
31,0,31
14,0,14
0,0,0
7,1,6
10,0,10
35,2,33
2,0,2
1,5,-4
20,15,5
9,3,6
4,9,-5
7,13,-6
5,6,-1
79,3,76
6,2,4
2,0,2
3,0,3
31,8,23
4,3,1
2,1,1
1,0,1
7,0,7
5,0,5
14,5,9
10,0,10
5,0,5
6,2,4
2,0,2
0,3,-3
3,1,2
1,3,-2
3,7,-4
4,0,4
1,0,1
2,0,2
18,9,9
5,0,5
7,7,0
0,0,0
1,0,1
1,3,-2
17,0,17
8,13,-5
23,1,22
1,0,1
4,0,4
0,0,0
7,2,5
5,4,1
2,25,-23
17,0,17
0,0,0
16,2,14
3,5,-2
0,0,0
0,1,-1
7,4,3
14,9,5
12,5,7
17,8,9
2,0,2
0,1,-1
14,0,14
14,11,3
0,0,0
11,4,7
0,0,0
1,0,1
2,2,0
4,5,-1
0,0,0
27,38,-11
5,1,4
2,16,-14
4,2,2
3,1,2
7,5,2
2,40,-38
27,1,26
2,0,2
0,0,0
0,4,-4
9,9,0
2,2,0
1,1,0
1,0,1
5,3,2
8,0,8
0,0,0
4,4,0
1,1,0
6,1,5
0,0,0
2,3,-1
35,0,35
1,0,1
18,7,11
9,0,9
5,0,5
6,0,6
1,1,0
0,0,0
16,0,16
6,2,4
4,2,2
1,1,0
8,0,8
4,0,4
5,7,-2
3,4,-1
17,16,1
7,1,6
5,19,-14
12,2,10
1,2,-1
14,2,12
1,0,1
4,0,4
1,3,-2
1,1,0
8,0,8
0,6,-6
18,55,-37
9,0,9
2,16,-14
9,4,5
9,47,-38
12,7,5
2,0,2
2,3,-1
0,1,-1
14,0,14
15,15,0
2,0,2
0,0,0
15,4,11
3,6,-3
0,0,0
3,22,-19
3,0,3
2,5,-3
11,7,4
1,5,-4
3,0,3
5,0,5
7,2,5
21,3,18
7,5,2
0,2,-2
0,0,0
0,0,0
32,2,30
2,0,2
2,0,2
4,0,4
2,0,2
16,72,-56
21,3,18
3,3,0
3,7,-4
1,7,-6
1,4,-3
11,0,11
3,0,3
4,5,-1
0,0,0
1,1,0
2,5,-3
1,0,1
1,0,1
28,1,27
0,0,0
9,52,-43
4,1,3
4,0,4
1,0,1
0,0,0
2,0,2
25,0,25
21,1,20
2,2,0
3,0,3
1,0,1
4,0,4
8,2,6
0,0,0
3,0,3
0,0,0
22,2,20
17,16,1
13,7,6
0,0,0
6,6,0
6,4,2
22,10,12
1,0,1
81,81,0
8,0,8
4,18,-14
0,0,0
5,7,-2
33,37,-4
0,0,0
0,0,0
3,3,0
34,0,34
1,1,0
6,0,6
11,0,11
0,1,-1
0,0,0
9,12,-3
2,1,1
7,0,7
3,0,3
1,4,-3
10,1,9
5,6,-1
7,4,3
1,0,1
1,2,-1
1,23,-22
15,2,13
16,1,15
5,3,2
0,0,0
0,0,0
5,1,4
0,0,0
8,4,4
1,5,-4
5,6,-1
1,0,1
2,0,2
31,33,-2
0,1,-1
0,2,-2
0,0,0
5,0,5
0,0,0
2,0,2
1,2,-1
2,3,-1
9,0,9
15,2,13
0,2,-2
6,0,6
0,0,0
2,5,-3
13,4,9
3,2,1
5,0,5
20,1,19
1,2,-1
7,0,7
2,0,2
14,9,5
0,6,-6
18,0,18
14,0,14
5,1,4
7,6,1
1,1,0
1,3,-2
9,4,5
13,2,11
2,2,0
0,0,0
1,0,1
19,19,0
22,0,22
6,2,4
0,0,0
0,0,0
1,2,-1
0,0,0
5,0,5
16,7,9
3,3,0
0,0,0
1,0,1
0,0,0
2,2,0
0,0,0
3,3,0
0,6,-6
2,3,-1
15,6,9
0,0,0
4,0,4
32,0,32
13,0,13
19,0,19
1,1,0
6,7,-1
0,0,0
14,8,6
22,0,22
0,0,0
12,1,11
1,9,-8
4,2,2
21,1,20
9,0,9
2,3,-1
0,0,0
1,2,-1
2,0,2
11,3,8
4,5,-1
5,3,2
0,0,0
41,28,13
34,0,34
6,0,6
1,0,1
7,0,7
2,0,2
0,0,0
2,2,0
13,13,0
8,0,8
7,7,0
9,9,0
11,0,11
1,14,-13
20,9,11
0,1,-1
2,2,0
0,0,0
1,0,1
30,2,28
20,17,3
4,1,3
0,0,0
0,1,-1
3,4,-1
3,4,-1
7,7,0
4,0,4
2,0,2
8,0,8
24,1,23
8,2,6
1,1,0
0,0,0
0,2,-2
0,0,0
2,2,0
5,0,5
1,0,1
1,1,0
0,0,0
14,3,11
0,0,0
0,0,0
11,0,11
1,1,0
25,44,-19
1,1,0
4,6,-2
4,0,4
2,0,2
1,2,-1
23,0,23
1,0,1
0,0,0
1,0,1
5,2,3
0,0,0
0,0,0
0,0,0
0,0,0
8,0,8
2,2,0
5,0,5
0,0,0
2,0,2
5,4,1
1,1,0
8,1,7
17,3,14
1,0,1
0,0,0
8,7,1
25,27,-2
27,9,18
0,0,0
3,7,-4
3,2,1
5,6,-1
2,2,0
0,0,0
7,7,0
1,0,1
1,3,-2
20,4,16
2,0,2
8,1,7
0,0,0
1,1,0
2,31,-29
4,0,4
0,4,-4
22,42,-20
9,1,8
0,0,0
1,0,1
2,4,-2
0,1,-1
12,0,12
1,0,1
7,8,-1
1,0,1
26,8,18
12,0,12
17,0,17
26,52,-26
4,0,4
21,1,20
11,4,7
8,3,5
2,1,1
1,44,-43
1,0,1
6,0,6
22,15,7
0,0,0
9,2,7
19,2,17
6,1,5
0,0,0
0,0,0
3,0,3
1,3,-2
10,12,-2
0,0,0
2,9,-7
7,4,3
0,0,0
7,0,7
10,2,8
2,3,-1
0,0,0
6,0,6
2,2,0
2,5,-3
4,8,-4
19,2,17
12,0,12
4,3,1
11,5,6
7,1,6
11,1,10
0,0,0
0,0,0
10,0,10
3,1,2
0,0,0
0,0,0
8,5,3
1,0,1
27,25,2
4,20,-16
3,5,-2
15,10,5
7,7,0
0,1,-1
1,0,1
0,0,0
90,57,33
8,0,8
3,0,3
3,5,-2
7,2,5
1,2,-1
6,0,6
0,0,0
34,10,24
0,0,0
29,20,9
13,2,11
2,0,2
0,1,-1
0,5,-5
8,21,-13
16,9,7
14,0,14
7,16,-9
0,0,0
0,0,0
2,1,1
3,0,3
4,3,1
0,0,0
2,0,2
15,1,14
14,38,-24
2,0,2
0,2,-2
6,0,6
6,0,6
4,1,3
8,8,0
5,0,5
1,1,0
9,0,9
13,0,13
0,0,0
5,10,-5
1,0,1
17,15,2
1,0,1
10,6,4
5,0,5
2,0,2
4,1,3
4,4,0
0,1,-1
0,21,-21
5,5,0
3,23,-20
4,0,4
1,0,1
2,2,0
2,5,-3
8,1,7
1,1,0
2,1,1
2,7,-5
7,0,7
16,61,-45
7,5,2
1,1,0
61,5,56
0,0,0
2,7,-5
2,2,0
14,1,13
0,0,0
3,15,-12
3,0,3
52,0,52
0,1,-1
19,5,14
3,0,3
0,0,0
5,0,5
2,0,2
37,1,36
0,7,-7
0,7,-7
2,1,1
15,0,15
4,0,4
1,1,0
12,0,12
22,4,18
17,0,17
2,0,2
13,0,13
4,1,3
1,0,1
11,11,0
8,2,6
3,4,-1
0,0,0
1,0,1
14,0,14
13,7,6
0,0,0
0,1,-1
4,0,4
2,0,2
9,11,-2
0,0,0
13,3,10
2,5,-3
2,1,1
2,16,-14
31,31,0
0,0,0
7,8,-1
0,0,0
0,1,-1
23,15,8
13,0,13
3,0,3
21,14,7
1,10,-9
20,0,20
15,1,14
5,0,5
0,0,0
6,2,4
5,6,-1
3,0,3
0,0,0
2,0,2
24,25,-1
1,0,1
9,7,2
28,5,23
30,0,30
1,7,-6
11,3,8
0,10,-10
0,0,0
8,4,4
12,0,12
4,2,2
9,0,9
15,0,15
7,3,4
4,7,-3
4,0,4
3,0,3
5,6,-1
7,0,7
0,0,0
6,4,2
0,0,0
7,5,2
1,0,1
16,16,0
3,6,-3
0,2,-2
0,0,0
4,0,4
4,7,-3
4,1,3
1,1,0
2,3,-1
7,0,7
0,8,-8
25,3,22
0,0,0
2,2,0
14,5,9
0,0,0
3,0,3
16,7,9
2,0,2
0,0,0
0,0,0
10,0,10
20,10,10
3,0,3
1,7,-6
13,0,13
0,0,0
2,2,0
3,0,3
2,0,2
3,2,1
4,0,4
0,0,0
12,0,12
17,0,17
1,1,0
33,22,11
1,0,1
2,0,2
0,1,-1
0,20,-20
1,1,0
9,3,6
5,0,5
3,4,-1
1,0,1
27,9,18
1,0,1
2,2,0
4,9,-5
20,4,16
1,0,1
29,33,-4
6,1,5
26,12,14
3,0,3
1,4,-3
1,0,1
28,37,-9
10,8,2
3,0,3
2,0,2
0,0,0
2,0,2
1,2,-1
3,0,3
0,4,-4
0,0,0
0,0,0
2,0,2
7,9,-2
40,3,37
0,7,-7
5,1,4
1,0,1
4,0,4
7,5,2
7,7,0
21,13,8
8,2,6
12,9,3
3,2,1
4,0,4
2,3,-1
17,10,7
0,3,-3
0,1,-1
0,0,0
14,13,1
10,4,6
3,0,3
1,2,-1
9,0,9
1,0,1
2,1,1
17,7,10
3,3,0
4,7,-3
9,2,7
17,7,10
9,2,7
0,0,0
5,51,-46
1,9,-8
2,0,2
0,0,0
2,0,2
47,0,47
1,5,-4
6,0,6
31,7,24
2,0,2
1,0,1
1,0,1
3,0,3
37,0,37
8,1,7
4,5,-1
10,0,10
8,1,7
7,7,0
66,0,66
5,17,-12
0,1,-1
1,3,-2
1,5,-4
2,7,-5
7,0,7
1,0,1
8,35,-27
0,0,0
13,0,13
4,4,0
11,3,8
51,20,31
14,17,-3
3,0,3
14,1,13
6,4,2
0,0,0
1,1,0
4,1,3
0,0,0
0,1,-1
6,5,1
2,0,2
0,3,-3
3,3,0
1,1,0
0,0,0
3,1,2
18,11,7
6,3,3
2,1,1
18,1,17
0,0,0
0,0,0
2,0,2
0,0,0
13,5,8
12,0,12
0,0,0
3,9,-6
0,0,0
6,0,6
6,0,6
13,6,7
1,0,1
15,3,12
11,3,8
2,1,1
2,0,2
6,0,6
6,1,5
13,5,8
0,2,-2
0,0,0
1,0,1
6,0,6
22,3,19
9,7,2
5,0,5
11,3,8
11,2,9
0,2,-2
0,0,0
4,1,3
0,13,-13
6,10,-4
4,0,4
36,16,20
13,22,-9
12,0,12
0,1,-1
0,0,0
9,0,9
10,27,-17
6,2,4
4,1,3
0,0,0
9,3,6
3,4,-1
6,0,6
2,5,-3
5,14,-9
2,0,2
4,4,0
0,2,-2
0,2,-2
6,1,5
3,15,-12
6,2,4
0,3,-3
36,1,35
2,0,2
2,0,2
0,0,0
1,7,-6
13,7,6
0,0,0
0,4,-4
0,0,0
0,0,0
0,0,0
5,1,4
9,0,9
2,1,1
15,2,13
6,6,0
0,0,0
16,9,7
0,1,-1
2,2,0
0,0,0
0,0,0
0,0,0
3,0,3
2,0,2
9,1,8
4,36,-32
2,0,2
0,1,-1
1,9,-8
10,10,0
0,0,0
0,0,0
2,0,2
2,8,-6
25,1,24
10,1,9
0,0,0
6,5,1
1,0,1
0,0,0
3,30,-27
1,0,1
0,0,0
3,2,1
4,3,1
2,7,-5
0,0,0
21,2,19
0,0,0
1,0,1
0,0,0
0,0,0
5,0,5
12,2,10
11,1,10
3,1,2
1,1,0
6,3,3
0,0,0
0,0,0
27,33,-6
16,9,7
3,0,3
8,6,2
0,0,0
3,2,1
25,30,-5
2,0,2
5,7,-2
11,0,11
1,0,1
0,0,0
2,7,-5
0,0,0
6,4,2
8,9,-1
14,1,13
0,3,-3
0,0,0
1,0,1
11,11,0
20,4,16
9,0,9
0,0,0
3,0,3
23,1,22
2,0,2
2,3,-1
16,6,10
6,4,2
0,0,0
0,0,0
0,1,-1
19,1,18
0,0,0
14,0,14
2,0,2
1,1,0
17,11,6
1,6,-5
3,0,3
0,0,0
0,0,0
0,3,-3
2,0,2
12,9,3
12,11,1
5,1,4
0,0,0
5,10,-5
2,0,2
8,2,6
2,2,0
9,1,8
3,4,-1
2,40,-38
4,0,4
5,15,-10
5,4,1
0,1,-1
7,1,6
4,0,4
12,1,11
10,1,9
32,82,-50
28,31,-3
5,1,4
6,6,0
6,3,3
0,4,-4
16,8,8
3,6,-3
34,1,33
0,1,-1
24,19,5
0,0,0
0,0,0
0,3,-3
6,0,6
3,0,3
15,4,11
0,0,0
34,20,14
18,19,-1
10,1,9
39,27,12
3,0,3
2,20,-18
8,3,5
6,0,6
9,14,-5
4,1,3
0,6,-6
4,13,-9
1,0,1
6,1,5
3,0,3
1,1,0
19,6,13
5,12,-7
10,1,9
3,0,3
7,1,6
1,0,1
13,0,13
25,3,22
7,3,4
1,1,0
1,1,0
6,0,6
7,7,0
3,1,2
17,8,9
3,0,3
4,0,4
0,0,0
3,7,-4
6,5,1
6,0,6
3,0,3
15,5,10
2,0,2
15,0,15
7,39,-32
10,0,10
13,23,-10
6,1,5
0,1,-1
4,3,1
1,0,1
1,0,1
14,14,0
0,0,0
16,6,10
11,0,11
1,3,-2
18,0,18
0,2,-2
0,0,0
12,0,12
4,0,4
3,0,3
0,0,0
17,2,15
3,0,3
11,2,9
0,3,-3
1,6,-5
0,25,-25
8,10,-2
8,10,-2
8,14,-6
6,0,6
2,0,2
5,0,5
1,3,-2
27,1,26
12,0,12
1,0,1
1,0,1
15,47,-32
0,0,0
0,0,0
13,0,13
43,2,41
3,8,-5
1,0,1
1,0,1
0,0,0
3,0,3
4,0,4
0,0,0
4,1,3
0,2,-2
0,14,-14
2,1,1
14,7,7
2,2,0
0,0,0
18,0,18
1,0,1
13,0,13
0,0,0
12,5,7
38,38,0
10,2,8
6,16,-10
3,3,0
20,2,18
0,0,0
2,1,1
0,0,0
0,0,0
0,0,0
8,7,1
3,2,1
0,10,-10
3,4,-1
9,8,1
0,0,0
3,1,2
8,11,-3
0,5,-5
7,1,6
6,0,6
2,0,2
0,0,0
5,1,4
2,1,1
2,3,-1
2,0,2
19,0,19
0,5,-5
5,0,5
2,5,-3
0,5,-5
5,2,3
4,0,4
5,3,2
0,0,0
0,0,0
7,0,7
6,13,-7
0,0,0
2,0,2
12,19,-7
1,0,1
6,2,4
1,0,1
0,1,-1
1,0,1
42,38,4
8,5,3
4,0,4
0,0,0
0,1,-1
6,0,6
1,0,1
9,14,-5
0,2,-2
0,0,0
5,0,5
0,0,0
0,0,0
0,2,-2
0,0,0
0,0,0
0,0,0
6,1,5
12,0,12
0,0,0
3,2,1
6,0,6
21,3,18
23,9,14
2,0,2
11,0,11
4,0,4
4,0,4
15,5,10
2,0,2
10,10,0
0,0,0
0,2,-2
2,0,2
5,0,5
13,0,13
4,0,4
6,4,2
12,3,9
21,0,21
0,0,0
20,51,-31
12,1,11
29,25,4
1,2,-1
0,0,0
12,10,2
1,1,0
0,0,0
0,0,0
3,1,2
2,3,-1
15,4,11
3,7,-4
7,0,7
20,6,14
16,10,6
9,3,6
9,16,-7
24,1,23
0,0,0
0,0,0
18,0,18
6,4,2
0,1,-1
26,81,-55
14,9,5
0,0,0
0,7,-7
6,4,2
0,0,0
1,0,1
11,7,4
5,0,5
52,8,44
8,22,-14
0,0,0
0,0,0
19,1,18
2,0,2
2,0,2
4,0,4
1,1,0
9,3,6
0,0,0
19,0,19
0,0,0
0,5,-5
19,1,18
2,0,2
24,24,0
1,2,-1
1,22,-21
3,0,3
0,6,-6
1,0,1
2,0,2
34,34,0
8,7,1
3,1,2
18,7,11
6,6,0
13,3,10
1,2,-1
13,18,-5
2,2,0
13,1,12
0,0,0
6,9,-3
0,0,0
10,6,4
0,0,0
3,4,-1
1,2,-1
1,0,1
0,2,-2
9,0,9
10,1,9
0,0,0
0,2,-2
19,8,11
5,5,0
0,13,-13
0,0,0
17,0,17
16,3,13
9,7,2
8,8,0
2,1,1
1,0,1
0,0,0
0,0,0
12,1,11
4,0,4
0,0,0
0,2,-2
0,2,-2
9,18,-9
5,6,-1
1,0,1
2,1,1
3,0,3
9,0,9
0,0,0
1,0,1
8,0,8
5,7,-2
0,0,0
5,3,2
13,0,13
0,4,-4
1,0,1
0,0,0
7,6,1
6,0,6
0,0,0
1,0,1
2,0,2
7,3,4
13,3,10
4,0,4
1,1,0
6,0,6
5,0,5
7,2,5
0,3,-3
14,70,-56
5,5,0
0,0,0
1,1,0
56,13,43
5,4,1
4,3,1
4,1,3
33,2,31
3,5,-2
0,0,0
7,0,7
1,0,1
9,7,2
1,1,0
10,1,9
33,33,0
15,0,15
5,0,5
5,5,0
1,5,-4
39,27,12
2,3,-1
2,1,1
0,3,-3
12,5,7
8,5,3
1,0,1
1,3,-2
0,0,0
1,0,1
1,0,1
0,5,-5
1,5,-4
5,4,1
9,20,-11
1,1,0
7,1,6
2,2,0
5,19,-14
12,0,12
6,5,1
16,1,15
2,1,1
5,0,5
2,0,2
5,9,-4
4,1,3
0,0,0
0,0,0
7,2,5
14,22,-8
0,0,0
37,8,29
4,7,-3
16,0,16
1,1,0
0,0,0
1,3,-2
0,0,0
3,1,2
0,4,-4
7,8,-1
1,0,1
17,16,1
14,2,12
2,7,-5
11,1,10
1,7,-6
15,0,15
16,0,16
12,3,9
22,2,20
14,2,12
7,0,7
3,0,3
23,23,0
5,1,4
12,7,5
0,0,0
4,0,4
1,0,1
6,2,4
5,0,5
0,0,0
5,6,-1
0,0,0
5,4,1
16,6,10
3,6,-3
15,20,-5
17,4,13
0,0,0
0,1,-1
0,0,0
1,0,1
5,3,2
2,0,2
3,0,3
33,1,32
2,0,2
6,19,-13
0,7,-7
3,2,1
18,0,18
6,0,6
0,8,-8
5,5,0
29,37,-8
3,2,1
1,3,-2
10,6,4
0,0,0
2,0,2
2,2,0
3,1,2
3,0,3
2,3,-1
0,0,0
0,0,0
3,1,2
2,1,1
11,0,11
12,7,5
8,0,8
20,0,20
9,9,0
1,2,-1
7,1,6
12,3,9
4,0,4
1,0,1
11,2,9
10,10,0
15,2,13
0,0,0
12,29,-17
6,3,3
8,14,-6
38,4,34
5,7,-2
15,5,10
2,0,2
0,0,0
3,0,3
4,0,4
9,0,9
1,0,1
1,1,0
4,1,3
4,3,1
3,0,3
8,0,8
0,0,0
0,0,0
2,1,1
6,7,-1
3,2,1
3,0,3
13,5,8
13,0,13
2,0,2
22,7,15
4,0,4
1,1,0
3,0,3
15,13,2
4,0,4
13,9,4
1,0,1
11,14,-3
13,0,13
2,3,-1
2,6,-4
0,0,0
3,0,3
4,2,2
2,7,-5
11,0,11
2,1,1
3,3,0
9,0,9
3,1,2
5,54,-49
12,6,6
8,0,8
39,1,38
0,0,0
10,3,7
0,0,0
29,40,-11
10,7,3
3,1,2
4,0,4
34,1,33
0,0,0
3,8,-5
7,2,5
6,1,5
3,21,-18
0,0,0
0,1,-1
0,0,0
8,1,7
0,13,-13
2,0,2
68,0,68
1,0,1
6,2,4
12,1,11
5,0,5
0,0,0
2,1,1
2,3,-1
1,0,1
20,15,5
0,5,-5
7,0,7
13,3,10
9,7,2
0,2,-2
7,2,5
11,6,5
29,5,24
4,0,4
6,20,-14
0,0,0
4,1,3
43,5,38
4,0,4
17,11,6
1,1,0
0,0,0
0,4,-4
14,10,4
9,1,8
0,14,-14
14,13,1
12,5,7
6,4,2
5,0,5
9,7,2
0,0,0
2,0,2
0,0,0
2,3,-1
0,2,-2
4,0,4
13,1,12
9,14,-5
1,0,1
0,0,0
16,7,9
7,2,5
6,0,6
0,0,0
4,0,4
10,8,2
9,11,-2
1,4,-3
0,2,-2
0,0,0
0,0,0
2,0,2
20,0,20
18,1,17
0,0,0
4,0,4
2,2,0
7,7,0
2,6,-4
0,0,0
10,1,9
1,4,-3
0,0,0
9,3,6
4,0,4
2,1,1
0,0,0
0,0,0
16,2,14
7,1,6
7,1,6
0,0,0
6,2,4
4,1,3
0,6,-6
0,0,0
0,0,0
4,6,-2
1,0,1
1,0,1
15,13,2
8,1,7
1,15,-14
4,7,-3
37,0,37
3,1,2
3,3,0
3,5,-2
17,1,16
3,0,3
0,0,0
6,1,5
20,2,18
1,0,1
10,0,10
1,7,-6
0,0,0
9,7,2
1,0,1
3,2,1
0,0,0
2,0,2
22,0,22
19,7,12
26,2,24
11,3,8
3,0,3
3,4,-1
30,6,24
8,3,5
3,4,-1
0,1,-1
7,3,4
2,0,2
17,1,16
1,2,-1
8,3,5
0,0,0
6,6,0
17,0,17
20,2,18
10,8,2
12,7,5
0,0,0
1,2,-1
0,6,-6
3,0,3
4,0,4
3,6,-3
8,34,-26
1,0,1
6,0,6
1,0,1
48,0,48
2,0,2
2,0,2
0,0,0
3,9,-6
6,0,6
3,8,-5
0,0,0
10,9,1
0,7,-7
5,4,1
36,10,26
9,12,-3
38,34,4
22,5,17
11,8,3
0,0,0
3,22,-19
1,0,1
9,2,7
1,2,-1
9,9,0
3,0,3
1,0,1
0,0,0
2,0,2
0,0,0
11,5,6
5,0,5
5,6,-1
1,1,0
27,46,-19
2,1,1
4,0,4
18,7,11
0,0,0
1,19,-18
11,3,8
0,0,0
14,19,-5
0,0,0
20,20,0
11,10,1
1,0,1
2,0,2
1,7,-6
6,11,-5
1,0,1
4,38,-34
4,1,3
3,0,3
5,0,5
0,0,0
2,5,-3
1,10,-9
13,11,2
0,5,-5
2,2,0
0,0,0
1,1,0
9,0,9
15,0,15
14,0,14
2,41,-39
4,0,4
17,0,17
14,11,3
6,1,5
0,0,0
2,3,-1
2,0,2
0,0,0
3,7,-4
4,4,0
0,0,0
0,0,0
10,0,10
3,1,2
10,17,-7
3,1,2
11,0,11
2,2,0
0,0,0
0,0,0
9,0,9
13,3,10
3,2,1
0,0,0
0,0,0
2,0,2
6,5,1
2,6,-4
3,0,3
9,6,3
3,0,3
0,0,0
0,0,0
4,0,4
4,0,4
11,2,9
0,0,0
19,30,-11
7,17,-10
9,0,9
21,2,19
4,0,4
5,4,1
4,0,4
2,0,2
16,1,15
1,1,0
44,2,42
16,1,15
2,0,2
31,0,31
34,10,24
0,0,0
1,0,1
3,2,1
0,0,0
6,3,3
6,2,4
1,0,1
7,5,2
1,1,0
0,0,0
19,0,19
3,1,2
2,2,0
0,0,0
0,1,-1
5,18,-13
12,1,11
0,0,0
6,7,-1
15,10,5
13,0,13
2,1,1
17,0,17
15,0,15
9,5,4
0,0,0
7,7,0
8,0,8
0,0,0
1,9,-8
13,6,7
0,0,0
3,0,3
12,21,-9
8,1,7
16,0,16
25,29,-4
12,7,5
9,0,9
6,0,6
7,1,6
9,0,9
11,29,-18
0,0,0
4,5,-1
1,0,1
0,0,0
1,0,1
2,0,2
46,5,41
12,0,12
1,3,-2
2,0,2
2,0,2
2,0,2
39,3,36
1,0,1
0,0,0
6,2,4
36,0,36
0,9,-9
40,0,40
3,0,3
0,0,0
0,4,-4
1,0,1
40,40,0
1,0,1
3,0,3
3,0,3
0,0,0
5,1,4
0,1,-1
1,2,-1
17,1,16
26,5,21
18,5,13
2,0,2
27,0,27
0,2,-2
12,1,11
8,0,8
5,5,0
8,0,8
10,1,9
8,0,8
0,1,-1
1,2,-1
3,0,3
1,1,0
3,0,3
12,13,-1
1,2,-1
13,14,-1
3,7,-4
0,0,0
1,0,1
5,9,-4
1,0,1
7,8,-1
0,3,-3
2,7,-5
1,0,1
11,9,2
1,9,-8
5,0,5
4,0,4
1,13,-12
0,0,0
3,2,1
1,0,1
8,7,1
10,3,7
5,6,-1
26,22,4
1,1,0
0,0,0
1,0,1
20,2,18
0,0,0
9,1,8
9,3,6
1,2,-1
1,0,1
12,0,12
0,0,0
6,0,6
0,1,-1
7,12,-5
10,8,2
2,4,-2
1,1,0
4,1,3
10,2,8
9,9,0
7,0,7
5,0,5
1,2,-1
6,2,4
10,0,10
2,2,0
1,0,1
6,15,-9
24,7,17
0,0,0
1,0,1
7,9,-2
16,0,16
6,1,5
11,1,10
2,0,2
84,84,0
1,0,1
5,0,5
20,7,13
0,0,0
0,3,-3
0,0,0
8,2,6
4,7,-3
4,0,4
0,0,0
0,0,0
8,3,5
10,0,10
32,3,29
15,3,12
3,2,1
3,0,3
0,0,0
6,5,1
1,3,-2
29,1,28
2,3,-1
0,1,-1
0,1,-1
7,1,6
44,13,31
0,1,-1
15,4,11
2,0,2
2,0,2
1,0,1
4,2,2
22,0,22
0,0,0
31,1,30
3,1,2
5,8,-3
14,16,-2
0,0,0
39,7,32
4,4,0
2,0,2
9,0,9
1,21,-20
10,1,9
0,2,-2
3,2,1
8,0,8
7,10,-3
0,0,0
0,0,0
23,22,1
18,7,11
7,0,7
2,0,2
0,0,0
3,2,1
1,0,1
5,0,5
0,1,-1
0,0,0
14,10,4
31,3,28
0,0,0
4,2,2
1,1,0
1,7,-6
1,1,0
2,2,0
7,0,7
16,1,15
0,0,0
23,9,14
2,7,-5
25,2,23
6,7,-1
0,22,-22
0,0,0
37,20,17
1,0,1
6,2,4
6,1,5
0,0,0
1,0,1
7,1,6
2,1,1
0,3,-3
4,0,4
6,4,2
0,0,0
0,0,0
0,4,-4
4,1,3
1,0,1
5,15,-10
4,9,-5
11,47,-36
0,3,-3
1,0,1
1,0,1
8,3,5
9,0,9
1,0,1
1,2,-1
1,2,-1
11,3,8
21,4,17
2,0,2
1,0,1
2,0,2
1,2,-1
15,15,0
8,0,8
3,0,3
6,3,3
13,7,6
12,1,11
0,0,0
1,46,-45
0,0,0
0,0,0
0,0,0
2,0,2
6,6,0
0,2,-2
11,8,3
3,0,3
5,12,-7
0,0,0
4,7,-3
4,0,4
3,4,-1
9,9,0
0,0,0
5,2,3
0,0,0
0,0,0
3,0,3
4,0,4
5,0,5
1,0,1
3,2,1
0,0,0
2,0,2
61,61,0
15,7,8
1,0,1
7,8,-1
5,4,1
0,0,0
2,9,-7
24,14,10
8,0,8
12,12,0
0,1,-1
3,0,3
11,0,11
1,2,-1
0,7,-7
3,4,-1
7,7,0
2,0,2
1,0,1
0,7,-7
0,2,-2
0,0,0
3,2,1
3,2,1
28,2,26
14,1,13
10,8,2
0,0,0
16,4,12
4,7,-3
4,0,4
21,7,14
6,17,-11
6,6,0
6,0,6
0,3,-3
3,0,3
3,5,-2
0,2,-2
6,3,3
0,0,0
25,0,25
5,4,1
31,72,-41
18,7,11
0,0,0
6,2,4
11,0,11
1,0,1
1,3,-2
6,1,5
0,1,-1
5,2,3
6,3,3
4,2,2
5,6,-1
7,26,-19
36,20,16
49,49,0
4,2,2
13,0,13
7,4,3
3,2,1
2,7,-5
27,27,0
1,0,1
11,0,11
0,7,-7
1,0,1
1,13,-12
9,3,6
4,0,4
2,0,2
0,0,0
18,0,18
4,0,4
4,2,2
5,2,3
0,1,-1
4,1,3
0,4,-4
1,0,1
2,0,2
10,7,3
4,2,2
1,0,1
1,0,1
5,1,4
0,0,0
2,2,0
28,8,20
1,1,0
2,0,2
8,5,3
0,1,-1
15,1,14
5,7,-2
3,3,0
1,0,1
1,0,1
12,3,9
4,0,4
7,0,7
0,3,-3
7,2,5
0,0,0
1,1,0
9,7,2
2,0,2
0,0,0
4,0,4
3,7,-4
1,7,-6
13,0,13
18,7,11
0,5,-5
10,2,8
1,8,-7
1,0,1
3,1,2
0,0,0
11,12,-1
0,2,-2
8,1,7
0,0,0
3,19,-16
10,2,8
8,2,6
14,0,14
3,0,3
2,0,2
2,3,-1
1,2,-1
8,16,-8
1,0,1
0,7,-7
66,66,0
2,3,-1
0,3,-3
10,2,8
6,9,-3
1,0,1
1,0,1
10,13,-3
3,0,3
0,0,0
52,0,52
6,0,6
2,1,1
12,7,5
0,3,-3
6,1,5
3,0,3
13,2,11
1,0,1
1,7,-6
16,7,9
2,0,2
8,11,-3
11,2,9
1,1,0
3,0,3
32,50,-18
7,7,0
0,1,-1
0,0,0
5,11,-6
18,0,18
1,0,1
7,0,7
0,0,0
5,0,5
4,0,4
1,1,0
2,9,-7
10,10,0
3,1,2
16,0,16
4,1,3
1,14,-13
1,3,-2
0,7,-7
2,2,0
0,0,0
2,1,1
1,1,0
0,0,0
1,4,-3
0,55,-55
0,10,-10
9,6,3
2,1,1
3,55,-52
2,6,-4
3,1,2
1,0,1
3,13,-10
0,4,-4
0,1,-1
1,0,1
1,0,1
1,0,1
0,0,0
1,1,0
3,0,3
9,1,8
24,0,24
2,0,2
4,0,4
28,1,27
15,3,12
1,2,-1
2,3,-1
2,0,2
3,1,2
3,10,-7
2,0,2
3,2,1
0,1,-1
4,0,4
16,6,10
2,2,0
3,2,1
7,0,7
0,0,0
5,7,-2
6,2,4
5,0,5
4,0,4
0,0,0
2,0,2
0,1,-1
0,0,0
11,0,11
4,0,4
2,1,1
17,2,15
25,1,24
2,2,0
47,5,42
0,0,0
2,1,1
2,1,1
5,0,5
36,5,31
12,0,12
0,0,0
4,0,4
36,3,33
1,1,0
8,15,-7
3,1,2
8,1,7
4,1,3
3,0,3
7,10,-3
5,12,-7
2,7,-5
16,0,16
8,9,-1
6,0,6
1,0,1
3,3,0
14,1,13
3,0,3
6,5,1
17,6,11
14,2,12
1,0,1
7,2,5
7,0,7
30,27,3
21,9,12
0,0,0
2,8,-6
24,12,12
9,0,9
0,1,-1
1,0,1
1,0,1
5,1,4
9,8,1
9,0,9
5,2,3
39,0,39
0,2,-2
0,0,0
11,0,11
0,0,0
7,8,-1
10,7,3
5,11,-6
0,0,0
0,1,-1
8,0,8
2,1,1
0,0,0
12,1,11
6,0,6
11,1,10
10,10,0
9,0,9
0,0,0
9,9,0
9,1,8
0,1,-1
2,0,2
1,0,1
7,0,7
1,0,1
10,0,10
15,22,-7
4,7,-3
76,76,0
13,7,6
7,22,-15
9,0,9
6,8,-2
1,1,0
0,0,0
9,5,4
0,0,0
0,0,0
0,0,0
4,2,2
11,0,11
12,1,11
1,1,0
3,0,3
2,0,2
0,0,0
0,3,-3
1,1,0
14,1,13
0,0,0
0,1,-1
0,0,0
5,0,5
7,5,2
0,1,-1
8,3,5
25,68,-43
4,0,4
18,14,4
4,10,-6
0,0,0
0,2,-2
48,25,23
2,55,-53
12,40,-28
20,5,15
25,0,25
1,0,1
0,3,-3
8,0,8
10,2,8
8,4,4
1,0,1
4,0,4
5,1,4
4,1,3
14,3,11
3,0,3
1,5,-4
1,0,1
2,1,1
2,3,-1
9,1,8
8,0,8
18,7,11
0,0,0
7,1,6
2,21,-19
3,0,3
8,2,6
5,2,3
1,0,1
1,9,-8
0,0,0
18,20,-2
14,14,0
26,16,10
0,5,-5
4,0,4
8,8,0
0,0,0
0,0,0
4,1,3
0,0,0
5,1,4
2,0,2
0,0,0
0,0,0
10,5,5
4,0,4
20,16,4
7,1,6
4,2,2
14,5,9
9,0,9
10,10,0
1,7,-6
9,8,1
13,0,13
8,5,3
5,54,-49
4,12,-8
21,17,4
21,0,21
5,0,5
7,0,7
0,0,0
3,2,1
36,0,36
8,5,3
5,0,5
9,0,9
2,1,1
0,21,-21
10,4,6
0,0,0
3,3,0
3,4,-1
12,0,12
0,0,0
15,0,15
5,11,-6
5,11,-6
109,109,0
0,0,0
0,0,0
5,3,2
6,10,-4
0,6,-6
7,0,7
0,0,0
0,0,0
0,0,0
3,0,3
3,0,3
0,0,0
0,5,-5
6,2,4
30,1,29
3,0,3
4,0,4
2,4,-2
24,0,24
9,15,-6
11,0,11
1,0,1
3,4,-1
22,7,15
16,6,10
13,9,4
2,4,-2
2,3,-1
5,0,5
25,9,16
0,2,-2
4,0,4
7,0,7
24,1,23
0,0,0
12,0,12
0,0,0
35,10,25
0,0,0
1,3,-2
5,0,5
37,0,37
4,0,4
0,0,0
11,11,0
10,0,10
4,0,4
5,1,4
8,6,2
4,4,0
7,0,7
4,14,-10
3,3,0
1,4,-3
3,2,1
0,0,0
10,7,3
8,1,7
2,0,2
1,1,0
0,2,-2
3,0,3
1,1,0
1,0,1
2,0,2
43,0,43
4,7,-3
8,1,7
4,0,4
34,9,25
3,2,1
1,0,1
0,0,0
4,7,-3
0,9,-9
1,2,-1
3,0,3
0,0,0
3,0,3
5,6,-1
0,3,-3
5,1,4
5,16,-11
5,1,4
10,6,4
40,0,40
1,2,-1
1,9,-8
5,3,2
16,9,7
10,0,10
3,1,2
3,7,-4
2,1,1
3,3,0
5,0,5
0,0,0
0,0,0
4,0,4
16,10,6
2,0,2
3,6,-3
4,7,-3
1,5,-4
10,7,3
12,0,12
0,0,0
1,2,-1
5,3,2
20,2,18
16,4,12
0,0,0
9,7,2
0,17,-17
4,0,4
14,1,13
7,1,6
4,1,3
1,1,0
1,14,-13
0,0,0
8,3,5
2,3,-1
6,0,6
21,32,-11
5,3,2
0,2,-2
0,0,0
1,5,-4
6,22,-16
7,2,5
1,0,1
5,5,0
9,9,0
2,0,2
12,47,-35
1,2,-1
0,22,-22
7,0,7
4,3,1
12,14,-2
6,1,5
3,2,1
7,1,6
9,2,7
13,10,3
6,0,6
4,4,0
10,1,9
3,3,0
1,0,1
7,1,6
1,7,-6
11,0,11
0,5,-5
1,0,1
15,0,15
5,5,0
11,2,9
11,6,5
2,5,-3
18,4,14
1,0,1
5,1,4
13,0,13
1,0,1
13,7,6
6,0,6
1,0,1
2,2,0
2,1,1
1,0,1
13,13,0
9,0,9
13,1,12
5,5,0
19,7,12
1,5,-4
3,0,3
3,1,2
8,4,4
8,9,-1
21,5,16
11,1,10
0,0,0
15,11,4
3,7,-4
3,3,0
0,0,0
0,0,0
12,0,12
1,5,-4
1,3,-2
2,0,2
0,0,0
2,0,2
0,5,-5
0,1,-1
0,0,0
0,0,0
20,11,9
7,1,6
4,4,0
1,4,-3
0,0,0
4,0,4
2,7,-5
6,3,3
0,0,0
8,11,-3
3,8,-5
1,4,-3
0,0,0
9,18,-9
6,0,6
0,0,0
0,1,-1
3,12,-9
0,0,0
6,1,5
15,9,6
2,1,1
2,0,2
17,6,11
24,0,24
1,23,-22
0,0,0
45,3,42
11,7,4
1,0,1
2,0,2
9,5,4
24,8,16
2,0,2
0,0,0
0,0,0
5,0,5
7,3,4
8,2,6
7,0,7
3,5,-2
2,2,0
0,1,-1
0,0,0
14,5,9
0,1,-1
25,10,15
10,5,5
1,15,-14
0,4,-4
1,1,0
50,43,7
8,1,7
6,2,4
6,0,6
0,0,0
6,9,-3
12,26,-14
2,1,1
7,1,6
17,38,-21
0,0,0
3,7,-4
9,7,2
7,7,0
0,0,0
12,6,6
15,3,12
2,0,2
10,0,10
2,0,2
5,3,2
7,1,6
4,25,-21
13,1,12
5,13,-8
16,0,16
10,3,7
0,5,-5
18,4,14
13,9,4
6,6,0
0,0,0
0,1,-1
7,7,0
5,0,5
11,0,11
4,1,3
9,2,7
0,0,0
12,2,10
4,0,4
11,4,7
31,0,31
11,7,4
6,5,1
4,8,-4
1,0,1
1,24,-23
12,0,12
9,2,7
3,1,2
5,0,5
2,27,-25
16,5,11
1,0,1
1,0,1
0,0,0
2,2,0
0,0,0
0,6,-6
3,0,3
13,9,4
0,0,0
1,0,1
11,5,6
6,0,6
6,9,-3
6,0,6
8,3,5
4,7,-3
2,2,0
0,0,0
20,20,0
3,0,3
3,0,3
10,3,7
4,0,4
3,0,3
11,10,1
0,0,0
0,0,0
10,0,10
5,0,5
27,0,27
0,0,0
9,3,6
0,0,0
22,0,22
34,0,34
10,1,9
4,2,2
4,48,-44
4,0,4
29,1,28
12,0,12
13,0,13
12,0,12
4,0,4
1,0,1
3,3,0
36,0,36
30,14,16
5,7,-2
5,5,0
0,15,-15
4,5,-1
7,1,6
5,3,2
0,0,0
7,0,7
5,0,5
15,46,-31
1,1,0
0,6,-6
1,1,0
43,1,42
1,7,-6
2,3,-1
0,1,-1
16,1,15
1,1,0
2,27,-25
15,2,13
5,0,5
3,1,2
4,0,4
12,2,10
1,0,1
4,1,3
14,7,7
0,0,0
12,2,10
24,20,4
0,0,0
22,20,2
6,5,1
26,0,26
12,7,5
2,1,1
0,0,0
13,7,6
5,0,5
0,0,0
10,2,8
0,0,0
6,0,6
6,7,-1
9,7,2
23,0,23
17,1,16
10,0,10
43,22,21
2,3,-1
0,0,0
0,0,0
24,15,9
6,0,6
10,1,9
3,0,3
4,0,4
5,4,1
8,16,-8
0,0,0
2,1,1
1,0,1
5,0,5
3,0,3
3,0,3
2,3,-1
17,0,17
7,5,2
7,0,7
3,14,-11
0,0,0
99,99,0
6,2,4
9,4,5
5,2,3
0,0,0
34,2,32
18,0,18
3,7,-4
15,32,-17
46,5,41
15,9,6
4,7,-3
3,8,-5
0,0,0
15,7,8
4,0,4
0,2,-2
0,0,0
1,6,-5
18,36,-18
10,13,-3
0,1,-1
17,9,8
4,7,-3
31,0,31
9,0,9
9,11,-2
0,2,-2
4,0,4
3,1,2
4,2,2
11,1,10
1,0,1
5,1,4
4,3,1
7,0,7
6,4,2
20,0,20
3,5,-2
0,0,0
0,9,-9
12,6,6
40,7,33
7,18,-11
17,0,17
0,0,0
6,2,4
1,0,1
5,0,5
14,14,0
3,5,-2
3,8,-5
2,0,2
3,0,3
15,3,12
9,10,-1
0,2,-2
0,0,0
11,1,10
0,7,-7
4,2,2
1,0,1
2,1,1
29,0,29
8,29,-21
3,3,0
13,0,13
23,7,16
1,9,-8
17,0,17
2,1,1
4,4,0
3,3,0
11,7,4
22,3,19
2,0,2
4,3,1
6,0,6
3,0,3
6,0,6
4,3,1
0,2,-2
9,0,9
0,0,0
5,13,-8
0,2,-2
35,5,30
0,9,-9
12,11,1
10,11,-1
0,1,-1
3,2,1
5,0,5
0,0,0
5,7,-2
0,0,0
5,0,5
2,0,2
3,2,1
1,0,1
20,22,-2
25,35,-10
5,0,5
2,5,-3
1,21,-20
2,0,2
11,10,1
0,0,0
11,5,6
16,2,14
5,7,-2
10,2,8
14,3,11
3,0,3
10,6,4
22,1,21
1,0,1
12,7,5
0,3,-3
5,2,3
2,1,1
0,0,0
2,0,2
0,0,0
8,0,8
0,3,-3
2,6,-4
4,4,0
15,20,-5
1,0,1
46,0,46
2,7,-5
0,0,0
10,31,-21
4,7,-3
0,0,0
13,6,7
0,3,-3
4,0,4
4,0,4
5,7,-2
8,1,7
1,5,-4
4,9,-5
3,4,-1
2,0,2
1,0,1
3,1,2
2,2,0
23,0,23
6,1,5
4,4,0
7,0,7
5,2,3
1,0,1
3,17,-14
16,0,16
17,0,17
0,0,0
1,0,1
0,0,0
10,10,0
2,5,-3
5,4,1
38,1,37
0,0,0
1,1,0
9,0,9
0,0,0
5,7,-2
6,0,6
3,5,-2
0,0,0
4,9,-5
6,2,4
4,2,2
0,0,0
4,0,4
5,1,4
1,13,-12
0,1,-1
7,0,7
1,2,-1
4,2,2
5,0,5
3,0,3
10,0,10
3,2,1
1,0,1
1,0,1
3,0,3
13,0,13
1,0,1
6,2,4
5,2,3
2,0,2
5,4,1
9,1,8
9,0,9
1,5,-4
0,0,0
1,4,-3
0,0,0
1,1,0
0,0,0
13,3,10
10,0,10
34,0,34
23,0,23
9,0,9
6,12,-6
0,0,0
15,15,0
2,6,-4
13,11,2
1,0,1
10,28,-18
30,0,30
53,0,53
19,0,19
5,1,4
5,0,5
2,7,-5
8,6,2
28,31,-3
5,2,3
70,1,69
6,21,-15
5,1,4
5,1,4
15,12,3
2,2,0
0,0,0
3,5,-2
2,1,1
0,0,0
10,12,-2
0,5,-5
3,11,-8
0,0,0
0,0,0
18,20,-2
3,1,2
14,0,14
8,1,7
0,0,0
2,0,2
4,3,1
11,16,-5
3,3,0
5,5,0
7,0,7
14,47,-33
0,0,0
0,11,-11
0,2,-2
13,3,10
2,5,-3
7,4,3
5,7,-2
1,1,0
8,0,8
13,1,12
4,0,4
0,0,0
6,1,5
16,7,9
1,2,-1
0,1,-1
6,6,0
14,26,-12
5,12,-7
24,3,21
4,2,2
10,0,10
0,3,-3
34,34,0
0,0,0
38,1,37
4,0,4
25,16,9
1,0,1
4,2,2
0,0,0
4,0,4
1,0,1
2,2,0
12,7,5
3,1,2
2,0,2
0,0,0
4,3,1
20,2,18
3,1,2
1,1,0
2,0,2
0,11,-11
1,0,1
2,0,2
1,1,0
2,3,-1
0,0,0
4,8,-4
0,0,0
12,1,11
4,6,-2
0,0,0
8,1,7
6,2,4
0,0,0
2,0,2
3,11,-8
16,1,15
2,0,2
2,4,-2
2,1,1
0,0,0
1,0,1
18,9,9
2,0,2
0,0,0
7,17,-10
1,0,1
3,5,-2
3,0,3
0,0,0
3,9,-6
1,1,0
10,2,8
12,5,7
75,2,73
15,2,13
2,0,2
6,0,6
6,0,6
4,40,-36
34,8,26
15,10,5
3,0,3
1,1,0
2,2,0
15,7,8
13,11,2
18,1,17
13,1,12
3,0,3
20,7,13
2,2,0
0,0,0
12,0,12
9,0,9
9,10,-1
31,17,14
1,1,0
0,0,0
3,4,-1
2,0,2
0,8,-8
5,2,3
9,5,4
24,0,24
0,0,0
1,3,-2
3,3,0
21,23,-2
12,12,0
11,0,11
11,5,6
0,0,0
19,10,9
7,0,7
5,6,-1
0,2,-2
35,1,34
10,3,7
8,0,8
3,0,3
0,7,-7
4,3,1
11,0,11
2,0,2
22,15,7
0,0,0
0,0,0
5,0,5
2,7,-5
5,5,0
0,0,0
7,0,7
2,0,2
28,0,28
0,2,-2
2,0,2
0,1,-1
4,5,-1
3,31,-28
18,1,17
4,1,3
0,14,-14
23,7,16
16,0,16
9,19,-10
6,9,-3
3,0,3
10,10,0
6,0,6
8,6,2
0,0,0
4,1,3
3,0,3
11,0,11
6,0,6
11,5,6
2,0,2
3,3,0
5,0,5
5,0,5
7,22,-15
0,0,0
4,0,4
0,7,-7
0,0,0
24,23,1
0,3,-3
2,0,2
7,6,1
7,15,-8
0,7,-7
6,0,6
3,3,0
1,0,1
6,0,6
11,2,9
10,1,9
1,2,-1
10,2,8
9,6,3
0,0,0
9,9,0
0,0,0
4,0,4
0,2,-2
1,0,1
0,0,0
8,0,8
8,0,8
8,6,2
10,1,9
1,34,-33
1,0,1
5,7,-2
0,1,-1
0,0,0
4,2,2
23,8,15
2,7,-5
2,0,2
71,71,0
0,0,0
0,2,-2
1,0,1
2,1,1
0,0,0
0,0,0
0,1,-1
1,0,1
2,4,-2
16,2,14
3,1,2
7,7,0
14,22,-8
10,0,10
5,0,5
9,2,7
2,9,-7
2,0,2
0,2,-2
23,0,23
7,2,5
0,0,0
1,0,1
7,4,3
0,0,0
0,0,0
2,0,2
3,5,-2
9,4,5
7,0,7
0,2,-2
9,1,8
3,6,-3
0,1,-1
5,5,0
21,6,15
0,0,0
0,0,0
3,0,3
3,7,-4
5,0,5
25,2,23
0,0,0
0,0,0
6,7,-1
14,10,4
5,0,5
27,2,25
15,0,15
2,0,2
3,0,3
24,6,18
0,0,0
29,5,24
3,0,3
0,0,0
5,9,-4
17,7,10
10,10,0
0,0,0
2,0,2
2,5,-3
6,4,2
0,0,0
5,2,3
1,0,1
0,0,0
27,3,24
3,0,3
1,0,1
3,3,0
4,1,3
3,2,1
5,7,-2
3,2,1
13,5,8
11,12,-1
19,4,15
0,0,0
11,1,10
1,0,1
7,14,-7
18,1,17
10,0,10
0,3,-3
17,1,16
5,1,4
1,0,1
1,0,1
0,0,0
20,30,-10
18,2,16
7,1,6
2,0,2
8,8,0
2,1,1
5,0,5
8,2,6
13,0,13
14,11,3
24,1,23
5,2,3
5,0,5
11,0,11
2,4,-2
9,0,9
6,0,6
0,0,0
3,3,0
0,0,0
11,2,9
2,0,2
11,0,11
13,0,13
1,1,0
8,8,0
7,0,7
6,4,2
16,0,16
23,0,23
0,0,0
1,2,-1
4,1,3
12,0,12
5,1,4
2,1,1
0,0,0
5,0,5
30,8,22
0,0,0
5,0,5
42,12,30
6,0,6
0,0,0
19,5,14
8,1,7
1,0,1
6,20,-14
6,0,6
3,1,2
10,1,9
0,0,0
10,14,-4
1,0,1
4,2,2
8,0,8
0,1,-1
0,1,-1
5,1,4
2,0,2
13,0,13
0,5,-5
24,0,24
11,0,11
2,0,2
8,4,4
7,3,4
33,1,32
9,9,0
6,10,-4
2,3,-1
0,0,0
1,1,0
0,0,0
1,0,1
0,0,0
3,3,0
1,0,1
4,0,4
1,3,-2
1,0,1
19,2,17
8,1,7
0,0,0
0,4,-4
9,10,-1
7,5,2
2,5,-3
5,0,5
0,0,0
1,5,-4
23,3,20
4,4,0
11,0,11
1,0,1
5,0,5
6,1,5
3,2,1
2,0,2
17,2,15
4,12,-8
4,1,3
19,0,19
5,2,3
18,5,13
23,0,23
7,9,-2
0,1,-1
4,0,4
31,0,31
7,10,-3
2,1,1
23,15,8
20,8,12
5,2,3
5,0,5
10,48,-38
3,3,0
8,9,-1
0,0,0
7,0,7
10,6,4
0,4,-4
4,0,4
7,3,4
27,0,27
21,1,20
0,0,0
9,22,-13
5,25,-20
7,0,7
0,2,-2
9,0,9
4,0,4
1,1,0
0,0,0
2,0,2
0,8,-8
1,1,0
23,5,18
0,0,0
8,4,4
20,11,9
3,1,2
0,0,0
10,8,2
4,5,-1
1,6,-5
1,0,1
0,0,0
13,2,11
9,5,4
2,0,2
0,0,0
0,0,0
0,0,0
3,8,-5
3,3,0
3,0,3
31,0,31
0,6,-6
15,0,15
0,13,-13
12,8,4
1,1,0
0,0,0
0,0,0
0,0,0
0,3,-3
0,1,-1
0,0,0
1,0,1
5,7,-2
7,1,6
7,7,0
4,0,4
0,0,0
0,0,0
1,0,1
12,0,12
0,0,0
1,1,0
1,37,-36
10,2,8
18,3,15
5,2,3
2,9,-7
0,0,0
5,0,5
1,9,-8
11,39,-28
1,2,-1
11,3,8
6,6,0
5,8,-3
5,3,2
3,3,0
0,0,0
0,0,0
4,0,4
20,3,17
23,2,21
7,4,3
1,0,1
6,0,6
2,0,2
0,0,0
4,1,3
4,2,2
8,2,6
8,3,5
0,0,0
1,9,-8
14,0,14
5,1,4
1,1,0
6,2,4
0,0,0
7,3,4
12,19,-7
1,0,1
5,0,5
7,3,4
0,0,0
0,2,-2
0,0,0
2,4,-2
5,3,2
15,5,10
9,9,0
1,7,-6
16,0,16
2,7,-5
4,2,2
5,11,-6
0,2,-2
0,1,-1
4,4,0
10,0,10
9,19,-10
10,14,-4
2,8,-6
40,0,40
2,0,2
3,0,3
15,2,13
4,0,4
1,0,1
30,0,30
2,4,-2
7,0,7
0,2,-2
15,5,10
7,0,7
1,1,0
1,0,1
3,0,3
0,0,0
1,1,0
34,34,0
13,0,13
11,7,4
3,0,3
1,1,0
2,0,2
5,0,5
1,4,-3
4,0,4
2,0,2
4,1,3
13,1,12
21,8,13
6,0,6
1,4,-3
1,1,0
0,0,0
3,0,3
0,0,0
10,5,5
5,11,-6
13,0,13
0,0,0
7,6,1
4,3,1
3,2,1
4,4,0
16,2,14
2,0,2
2,0,2
1,0,1
12,38,-26
3,0,3
0,1,-1
30,0,30
33,1,32
0,0,0
20,15,5
4,0,4
1,0,1
8,8,0
15,20,-5
19,0,19
9,10,-1
7,1,6
3,5,-2
3,2,1
11,1,10
0,0,0
1,2,-1
0,0,0
1,2,-1
0,0,0
6,0,6
4,0,4
1,0,1
9,0,9
1,1,0
0,0,0
2,7,-5
32,2,30
11,0,11
0,0,0
2,7,-5
5,2,3
0,2,-2
2,23,-21
13,1,12
9,5,4
0,0,0
11,6,5
24,0,24
13,1,12
0,2,-2
9,7,2
0,1,-1
1,5,-4
18,0,18
2,2,0
14,10,4
2,0,2
1,0,1
2,0,2
5,0,5
0,0,0
24,0,24
5,1,4
8,3,5
7,0,7
5,0,5
3,0,3
4,2,2
27,8,19
0,0,0
9,0,9
0,0,0
1,2,-1
1,1,0
7,1,6
7,6,1
4,2,2
24,8,16
6,0,6
0,0,0
1,0,1
10,6,4
2,0,2
0,3,-3
1,0,1
16,6,10
22,0,22
2,0,2
15,0,15
17,0,17
17,4,13
7,7,0
0,7,-7
16,2,14
1,0,1
14,5,9
2,6,-4
6,4,2
1,0,1
37,5,32
1,0,1
5,2,3
0,0,0
5,6,-1
0,0,0
6,6,0
18,2,16
1,0,1
22,1,21
1,0,1
7,13,-6
0,0,0
34,5,29
8,7,1
2,0,2
2,0,2
8,3,5
1,1,0
1,0,1
3,4,-1
27,2,25
1,7,-6
1,0,1
4,10,-6
17,0,17
0,1,-1
8,1,7
3,0,3
0,0,0
1,1,0
7,5,2
16,2,14
6,2,4
0,0,0
35,1,34
1,0,1
4,2,2
17,0,17
0,0,0
1,14,-13
0,0,0
4,0,4
6,0,6
7,0,7
3,2,1
5,7,-2
2,1,1
9,2,7
4,0,4
3,3,0
4,4,0
7,2,5
0,0,0
25,21,4
0,1,-1
0,0,0
17,2,15
15,6,9
7,12,-5
19,8,11
1,0,1
63,29,34
1,0,1
3,2,1
5,1,4
0,1,-1
12,7,5
1,0,1
8,0,8
0,0,0
12,0,12
5,1,4
3,5,-2
4,0,4
1,2,-1
5,36,-31
4,5,-1
14,0,14
3,6,-3
44,0,44
6,2,4
0,0,0
8,5,3
0,2,-2
0,0,0
2,2,0
3,9,-6
2,2,0
4,6,-2
4,0,4
5,1,4
2,0,2
30,11,19
20,5,15
8,0,8
4,5,-1
22,0,22
0,0,0
0,9,-9
6,11,-5
2,2,0
3,2,1
0,0,0
8,15,-7
3,7,-4
9,15,-6
0,0,0
0,1,-1
3,7,-4
2,8,-6
7,4,3
0,0,0
2,0,2
0,0,0
11,6,5
3,1,2
0,0,0
3,0,3
3,2,1
20,0,20
1,9,-8
6,0,6
0,16,-16
1,2,-1
0,0,0
4,0,4
0,0,0
5,4,1
15,7,8
2,0,2
3,9,-6
5,5,0
9,0,9
1,2,-1
4,8,-4
8,0,8
4,0,4
0,2,-2
100,100,0
10,5,5
1,1,0
7,6,1
4,0,4
15,0,15
5,4,1
2,7,-5
3,0,3
0,0,0
8,3,5
2,1,1
11,2,9
5,1,4
9,10,-1
0,0,0
4,0,4
0,0,0
9,0,9
13,1,12
3,0,3
28,0,28
43,1,42
6,6,0
4,2,2
2,1,1
6,2,4
10,0,10
1,0,1
2,8,-6
16,0,16
20,4,16
0,7,-7
6,0,6
3,0,3
2,0,2
1,0,1
10,2,8
3,3,0
4,0,4
23,1,22
6,6,0
2,1,1
17,1,16
6,2,4
3,1,2
2,6,-4
0,0,0
7,1,6
2,0,2
4,0,4
4,0,4
3,2,1
9,15,-6
0,0,0
22,10,12
3,1,2
9,0,9
4,2,2
14,5,9
10,1,9
0,1,-1
8,9,-1
0,1,-1
3,0,3
12,2,10
19,19,0
10,0,10
5,1,4
0,0,0
1,0,1
2,11,-9
1,1,0
1,0,1
2,0,2
1,51,-50
1,1,0
12,5,7
12,0,12
2,0,2
3,1,2
7,9,-2
7,0,7
27,6,21
5,1,4
11,2,9
2,0,2
5,0,5
9,7,2
0,0,0
1,2,-1
13,3,10
4,0,4
0,0,0
5,0,5
1,4,-3
13,15,-2
13,19,-6
18,2,16
2,1,1
1,2,-1
9,0,9
3,0,3
1,2,-1
34,1,33
35,2,33
7,5,2
6,2,4
33,1,32
2,1,1
1,3,-2
7,21,-14
0,0,0
1,2,-1
1,0,1
1,1,0
3,1,2
0,3,-3
3,12,-9
4,9,-5
4,5,-1
25,0,25
13,6,7
3,7,-4
1,0,1
2,1,1
0,1,-1
3,1,2
11,2,9
5,10,-5
8,4,4
0,0,0
29,7,22
20,4,16
5,1,4
2,1,1
1,1,0
5,4,1
6,3,3
2,1,1
1,0,1
3,1,2
9,0,9
48,0,48
7,5,2
4,0,4
3,2,1
7,1,6
0,1,-1
26,1,25
2,1,1
2,2,0
0,0,0
0,0,0
6,0,6
3,4,-1
6,7,-1
0,0,0
2,2,0
16,6,10
2,1,1
2,3,-1
11,0,11
18,25,-7
2,3,-1
4,1,3
13,0,13
1,0,1
1,1,0
64,0,64
1,0,1
12,12,0
2,0,2
1,0,1
31,2,29
1,1,0
7,9,-2
26,9,17
8,5,3
0,0,0
4,6,-2
5,5,0
0,7,-7
0,2,-2
4,0,4
1,1,0
4,2,2
8,7,1
0,0,0
1,0,1
7,0,7
9,6,3
3,3,0
14,0,14
0,1,-1
9,2,7
11,6,5
3,6,-3
3,0,3
5,1,4
1,1,0
0,1,-1
0,0,0
13,0,13
13,3,10
2,0,2
1,1,0
2,9,-7
0,0,0
0,2,-2
6,6,0
1,1,0
18,0,18
8,3,5
11,3,8
2,0,2
2,1,1
0,5,-5
1,2,-1
42,6,36
0,0,0
10,0,10
5,0,5
1,1,0
3,0,3
6,4,2
1,5,-4
0,0,0
5,5,0
11,7,4
1,2,-1
2,0,2
2,1,1
5,1,4
2,0,2
4,7,-3
37,37,0
2,9,-7
0,0,0
5,1,4
5,4,1
0,0,0
11,11,0
35,34,1
0,0,0
6,1,5
6,1,5
19,0,19
0,0,0
1,9,-8
0,0,0
2,0,2
55,0,55
0,0,0
14,0,14
2,2,0
0,0,0
3,1,2
6,38,-32
9,1,8
1,2,-1
5,5,0
5,4,1
16,0,16
8,5,3
1,0,1
4,0,4
1,5,-4
5,0,5
1,0,1
2,0,2
1,8,-7
2,0,2
12,6,6
18,15,3
0,0,0
1,0,1
2,1,1
2,0,2
0,0,0
1,0,1
5,4,1
0,0,0
1,40,-39
1,0,1
1,11,-10
12,0,12
14,3,11
5,0,5
3,2,1
3,13,-10
25,7,18
3,0,3
5,6,-1
1,1,0
1,2,-1
13,0,13
4,4,0
4,0,4
1,1,0
5,2,3
17,18,-1
16,1,15
12,1,11
10,7,3
0,0,0
0,0,0
25,34,-9
2,2,0
8,2,6
11,0,11
1,4,-3
1,2,-1
2,2,0
5,2,3
2,11,-9
12,0,12
6,2,4
1,0,1
7,0,7
10,0,10
14,3,11
1,1,0
3,1,2
0,0,0
0,0,0
4,0,4
20,0,20
1,2,-1
0,0,0
2,2,0
34,1,33
14,9,5
0,0,0
15,29,-14
8,0,8
15,1,14
18,1,17
1,0,1
1,2,-1
9,49,-40
5,1,4
0,0,0
0,0,0
3,5,-2
1,1,0
0,1,-1
0,4,-4
1,0,1
15,1,14
0,0,0
11,7,4
4,11,-7
1,3,-2
10,1,9
6,30,-24
14,1,13
0,0,0
1,0,1
2,0,2
23,46,-23
17,23,-6
0,0,0
9,11,-2
12,2,10
17,0,17
1,0,1
2,0,2
8,1,7
2,0,2
4,3,1
1,4,-3
2,0,2
36,20,16
42,12,30
0,0,0
15,1,14
1,0,1
2,1,1
0,0,0
7,4,3
16,16,0
0,0,0
22,14,8
20,4,16
1,0,1
0,4,-4
1,0,1
25,0,25
10,10,0
2,1,1
0,0,0
0,0,0
1,6,-5
3,0,3
6,9,-3
0,2,-2
5,7,-2
0,1,-1
0,0,0
33,7,26
15,8,7
0,0,0
2,0,2
0,1,-1
8,1,7
5,0,5
23,0,23
0,0,0
1,1,0
0,2,-2
11,8,3
3,4,-1
0,0,0
33,33,0
1,0,1
1,0,1
5,0,5
3,0,3
2,1,1
7,0,7
0,2,-2
7,9,-2
1,0,1
1,0,1
1,0,1
1,0,1
6,0,6
36,2,34
0,1,-1
0,0,0
0,8,-8
1,22,-21
4,13,-9
0,0,0
28,1,27
0,3,-3
1,1,0
15,2,13
7,7,0
23,0,23
3,0,3
4,0,4
1,0,1
10,0,10
8,1,7
4,1,3
2,2,0
1,10,-9
12,0,12
40,3,37
2,2,0
0,0,0
11,0,11
0,0,0
12,11,1
16,7,9
2,1,1
17,0,17
2,10,-8
0,3,-3
14,2,12
0,0,0
1,0,1
2,10,-8
38,5,33
4,4,0
0,0,0
8,0,8
3,0,3
1,8,-7
3,1,2
0,0,0
54,0,54
13,17,-4
19,0,19
4,1,3
5,5,0
6,0,6
10,10,0
5,0,5
6,3,3
0,0,0
9,2,7
3,1,2
0,44,-44
3,1,2
3,4,-1
0,0,0
14,7,7
0,0,0
10,0,10
0,0,0
5,11,-6
9,18,-9
5,5,0
8,1,7
7,7,0
1,0,1
3,0,3
3,5,-2
20,1,19
0,1,-1
1,0,1
7,10,-3
16,0,16
1,0,1
1,0,1
2,10,-8
1,0,1
11,0,11
7,1,6
5,10,-5
4,3,1
2,0,2
0,0,0
0,0,0
6,0,6
9,0,9
0,0,0
2,9,-7
0,0,0
8,0,8
0,0,0
11,23,-12
0,0,0
6,0,6
14,5,9
0,0,0
20,7,13
5,7,-2
29,10,19
1,1,0
0,0,0
0,4,-4
2,0,2
7,1,6
6,10,-4
7,0,7
0,0,0
23,1,22
23,2,21
3,2,1
0,0,0
3,7,-4
3,0,3
2,2,0
26,2,24
2,1,1
0,7,-7
7,0,7
6,2,4
0,0,0
3,0,3
33,15,18
27,0,27
3,3,0
6,0,6
24,7,17
8,0,8
2,1,1
9,7,2
0,0,0
40,12,28
8,5,3
1,31,-30
19,13,6
5,5,0
38,48,-10
2,2,0
8,0,8
0,0,0
2,20,-18
1,5,-4
7,7,0
0,42,-42
0,0,0
6,7,-1
8,1,7
4,0,4
1,2,-1
3,1,2
12,2,10
6,6,0
3,4,-1
0,0,0
7,3,4
0,1,-1
25,8,17
31,0,31
9,4,5
12,9,3
0,0,0
1,0,1
1,1,0
6,3,3
15,2,13
0,0,0
0,0,0
1,1,0
12,0,12
4,0,4
26,19,7
17,0,17
9,12,-3
1,0,1
6,3,3
10,0,10
0,0,0
2,2,0
5,1,4
3,0,3
8,2,6
3,9,-6
5,4,1
1,0,1
16,2,14
2,33,-31
0,0,0
16,11,5
24,17,7
0,0,0
16,0,16
16,57,-41
1,1,0
3,3,0
8,0,8
7,11,-4
0,0,0
20,15,5
0,2,-2
0,7,-7
0,0,0
1,1,0
0,0,0
1,1,0
4,5,-1
12,6,6
3,0,3
1,0,1
5,6,-1
4,4,0
4,0,4
17,1,16
7,0,7
1,0,1
2,0,2
4,1,3
9,3,6
20,0,20
4,0,4
8,3,5
19,0,19
3,0,3
31,1,30
0,0,0
1,1,0
0,0,0
15,0,15
11,3,8
0,0,0
1,0,1
10,0,10
17,0,17
5,6,-1
3,7,-4
2,2,0
6,2,4
3,0,3
13,3,10
3,3,0
10,27,-17
2,2,0
1,0,1
0,0,0
1,0,1
3,3,0
0,0,0
0,0,0
6,7,-1
2,0,2
2,1,1
6,1,5
1,0,1
20,6,14
0,0,0
3,8,-5
0,0,0
2,1,1
1,3,-2
1,0,1
2,1,1
2,0,2
10,0,10
6,11,-5
4,4,0
5,1,4
0,0,0
4,0,4
0,0,0
1,0,1
8,0,8
0,0,0
13,0,13
5,0,5
0,0,0
1,0,1
1,3,-2
5,4,1
8,2,6
4,3,1
6,2,4
22,0,22
1,2,-1
0,0,0
0,0,0
0,0,0
8,6,2
1,0,1
0,0,0
1,0,1
7,0,7
26,0,26
5,0,5
4,0,4
6,27,-21
15,0,15
3,2,1
18,0,18
5,17,-12
1,0,1
3,8,-5
0,0,0
26,26,0
0,7,-7
0,3,-3
2,2,0
4,3,1
0,2,-2
25,6,19
0,7,-7
3,0,3
0,0,0
0,0,0
2,11,-9
3,2,1
16,0,16
5,1,4
3,9,-6
1,2,-1
2,2,0
14,3,11
19,23,-4
5,0,5
10,2,8
0,3,-3
3,13,-10
0,0,0
4,1,3
2,0,2
3,0,3
11,7,4
25,2,23
53,2,51
0,2,-2
53,1,52
15,9,6
12,5,7
8,6,2
2,2,0
1,6,-5
5,3,2
2,0,2
6,0,6
10,0,10
0,11,-11
0,0,0
84,0,84
2,0,2
8,1,7
1,0,1
0,0,0
5,0,5
1,2,-1
0,0,0
11,2,9
9,3,6
3,0,3
1,1,0
2,0,2
0,0,0
14,10,4
14,6,8
1,1,0
4,4,0
7,2,5
0,2,-2
5,0,5
1,0,1
2,2,0
17,5,12
14,8,6
2,0,2
1,0,1
0,0,0
0,0,0
12,5,7
2,0,2
53,13,40
9,9,0
6,0,6
0,0,0
11,0,11
0,0,0
6,0,6
27,13,14
4,2,2
14,6,8
42,9,33
3,0,3
20,7,13
3,2,1
0,0,0
12,13,-1
5,1,4
4,3,1
6,23,-17
1,0,1
8,7,1
3,3,0
1,1,0
1,1,0
3,0,3
0,0,0
7,0,7
5,2,3
0,0,0
10,1,9
6,0,6
0,1,-1
6,6,0
6,16,-10
3,0,3
2,11,-9
4,5,-1
4,0,4
8,0,8
10,0,10
2,0,2
19,0,19
5,2,3
40,39,1
2,0,2
4,1,3
39,0,39
19,2,17
3,1,2
0,0,0
1,3,-2
1,3,-2
1,7,-6
10,2,8
4,3,1
15,2,13
3,7,-4
15,7,8
1,0,1
0,0,0
0,8,-8
6,1,5
0,0,0
0,0,0
10,9,1
5,16,-11
1,10,-9
2,0,2
4,7,-3
1,0,1
0,0,0
4,1,3
11,4,7
1,2,-1
2,1,1
0,4,-4
2,0,2
2,1,1
18,0,18
4,7,-3
0,0,0
1,13,-12
1,3,-2
3,1,2
0,0,0
0,0,0
12,1,11
3,0,3
13,0,13
31,6,25
0,1,-1
2,0,2
0,0,0
4,0,4
9,8,1
4,4,0
8,1,7
7,0,7
3,4,-1
2,2,0
9,7,2
2,0,2
7,2,5
14,4,10
25,8,17
1,2,-1
0,0,0
1,0,1
1,1,0
3,2,1
0,1,-1
7,20,-13
1,0,1
0,0,0
2,2,0
5,0,5
0,0,0
13,1,12
5,4,1
1,0,1
3,1,2
3,0,3
7,1,6
4,0,4
0,0,0
7,3,4
0,1,-1
6,4,2
4,0,4
1,1,0
10,9,1
0,9,-9
0,0,0
1,2,-1
4,3,1
6,15,-9
4,2,2
4,3,1
2,3,-1
2,0,2
5,1,4
1,0,1
3,0,3
8,7,1
0,2,-2
4,1,3
18,0,18
5,5,0
3,2,1
17,2,15
13,1,12
7,0,7
3,1,2
3,9,-6
0,0,0
14,0,14
0,0,0
0,0,0
6,5,1
0,0,0
17,3,14
4,1,3
12,10,2
12,2,10
0,10,-10
1,0,1
16,0,16
11,1,10
16,1,15
0,0,0
2,2,0
0,0,0
10,13,-3
26,0,26
0,0,0
6,4,2
1,2,-1
0,2,-2
0,0,0
0,0,0
3,7,-4
2,2,0
3,0,3
10,0,10
4,0,4
8,0,8
16,5,11
4,0,4
10,16,-6
3,0,3
0,0,0
6,5,1
5,9,-4
4,4,0
7,10,-3
2,2,0
8,3,5
1,0,1
6,1,5
1,2,-1
1,0,1
0,4,-4
0,0,0
2,3,-1
1,0,1
1,1,0
1,0,1
9,0,9
13,6,7
1,0,1
6,3,3
0,0,0
8,0,8
14,7,7
2,2,0
1,0,1
3,1,2
1,2,-1
8,3,5
1,0,1
8,1,7
4,2,2
38,3,35
18,2,16
12,13,-1
7,10,-3
25,0,25
16,5,11
3,7,-4
3,0,3
0,0,0
7,0,7
0,0,0
1,0,1
1,1,0
6,6,0
7,0,7
0,0,0
16,7,9
1,0,1
15,0,15
0,0,0
15,15,0
2,2,0
14,0,14
2,5,-3
22,0,22
9,7,2
2,1,1
1,7,-6
1,0,1
2,0,2
1,0,1
1,1,0
2,0,2
3,1,2
1,0,1
3,0,3
0,2,-2
4,1,3
1,0,1
5,0,5
3,3,0
16,9,7
0,10,-10
1,0,1
10,7,3
4,1,3
2,2,0
1,2,-1
18,10,8
0,17,-17
4,0,4
2,2,0
17,5,12
2,1,1
0,0,0
0,0,0
1,0,1
4,3,1
12,0,12
11,0,11
3,1,2
0,0,0
1,1,0
6,3,3
0,0,0
7,9,-2
0,0,0
6,1,5
2,0,2
0,0,0
0,0,0
5,0,5
0,0,0
2,2,0
8,8,0
9,9,0
8,1,7
6,4,2
6,0,6
1,0,1
50,50,0
0,1,-1
1,1,0
1,1,0
1,0,1
5,0,5
10,3,7
2,2,0
0,0,0
1,0,1
14,7,7
7,5,2
3,5,-2
1,2,-1
15,6,9
11,4,7
2,0,2
0,0,0
87,8,79
1,0,1
0,2,-2
3,1,2
2,0,2
25,0,25
4,0,4
27,67,-40
1,0,1
16,4,12
8,3,5
0,0,0
6,7,-1
3,4,-1
12,7,5
9,3,6
24,0,24
5,0,5
0,0,0
2,0,2
2,0,2
12,7,5
4,0,4
7,0,7
1,0,1
0,0,0
13,3,10
6,0,6
5,0,5
7,0,7
0,0,0
7,7,0
0,0,0
0,1,-1
0,1,-1
4,9,-5
3,0,3
8,13,-5
15,19,-4
8,2,6
2,0,2
2,0,2
3,2,1
0,0,0
28,2,26
2,1,1
20,24,-4
23,1,22
8,0,8
6,1,5
6,12,-6
1,2,-1
0,0,0
0,0,0
1,0,1
6,0,6
18,7,11
8,14,-6
10,3,7
1,0,1
0,0,0
0,0,0
4,2,2
43,0,43
3,0,3
9,7,2
3,17,-14
3,0,3
1,1,0
8,0,8
15,16,-1
1,0,1
2,2,0
1,3,-2
0,0,0
12,13,-1
3,0,3
3,7,-4
4,0,4
20,14,6
4,0,4
1,6,-5
5,0,5
0,1,-1
1,0,1
26,5,21
6,2,4
5,2,3
0,0,0
3,0,3
1,0,1
0,1,-1
2,2,0
16,0,16
0,0,0
0,0,0
7,1,6
22,15,7
16,7,9
14,0,14
3,1,2
1,0,1
1,0,1
0,0,0
1,4,-3
4,0,4
0,0,0
19,0,19
0,0,0
3,1,2
4,2,2
8,0,8
4,2,2
17,7,10
6,0,6
7,4,3
2,2,0
1,3,-2
27,14,13
2,2,0
1,0,1
3,0,3
7,8,-1
1,5,-4
6,6,0
7,7,0
0,6,-6
4,7,-3
7,7,0
5,1,4
3,3,0
4,3,1
1,0,1
13,0,13
2,1,1
3,0,3
4,0,4
3,3,0
1,0,1
3,0,3
0,0,0
0,4,-4
6,10,-4
3,4,-1
0,0,0
1,1,0
3,0,3
1,0,1
0,1,-1
4,1,3
3,9,-6
0,1,-1
4,19,-15
15,1,14
2,0,2
10,0,10
5,7,-2
17,11,6
3,1,2
13,16,-3
4,0,4
8,2,6
0,0,0
1,0,1
1,1,0
21,40,-19
5,3,2
6,2,4
0,0,0
2,0,2
4,2,2
51,49,2
2,0,2
1,13,-12
67,67,0
15,9,6
2,15,-13
7,1,6
0,24,-24
0,0,0
16,1,15
22,39,-17
0,0,0
6,3,3
9,2,7
6,9,-3
2,0,2
4,0,4
6,0,6
19,2,17
8,6,2
8,1,7
2,0,2
1,0,1
25,0,25
1,5,-4
6,4,2
7,1,6
20,0,20
0,0,0
1,5,-4
0,0,0
0,1,-1
5,0,5
7,10,-3
8,5,3
6,0,6
6,1,5
8,6,2
3,3,0
0,0,0
1,2,-1
9,9,0
17,10,7
7,1,6
5,10,-5
2,0,2
0,3,-3
4,1,3
1,0,1
0,0,0
1,0,1
6,3,3
51,58,-7
15,0,15
1,0,1
11,1,10
22,1,21
14,7,7
30,3,27
0,0,0
6,2,4
8,0,8
2,5,-3
3,0,3
11,19,-8
2,0,2
0,0,0
0,0,0
9,3,6
7,3,4
2,0,2
6,0,6
0,0,0
1,1,0
10,1,9
5,0,5
3,7,-4
0,0,0
1,1,0
0,1,-1
1,0,1
0,1,-1
27,3,24
2,1,1
15,17,-2
3,0,3
0,0,0
11,13,-2
4,9,-5
34,25,9
0,0,0
10,4,6
3,1,2
85,74,11
3,1,2
3,4,-1
30,8,22
7,0,7
6,4,2
3,0,3
2,0,2
5,1,4
1,0,1
9,0,9
0,0,0
10,5,5
2,0,2
24,1,23
6,0,6
8,2,6
2,0,2
21,2,19
8,0,8
11,8,3
0,0,0
2,1,1
3,0,3
7,0,7
0,1,-1
30,19,11
0,0,0
2,2,0
3,7,-4
31,31,0
0,0,0
81,81,0
2,0,2
6,0,6
5,2,3
3,0,3
32,0,32
2,1,1
8,2,6
1,0,1
0,0,0
9,1,8
23,0,23
10,1,9
0,0,0
2,0,2
3,1,2
0,0,0
8,2,6
1,13,-12
0,0,0
13,5,8
6,3,3
0,5,-5
5,1,4
2,0,2
3,1,2
2,1,1
12,0,12
1,0,1
0,3,-3
0,0,0
2,0,2
3,1,2
3,0,3
0,0,0
31,76,-45
4,0,4
9,17,-8
5,2,3
19,28,-9
7,0,7
38,1,37
17,3,14
14,0,14
4,1,3
7,6,1
0,0,0
4,9,-5
1,0,1
13,1,12
14,4,10
9,2,7
7,3,4
1,0,1
2,0,2
3,10,-7
7,5,2
1,0,1
2,2,0
24,6,18
15,26,-11
21,6,15
24,1,23
8,2,6
1,0,1
9,7,2
2,2,0
3,0,3
2,0,2
2,2,0
7,7,0
8,4,4
0,3,-3
10,2,8
3,1,2
9,3,6
7,5,2
0,7,-7
5,8,-3
16,0,16
7,1,6
18,25,-7
13,6,7
1,0,1
17,8,9
4,7,-3
10,1,9
17,8,9
1,9,-8
8,7,1
15,4,11
5,0,5
11,1,10
15,1,14
21,25,-4
6,1,5
1,0,1
1,0,1
0,1,-1
1,0,1
1,2,-1
3,2,1
4,4,0
3,0,3
1,1,0
10,0,10
39,0,39
12,7,5
29,9,20
2,0,2
13,13,0
10,2,8
2,0,2
0,0,0
16,0,16
0,0,0
7,1,6
1,0,1
0,0,0
21,5,16
2,0,2
18,18,0
4,5,-1
3,1,2
4,6,-2
7,8,-1
11,15,-4
3,7,-4
2,3,-1
5,8,-3
1,1,0
2,0,2
5,3,2
0,0,0
2,4,-2
3,0,3
0,0,0
7,7,0
0,0,0
5,0,5
0,0,0
49,14,35
1,0,1
13,1,12
4,12,-8
2,0,2
7,0,7
8,0,8
0,10,-10
13,0,13
2,1,1
4,0,4
6,5,1
5,0,5
0,0,0
5,1,4
8,1,7
24,0,24
4,4,0
23,3,20
0,2,-2
5,15,-10
11,0,11
0,9,-9
10,0,10
0,0,0
4,2,2
0,0,0
5,4,1
7,1,6
1,0,1
14,4,10
2,0,2
0,0,0
2,24,-22
3,0,3
14,3,11
1,4,-3
10,3,7
14,9,5
0,1,-1
0,0,0
1,1,0
0,0,0
3,0,3
9,1,8
1,0,1
1,0,1
0,1,-1
0,0,0
0,1,-1
16,0,16
13,3,10
4,0,4
0,0,0
1,0,1
0,0,0
0,1,-1
10,1,9
67,2,65
6,0,6
1,4,-3
7,5,2
1,2,-1
4,3,1
0,1,-1
0,0,0
1,0,1
4,6,-2
3,3,0
9,2,7
1,0,1
0,3,-3
8,1,7
10,2,8
9,1,8
2,0,2
0,0,0
19,14,5
5,0,5
5,0,5
15,23,-8
2,5,-3
0,0,0
2,0,2
1,9,-8
0,0,0
3,1,2
1,20,-19
0,0,0
0,0,0
1,1,0
0,16,-16
2,1,1
3,0,3
12,5,7
0,1,-1
3,4,-1
2,2,0
8,7,1
4,3,1
0,0,0
12,0,12
3,6,-3
9,0,9
6,5,1
2,3,-1
5,0,5
7,0,7
0,0,0
8,0,8
6,7,-1
3,0,3
9,0,9
7,0,7
6,7,-1
12,4,8
32,43,-11
1,0,1
5,1,4
3,0,3
0,0,0
6,0,6
0,0,0
25,0,25
2,1,1
0,0,0
1,1,0
1,1,0
1,0,1
2,0,2
3,2,1
4,1,3
2,0,2
13,1,12
16,0,16
0,0,0
10,0,10
11,12,-1
7,5,2
2,2,0
12,9,3
0,0,0
5,0,5
44,30,14
1,0,1
7,1,6
5,5,0
0,0,0
8,3,5
18,7,11
20,23,-3
0,0,0
0,0,0
2,0,2
3,3,0
1,0,1
5,6,-1
37,1,36
3,3,0
6,23,-17
22,0,22
4,9,-5
3,1,2
13,14,-1
16,34,-18
3,0,3
0,0,0
8,0,8
1,2,-1
8,0,8
7,1,6
5,1,4
0,0,0
1,0,1
15,4,11
1,1,0
3,0,3
5,0,5
3,2,1
3,3,0
5,14,-9
5,9,-4
2,0,2
0,0,0
1,4,-3
5,3,2
9,0,9
13,13,0
4,0,4
11,0,11
19,4,15
17,17,0
8,3,5
0,0,0
13,0,13
18,0,18
6,0,6
2,0,2
11,6,5
18,4,14
5,0,5
12,0,12
1,2,-1
9,0,9
9,3,6
11,7,4
3,2,1
26,9,17
21,1,20
5,15,-10
0,0,0
1,0,1
6,5,1
1,2,-1
6,1,5
7,5,2
6,4,2
1,0,1
1,0,1
16,9,7
1,1,0
3,0,3
2,1,1
4,0,4
22,22,0
7,12,-5
15,8,7
5,0,5
0,0,0
0,0,0
0,5,-5
6,7,-1
0,48,-48
4,2,2
9,2,7
7,0,7
10,1,9
3,2,1
0,0,0
1,2,-1
0,0,0
37,37,0
1,4,-3
33,0,33
0,0,0
4,0,4
16,6,10
11,1,10
7,1,6
0,1,-1
1,2,-1
5,0,5
2,0,2
5,1,4
0,1,-1
2,0,2
1,2,-1
5,3,2
5,5,0
11,4,7
17,16,1
21,11,10
12,0,12
5,3,2
8,7,1
2,0,2
0,0,0
19,5,14
12,4,8
2,3,-1
2,0,2
0,1,-1
15,3,12
11,2,9
7,15,-8
7,1,6
0,1,-1
2,0,2
4,2,2
4,0,4
1,2,-1
36,2,34
4,13,-9
2,0,2
0,0,0
2,0,2
2,0,2
3,7,-4
10,18,-8
10,1,9
6,4,2
2,1,1
9,0,9
12,5,7
0,42,-42
1,0,1
1,3,-2
1,0,1
4,4,0
0,3,-3
3,1,2
0,0,0
23,2,21
3,0,3
3,7,-4
2,4,-2
6,0,6
10,7,3
6,1,5
10,48,-38
26,25,1
0,0,0
5,5,0
1,8,-7
0,0,0
5,4,1
2,1,1
1,0,1
1,0,1
5,9,-4
13,1,12
1,0,1
16,2,14
0,17,-17
3,0,3
5,5,0
0,0,0
13,1,12
12,3,9
0,0,0
7,1,6
10,3,7
2,3,-1
0,0,0
0,0,0
2,0,2
9,24,-15
3,9,-6
12,0,12
13,6,7
13,0,13
0,0,0
3,0,3
10,5,5
0,1,-1
1,1,0
1,1,0
2,7,-5
8,1,7
59,38,21
0,0,0
4,4,0
10,0,10
1,0,1
0,2,-2
0,2,-2
0,0,0
2,0,2
1,0,1
5,5,0
3,2,1
5,2,3
0,0,0
8,1,7
5,14,-9
4,7,-3
0,0,0
11,3,8
5,0,5
7,0,7
0,4,-4
4,2,2
3,0,3
8,7,1
0,3,-3
2,1,1
15,1,14
12,9,3
1,0,1
2,5,-3
12,1,11
19,5,14
2,13,-11
2,1,1
0,0,0
1,2,-1
1,0,1
2,0,2
4,10,-6
9,2,7
2,4,-2
5,10,-5
3,0,3
3,4,-1
0,0,0
15,3,12
2,0,2
1,0,1
0,7,-7
5,6,-1
5,3,2
2,0,2
41,4,37
3,0,3
23,20,3
2,0,2
9,0,9
0,0,0
31,29,2
2,3,-1
3,5,-2
9,5,4
2,2,0
1,0,1
115,115,0
0,1,-1
10,8,2
0,0,0
16,1,15
1,1,0
9,5,4
1,2,-1
32,10,22
0,0,0
9,2,7
8,2,6
2,2,0
9,7,2
0,0,0
2,3,-1
2,3,-1
2,0,2
1,3,-2
2,2,0
9,16,-7
4,1,3
14,3,11
3,3,0
4,1,3
7,2,5
11,0,11
6,1,5
9,1,8
16,7,9
6,9,-3
4,6,-2
3,0,3
5,8,-3
2,0,2
4,4,0
0,1,-1
0,0,0
1,0,1
1,10,-9
6,0,6
3,5,-2
4,6,-2
21,0,21
4,5,-1
5,0,5
5,4,1
0,0,0
17,5,12
4,0,4
0,15,-15
0,0,0
2,5,-3
0,0,0
0,0,0
5,0,5
2,2,0
4,7,-3
18,0,18
2,3,-1
8,7,1
30,0,30
8,16,-8
0,0,0
0,0,0
22,3,19
15,14,1
0,0,0
2,0,2
3,0,3
12,2,10
16,2,14
7,11,-4
12,3,9
9,3,6
2,2,0
16,0,16
9,11,-2
31,24,7
3,2,1
5,6,-1
3,0,3
1,0,1
0,0,0
23,4,19
1,38,-37
2,17,-15
1,0,1
1,2,-1
11,1,10
0,0,0
2,2,0
2,4,-2
8,9,-1
10,13,-3
2,0,2
5,0,5
4,17,-13
25,0,25
5,2,3
4,0,4
0,2,-2
0,0,0
3,0,3
22,6,16
17,15,2
10,0,10
0,2,-2
0,0,0
15,6,9
1,0,1
16,8,8
10,0,10
3,4,-1
11,15,-4
3,0,3
12,6,6
2,3,-1
0,0,0
0,5,-5
2,9,-7
0,0,0
0,0,0
44,20,24
0,0,0
0,0,0
7,10,-3
0,0,0
66,4,62
0,7,-7
17,0,17
6,0,6
0,0,0
7,2,5
3,3,0
27,5,22
36,14,22
1,2,-1
3,7,-4
13,0,13
0,0,0
9,0,9
20,7,13
6,0,6
7,1,6
10,40,-30
6,0,6
0,9,-9
3,0,3
2,0,2
18,0,18
10,1,9
7,4,3
0,1,-1
7,21,-14
3,0,3
17,13,4
0,3,-3
3,0,3
3,3,0
2,0,2
0,0,0
12,15,-3
4,0,4
4,0,4
3,1,2
6,0,6
4,0,4
0,1,-1
0,4,-4
5,35,-30
0,0,0
15,7,8
17,0,17
7,1,6
2,7,-5
0,0,0
0,0,0
17,26,-9
4,4,0
1,4,-3
0,1,-1
0,1,-1
0,0,0
4,0,4
5,1,4
0,10,-10
0,0,0
2,0,2
10,0,10
3,3,0
0,0,0
18,5,13
2,0,2
8,0,8
16,0,16
9,23,-14
4,3,1
9,0,9
6,3,3
0,0,0
23,0,23
15,0,15
11,1,10
7,0,7
12,7,5
2,0,2
20,0,20
20,7,13
2,4,-2
6,1,5
9,0,9
4,1,3
0,0,0
0,0,0
3,0,3
1,0,1
0,0,0
0,0,0
20,0,20
0,0,0
1,3,-2
22,22,0
50,35,15
3,0,3
2,51,-49
10,15,-5
29,0,29
0,0,0
0,2,-2
3,0,3
13,0,13
17,2,15
2,1,1
1,0,1
1,0,1
6,0,6
6,4,2
0,0,0
7,3,4
0,7,-7
3,5,-2
0,0,0
0,8,-8
8,39,-31
7,11,-4
9,1,8
0,0,0
11,7,4
0,0,0
7,4,3
7,0,7
15,0,15
1,0,1
0,8,-8
1,1,0
26,18,8
0,0,0
12,0,12
0,3,-3
2,0,2
1,0,1
0,2,-2
0,0,0
2,0,2
5,5,0
4,2,2
1,1,0
0,0,0
0,0,0
6,34,-28
19,0,19
1,0,1
1,1,0
66,4,62
23,0,23
2,0,2
1,0,1
0,0,0
5,5,0
3,0,3
6,1,5
0,0,0
1,0,1
3,2,1
2,0,2
6,4,2
3,0,3
8,1,7
3,5,-2
2,0,2
6,0,6
1,2,-1
15,2,13
13,25,-12
6,2,4
4,0,4
18,1,17
5,1,4
9,24,-15
2,4,-2
2,0,2
1,0,1
0,0,0
0,26,-26
4,0,4
13,21,-8
10,4,6
56,15,41
3,3,0
11,7,4
8,2,6
0,0,0
48,7,41
1,1,0
24,16,8
2,3,-1
1,0,1
3,0,3
1,14,-13
1,2,-1
6,3,3
15,18,-3
0,0,0
0,0,0
15,1,14
1,0,1
1,0,1
26,9,17
0,0,0
36,3,33
0,3,-3
19,1,18
8,9,-1
0,0,0
10,2,8
7,7,0
0,5,-5
4,2,2
3,2,1
0,0,0
16,22,-6
2,0,2
5,0,5
4,5,-1
1,0,1
0,2,-2
0,3,-3
6,6,0
0,0,0
1,1,0
3,0,3
0,1,-1
2,14,-12
0,0,0
18,0,18
1,10,-9
1,2,-1
2,9,-7
1,9,-8
0,7,-7
1,0,1
3,11,-8
6,0,6
0,1,-1
5,1,4
0,0,0
17,2,15
5,5,0
0,0,0
46,14,32
37,8,29
18,52,-34
16,0,16
14,10,4
7,4,3
6,3,3
0,7,-7
0,1,-1
1,0,1
1,11,-10
4,0,4
0,0,0
1,2,-1
3,5,-2
16,0,16
13,0,13
0,5,-5
8,7,1
1,0,1
25,29,-4
0,0,0
6,0,6
1,0,1
0,0,0
2,1,1
0,0,0
4,0,4
8,4,4
3,3,0
4,0,4
8,2,6
6,2,4
1,2,-1
2,8,-6
11,5,6
5,2,3
1,0,1
10,14,-4
0,0,0
3,3,0
0,4,-4
6,15,-9
9,1,8
12,0,12
5,4,1
3,1,2
8,20,-12
6,1,5
1,2,-1
2,3,-1
1,13,-12
0,0,0
11,6,5
3,2,1
9,0,9
13,0,13
5,1,4
22,7,15
11,0,11
2,7,-5
0,0,0
1,1,0
25,7,18
5,2,3
10,9,1
0,6,-6
0,0,0
14,0,14
4,0,4
5,1,4
37,1,36
2,0,2
0,0,0
12,1,11
8,0,8
2,0,2
7,2,5
6,0,6
7,39,-32
3,0,3
33,15,18
10,0,10
0,0,0
2,0,2
1,0,1
5,9,-4
4,0,4
2,0,2
1,1,0
0,0,0
14,0,14
2,1,1
19,9,10
4,5,-1
30,3,27
4,1,3
0,0,0
4,0,4
6,1,5
0,6,-6
56,50,6
12,0,12
32,0,32
10,0,10
0,0,0
3,1,2
0,0,0
0,0,0
2,10,-8
11,0,11
2,3,-1
7,6,1
1,1,0
0,0,0
4,3,1
0,0,0
0,0,0
18,33,-15
2,0,2
0,0,0
5,36,-31
2,0,2
4,0,4
21,7,14
8,1,7
14,1,13
14,6,8
16,7,9
10,0,10
0,1,-1
6,0,6
0,0,0
1,0,1
0,0,0
2,0,2
30,9,21
9,1,8
3,6,-3
8,2,6
3,3,0
5,4,1
2,4,-2
5,0,5
8,5,3
9,0,9
0,1,-1
5,0,5
0,0,0
20,2,18
2,4,-2
42,2,40
5,5,0
2,3,-1
9,13,-4
0,0,0
34,3,31
1,5,-4
11,0,11
222,73,149
1,1,0
0,1,-1
0,2,-2
3,0,3
20,0,20
25,30,-5
2,0,2
0,0,0
7,1,6
17,1,16
4,3,1
0,0,0
2,0,2
1,0,1
0,0,0
0,0,0
3,0,3
2,0,2
3,0,3
0,0,0
11,0,11
14,19,-5
2,2,0
3,2,1
7,2,5
31,5,26
3,3,0
1,0,1
37,0,37
25,0,25
4,0,4
5,0,5
1,0,1
3,3,0
1,6,-5
9,0,9
6,0,6
10,10,0
6,0,6
2,0,2
0,38,-38
9,1,8
5,6,-1
2,0,2
8,3,5
7,17,-10
0,13,-13
15,0,15
6,0,6
11,1,10
4,0,4
15,19,-4
21,0,21
2,2,0
1,0,1
5,2,3
16,6,10
0,2,-2
6,1,5
0,0,0
5,7,-2
10,2,8
0,0,0
0,0,0
7,0,7
9,3,6
10,12,-2
13,0,13
1,3,-2
7,1,6
5,6,-1
0,1,-1
1,0,1
2,1,1
25,0,25
6,10,-4
8,0,8
2,0,2
12,2,10
7,4,3
8,5,3
6,4,2
0,4,-4
29,4,25
9,0,9
2,0,2
0,0,0
2,0,2
5,7,-2
1,0,1
0,0,0
11,26,-15
7,1,6
10,2,8
4,0,4
15,2,13
3,11,-8
12,0,12
0,14,-14
8,2,6
4,8,-4
22,8,14
1,0,1
0,0,0
9,22,-13
1,2,-1
7,7,0
2,0,2
1,0,1
4,0,4
9,0,9
2,0,2
8,0,8
3,0,3
7,2,5
3,3,0
1,2,-1
1,7,-6
15,3,12
16,8,8
1,0,1
5,5,0
14,1,13
16,38,-22
2,2,0
5,0,5
12,1,11
5,1,4
4,3,1
11,14,-3
15,0,15
9,16,-7
19,14,5
7,7,0
0,3,-3
25,2,23
11,11,0
4,1,3
1,2,-1
2,5,-3
7,0,7
20,1,19
1,7,-6
1,0,1
3,0,3
2,0,2
0,0,0
7,13,-6
25,25,0
9,24,-15
0,0,0
1,1,0
0,0,0
5,7,-2
6,2,4
0,0,0
12,5,7
11,0,11
8,0,8
13,3,10
2,0,2
18,1,17
1,5,-4
4,0,4
23,10,13
2,0,2
5,6,-1
5,23,-18
0,1,-1
8,9,-1
16,1,15
1,1,0
1,6,-5
1,0,1
11,1,10
3,0,3
21,7,14
1,2,-1
11,0,11
9,9,0
3,3,0
11,7,4
3,0,3
6,7,-1
3,25,-22
2,0,2
1,4,-3
4,6,-2
2,1,1
5,1,4
8,5,3
2,0,2
0,3,-3
0,0,0
9,14,-5
21,1,20
6,1,5
2,6,-4
1,0,1
1,2,-1
2,2,0
12,11,1
11,6,5
2,0,2
3,4,-1
10,24,-14
17,1,16
5,18,-13
0,0,0
11,1,10
9,2,7
1,0,1
2,1,1
1,2,-1
0,1,-1
2,2,0
2,7,-5
6,6,0
3,0,3
4,0,4
1,0,1
6,0,6
11,0,11
3,16,-13
9,0,9
46,15,31
5,0,5
2,1,1
8,3,5
6,0,6
5,1,4
14,1,13
13,22,-9
25,1,24
1,0,1
13,0,13
22,7,15
5,3,2
8,29,-21
1,3,-2
6,1,5
0,1,-1
3,0,3
6,7,-1
16,1,15
2,0,2
15,7,8
2,2,0
0,0,0
36,8,28
4,0,4
1,0,1
2,0,2
1,0,1
18,15,3
8,0,8
0,0,0
7,2,5
51,51,0
1,1,0
10,6,4
5,3,2
0,6,-6
16,19,-3
0,0,0
2,2,0
2,2,0
1,0,1
6,2,4
2,0,2
20,26,-6
3,5,-2
3,15,-12
2,0,2
18,7,11
5,0,5
0,0,0
9,1,8
0,0,0
4,0,4
18,5,13
1,0,1
8,1,7
11,3,8
12,24,-12
5,0,5
5,5,0
2,1,1
1,0,1
13,3,10
4,0,4
1,0,1
6,1,5
25,0,25
2,1,1
7,1,6
3,2,1
50,0,50
6,1,5
30,9,21
8,7,1
2,2,0
1,2,-1
1,2,-1
0,0,0
26,4,22
0,0,0
0,0,0
19,23,-4
0,0,0
31,1,30
59,59,0
4,0,4
0,2,-2
9,0,9
1,0,1
0,0,0
0,0,0
0,0,0
2,0,2
5,0,5
3,0,3
6,2,4
3,6,-3
2,3,-1
13,2,11
1,0,1
0,6,-6
4,0,4
18,4,14
0,1,-1
10,8,2
1,1,0
3,5,-2
0,0,0
8,0,8
6,1,5
14,3,11
5,0,5
3,1,2
0,0,0
0,2,-2
5,2,3
8,0,8
20,0,20
12,3,9
42,17,25
2,6,-4
24,2,22
8,8,0
0,0,0
14,8,6
0,0,0
2,3,-1
12,8,4
0,0,0
1,2,-1
11,0,11
0,1,-1
3,7,-4
0,1,-1
23,2,21
1,0,1
1,10,-9
10,2,8
5,1,4
17,12,5
7,0,7
17,2,15
17,0,17
1,0,1
0,0,0
8,3,5
5,5,0
1,1,0
18,1,17
0,3,-3
2,1,1
9,0,9
13,11,2
5,3,2
5,1,4
2,0,2
2,2,0
2,0,2
0,0,0
7,7,0
10,0,10
6,5,1
9,46,-37
5,1,4
6,0,6
5,1,4
8,6,2
1,0,1
0,0,0
7,0,7
9,17,-8
12,0,12
1,2,-1
3,0,3
5,0,5
0,0,0
3,6,-3
3,4,-1
81,4,77
6,1,5
17,13,4
4,8,-4
2,0,2
12,2,10
2,0,2
6,13,-7
3,10,-7
9,1,8
22,1,21
7,0,7
32,0,32
1,0,1
14,4,10
13,0,13
0,0,0
2,1,1
1,0,1
14,7,7
3,1,2
0,0,0
1,1,0
4,0,4
10,10,0
0,0,0
0,0,0
0,0,0
1,0,1
1,0,1
0,2,-2
0,0,0
8,0,8
2,0,2
5,5,0
2,0,2
2,5,-3
5,0,5
6,0,6
14,0,14
1,0,1
11,2,9
12,1,11
3,4,-1
9,0,9
2,39,-37
5,4,1
0,0,0
2,0,2
0,0,0
6,1,5
29,0,29
12,16,-4
45,4,41
0,0,0
0,0,0
5,1,4
4,1,3
0,2,-2
45,19,26
1,0,1
0,1,-1
2,4,-2
1,0,1
21,0,21
16,1,15
0,0,0
21,14,7
10,6,4
4,0,4
4,0,4
8,5,3
2,6,-4
3,0,3
0,0,0
0,2,-2
6,1,5
1,1,0
1,5,-4
0,0,0
1,1,0
16,3,13
16,0,16
9,6,3
49,0,49
2,0,2
2,0,2
2,0,2
12,0,12
6,6,0
5,10,-5
7,1,6
1,0,1
2,0,2
0,0,0
2,7,-5
10,11,-1
2,8,-6
6,6,0
6,6,0
7,17,-10
3,1,2
5,5,0
1,0,1
1,0,1
5,1,4
1,0,1
9,11,-2
27,11,16
10,58,-48
5,6,-1
7,14,-7
13,0,13
7,0,7
14,1,13
4,1,3
6,5,1
0,0,0
4,5,-1
8,5,3
1,9,-8
16,6,10
45,19,26
3,2,1
7,0,7
1,9,-8
0,0,0
4,2,2
1,2,-1
8,5,3
1,10,-9
2,0,2
0,5,-5
5,2,3
1,0,1
33,33,0
12,4,8
6,4,2
0,0,0
9,0,9
0,0,0
0,0,0
0,3,-3
20,1,19
2,2,0
3,2,1
4,1,3
14,52,-38
11,9,2
11,0,11
1,0,1
6,6,0
4,19,-15
18,3,15
0,0,0
5,1,4
23,1,22
9,8,1
11,0,11
4,0,4
13,2,11
29,1,28
5,2,3
0,0,0
8,63,-55
2,0,2
3,0,3
5,1,4
0,1,-1
4,4,0
10,10,0
0,0,0
6,14,-8
29,0,29
6,9,-3
6,10,-4
24,0,24
9,4,5
5,10,-5
3,5,-2
28,19,9
10,7,3
1,0,1
13,7,6
10,0,10
2,0,2
28,34,-6
2,0,2
0,0,0
18,5,13
1,0,1
0,0,0
1,0,1
13,0,13
16,10,6
10,0,10
5,0,5
4,0,4
3,1,2
26,2,24
2,1,1
0,4,-4
16,0,16
4,0,4
0,2,-2
0,2,-2
8,2,6
3,0,3
5,6,-1
2,1,1
1,0,1
0,0,0
5,4,1
1,0,1
1,0,1
3,3,0
1,0,1
0,0,0
0,4,-4
3,3,0
2,0,2
8,3,5
1,1,0
1,1,0
6,5,1
21,2,19
5,0,5
1,0,1
3,9,-6
2,0,2
3,0,3
16,7,9
0,7,-7
3,1,2
9,0,9
29,0,29
2,4,-2
0,0,0
1,1,0
5,9,-4
0,0,0
8,1,7
2,0,2
2,0,2
0,0,0
1,0,1
0,0,0
5,9,-4
35,34,1
23,13,10
1,1,0
0,0,0
13,7,6
0,0,0
12,2,10
11,0,11
20,0,20
13,5,8
7,7,0
23,9,14
11,5,6
0,5,-5
6,0,6
3,0,3
2,0,2
1,3,-2
9,0,9
10,7,3
9,0,9
2,0,2
2,2,0
10,5,5
3,6,-3
0,0,0
29,0,29
2,2,0
4,0,4
14,3,11
11,1,10
2,0,2
2,2,0
7,0,7
7,1,6
9,1,8
0,5,-5
3,4,-1
22,4,18
0,0,0
0,1,-1
9,10,-1
0,2,-2
13,2,11
17,8,9
8,4,4
3,0,3
3,0,3
5,23,-18
19,0,19
5,0,5
17,0,17
0,0,0
1,1,0
10,7,3
2,1,1
12,6,6
8,5,3
34,34,0
5,3,2
33,0,33
0,1,-1
0,0,0
3,4,-1
6,5,1
12,1,11
3,7,-4
2,0,2
0,0,0
33,9,24
2,0,2
0,0,0
2,0,2
0,10,-10
52,71,-19
1,1,0
0,2,-2
3,1,2
3,1,2
5,0,5
18,5,13
14,4,10
11,2,9
9,3,6
2,3,-1
5,0,5
6,3,3
3,0,3
2,2,0
4,1,3
20,20,0
0,0,0
0,0,0
1,0,1
6,0,6
2,0,2
0,0,0
16,7,9
6,4,2
109,5,104
15,10,5
0,1,-1
8,0,8
5,1,4
0,2,-2
32,17,15
14,19,-5
3,19,-16
0,0,0
0,5,-5
1,0,1
13,45,-32
1,6,-5
46,49,-3
21,7,14
9,3,6
1,8,-7
9,0,9
2,0,2
32,16,16
3,1,2
12,40,-28
6,11,-5
48,14,34
8,5,3
4,0,4
2,63,-61
5,35,-30
6,7,-1
1,7,-6
46,46,0
0,9,-9
4,3,1
5,3,2
0,0,0
1,0,1
2,11,-9
1,0,1
3,0,3
2,1,1
9,6,3
5,7,-2
77,0,77
3,0,3
0,0,0
3,6,-3
1,2,-1
1,1,0
1,0,1
5,5,0
11,11,0
5,2,3
2,0,2
1,1,0
1,9,-8
2,0,2
0,0,0
0,0,0
1,0,1
4,0,4
15,5,10
2,6,-4
0,1,-1
1,8,-7
5,40,-35
0,0,0
17,2,15
1,0,1
10,6,4
29,10,19
0,0,0
6,6,0
5,4,1
4,3,1
0,0,0
0,4,-4
7,8,-1
1,19,-18
1,5,-4
11,1,10
6,10,-4
5,0,5
0,0,0
1,4,-3
2,0,2
0,0,0
5,5,0
0,4,-4
14,18,-4
2,0,2
23,0,23
1,0,1
33,20,13
1,1,0
2,2,0
1,10,-9
1,6,-5
0,1,-1
1,7,-6
18,0,18
6,3,3
0,0,0
8,6,2
25,25,0
14,2,12
22,0,22
4,3,1
0,1,-1
0,0,0
35,7,28
11,0,11
3,2,1
0,1,-1
1,0,1
0,12,-12
2,0,2
21,13,8
3,0,3
2,10,-8
7,10,-3
3,6,-3
3,2,1
5,2,3
1,7,-6
12,0,12
1,1,0
7,3,4
0,4,-4
0,2,-2
13,6,7
2,1,1
13,2,11
1,0,1
0,0,0
6,2,4
26,0,26
0,1,-1
1,0,1
19,0,19
11,0,11
2,3,-1
17,0,17
2,0,2
7,5,2
3,1,2
0,0,0
18,3,15
12,0,12
12,4,8
6,0,6
1,0,1
19,1,18
7,1,6
7,0,7
37,37,0
5,1,4
10,3,7
12,4,8
7,5,2
2,1,1
2,0,2
6,0,6
1,2,-1
18,7,11
6,0,6
0,0,0
1,9,-8
0,2,-2
4,1,3
1,2,-1
10,3,7
9,5,4
3,0,3
9,2,7
11,40,-29
28,40,-12
10,5,5
1,0,1
4,0,4
4,15,-11
1,0,1
1,8,-7
4,0,4
32,0,32
11,0,11
47,2,45
0,0,0
15,20,-5
80,80,0
1,1,0
11,0,11
0,0,0
7,9,-2
3,0,3
18,6,12
0,0,0
11,2,9
0,0,0
0,0,0
10,0,10
5,1,4
9,2,7
13,1,12
9,6,3
1,0,1
10,0,10
24,3,21
1,0,1
5,0,5
4,0,4
1,0,1
34,52,-18
0,0,0
2,9,-7
1,0,1
18,3,15
9,0,9
12,19,-7
17,5,12
15,0,15
5,0,5
33,25,8
4,0,4
5,7,-2
1,0,1
7,3,4
4,1,3
5,1,4
10,22,-12
8,3,5
5,7,-2
11,5,6
15,13,2
1,0,1
4,7,-3
22,19,3
35,7,28
1,0,1
1,0,1
0,0,0
1,0,1
6,0,6
1,5,-4
1,4,-3
3,0,3
0,1,-1
5,15,-10
2,0,2
0,0,0
14,0,14
1,1,0
6,2,4
13,19,-6
0,0,0
7,7,0
36,13,23
5,0,5
7,17,-10
0,3,-3
6,0,6
5,5,0
4,0,4
1,0,1
12,0,12
0,0,0
1,1,0
3,5,-2
9,8,1
8,5,3
16,6,10
27,4,23
3,0,3
0,0,0
2,1,1
0,6,-6
1,1,0
22,1,21
4,0,4
6,12,-6
0,2,-2
43,0,43
4,0,4
32,0,32
13,0,13
0,0,0
3,1,2
18,0,18
8,2,6
3,3,0
3,8,-5
1,1,0
0,0,0
1,1,0
0,1,-1
6,0,6
5,7,-2
7,1,6
21,6,15
0,0,0
7,1,6
5,1,4
4,0,4
2,0,2
11,10,1
1,0,1
1,0,1
7,6,1
33,12,21
10,8,2
4,0,4
19,2,17
0,1,-1
1,3,-2
1,0,1
10,0,10
2,1,1
3,9,-6
7,11,-4
0,0,0
3,7,-4
8,14,-6
9,0,9
0,0,0
7,0,7
3,0,3
8,0,8
12,0,12
1,0,1
2,6,-4
5,10,-5
2,5,-3
5,2,3
1,0,1
16,5,11
8,2,6
0,0,0
5,0,5
3,0,3
0,2,-2
3,0,3
2,1,1
21,5,16
34,0,34
7,1,6
2,0,2
9,13,-4
31,29,2
4,0,4
4,0,4
11,1,10
1,0,1
0,1,-1
1,2,-1
0,0,0
2,1,1
1,1,0
1,1,0
1,0,1
13,14,-1
5,0,5
2,3,-1
2,3,-1
6,1,5
12,11,1
16,0,16
6,0,6
6,1,5
1,0,1
6,1,5
4,0,4
0,3,-3
2,0,2
0,1,-1
0,13,-13
2,4,-2
20,2,18
0,0,0
1,0,1
2,1,1
0,0,0
1,0,1
3,7,-4
0,4,-4
0,0,0
6,4,2
0,0,0
17,5,12
5,2,3
5,2,3
13,1,12
4,0,4
7,23,-16
6,14,-8
0,0,0
4,9,-5
0,0,0
1,10,-9
1,0,1
10,1,9
5,0,5
5,34,-29
1,1,0
1,6,-5
3,0,3
0,3,-3
0,0,0
1,1,0
9,1,8
1,0,1
0,0,0
2,0,2
6,3,3
0,22,-22
3,27,-24
6,3,3
2,0,2
3,4,-1
22,4,18
10,0,10
0,1,-1
6,4,2
0,0,0
18,39,-21
3,14,-11
2,0,2
2,1,1
4,2,2
0,0,0
3,9,-6
10,14,-4
0,1,-1
7,1,6
15,2,13
10,0,10
9,9,0
35,2,33
2,10,-8
5,1,4
10,13,-3
1,2,-1
0,0,0
7,1,6
4,0,4
17,3,14
2,0,2
33,0,33
6,1,5
2,1,1
0,0,0
7,5,2
1,1,0
0,2,-2
0,0,0
24,30,-6
16,2,14
2,0,2
6,3,3
6,1,5
29,29,0
0,0,0
3,1,2
5,5,0
7,1,6
17,0,17
0,1,-1
5,2,3
7,0,7
0,0,0
4,3,1
7,2,5
1,0,1
5,5,0
7,6,1
1,0,1
3,1,2
0,0,0
5,1,4
1,1,0
2,1,1
2,0,2
0,1,-1
13,4,9
5,5,0
7,7,0
9,3,6
5,7,-2
13,5,8
24,41,-17
3,3,0
0,0,0
0,1,-1
6,0,6
17,5,12
1,0,1
1,0,1
5,4,1
9,0,9
5,1,4
13,0,13
0,0,0
0,3,-3
4,4,0
7,4,3
1,0,1
14,0,14
4,0,4
5,9,-4
9,3,6
5,4,1
0,6,-6
18,44,-26
2,26,-24
15,13,2
1,1,0
9,7,2
7,4,3
8,0,8
27,3,24
1,1,0
6,2,4
3,2,1
36,1,35
0,0,0
4,1,3
8,6,2
0,0,0
4,0,4
8,7,1
8,1,7
2,3,-1
0,8,-8
1,4,-3
0,6,-6
0,0,0
12,3,9
5,1,4
0,0,0
18,9,9
10,9,1
0,0,0
0,0,0
3,2,1
0,0,0
13,0,13
0,0,0
1,10,-9
3,1,2
10,0,10
7,0,7
2,0,2
0,0,0
8,6,2
31,7,24
14,4,10
6,7,-1
2,4,-2
0,4,-4
38,22,16
13,10,3
0,3,-3
1,11,-10
0,0,0
9,7,2
6,1,5
3,0,3
2,0,2
1,8,-7
3,2,1
15,0,15
3,2,1
1,1,0
4,9,-5
0,0,0
0,0,0
21,63,-42
6,1,5
5,0,5
6,0,6
11,11,0
17,63,-46
13,1,12
9,5,4
6,2,4
1,0,1
3,1,2
8,1,7
6,3,3
40,2,38
2,6,-4
8,2,6
1,7,-6
5,1,4
13,3,10
1,0,1
11,7,4
10,0,10
1,1,0
0,1,-1
2,0,2
16,2,14
7,3,4
1,0,1
2,0,2
5,1,4
7,1,6
1,0,1
1,0,1
9,0,9
1,28,-27
44,1,43
0,5,-5
0,7,-7
1,7,-6
1,40,-39
1,0,1
17,14,3
5,2,3
20,45,-25
17,2,15
1,3,-2
5,1,4
7,0,7
5,26,-21
0,3,-3
6,0,6
22,10,12
0,0,0
6,4,2
9,5,4
0,2,-2
2,1,1
0,1,-1
5,5,0
24,9,15
6,1,5
6,20,-14
9,2,7
0,1,-1
35,48,-13
10,6,4
0,0,0
2,3,-1
1,7,-6
4,1,3
0,0,0
7,2,5
4,1,3
7,0,7
0,0,0
0,0,0
0,0,0
8,0,8
15,9,6
10,7,3
2,8,-6
9,7,2
1,1,0
9,8,1
2,1,1
1,1,0
3,0,3
2,7,-5
4,3,1
10,9,1
12,12,0
6,7,-1
13,9,4
3,0,3
1,1,0
5,3,2
0,0,0
1,0,1
3,0,3
0,0,0
0,1,-1
1,0,1
36,0,36
49,2,47
1,2,-1
0,0,0
0,0,0
0,9,-9
32,2,30
3,8,-5
13,0,13
1,0,1
1,0,1
0,0,0
10,0,10
0,0,0
2,0,2
10,16,-6
14,5,9
6,0,6
3,0,3
0,0,0
7,1,6
0,0,0
58,58,0
0,0,0
19,13,6
16,11,5
5,3,2
0,0,0
6,1,5
2,0,2
3,4,-1
21,0,21
6,0,6
0,5,-5
3,2,1
5,4,1
1,1,0
3,0,3
9,1,8
1,3,-2
2,0,2
0,0,0
1,0,1
23,23,0
0,0,0
1,4,-3
1,14,-13
0,1,-1
26,5,21
6,11,-5
3,5,-2
6,3,3
7,1,6
15,5,10
1,0,1
15,16,-1
5,0,5
3,4,-1
2,2,0
3,0,3
3,5,-2
0,1,-1
16,0,16
0,1,-1
0,0,0
50,50,0
2,3,-1
0,0,0
14,0,14
2,6,-4
3,3,0
13,0,13
8,1,7
9,2,7
28,0,28
8,6,2
3,3,0
11,3,8
23,2,21
0,0,0
46,15,31
13,0,13
0,0,0
0,0,0
4,2,2
6,0,6
1,0,1
16,55,-39
4,0,4
1,7,-6
3,16,-13
0,0,0
6,2,4
24,10,14
0,0,0
4,0,4
61,33,28
9,0,9
30,1,29
8,10,-2
2,0,2
12,18,-6
0,0,0
7,3,4
2,3,-1
1,0,1
0,2,-2
0,0,0
24,5,19
0,0,0
1,4,-3
2,0,2
0,1,-1
12,3,9
1,0,1
10,7,3
1,0,1
10,4,6
9,17,-8
1,0,1
16,11,5
2,8,-6
0,0,0
1,1,0
1,0,1
5,0,5
1,0,1
7,4,3
14,10,4
20,24,-4
1,0,1
0,0,0
1,1,0
23,5,18
31,7,24
0,0,0
1,0,1
0,2,-2
6,0,6
0,0,0
12,1,11
6,4,2
4,0,4
7,0,7
3,9,-6
2,0,2
6,0,6
25,0,25
1,1,0
0,1,-1
5,10,-5
0,10,-10
2,5,-3
8,0,8
1,5,-4
3,3,0
3,28,-25
0,14,-14
2,0,2
7,0,7
5,0,5
2,4,-2
0,0,0
6,6,0
0,5,-5
3,6,-3
11,3,8
21,9,12
2,1,1
18,13,5
0,0,0
0,0,0
17,1,16
0,0,0
2,13,-11
1,0,1
32,0,32
10,0,10
15,2,13
4,25,-21
5,0,5
1,1,0
2,1,1
18,18,0
6,0,6
12,3,9
25,16,9
1,0,1
2,2,0
43,7,36
7,1,6
3,0,3
6,1,5
0,0,0
7,9,-2
0,0,0
6,0,6
47,46,1
12,5,7
50,29,21
4,2,2
1,0,1
8,8,0
1,0,1
8,9,-1
4,14,-10
17,1,16
6,2,4
0,0,0
2,0,2
17,0,17
0,0,0
0,0,0
1,1,0
0,1,-1
13,0,13
30,11,19
1,0,1
1,3,-2
0,0,0
0,0,0
1,0,1
2,0,2
0,0,0
0,0,0
0,0,0
10,0,10
9,0,9
2,0,2
1,0,1
9,4,5
8,1,7
2,7,-5
6,1,5
0,0,0
3,15,-12
34,5,29
7,7,0
22,0,22
11,4,7
0,0,0
4,0,4
16,0,16
14,1,13
0,0,0
0,0,0
6,2,4
2,0,2
9,5,4
1,0,1
5,1,4
0,5,-5
3,0,3
5,0,5
8,6,2
7,0,7
2,0,2
7,3,4
14,1,13
0,0,0
4,0,4
3,2,1
1,0,1
0,0,0
0,1,-1
0,0,0
7,10,-3
0,0,0
0,0,0
0,0,0
6,1,5
2,2,0
16,4,12
0,0,0
27,2,25
0,1,-1
2,7,-5
2,2,0
2,4,-2
0,0,0
1,2,-1
0,0,0
13,15,-2
1,1,0
3,0,3
0,0,0
0,0,0
30,8,22
0,2,-2
7,3,4
5,0,5
6,7,-1
4,3,1
7,2,5
6,0,6
9,2,7
1,2,-1
1,0,1
0,0,0
2,1,1
4,0,4
18,10,8
0,3,-3
0,2,-2
5,2,3
1,0,1
5,0,5
6,0,6
7,3,4
3,0,3
0,0,0
23,1,22
21,21,0
4,1,3
3,5,-2
1,0,1
7,4,3
9,7,2
14,2,12
36,7,29
3,1,2
17,14,3
6,5,1
0,0,0
2,1,1
14,5,9
4,4,0
0,2,-2
0,1,-1
0,0,0
0,2,-2
10,2,8
0,0,0
3,0,3
11,3,8
1,0,1
2,2,0
18,0,18
12,1,11
12,1,11
2,0,2
2,0,2
5,0,5
1,4,-3
2,1,1
4,0,4
5,3,2
12,2,10
5,1,4
1,0,1
0,6,-6
7,1,6
1,0,1
18,14,4
1,1,0
8,10,-2
4,6,-2
5,5,0
10,10,0
5,2,3
8,15,-7
4,2,2
11,7,4
10,15,-5
5,5,0
6,4,2
1,1,0
0,0,0
5,7,-2
27,24,3
2,5,-3
3,0,3
2,0,2
4,8,-4
0,0,0
3,0,3
16,13,3
0,0,0
8,5,3
4,8,-4
12,0,12
10,5,5
5,1,4
9,67,-58
7,0,7
4,0,4
0,0,0
0,0,0
2,0,2
0,0,0
4,0,4
9,0,9
2,3,-1
30,7,23
0,2,-2
3,13,-10
13,7,6
0,0,0
8,2,6
1,4,-3
7,10,-3
0,0,0
1,0,1
1,1,0
5,1,4
1,20,-19
1,0,1
4,5,-1
0,0,0
9,2,7
23,1,22
12,7,5
4,3,1
5,0,5
7,1,6
0,0,0
33,0,33
5,0,5
12,6,6
46,13,33
2,7,-5
15,1,14
0,0,0
17,5,12
8,0,8
8,10,-2
1,12,-11
0,0,0
1,1,0
2,4,-2
4,25,-21
0,0,0
16,38,-22
10,2,8
0,1,-1
4,0,4
2,2,0
1,3,-2
0,0,0
1,0,1
7,0,7
1,0,1
1,12,-11
1,0,1
3,1,2
8,1,7
0,14,-14
1,0,1
0,9,-9
9,2,7
4,4,0
2,2,0
2,0,2
9,2,7
38,2,36
2,1,1
1,4,-3
14,8,6
7,0,7
7,36,-29
2,2,0
0,0,0
36,0,36
6,1,5
9,3,6
35,14,21
7,15,-8
2,0,2
17,15,2
16,22,-6
0,0,0
27,0,27
32,1,31
1,3,-2
6,2,4
3,3,0
0,17,-17
1,2,-1
5,1,4
3,2,1
5,0,5
5,0,5
1,0,1
4,1,3
1,0,1
3,0,3
10,7,3
9,0,9
0,0,0
18,0,18
8,3,5
2,1,1
2,0,2
2,0,2
6,1,5
3,0,3
1,1,0
4,6,-2
2,4,-2
10,0,10
1,1,0
3,0,3
4,29,-25
3,3,0
0,0,0
5,2,3
2,0,2
1,1,0
4,1,3
1,0,1
3,7,-4
13,2,11
4,0,4
3,3,0
2,0,2
1,10,-9
1,4,-3
0,0,0
1,17,-16
7,1,6
5,45,-40
8,10,-2
24,3,21
3,4,-1
10,0,10
19,6,13
0,0,0
36,36,0
0,0,0
0,5,-5
6,0,6
5,0,5
27,9,18
2,0,2
22,17,5
10,9,1
1,0,1
2,0,2
16,11,5
0,0,0
10,1,9
2,2,0
0,0,0
0,2,-2
9,10,-1
11,11,0
3,0,3
11,2,9
0,0,0
0,8,-8
21,7,14
1,0,1
16,1,15
2,1,1
16,8,8
0,2,-2
5,0,5
8,11,-3
14,0,14
0,0,0
37,9,28
6,1,5
5,9,-4
13,0,13
11,0,11
1,12,-11
23,0,23
6,0,6
6,1,5
1,0,1
2,5,-3
3,4,-1
8,9,-1
1,0,1
0,0,0
6,2,4
0,0,0
0,0,0
4,0,4
14,68,-54
2,5,-3
14,5,9
34,7,27
41,11,30
4,0,4
0,0,0
11,5,6
5,2,3
1,7,-6
2,4,-2
2,0,2
1,0,1
4,6,-2
0,0,0
5,2,3
13,0,13
1,1,0
7,3,4
3,2,1
19,0,19
39,7,32
10,0,10
0,0,0
2,0,2
0,0,0
2,0,2
0,0,0
7,2,5
2,0,2
11,0,11
3,6,-3
11,6,5
1,1,0
14,1,13
2,8,-6
4,4,0
16,3,13
2,1,1
3,1,2
1,0,1
0,0,0
0,1,-1
4,6,-2
3,7,-4
1,0,1
6,3,3
1,3,-2
5,4,1
6,4,2
8,0,8
0,0,0
21,10,11
8,4,4
0,0,0
1,1,0
0,2,-2
3,10,-7
1,13,-12
3,1,2
10,9,1
3,0,3
16,1,15
0,0,0
0,0,0
11,1,10
27,7,20
21,0,21
14,7,7
6,7,-1
14,0,14
9,5,4
16,10,6
1,0,1
6,9,-3
8,4,4
0,0,0
1,0,1
0,1,-1
0,0,0
10,5,5
45,37,8
2,2,0
71,0,71
13,4,9
6,13,-7
0,1,-1
9,10,-1
0,0,0
1,0,1
5,0,5
0,3,-3
3,2,1
4,1,3
9,7,2
2,1,1
6,3,3
1,1,0
8,1,7
0,0,0
2,0,2
6,11,-5
0,0,0
11,18,-7
2,0,2
18,35,-17
6,0,6
17,8,9
0,1,-1
0,0,0
113,113,0
15,0,15
1,0,1
0,0,0
26,3,23
72,72,0
0,2,-2
7,9,-2
2,2,0
8,12,-4
12,8,4
1,5,-4
4,3,1
27,0,27
19,15,4
0,0,0
0,0,0
1,0,1
1,3,-2
0,0,0
12,36,-24
8,0,8
0,3,-3
1,0,1
0,0,0
1,0,1
3,0,3
2,7,-5
2,0,2
20,5,15
4,3,1
1,0,1
1,0,1
5,2,3
1,0,1
0,2,-2
1,0,1
9,1,8
14,0,14
4,4,0
0,0,0
14,40,-26
8,0,8
1,0,1
3,0,3
18,4,14
8,3,5
16,0,16
0,0,0
1,0,1
2,0,2
2,2,0
2,6,-4
8,1,7
3,1,2
3,5,-2
10,8,2
0,0,0
35,35,0
1,0,1
4,3,1
4,0,4
3,0,3
5,2,3
0,0,0
10,0,10
0,0,0
8,0,8
10,16,-6
0,0,0
2,5,-3
0,0,0
6,6,0
3,9,-6
0,0,0
0,0,0
5,7,-2
2,1,1
37,2,35
6,7,-1
3,9,-6
3,1,2
13,1,12
1,1,0
5,2,3
0,0,0
14,3,11
1,0,1
7,1,6
8,2,6
34,2,32
0,0,0
1,0,1
7,0,7
12,0,12
6,5,1
1,1,0
0,0,0
4,2,2
5,8,-3
0,2,-2
14,1,13
0,0,0
31,8,23
8,2,6
12,3,9
1,2,-1
1,0,1
0,0,0
1,0,1
10,9,1
2,0,2
0,0,0
5,8,-3
2,4,-2
11,0,11
2,0,2
2,1,1
19,2,17
0,0,0
8,2,6
12,0,12
17,0,17
0,0,0
12,0,12
1,2,-1
0,0,0
0,0,0
10,7,3
0,1,-1
12,7,5
1,2,-1
8,5,3
8,0,8
3,0,3
0,0,0
12,0,12
4,5,-1
1,1,0
2,6,-4
5,0,5
8,6,2
6,0,6
6,9,-3
0,1,-1
4,1,3
0,0,0
12,9,3
1,0,1
2,2,0
3,0,3
1,0,1
0,1,-1
5,2,3
8,6,2
5,3,2
1,3,-2
3,1,2
3,0,3
4,7,-3
0,0,0
37,4,33
0,2,-2
21,6,15
0,0,0
1,7,-6
12,21,-9
2,1,1
3,0,3
4,4,0
4,2,2
0,0,0
5,0,5
22,2,20
1,0,1
1,0,1
4,0,4
5,10,-5
0,0,0
0,0,0
3,3,0
2,0,2
1,1,0
0,0,0
6,5,1
2,0,2
1,0,1
1,8,-7
15,2,13
3,0,3
1,0,1
4,3,1
0,0,0
4,2,2
8,0,8
9,9,0
6,14,-8
10,7,3
0,0,0
0,0,0
5,1,4
8,1,7
4,4,0
1,7,-6
1,0,1
1,6,-5
1,0,1
18,0,18
11,6,5
1,2,-1
0,0,0
8,0,8
8,0,8
0,3,-3
4,1,3
0,9,-9
36,2,34
1,28,-27
9,7,2
0,0,0
2,0,2
8,4,4
3,0,3
5,5,0
44,2,42
4,0,4
8,7,1
5,6,-1
5,3,2
8,7,1
1,7,-6
8,0,8
2,2,0
6,0,6
0,2,-2
0,2,-2
47,52,-5
1,0,1
9,0,9
0,0,0
0,12,-12
12,3,9
1,2,-1
13,14,-1
0,0,0
6,0,6
42,0,42
1,0,1
4,2,2
6,0,6
3,0,3
4,2,2
28,20,8
40,6,34
9,7,2
5,5,0
0,3,-3
0,0,0
1,0,1
5,14,-9
2,7,-5
0,0,0
0,0,0
9,0,9
2,0,2
3,4,-1
0,7,-7
4,1,3
1,0,1
8,8,0
1,0,1
0,2,-2
4,7,-3
0,3,-3
3,3,0
5,1,4
3,3,0
2,0,2
0,0,0
0,2,-2
0,14,-14
0,4,-4
0,3,-3
0,0,0
7,8,-1
4,2,2
0,2,-2
5,0,5
14,0,14
2,3,-1
3,1,2
0,0,0
2,2,0
5,3,2
3,6,-3
0,1,-1
0,1,-1
1,14,-13
0,0,0
1,0,1
1,22,-21
17,4,13
36,36,0
1,0,1
9,3,6
3,0,3
1,1,0
0,1,-1
4,5,-1
8,4,4
0,2,-2
3,0,3
6,2,4
4,2,2
6,0,6
5,0,5
17,1,16
24,1,23
0,1,-1
1,0,1
36,2,34
13,13,0
21,8,13
5,0,5
3,0,3
3,2,1
1,6,-5
2,3,-1
1,0,1
10,1,9
2,1,1
1,1,0
4,46,-42
6,4,2
0,2,-2
10,7,3
7,2,5
0,0,0
0,0,0
24,0,24
0,0,0
7,0,7
1,0,1
2,1,1
4,0,4
1,0,1
1,0,1
13,3,10
1,0,1
1,23,-22
2,1,1
0,0,0
0,2,-2
3,0,3
0,0,0
4,0,4
5,0,5
11,7,4
1,0,1
8,3,5
5,0,5
1,5,-4
0,0,0
5,0,5
2,0,2
14,0,14
1,1,0
4,6,-2
3,5,-2
7,0,7
0,0,0
10,14,-4
1,5,-4
3,0,3
23,5,18
8,5,3
2,2,0
5,2,3
12,0,12
1,0,1
0,1,-1
7,0,7
1,0,1
0,0,0
3,0,3
3,3,0
0,0,0
5,2,3
0,0,0
13,0,13
0,0,0
1,0,1
4,5,-1
6,0,6
24,2,22
4,9,-5
6,14,-8
0,15,-15
0,0,0
0,11,-11
10,0,10
0,3,-3
4,8,-4
0,1,-1
1,1,0
6,0,6
12,7,5
8,1,7
8,4,4
3,0,3
21,0,21
0,0,0
0,0,0
0,1,-1
5,1,4
1,0,1
0,0,0
6,6,0
6,0,6
23,8,15
4,4,0
16,14,2
7,3,4
7,0,7
0,0,0
1,1,0
4,1,3
7,0,7
23,10,13
1,2,-1
1,0,1
0,1,-1
0,0,0
0,0,0
2,1,1
3,9,-6
22,1,21
14,2,12
14,2,12
2,1,1
8,0,8
5,2,3
21,0,21
2,0,2
12,10,2
13,8,5
42,17,25
0,0,0
1,0,1
1,0,1
21,7,14
36,20,16
4,3,1
51,50,1
4,7,-3
0,0,0
5,7,-2
3,5,-2
3,3,0
2,1,1
7,0,7
4,0,4
2,0,2
7,2,5
3,0,3
0,7,-7
4,0,4
0,1,-1
9,3,6
2,0,2
5,2,3
16,0,16
7,6,1
4,1,3
0,0,0
0,0,0
1,2,-1
8,7,1
2,27,-25
7,1,6
0,0,0
0,0,0
5,7,-2
1,0,1
12,0,12
0,0,0
9,0,9
3,0,3
12,13,-1
7,1,6
0,0,0
2,9,-7
0,3,-3
7,6,1
9,16,-7
6,14,-8
6,2,4
3,3,0
4,0,4
0,0,0
20,18,2
9,7,2
3,3,0
1,7,-6
6,6,0
9,9,0
1,0,1
8,1,7
0,3,-3
2,4,-2
0,0,0
8,2,6
12,5,7
3,0,3
0,1,-1
1,0,1
3,0,3
1,2,-1
3,2,1
3,0,3
2,0,2
4,4,0
3,3,0
1,3,-2
0,0,0
5,0,5
0,0,0
20,9,11
1,0,1
1,0,1
4,3,1
3,0,3
3,0,3
9,1,8
4,5,-1
0,0,0
0,2,-2
1,0,1
18,13,5
0,0,0
6,1,5
0,0,0
1,0,1
2,0,2
10,5,5
0,0,0
3,2,1
6,0,6
0,7,-7
31,6,25
1,1,0
1,21,-20
4,7,-3
5,0,5
0,0,0
11,0,11
1,3,-2
8,0,8
2,1,1
4,4,0
4,0,4
14,9,5
7,6,1
0,0,0
21,29,-8
0,0,0
0,18,-18
1,10,-9
17,0,17
9,5,4
6,7,-1
0,0,0
0,0,0
11,2,9
0,0,0
4,4,0
5,1,4
1,0,1
0,0,0
33,0,33
9,3,6
0,4,-4
6,5,1
4,0,4
2,1,1
0,0,0
20,3,17
2,0,2
9,0,9
0,0,0
0,1,-1
0,0,0
13,0,13
3,9,-6
22,5,17
9,5,4
7,9,-2
1,0,1
1,0,1
3,8,-5
1,0,1
1,0,1
43,50,-7
2,0,2
0,1,-1
24,0,24
1,2,-1
3,3,0
5,1,4
1,0,1
0,0,0
2,1,1
2,2,0
12,0,12
17,0,17
0,0,0
33,10,23
10,1,9
2,0,2
7,0,7
0,0,0
11,7,4
2,4,-2
0,1,-1
0,0,0
3,3,0
2,4,-2
22,0,22
1,0,1
10,2,8
0,0,0
49,1,48
6,0,6
13,1,12
3,0,3
1,0,1
0,1,-1
0,22,-22
4,0,4
23,1,22
5,6,-1
5,7,-2
5,5,0
9,7,2
4,4,0
0,1,-1
7,1,6
6,4,2
11,25,-14
40,30,10
19,14,5
0,3,-3
13,0,13
33,1,32
15,13,2
1,0,1
1,20,-19
14,2,12
1,7,-6
26,1,25
0,0,0
0,0,0
3,1,2
0,1,-1
3,4,-1
6,1,5
4,0,4
3,1,2
0,1,-1
1,0,1
1,3,-2
0,1,-1
6,4,2
3,1,2
0,0,0
14,2,12
16,20,-4
5,3,2
0,0,0
5,3,2
6,3,3
3,8,-5
1,0,1
2,2,0
1,7,-6
3,2,1
0,0,0
4,1,3
10,15,-5
6,2,4
1,0,1
1,1,0
25,3,22
8,37,-29
0,0,0
14,3,11
15,6,9
5,0,5
7,0,7
13,14,-1
21,8,13
11,0,11
0,7,-7
12,0,12
2,5,-3
0,0,0
1,5,-4
2,0,2
14,7,7
1,1,0
0,0,0
2,2,0
1,7,-6
33,28,5
2,0,2
2,0,2
2,7,-5
2,0,2
17,5,12
12,0,12
10,2,8
14,7,7
2,1,1
3,1,2
0,0,0
0,0,0
14,14,0
1,0,1
39,4,35
4,0,4
5,1,4
14,0,14
20,7,13
0,3,-3
0,1,-1
1,1,0
2,2,0
57,50,7
0,0,0
0,0,0
24,0,24
21,0,21
7,1,6
2,0,2
12,2,10
2,11,-9
1,0,1
1,5,-4
10,26,-16
0,4,-4
1,0,1
4,0,4
0,1,-1
1,0,1
4,2,2
4,11,-7
6,0,6
0,0,0
9,0,9
6,6,0
11,1,10
4,5,-1
2,0,2
43,43,0
1,2,-1
0,0,0
8,2,6
0,0,0
4,4,0
4,1,3
2,0,2
8,24,-16
2,0,2
7,0,7
6,1,5
7,1,6
7,1,6
3,1,2
0,0,0
2,4,-2
2,3,-1
0,0,0
3,6,-3
4,6,-2
2,6,-4
12,13,-1
3,3,0
25,0,25
17,14,3
10,4,6
16,0,16
2,0,2
0,0,0
0,1,-1
1,0,1
3,0,3
9,0,9
0,0,0
2,3,-1
0,0,0
4,0,4
2,0,2
1,0,1
17,4,13
10,4,6
0,0,0
0,0,0
12,8,4
9,15,-6
5,0,5
2,1,1
2,0,2
16,2,14
0,6,-6
11,6,5
0,0,0
7,1,6
17,1,16
4,4,0
4,4,0
0,5,-5
13,48,-35
6,3,3
8,8,0
4,0,4
6,0,6
2,1,1
6,9,-3
6,0,6
5,2,3
15,1,14
33,2,31
3,4,-1
8,2,6
0,0,0
0,4,-4
3,0,3
0,2,-2
4,1,3
3,3,0
6,41,-35
4,0,4
1,0,1
0,1,-1
1,0,1
28,63,-35
1,8,-7
5,2,3
2,0,2
14,10,4
0,3,-3
12,2,10
11,5,6
0,2,-2
0,0,0
27,8,19
6,0,6
0,0,0
8,16,-8
5,8,-3
10,1,9
10,0,10
3,0,3
5,0,5
5,7,-2
27,21,6
26,31,-5
6,28,-22
7,0,7
21,0,21
8,0,8
4,0,4
1,0,1
14,0,14
15,4,11
25,3,22
0,0,0
2,2,0
7,5,2
8,0,8
2,0,2
0,0,0
7,0,7
23,23,0
13,0,13
42,42,0
4,7,-3
0,0,0
8,0,8
6,0,6
3,2,1
2,0,2
0,7,-7
0,4,-4
0,0,0
19,3,16
16,1,15
26,3,23
3,3,0
45,0,45
0,2,-2
1,0,1
0,0,0
1,1,0
3,3,0
3,0,3
12,0,12
4,7,-3
2,9,-7
6,0,6
8,0,8
24,14,10
7,1,6
4,4,0
0,2,-2
7,1,6
45,45,0
5,6,-1
9,9,0
7,0,7
30,1,29
0,0,0
2,2,0
2,0,2
3,4,-1
4,0,4
4,0,4
4,3,1
0,0,0
9,9,0
0,4,-4
0,0,0
8,16,-8
1,5,-4
2,0,2
8,0,8
2,6,-4
6,2,4
14,13,1
3,1,2
2,0,2
5,0,5
22,7,15
13,1,12
14,23,-9
0,0,0
3,8,-5
6,6,0
2,4,-2
1,1,0
12,41,-29
23,48,-25
8,1,7
3,0,3
2,0,2
0,0,0
1,0,1
20,5,15
5,1,4
1,0,1
0,0,0
1,6,-5
17,10,7
8,0,8
5,1,4
2,26,-24
32,2,30
2,0,2
2,1,1
5,2,3
15,8,7
28,2,26
0,0,0
2,1,1
0,0,0
2,3,-1
29,3,26
8,2,6
0,0,0
0,0,0
6,1,5
2,0,2
0,6,-6
32,0,32
3,4,-1
6,0,6
3,0,3
5,5,0
11,6,5
16,2,14
0,0,0
1,0,1
9,5,4
2,0,2
3,0,3
32,2,30
3,0,3
0,3,-3
60,31,29
0,3,-3
0,0,0
4,1,3
0,0,0
0,0,0
0,0,0
11,7,4
12,10,2
10,1,9
0,0,0
2,3,-1
0,0,0
2,0,2
0,2,-2
2,2,0
11,14,-3
14,1,13
8,4,4
5,3,2
6,0,6
5,2,3
2,4,-2
19,1,18
1,0,1
1,6,-5
0,1,-1
0,0,0
2,3,-1
2,0,2
1,0,1
6,6,0
16,0,16
14,0,14
2,0,2
1,1,0
22,1,21
14,0,14
4,3,1
19,1,18
1,3,-2
1,0,1
11,7,4
11,29,-18
12,13,-1
20,0,20
13,0,13
14,4,10
1,1,0
48,48,0
2,35,-33
2,6,-4
1,8,-7
0,0,0
25,1,24
43,17,26
12,3,9
5,1,4
14,2,12
0,3,-3
0,0,0
1,1,0
23,11,12
4,0,4
2,5,-3
7,6,1
2,0,2
135,1,134
18,0,18
11,0,11
3,0,3
2,14,-12
3,7,-4
0,0,0
4,1,3
2,0,2
114,12,102
0,2,-2
0,2,-2
1,0,1
0,0,0
15,5,10
1,0,1
1,1,0
1,0,1
13,4,9
0,0,0
17,4,13
11,7,4
0,0,0
6,0,6
15,1,14
19,1,18
16,2,14
20,2,18
6,42,-36
84,29,55
0,0,0
0,1,-1
2,5,-3
4,0,4
1,1,0
11,30,-19
3,0,3
0,0,0
9,46,-37
1,0,1
0,7,-7
0,0,0
0,0,0
0,0,0
7,2,5
15,0,15
0,0,0
3,1,2
4,2,2
3,2,1
4,1,3
1,0,1
14,4,10
6,0,6
1,7,-6
2,0,2
27,1,26
1,7,-6
8,6,2
3,0,3
1,0,1
5,0,5
2,0,2
2,0,2
7,4,3
0,0,0
0,1,-1
11,0,11
1,0,1
0,0,0
0,10,-10
9,1,8
19,7,12
7,7,0
1,0,1
4,1,3
1,0,1
3,0,3
3,0,3
6,6,0
5,24,-19
2,1,1
17,10,7
5,0,5
7,3,4
0,0,0
0,1,-1
7,10,-3
42,0,42
6,6,0
0,1,-1
0,2,-2
0,0,0
3,0,3
16,25,-9
0,7,-7
3,7,-4
1,1,0
1,1,0
3,0,3
4,3,1
5,2,3
0,1,-1
22,8,14
2,5,-3
0,1,-1
3,0,3
14,1,13
2,9,-7
10,2,8
1,0,1
7,0,7
2,1,1
6,0,6
0,0,0
1,0,1
1,3,-2
7,7,0
0,0,0
0,7,-7
0,0,0
0,0,0
1,2,-1
4,0,4
31,0,31
5,1,4
1,1,0
0,0,0
14,7,7
3,1,2
0,0,0
9,0,9
2,5,-3
0,0,0
7,0,7
3,0,3
7,2,5
10,0,10
0,0,0
2,0,2
15,3,12
2,0,2
1,0,1
16,3,13
11,5,6
3,4,-1
0,0,0
8,11,-3
4,1,3
11,2,9
11,23,-12
1,5,-4
3,4,-1
4,0,4
3,2,1
0,0,0
6,63,-57
1,3,-2
0,0,0
5,2,3
0,0,0
9,1,8
9,7,2
1,0,1
26,15,11
13,15,-2
1,3,-2
2,0,2
4,0,4
1,0,1
0,1,-1
0,0,0
8,8,0
2,0,2
2,8,-6
0,3,-3
9,0,9
0,0,0
0,0,0
45,45,0
4,5,-1
3,0,3
5,1,4
14,10,4
0,3,-3
7,16,-9
5,0,5
5,0,5
12,1,11
3,0,3
8,5,3
42,2,40
3,15,-12
3,0,3
11,5,6
7,5,2
6,0,6
1,7,-6
20,4,16
18,27,-9
9,0,9
7,6,1
19,1,18
1,2,-1
8,0,8
3,7,-4
3,7,-4
8,6,2
11,0,11
6,5,1
11,26,-15
4,0,4
6,0,6
7,2,5
2,0,2
0,0,0
5,1,4
3,1,2
1,0,1
1,50,-49
8,7,1
4,0,4
4,2,2
1,1,0
3,3,0
4,2,2
0,0,0
8,2,6
2,0,2
0,0,0
31,46,-15
5,0,5
5,0,5
7,0,7
1,4,-3
0,0,0
10,2,8
11,10,1
9,6,3
0,0,0
4,2,2
3,3,0
0,0,0
1,0,1
6,0,6
11,4,7
1,2,-1
0,0,0
57,57,0
16,10,6
4,1,3
2,0,2
7,9,-2
2,9,-7
5,0,5
0,0,0
1,0,1
4,0,4
2,0,2
0,0,0
2,0,2
7,7,0
6,0,6
5,0,5
10,6,4
6,2,4
9,4,5
2,0,2
4,5,-1
0,0,0
44,44,0
1,0,1
0,0,0
2,0,2
13,1,12
2,0,2
1,1,0
44,20,24
4,2,2
5,0,5
13,0,13
14,1,13
0,10,-10
3,0,3
1,1,0
5,0,5
2,0,2
0,0,0
1,0,1
20,35,-15
3,0,3
1,2,-1
3,3,0
2,1,1
1,0,1
4,0,4
6,0,6
18,107,-89
0,0,0
13,0,13
2,0,2
8,0,8
8,2,6
0,0,0
4,1,3
2,0,2
0,0,0
13,0,13
0,11,-11
1,0,1
3,5,-2
31,20,11
18,15,3
6,5,1
16,8,8
0,6,-6
5,0,5
6,20,-14
4,1,3
0,0,0
20,0,20
4,3,1
9,0,9
0,1,-1
2,2,0
17,30,-13
1,1,0
3,6,-3
0,0,0
0,0,0
17,17,0
3,0,3
13,6,7
2,1,1
0,1,-1
12,0,12
3,1,2
4,9,-5
3,22,-19
0,0,0
2,2,0
3,1,2
3,4,-1
1,0,1
17,0,17
3,1,2
7,0,7
0,0,0
0,0,0
3,6,-3
1,0,1
5,2,3
18,0,18
2,0,2
2,1,1
4,12,-8
36,0,36
0,0,0
8,0,8
0,0,0
4,0,4
2,60,-58
4,0,4
5,0,5
3,2,1
18,0,18
2,2,0
10,5,5
13,4,9
2,0,2
0,2,-2
5,5,0
0,2,-2
0,0,0
16,22,-6
7,1,6
9,0,9
4,5,-1
1,2,-1
0,0,0
9,0,9
8,0,8
1,0,1
0,0,0
3,1,2
5,8,-3
0,3,-3
7,5,2
1,11,-10
14,1,13
4,2,2
0,0,0
33,3,30
4,0,4
6,1,5
7,0,7
5,3,2
0,0,0
4,0,4
1,0,1
1,0,1
1,1,0
0,0,0
0,0,0
7,0,7
5,0,5
1,0,1
1,0,1
1,2,-1
5,0,5
0,0,0
0,1,-1
1,0,1
0,0,0
2,1,1
28,24,4
3,0,3
12,0,12
6,9,-3
6,0,6
5,3,2
4,4,0
6,4,2
10,11,-1
14,0,14
5,1,4
15,8,7
0,0,0
2,1,1
2,0,2
6,7,-1
23,4,19
4,0,4
6,5,1
33,9,24
3,0,3
4,3,1
10,10,0
0,0,0
1,0,1
6,2,4
17,7,10
0,0,0
17,2,15
18,7,11
10,5,5
23,5,18
10,7,3
2,0,2
2,0,2
2,0,2
23,0,23
0,0,0
18,12,6
0,0,0
1,0,1
2,0,2
8,5,3
20,2,18
6,0,6
26,4,22
0,0,0
29,22,7
8,5,3
2,0,2
1,0,1
3,0,3
4,5,-1
0,0,0
6,1,5
17,0,17
4,3,1
1,1,0
9,53,-44
3,3,0
1,1,0
10,4,6
15,15,0
5,7,-2
6,1,5
0,1,-1
0,3,-3
8,4,4
2,1,1
3,0,3
0,7,-7
20,5,15
2,0,2
4,0,4
9,14,-5
7,0,7
9,0,9
13,0,13
1,5,-4
5,0,5
0,3,-3
13,0,13
0,3,-3
0,0,0
11,0,11
8,4,4
3,2,1
9,2,7
3,2,1
0,0,0
9,1,8
12,0,12
13,9,4
22,36,-14
13,4,9
0,0,0
2,1,1
1,0,1
1,0,1
4,0,4
2,3,-1
6,4,2
8,9,-1
3,5,-2
3,20,-17
0,0,0
56,24,32
5,5,0
6,0,6
0,6,-6
0,0,0
0,0,0
9,3,6
0,0,0
24,1,23
9,4,5
2,0,2
1,0,1
2,1,1
101,101,0
2,0,2
20,28,-8
11,7,4
1,0,1
5,3,2
3,0,3
13,16,-3
3,0,3
12,16,-4
5,0,5
3,5,-2
6,31,-25
2,0,2
8,2,6
1,0,1
16,0,16
6,5,1
0,8,-8
5,11,-6
7,0,7
6,4,2
9,7,2
0,20,-20
2,9,-7
1,0,1
0,0,0
19,14,5
4,4,0
7,18,-11
5,1,4
4,0,4
6,1,5
11,0,11
5,1,4
0,0,0
21,11,10
5,43,-38
2,0,2
4,0,4
3,18,-15
16,0,16
2,2,0
3,5,-2
5,5,0
0,11,-11
0,0,0
7,7,0
4,0,4
7,2,5
1,0,1
2,0,2
1,0,1
8,0,8
6,9,-3
1,8,-7
21,21,0
3,1,2
6,0,6
5,7,-2
18,0,18
0,0,0
0,1,-1
7,7,0
0,1,-1
0,0,0
6,9,-3
1,1,0
1,2,-1
1,0,1
1,1,0
13,1,12
7,0,7
0,0,0
5,5,0
1,2,-1
17,3,14
0,0,0
5,5,0
0,0,0
9,9,0
0,1,-1
11,11,0
11,8,3
5,0,5
1,2,-1
0,0,0
1,0,1
7,1,6
0,0,0
0,0,0
11,6,5
1,2,-1
0,0,0
1,0,1
1,0,1
2,37,-35
6,7,-1
0,0,0
2,0,2
20,31,-11
9,1,8
0,3,-3
2,0,2
11,8,3
25,23,2
13,3,10
7,8,-1
12,11,1
0,4,-4
10,14,-4
22,0,22
1,0,1
7,7,0
18,22,-4
2,0,2
6,7,-1
15,38,-23
0,0,0
2,0,2
0,0,0
0,0,0
1,3,-2
10,6,4
0,0,0
15,2,13
6,0,6
2,1,1
3,1,2
37,45,-8
21,0,21
1,2,-1
0,0,0
0,13,-13
36,0,36
0,0,0
1,0,1
45,10,35
0,0,0
11,0,11
3,10,-7
1,0,1
1,0,1
5,0,5
1,0,1
3,0,3
0,0,0
1,0,1
4,14,-10
3,1,2
11,7,4
10,2,8
16,5,11
8,1,7
2,4,-2
1,1,0
12,0,12
4,2,2
1,0,1
0,0,0
6,3,3
0,0,0
7,7,0
2,3,-1
0,5,-5
24,10,14
55,6,49
5,2,3
1,5,-4
12,0,12
0,0,0
1,1,0
6,22,-16
4,3,1
34,0,34
0,1,-1
0,0,0
18,3,15
18,0,18
1,0,1
2,0,2
5,0,5
20,11,9
1,0,1
1,8,-7
19,4,15
11,4,7
15,7,8
23,3,20
18,40,-22
5,5,0
0,0,0
0,5,-5
14,5,9
1,2,-1
5,0,5
5,7,-2
20,4,16
10,7,3
2,0,2
4,0,4
5,0,5
0,0,0
5,0,5
13,13,0
0,3,-3
0,0,0
9,0,9
2,0,2
0,7,-7
19,11,8
11,38,-27
0,0,0
2,4,-2
3,3,0
0,0,0
75,27,48
11,10,1
21,25,-4
10,0,10
1,0,1
8,2,6
7,0,7
0,0,0
3,0,3
4,2,2
8,0,8
4,0,4
1,0,1
5,9,-4
0,0,0
10,0,10
0,0,0
9,3,6
13,8,5
0,2,-2
1,2,-1
0,3,-3
16,23,-7
5,0,5
0,2,-2
5,1,4
0,0,0
0,1,-1
8,1,7
5,0,5
0,0,0
3,0,3
6,0,6
24,2,22
0,0,0
27,9,18
1,0,1
0,0,0
0,0,0
62,53,9
0,0,0
22,13,9
5,2,3
0,0,0
12,2,10
2,0,2
4,0,4
8,3,5
5,7,-2
5,0,5
6,0,6
0,0,0
51,0,51
0,0,0
16,16,0
7,19,-12
5,1,4
5,11,-6
1,0,1
0,3,-3
5,5,0
7,1,6
14,1,13
0,0,0
10,34,-24
0,0,0
14,9,5
0,0,0
10,0,10
0,0,0
1,2,-1
1,0,1
3,0,3
5,0,5
0,0,0
4,1,3
3,2,1
0,0,0
8,2,6
3,0,3
10,7,3
20,10,10
6,9,-3
13,31,-18
1,0,1
19,3,16
35,15,20
2,0,2
6,1,5
8,7,1
4,3,1
4,13,-9
9,9,0
1,0,1
19,0,19
0,0,0
1,0,1
4,10,-6
0,0,0
1,0,1
0,0,0
19,39,-20
3,0,3
5,9,-4
3,8,-5
0,0,0
0,0,0
6,7,-1
14,0,14
1,0,1
0,0,0
14,0,14
1,1,0
1,0,1
7,3,4
0,1,-1
9,3,6
0,8,-8
31,4,27
5,1,4
46,0,46
19,9,10
6,10,-4
1,0,1
4,1,3
8,0,8
10,8,2
3,0,3
21,6,15
16,10,6
6,1,5
7,8,-1
0,0,0
22,10,12
4,6,-2
25,7,18
30,2,28
3,0,3
6,6,0
5,6,-1
0,0,0
9,0,9
5,5,0
12,5,7
2,0,2
5,1,4
6,0,6
6,6,0
0,5,-5
0,0,0
0,0,0
10,0,10
2,1,1
7,5,2
29,8,21
7,1,6
1,1,0
11,0,11
1,0,1
2,0,2
1,7,-6
1,1,0
0,0,0
19,2,17
10,6,4
3,4,-1
2,0,2
12,0,12
5,9,-4
1,1,0
8,0,8
4,2,2
2,0,2
10,1,9
11,1,10
10,0,10
1,0,1
39,2,37
5,2,3
2,0,2
5,0,5
0,1,-1
1,0,1
18,2,16
1,0,1
0,0,0
20,1,19
6,3,3
12,0,12
2,0,2
4,0,4
8,3,5
50,0,50
9,13,-4
0,1,-1
1,1,0
2,0,2
16,7,9
0,0,0
4,2,2
11,2,9
9,0,9
0,0,0
43,9,34
7,5,2
1,0,1
1,0,1
8,0,8
19,0,19
0,9,-9
3,0,3
0,0,0
0,0,0
4,0,4
1,1,0
0,0,0
9,0,9
7,1,6
0,0,0
13,3,10
31,2,29
14,7,7
1,0,1
0,0,0
27,7,20
9,0,9
43,14,29
2,0,2
5,3,2
11,22,-11
2,1,1
8,5,3
2,7,-5
0,6,-6
14,2,12
7,1,6
5,0,5
2,0,2
4,2,2
6,7,-1
6,7,-1
2,0,2
2,2,0
2,1,1
9,0,9
3,2,1
10,8,2
12,7,5
0,0,0
1,0,1
3,6,-3
0,0,0
2,0,2
0,0,0
0,7,-7
4,14,-10
0,8,-8
7,7,0
3,1,2
13,7,6
26,40,-14
3,0,3
11,4,7
0,0,0
61,33,28
5,0,5
7,2,5
17,1,16
0,0,0
9,9,0
12,4,8
5,3,2
0,0,0
2,8,-6
9,0,9
9,0,9
1,5,-4
6,0,6
5,0,5
60,15,45
4,0,4
2,2,0
1,1,0
3,0,3
21,12,9
0,0,0
0,0,0
0,1,-1
0,3,-3
77,37,40
0,0,0
0,0,0
1,0,1
2,2,0
0,1,-1
14,5,9
0,3,-3
3,3,0
7,1,6
3,3,0
0,0,0
5,0,5
15,9,6
18,5,13
0,2,-2
1,2,-1
0,0,0
10,10,0
1,21,-20
10,1,9
6,0,6
5,0,5
2,8,-6
3,0,3
0,0,0
13,0,13
7,0,7
9,6,3
7,0,7
11,0,11
1,0,1
1,0,1
3,10,-7
5,0,5
10,0,10
4,1,3
10,10,0
2,2,0
5,0,5
11,2,9
4,7,-3
1,0,1
4,7,-3
4,5,-1
13,7,6
2,0,2
55,3,52
19,0,19
1,1,0
3,2,1
0,0,0
1,5,-4
4,0,4
18,0,18
2,3,-1
18,0,18
1,0,1
0,3,-3
0,0,0
26,5,21
0,5,-5
5,9,-4
0,9,-9
8,0,8
1,0,1
0,0,0
5,12,-7
3,2,1
3,0,3
6,2,4
2,2,0
12,1,11
5,4,1
8,0,8
2,0,2
16,7,9
0,0,0
0,5,-5
10,5,5
2,5,-3
34,34,0
7,2,5
2,0,2
4,1,3
0,2,-2
1,0,1
0,0,0
0,1,-1
0,0,0
7,0,7
2,0,2
34,0,34
18,0,18
28,11,17
24,5,19
2,0,2
9,5,4
6,0,6
5,7,-2
5,7,-2
19,0,19
0,2,-2
0,0,0
20,40,-20
1,3,-2
9,0,9
2,1,1
6,27,-21
0,0,0
11,2,9
5,5,0
0,0,0
13,1,12
3,5,-2
0,0,0
0,70,-70
3,0,3
3,1,2
4,5,-1
2,0,2
6,0,6
25,0,25
10,0,10
12,3,9
0,0,0
4,4,0
3,1,2
5,5,0
6,8,-2
5,0,5
3,7,-4
1,0,1
6,2,4
4,4,0
5,3,2
14,18,-4
12,9,3
0,0,0
11,9,2
17,2,15
5,3,2
15,15,0
1,0,1
23,0,23
8,6,2
8,0,8
6,0,6
0,0,0
4,0,4
3,2,1
0,0,0
14,12,2
7,9,-2
13,4,9
2,0,2
4,1,3
0,0,0
1,2,-1
1,2,-1
0,0,0
4,0,4
0,0,0
1,2,-1
13,4,9
20,5,15
6,0,6
26,63,-37
0,7,-7
6,2,4
19,0,19
1,0,1
0,3,-3
7,0,7
4,2,2
10,2,8
11,0,11
11,2,9
0,1,-1
24,0,24
6,0,6
2,1,1
1,0,1
16,1,15
4,1,3
1,0,1
0,6,-6
1,0,1
3,0,3
0,0,0
5,1,4
0,0,0
0,0,0
3,1,2
12,1,11
5,1,4
9,0,9
9,5,4
37,3,34
5,2,3
7,7,0
8,7,1
1,0,1
6,0,6
0,3,-3
18,18,0
13,0,13
0,0,0
1,0,1
0,0,0
0,0,0
1,0,1
0,4,-4
12,0,12
9,9,0
2,0,2
1,6,-5
14,6,8
0,0,0
3,1,2
21,1,20
7,0,7
5,1,4
6,12,-6
3,1,2
13,10,3
0,0,0
10,7,3
4,2,2
7,3,4
0,17,-17
0,0,0
25,33,-8
1,0,1
0,3,-3
0,1,-1
2,0,2
5,1,4
10,0,10
0,0,0
18,0,18
7,2,5
1,6,-5
12,12,0
4,2,2
0,0,0
0,0,0
1,37,-36
4,4,0
0,2,-2
0,1,-1
2,0,2
1,2,-1
2,5,-3
11,20,-9
5,5,0
0,0,0
0,1,-1
5,6,-1
6,2,4
0,0,0
0,9,-9
3,4,-1
42,20,22
2,48,-46
0,2,-2
4,0,4
0,0,0
32,39,-7
0,2,-2
2,3,-1
54,0,54
6,2,4
0,0,0
22,0,22
4,11,-7
2,45,-43
1,0,1
2,0,2
0,2,-2
0,1,-1
18,0,18
7,6,1
4,2,2
4,1,3
8,1,7
2,1,1
7,0,7
11,2,9
2,0,2
1,4,-3
7,0,7
0,1,-1
0,0,0
3,10,-7
1,10,-9
9,0,9
0,2,-2
6,14,-8
5,0,5
0,0,0
0,0,0
1,0,1
1,1,0
24,21,3
4,7,-3
5,3,2
0,0,0
10,6,4
10,0,10
0,0,0
12,3,9
5,0,5
0,0,0
38,1,37
5,4,1
9,25,-16
2,0,2
1,0,1
4,6,-2
1,5,-4
24,22,2
6,2,4
1,18,-17
2,4,-2
27,8,19
0,0,0
4,0,4
11,5,6
0,2,-2
8,3,5
6,5,1
0,0,0
8,0,8
1,1,0
10,7,3
10,6,4
4,1,3
1,0,1
1,1,0
2,7,-5
11,3,8
0,0,0
23,11,12
0,0,0
5,5,0
34,19,15
26,26,0
0,4,-4
3,0,3
16,3,13
14,10,4
11,0,11
7,2,5
0,0,0
2,10,-8
0,6,-6
0,0,0
7,0,7
13,1,12
2,1,1
2,0,2
8,2,6
2,3,-1
5,19,-14
2,7,-5
0,0,0
40,0,40
3,17,-14
13,13,0
1,0,1
1,6,-5
6,10,-4
3,0,3
6,2,4
0,0,0
2,0,2
1,12,-11
0,0,0
2,1,1
2,0,2
6,1,5
1,1,0
0,0,0
6,3,3
0,0,0
0,0,0
10,1,9
8,0,8
0,0,0
0,7,-7
33,1,32
0,2,-2
4,3,1
66,11,55
0,0,0
17,0,17
3,4,-1
0,4,-4
0,0,0
1,1,0
3,1,2
5,0,5
3,1,2
15,7,8
5,7,-2
7,6,1
10,7,3
7,3,4
5,1,4
3,0,3
0,0,0
18,6,12
5,9,-4
1,0,1
3,2,1
7,1,6
1,0,1
0,0,0
4,1,3
11,15,-4
5,0,5
0,2,-2
8,5,3
2,6,-4
2,6,-4
24,7,17
2,4,-2
5,2,3
9,0,9
6,2,4
3,0,3
49,25,24
17,0,17
0,0,0
9,0,9
4,0,4
9,11,-2
7,7,0
14,0,14
12,0,12
0,0,0
1,2,-1
7,0,7
1,0,1
4,1,3
8,7,1
1,5,-4
0,0,0
0,3,-3
21,0,21
0,0,0
1,0,1
20,77,-57
7,0,7
0,2,-2
2,3,-1
7,0,7
0,0,0
0,0,0
9,7,2
10,5,5
0,0,0
0,0,0
35,13,22
0,9,-9
26,0,26
4,5,-1
17,4,13
9,3,6
0,0,0
1,14,-13
2,0,2
1,0,1
1,1,0
10,10,0
8,78,-70
0,0,0
30,10,20
11,6,5
10,0,10
0,0,0
0,0,0
4,0,4
1,4,-3
4,0,4
6,10,-4
9,0,9
0,1,-1
2,1,1
10,6,4
2,0,2
4,2,2
2,5,-3
1,0,1
3,1,2
2,0,2
1,0,1
5,3,2
8,0,8
14,3,11
0,0,0
4,5,-1
0,0,0
6,2,4
17,0,17
0,4,-4
0,0,0
6,1,5
12,8,4
5,14,-9
5,5,0
0,0,0
2,0,2
0,3,-3
7,7,0
2,5,-3
10,9,1
4,0,4
0,0,0
0,0,0
0,0,0
16,2,14
8,0,8
0,0,0
6,6,0
6,1,5
1,0,1
45,0,45
8,0,8
0,0,0
4,4,0
2,0,2
1,2,-1
6,2,4
1,0,1
0,0,0
3,8,-5
7,2,5
36,6,30
1,5,-4
18,11,7
0,0,0
2,0,2
8,0,8
5,0,5
5,3,2
7,8,-1
1,11,-10
0,0,0
13,0,13
0,0,0
4,0,4
1,0,1
4,5,-1
19,0,19
5,0,5
4,1,3
0,2,-2
22,0,22
0,0,0
4,2,2
2,0,2
0,0,0
6,1,5
1,0,1
2,6,-4
0,0,0
0,15,-15
4,0,4
2,0,2
0,4,-4
1,2,-1
1,0,1
1,1,0
7,0,7
0,0,0
10,1,9
13,1,12
5,4,1
7,0,7
8,0,8
0,20,-20
1,0,1
3,0,3
3,29,-26
2,5,-3
0,0,0
0,0,0
3,0,3
9,7,2
2,0,2
2,1,1
7,2,5
2,0,2
3,7,-4
4,0,4
6,1,5
0,0,0
8,9,-1
25,1,24
1,0,1
14,4,10
0,0,0
16,0,16
2,3,-1
0,0,0
1,0,1
1,1,0
0,0,0
14,0,14
2,40,-38
13,18,-5
7,1,6
0,3,-3
16,0,16
2,0,2
2,0,2
63,63,0
16,0,16
0,1,-1
23,2,21
8,3,5
1,0,1
17,6,11
3,1,2
83,1,82
1,4,-3
1,0,1
29,0,29
29,13,16
7,5,2
1,0,1
0,1,-1
1,0,1
2,0,2
10,0,10
37,0,37
0,3,-3
0,0,0
3,0,3
1,4,-3
3,0,3
27,5,22
11,0,11
19,14,5
14,22,-8
9,2,7
20,2,18
35,5,30
19,0,19
5,0,5
4,0,4
1,0,1
5,14,-9
17,1,16
6,2,4
14,5,9
1,3,-2
6,6,0
4,0,4
3,0,3
1,0,1
0,2,-2
2,0,2
2,1,1
14,53,-39
0,0,0
0,1,-1
1,2,-1
4,0,4
0,0,0
3,0,3
4,0,4
2,3,-1
5,21,-16
0,1,-1
18,0,18
0,0,0
27,10,17
34,0,34
7,7,0
1,0,1
5,0,5
6,1,5
12,2,10
9,2,7
9,0,9
4,1,3
1,3,-2
4,4,0
4,0,4
16,6,10
0,0,0
16,1,15
0,10,-10
7,7,0
5,5,0
1,2,-1
0,0,0
6,3,3
2,0,2
0,1,-1
0,0,0
0,0,0
2,1,1
2,7,-5
0,2,-2
4,2,2
8,9,-1
2,6,-4
29,4,25
54,23,31
2,0,2
1,0,1
4,42,-38
9,39,-30
10,3,7
6,6,0
0,5,-5
0,1,-1
16,0,16
2,0,2
2,1,1
133,133,0
1,0,1
2,3,-1
0,2,-2
24,0,24
5,2,3
3,1,2
1,15,-14
18,9,9
44,0,44
1,1,0
10,0,10
11,1,10
6,0,6
1,0,1
11,6,5
0,0,0
11,1,10
14,0,14
0,0,0
0,4,-4
1,0,1
3,3,0
33,21,12
0,0,0
23,0,23
0,0,0
7,0,7
30,1,29
0,19,-19
3,3,0
2,3,-1
0,1,-1
3,0,3
12,3,9
8,10,-2
1,1,0
0,0,0
5,7,-2
6,5,1
19,1,18
13,13,0
6,3,3
15,0,15
20,5,15
1,11,-10
7,7,0
1,2,-1
5,7,-2
16,0,16
2,2,0
2,7,-5
1,0,1
42,5,37
2,1,1
28,1,27
1,5,-4
1,0,1
2,4,-2
0,5,-5
23,1,22
12,7,5
8,6,2
21,1,20
0,8,-8
0,0,0
3,0,3
1,1,0
2,1,1
0,9,-9
8,0,8
0,0,0
22,0,22
3,0,3
1,0,1
24,0,24
1,0,1
0,0,0
5,9,-4
1,2,-1
6,7,-1
0,0,0
7,1,6
0,0,0
1,2,-1
18,4,14
7,4,3
0,4,-4
12,0,12
4,2,2
6,3,3
1,1,0
6,3,3
33,33,0
9,1,8
11,16,-5
18,4,14
2,0,2
2,1,1
1,2,-1
4,6,-2
1,3,-2
6,0,6
0,0,0
16,24,-8
0,0,0
0,2,-2
16,37,-21
1,2,-1
4,1,3
1,0,1
2,3,-1
0,5,-5
16,17,-1
6,6,0
9,0,9
23,4,19
38,38,0
3,2,1
0,0,0
1,2,-1
5,0,5
6,49,-43
0,0,0
8,15,-7
50,21,29
7,4,3
11,0,11
19,0,19
1,0,1
0,7,-7
1,2,-1
1,5,-4
31,6,25
31,13,18
2,0,2
0,0,0
0,0,0
2,0,2
14,3,11
0,0,0
1,0,1
6,0,6
2,0,2
1,0,1
2,0,2
2,0,2
0,0,0
7,1,6
28,3,25
4,0,4
1,0,1
1,0,1
0,5,-5
3,1,2
0,0,0
0,0,0
15,7,8
0,3,-3
39,0,39
27,20,7
7,5,2
1,0,1
12,0,12
1,0,1
4,0,4
0,5,-5
2,0,2
0,0,0
8,0,8
1,0,1
12,0,12
13,13,0
7,3,4
10,10,0
0,1,-1
1,7,-6
9,16,-7
2,0,2
17,7,10
1,0,1
3,0,3
3,3,0
0,0,0
5,0,5
1,3,-2
7,0,7
22,17,5
3,5,-2
0,1,-1
0,0,0
5,0,5
0,7,-7
12,0,12
0,2,-2
8,0,8
13,0,13
7,7,0
0,1,-1
0,0,0
2,6,-4
4,0,4
3,7,-4
6,7,-1
3,0,3
15,2,13
12,19,-7
2,0,2
2,2,0
0,2,-2
81,3,78
17,7,10
0,0,0
1,0,1
8,0,8
27,0,27
3,0,3
6,0,6
3,1,2
7,0,7
5,2,3
8,2,6
0,0,0
3,0,3
9,10,-1
0,0,0
4,6,-2
2,6,-4
6,0,6
14,0,14
0,0,0
53,0,53
2,2,0
39,2,37
2,2,0
0,0,0
0,0,0
5,4,1
15,1,14
5,0,5
16,15,1
12,7,5
3,20,-17
11,6,5
78,78,0
3,4,-1
10,28,-18
7,0,7
14,7,7
11,3,8
7,7,0
2,6,-4
42,9,33
0,0,0
2,2,0
14,16,-2
5,5,0
3,0,3
2,0,2
15,4,11
5,7,-2
19,15,4
20,3,17
12,2,10
1,0,1
1,3,-2
5,0,5
14,2,12
1,0,1
2,2,0
4,0,4
9,1,8
5,1,4
1,1,0
3,0,3
9,14,-5
0,0,0
4,2,2
1,0,1
0,0,0
2,3,-1
0,0,0
14,1,13
38,38,0
7,8,-1
0,0,0
10,3,7
0,2,-2
0,3,-3
3,0,3
0,0,0
28,15,13
9,0,9
18,9,9
4,4,0
4,6,-2
4,12,-8
0,0,0
1,3,-2
7,0,7
6,2,4
0,0,0
1,0,1
24,1,23
15,0,15
4,5,-1
2,2,0
0,0,0
3,4,-1
1,0,1
21,9,12
28,14,14
0,0,0
5,16,-11
2,3,-1
1,2,-1
5,2,3
2,1,1
4,0,4
11,0,11
6,11,-5
0,6,-6
1,3,-2
8,2,6
5,0,5
1,0,1
0,0,0
1,0,1
8,1,7
25,10,15
2,0,2
2,5,-3
8,0,8
0,0,0
2,1,1
0,6,-6
6,2,4
1,2,-1
2,0,2
21,2,19
4,10,-6
15,1,14
0,1,-1
6,4,2
2,0,2
2,1,1
0,0,0
1,0,1
10,7,3
5,6,-1
7,0,7
18,0,18
31,1,30
0,0,0
18,5,13
6,1,5
4,0,4
1,0,1
0,0,0
0,0,0
17,0,17
2,0,2
6,13,-7
2,1,1
0,3,-3
0,0,0
4,54,-50
0,0,0
3,0,3
3,0,3
20,0,20
0,0,0
1,0,1
6,0,6
1,3,-2
5,0,5
6,0,6
7,52,-45
27,4,23
6,0,6
16,0,16
0,0,0
9,22,-13
17,58,-41
10,2,8
1,0,1
25,10,15
1,0,1
0,2,-2
0,0,0
0,2,-2
0,0,0
13,6,7
5,10,-5
1,0,1
8,1,7
5,5,0
12,13,-1
1,1,0
16,7,9
0,0,0
2,5,-3
7,1,6
11,0,11
18,9,9
9,3,6
1,2,-1
1,0,1
0,3,-3
1,0,1
15,15,0
0,0,0
4,2,2
58,16,42
9,0,9
1,5,-4
2,1,1
6,0,6
0,0,0
8,0,8
9,0,9
1,0,1
0,0,0
10,12,-2
0,6,-6
9,1,8
9,0,9
0,0,0
0,0,0
11,7,4
3,1,2
15,7,8
10,9,1
14,10,4
0,0,0
5,21,-16
5,4,1
1,0,1
2,2,0
7,28,-21
0,0,0
1,0,1
0,7,-7
0,0,0
0,0,0
14,3,11
7,7,0
1,1,0
25,25,0
27,0,27
4,0,4
0,3,-3
3,0,3
9,9,0
0,0,0
2,10,-8
0,0,0
3,0,3
12,0,12
8,7,1
0,0,0
4,0,4
18,0,18
21,31,-10
14,0,14
3,0,3
16,2,14
8,6,2
0,0,0
1,7,-6
26,10,16
0,0,0
7,0,7
0,0,0
0,0,0
7,5,2
0,0,0
2,3,-1
4,1,3
1,0,1
3,19,-16
9,2,7
5,0,5
1,1,0
6,3,3
4,1,3
0,0,0
1,0,1
3,2,1
18,0,18
14,7,7
2,1,1
2,1,1
4,13,-9
11,0,11
5,0,5
6,5,1
12,0,12
2,1,1
11,48,-37
5,1,4
10,0,10
11,5,6
0,0,0
4,0,4
2,0,2
10,0,10
14,2,12
10,14,-4
29,6,23
7,0,7
0,0,0
0,10,-10
32,0,32
12,14,-2
4,0,4
8,4,4
11,5,6
12,13,-1
4,16,-12
3,0,3
3,2,1
10,0,10
16,13,3
4,4,0
24,0,24
5,1,4
5,0,5
24,0,24
19,7,12
3,0,3
3,0,3
1,1,0
2,6,-4
5,0,5
2,0,2
0,2,-2
1,0,1
3,7,-4
3,0,3
12,0,12
3,2,1
2,1,1
0,5,-5
3,2,1
28,16,12
3,1,2
3,1,2
19,30,-11
1,0,1
1,0,1
0,0,0
5,0,5
8,5,3
0,0,0
3,1,2
32,2,30
1,0,1
6,0,6
1,1,0
11,4,7
1,1,0
6,5,1
7,3,4
10,35,-25
8,1,7
1,0,1
0,0,0
9,2,7
9,1,8
19,2,17
6,0,6
2,1,1
14,0,14
7,1,6
0,0,0
0,0,0
1,1,0
18,22,-4
4,3,1
3,2,1
8,0,8
11,0,11
2,2,0
11,1,10
16,6,10
13,5,8
1,0,1
6,4,2
0,0,0
2,1,1
4,2,2
5,0,5
1,0,1
5,3,2
22,16,6
1,0,1
9,5,4
37,9,28
7,2,5
0,0,0
5,5,0
19,9,10
7,0,7
0,0,0
6,5,1
0,0,0
0,3,-3
5,2,3
1,0,1
0,0,0
12,5,7
1,0,1
5,0,5
24,1,23
0,1,-1
11,0,11
7,8,-1
6,5,1
0,0,0
1,0,1
0,0,0
53,41,12
11,12,-1
0,0,0
2,0,2
0,0,0
13,4,9
0,0,0
0,2,-2
1,1,0
1,1,0
0,0,0
1,8,-7
0,5,-5
1,0,1
24,24,0
1,0,1
28,28,0
3,0,3
2,0,2
10,1,9
20,13,7
9,1,8
0,0,0
7,0,7
0,4,-4
1,17,-16
0,0,0
1,41,-40
2,13,-11
4,3,1
1,0,1
24,22,2
0,0,0
2,0,2
0,0,0
2,11,-9
0,0,0
12,34,-22
7,7,0
15,4,11
0,0,0
10,0,10
25,1,24
0,1,-1
2,8,-6
32,2,30
2,5,-3
1,1,0
2,11,-9
10,3,7
0,3,-3
0,0,0
0,6,-6
0,0,0
0,0,0
44,38,6
3,6,-3
17,24,-7
6,0,6
11,14,-3
5,1,4
1,2,-1
6,0,6
12,0,12
2,7,-5
3,5,-2
0,0,0
6,2,4
0,0,0
2,3,-1
17,26,-9
5,0,5
18,12,6
2,2,0
11,8,3
11,11,0
1,0,1
21,2,19
4,0,4
4,10,-6
0,1,-1
0,0,0
6,1,5
1,0,1
1,1,0
11,7,4
0,1,-1
10,6,4
9,1,8
28,5,23
1,0,1
16,3,13
2,2,0
0,0,0
1,14,-13
4,1,3
9,1,8
14,2,12
11,1,10
5,1,4
1,0,1
1,3,-2
8,1,7
16,16,0
0,0,0
3,0,3
13,1,12
2,7,-5
2,0,2
26,9,17
1,2,-1
26,22,4
7,0,7
2,0,2
3,7,-4
4,4,0
5,7,-2
3,1,2
26,6,20
6,6,0
5,17,-12
23,17,6
4,0,4
20,0,20
6,7,-1
13,0,13
0,0,0
6,2,4
4,2,2
8,15,-7
0,2,-2
60,0,60
2,0,2
0,0,0
2,4,-2
1,6,-5
3,0,3
1,1,0
0,42,-42
6,0,6
0,0,0
11,2,9
16,1,15
11,0,11
6,1,5
8,7,1
1,0,1
7,0,7
8,2,6
13,0,13
1,0,1
1,0,1
11,11,0
1,0,1
0,0,0
9,2,7
5,0,5
9,0,9
3,0,3
8,1,7
2,0,2
6,6,0
46,0,46
0,3,-3
0,0,0
0,7,-7
11,0,11
7,0,7
1,0,1
0,0,0
12,6,6
5,5,0
3,0,3
1,5,-4
0,0,0
18,13,5
4,3,1
0,8,-8
1,1,0
2,16,-14
1,0,1
31,7,24
1,1,0
2,6,-4
1,0,1
2,1,1
8,1,7
7,5,2
12,1,11
1,1,0
3,0,3
14,0,14
11,41,-30
11,1,10
1,0,1
2,1,1
0,0,0
3,0,3
41,0,41
9,0,9
1,0,1
0,0,0
3,8,-5
22,3,19
21,7,14
19,16,3
7,14,-7
19,0,19
5,3,2
1,1,0
3,3,0
5,0,5
6,0,6
7,0,7
0,0,0
2,1,1
8,2,6
1,0,1
2,0,2
36,1,35
1,0,1
0,0,0
1,0,1
0,10,-10
20,7,13
7,2,5
2,0,2
6,13,-7
1,16,-15
3,3,0
1,0,1
1,1,0
7,0,7
0,15,-15
5,6,-1
8,0,8
2,2,0
12,0,12
2,0,2
13,0,13
1,2,-1
2,6,-4
0,0,0
0,0,0
6,6,0
1,7,-6
1,1,0
3,0,3
3,0,3
35,2,33
0,4,-4
29,26,3
4,2,2
5,6,-1
3,1,2
4,1,3
4,4,0
19,3,16
2,2,0
0,4,-4
10,3,7
8,0,8
8,11,-3
3,7,-4
10,0,10
0,7,-7
32,3,29
1,0,1
1,0,1
6,13,-7
14,2,12
5,8,-3
6,0,6
18,0,18
2,10,-8
3,2,1
9,3,6
3,3,0
6,0,6
2,3,-1
32,0,32
9,13,-4
2,0,2
4,0,4
14,0,14
0,0,0
1,1,0
0,0,0
6,10,-4
11,7,4
8,2,6
23,9,14
8,0,8
4,0,4
3,1,2
1,0,1
4,4,0
0,0,0
10,2,8
3,1,2
6,46,-40
10,9,1
0,0,0
5,7,-2
22,1,21
3,2,1
13,13,0
16,9,7
8,0,8
17,0,17
5,6,-1
1,0,1
3,3,0
0,0,0
0,1,-1
7,7,0
39,0,39
0,5,-5
10,0,10
4,2,2
3,0,3
5,5,0
10,3,7
1,0,1
0,0,0
0,0,0
8,2,6
0,0,0
32,0,32
15,8,7
7,0,7
2,2,0
30,0,30
1,2,-1
11,7,4
16,52,-36
10,1,9
2,1,1
10,3,7
13,0,13
0,0,0
3,0,3
6,9,-3
9,4,5
1,1,0
2,1,1
1,0,1
28,1,27
1,0,1
16,0,16
0,2,-2
0,0,0
0,2,-2
0,0,0
9,9,0
3,0,3
5,4,1
29,1,28
10,13,-3
0,0,0
0,0,0
2,0,2
3,0,3
0,0,0
0,0,0
5,1,4
1,0,1
0,0,0
0,0,0
5,0,5
6,0,6
0,2,-2
1,0,1
3,0,3
0,0,0
12,2,10
7,19,-12
19,11,8
2,0,2
0,0,0
3,1,2
1,0,1
0,5,-5
13,4,9
27,9,18
0,0,0
3,1,2
0,0,0
0,0,0
15,0,15
17,0,17
11,0,11
9,2,7
8,2,6
13,0,13
12,2,10
5,2,3
0,0,0
1,2,-1
3,3,0
8,0,8
0,0,0
2,0,2
0,8,-8
24,0,24
3,0,3
16,0,16
11,19,-8
1,0,1
4,9,-5
2,13,-11
2,9,-7
7,2,5
10,9,1
0,0,0
0,0,0
5,10,-5
0,1,-1
0,0,0
0,1,-1
5,0,5
0,0,0
12,0,12
3,13,-10
2,2,0
0,0,0
6,6,0
9,1,8
13,0,13
24,20,4
1,0,1
0,0,0
1,1,0
4,3,1
2,6,-4
4,0,4
3,1,2
5,9,-4
18,7,11
11,14,-3
1,2,-1
2,2,0
1,2,-1
12,27,-15
15,7,8
15,3,12
14,16,-2
2,0,2
0,1,-1
0,0,0
10,17,-7
3,1,2
4,8,-4
0,0,0
15,0,15
3,3,0
5,5,0
6,3,3
0,0,0
8,8,0
2,3,-1
2,3,-1
0,0,0
17,6,11
11,11,0
1,0,1
3,12,-9
0,3,-3
8,0,8
48,0,48
0,0,0
4,6,-2
16,0,16
3,2,1
3,2,1
10,0,10
11,0,11
9,3,6
6,32,-26
16,2,14
12,1,11
4,0,4
2,7,-5
1,1,0
6,78,-72
11,2,9
1,4,-3
0,1,-1
1,0,1
1,0,1
0,0,0
4,0,4
0,0,0
2,0,2
17,9,8
3,1,2
8,8,0
20,2,18
2,0,2
4,0,4
32,7,25
3,5,-2
0,0,0
4,2,2
1,2,-1
7,0,7
4,7,-3
21,0,21
0,0,0
1,0,1
3,0,3
4,0,4
7,12,-5
10,13,-3
6,0,6
49,4,45
12,1,11
17,0,17
7,0,7
2,8,-6
4,0,4
0,0,0
18,15,3
0,0,0
1,2,-1
3,2,1
3,0,3
8,14,-6
3,3,0
35,17,18
5,20,-15
2,1,1
2,0,2
11,7,4
6,0,6
1,0,1
0,0,0
1,0,1
0,0,0
1,1,0
6,6,0
8,6,2
1,16,-15
25,23,2
37,3,34
7,10,-3
18,23,-5
7,3,4
0,0,0
7,1,6
0,2,-2
0,0,0
0,0,0
9,6,3
11,6,5
7,7,0
11,0,11
1,0,1
3,2,1
1,1,0
11,10,1
8,0,8
21,1,20
0,0,0
2,0,2
7,1,6
6,1,5
6,3,3
0,1,-1
7,0,7
3,4,-1
1,0,1
2,0,2
5,0,5
10,4,6
1,0,1
4,23,-19
1,0,1
18,0,18
1,1,0
19,1,18
0,36,-36
16,15,1
0,2,-2
11,0,11
28,5,23
1,7,-6
10,40,-30
1,1,0
0,4,-4
0,1,-1
1,0,1
6,2,4
8,4,4
1,2,-1
3,1,2
0,0,0
1,1,0
6,8,-2
9,0,9
0,1,-1
7,9,-2
27,12,15
5,0,5
49,15,34
1,0,1
2,0,2
1,0,1
24,1,23
10,10,0
27,1,26
9,0,9
0,0,0
5,5,0
4,0,4
1,0,1
26,9,17
8,2,6
10,0,10
10,0,10
0,1,-1
2,3,-1
0,0,0
4,0,4
5,0,5
4,1,3
0,0,0
0,8,-8
2,1,1
4,5,-1
14,8,6
1,8,-7
6,4,2
2,0,2
28,13,15
1,13,-12
18,0,18
2,4,-2
1,10,-9
7,3,4
7,0,7
7,0,7
1,0,1
0,0,0
10,0,10
3,2,1
0,3,-3
26,1,25
10,4,6
11,1,10
21,3,18
0,0,0
0,5,-5
48,16,32
0,0,0
11,4,7
3,0,3
2,0,2
24,7,17
8,7,1
13,3,10
8,5,3
0,2,-2
0,2,-2
0,0,0
1,0,1
0,0,0
1,1,0
0,0,0
8,0,8
15,3,12
0,0,0
3,1,2
11,1,10
9,2,7
9,2,7
8,7,1
2,8,-6
2,2,0
1,10,-9
8,8,0
16,21,-5
1,6,-5
8,0,8
8,5,3
6,4,2
0,0,0
1,0,1
7,0,7
21,21,0
0,0,0
11,12,-1
1,0,1
14,7,7
4,3,1
7,5,2
5,2,3
8,7,1
0,0,0
0,0,0
10,0,10
0,1,-1
0,0,0
4,6,-2
2,2,0
12,7,5
0,1,-1
6,2,4
0,6,-6
6,1,5
0,1,-1
2,10,-8
14,0,14
2,3,-1
1,2,-1
1,0,1
9,9,0
17,7,10
0,0,0
0,0,0
1,1,0
7,0,7
25,19,6
2,0,2
2,0,2
2,0,2
1,1,0
14,8,6
10,0,10
10,69,-59
1,1,0
7,0,7
1,1,0
3,5,-2
5,1,4
14,2,12
0,1,-1
0,0,0
16,9,7
5,5,0
9,0,9
1,0,1
8,0,8
3,3,0
0,7,-7
0,0,0
8,4,4
12,10,2
0,0,0
1,7,-6
2,0,2
0,0,0
11,14,-3
3,0,3
0,0,0
20,2,18
0,0,0
4,0,4
10,10,0
28,0,28
3,3,0
7,23,-16
0,0,0
3,3,0
10,9,1
2,0,2
3,0,3
1,0,1
11,49,-38
1,0,1
12,8,4
1,4,-3
1,0,1
4,2,2
10,4,6
15,11,4
0,0,0
1,1,0
4,0,4
4,1,3
3,1,2
1,2,-1
0,0,0
7,8,-1
2,2,0
4,1,3
4,0,4
2,3,-1
1,0,1
3,0,3
2,2,0
2,3,-1
4,0,4
0,0,0
2,0,2
2,0,2
0,0,0
10,3,7
10,0,10
1,0,1
3,5,-2
5,0,5
11,4,7
10,10,0
4,1,3
46,13,33
9,1,8
6,4,2
1,0,1
14,7,7
1,0,1
11,0,11
1,0,1
4,4,0
39,0,39
1,0,1
2,1,1
9,2,7
0,0,0
33,16,17
3,5,-2
0,0,0
1,25,-24
3,0,3
27,0,27
15,0,15
8,4,4
5,5,0
8,2,6
4,1,3
3,0,3
4,0,4
5,2,3
0,1,-1
0,9,-9
11,4,7
2,0,2
8,0,8
1,0,1
2,2,0
15,0,15
20,0,20
22,5,17
10,2,8
1,0,1
6,6,0
0,0,0
13,0,13
4,0,4
1,0,1
3,0,3
12,2,10
10,0,10
5,0,5
0,0,0
41,12,29
3,2,1
0,0,0
0,0,0
0,0,0
5,7,-2
2,0,2
0,1,-1
10,20,-10
23,2,21
6,10,-4
3,3,0
0,0,0
12,5,7
10,0,10
0,0,0
13,7,6
14,5,9
42,0,42
3,11,-8
1,2,-1
23,23,0
1,0,1
2,0,2
4,0,4
25,25,0
4,3,1
0,0,0
4,0,4
2,7,-5
1,0,1
11,8,3
6,4,2
21,0,21
4,8,-4
3,0,3
0,3,-3
0,0,0
5,5,0
59,8,51
4,15,-11
7,2,5
18,21,-3
2,2,0
5,7,-2
32,0,32
0,1,-1
0,0,0
12,6,6
6,7,-1
4,0,4
15,0,15
0,3,-3
1,5,-4
6,0,6
3,0,3
11,0,11
0,0,0
24,10,14
31,3,28
4,2,2
11,5,6
7,3,4
0,0,0
8,12,-4
11,10,1
1,5,-4
0,0,0
6,2,4
5,5,0
1,1,0
1,1,0
1,1,0
1,19,-18
3,0,3
0,0,0
4,0,4
0,0,0
2,8,-6
0,1,-1
14,0,14
19,1,18
2,7,-5
2,7,-5
22,10,12
1,0,1
2,1,1
3,5,-2
30,1,29
0,1,-1
7,7,0
7,0,7
12,1,11
4,5,-1
0,2,-2
1,1,0
1,1,0
10,15,-5
7,2,5
9,7,2
1,0,1
1,3,-2
1,1,0
7,8,-1
6,24,-18
7,4,3
4,27,-23
5,7,-2
29,0,29
0,0,0
9,0,9
3,6,-3
3,1,2
23,15,8
26,50,-24
1,4,-3
2,3,-1
5,7,-2
9,0,9
0,0,0
27,0,27
6,18,-12
4,6,-2
7,4,3
0,0,0
27,28,-1
1,0,1
1,0,1
5,4,1
9,0,9
11,1,10
1,0,1
0,0,0
11,11,0
8,1,7
10,1,9
18,17,1
15,7,8
0,0,0
6,0,6
6,1,5
1,1,0
7,0,7
19,1,18
0,2,-2
5,0,5
4,4,0
0,0,0
0,2,-2
0,0,0
7,16,-9
2,0,2
26,5,21
1,0,1
18,14,4
1,3,-2
3,1,2
1,1,0
0,0,0
4,1,3
9,3,6
0,3,-3
0,0,0
18,13,5
12,4,8
15,0,15
0,2,-2
30,0,30
4,9,-5
0,2,-2
0,1,-1
8,7,1
3,0,3
0,0,0
9,5,4
2,3,-1
0,0,0
24,0,24
1,1,0
1,1,0
4,1,3
2,0,2
2,4,-2
10,7,3
2,1,1
1,0,1
4,4,0
1,0,1
4,1,3
0,1,-1
1,0,1
5,5,0
3,0,3
1,0,1
11,0,11
0,0,0
6,0,6
0,0,0
0,2,-2
10,2,8
0,1,-1
3,0,3
0,4,-4
12,40,-28
4,0,4
7,4,3
3,0,3
3,7,-4
2,6,-4
1,37,-36
9,1,8
15,3,12
9,4,5
14,0,14
1,0,1
4,0,4
2,0,2
0,0,0
3,0,3
2,1,1
5,5,0
1,0,1
2,14,-12
2,0,2
0,0,0
4,1,3
20,3,17
5,0,5
13,0,13
8,0,8
2,0,2
8,9,-1
2,14,-12
2,2,0
2,1,1
15,26,-11
7,0,7
0,2,-2
2,0,2
1,1,0
1,0,1
1,1,0
8,3,5
1,0,1
11,1,10
6,3,3
4,8,-4
2,2,0
3,9,-6
0,1,-1
7,2,5
2,9,-7
10,0,10
21,9,12
20,12,8
17,5,12
7,0,7
0,0,0
7,2,5
0,0,0
9,9,0
0,0,0
4,0,4
4,0,4
2,6,-4
19,0,19
6,6,0
4,0,4
7,8,-1
19,6,13
4,0,4
2,1,1
5,0,5
25,0,25
25,1,24
6,3,3
7,1,6
15,20,-5
0,0,0
1,0,1
1,0,1
3,9,-6
2,1,1
19,0,19
7,0,7
4,0,4
1,0,1
0,0,0
13,1,12
1,1,0
0,2,-2
5,0,5
4,0,4
0,0,0
5,4,1
1,22,-21
10,0,10
0,0,0
8,21,-13
5,0,5
5,58,-53
1,2,-1
0,0,0
1,0,1
29,0,29
3,0,3
0,0,0
3,31,-28
3,3,0
1,2,-1
0,0,0
0,0,0
0,0,0
1,0,1
1,0,1
11,0,11
0,0,0
4,0,4
8,0,8
7,11,-4
4,0,4
21,3,18
3,0,3
2,2,0
1,4,-3
10,13,-3
4,0,4
0,0,0
4,0,4
5,10,-5
0,2,-2
2,0,2
3,0,3
4,9,-5
4,0,4
1,0,1
3,0,3
0,0,0
4,0,4
0,0,0
10,3,7
1,0,1
1,0,1
3,0,3
2,2,0
0,0,0
0,0,0
4,4,0
5,0,5
1,0,1
0,0,0
0,0,0
0,0,0
1,0,1
13,0,13
9,1,8
3,0,3
23,5,18
31,17,14
1,0,1
15,10,5
3,2,1
0,0,0
4,1,3
0,0,0
2,0,2
9,2,7
1,2,-1
3,1,2
12,0,12
7,0,7
4,2,2
0,1,-1
0,0,0
6,0,6
10,9,1
2,0,2
5,0,5
1,0,1
3,0,3
1,1,0
1,2,-1
1,0,1
1,0,1
42,77,-35
19,4,15
1,0,1
0,0,0
17,0,17
7,0,7
25,2,23
16,3,13
1,0,1
42,2,40
10,1,9
15,10,5
0,8,-8
7,0,7
3,0,3
0,0,0
11,0,11
7,4,3
1,15,-14
18,4,14
34,2,32
5,0,5
0,0,0
20,6,14
0,0,0
2,7,-5
5,2,3
3,2,1
2,0,2
0,2,-2
5,0,5
11,0,11
4,4,0
1,0,1
29,2,27
3,0,3
5,0,5
3,1,2
10,0,10
6,1,5
0,14,-14
4,2,2
0,9,-9
6,9,-3
2,1,1
14,2,12
13,0,13
26,1,25
1,4,-3
16,2,14
1,1,0
4,0,4
12,0,12
5,1,4
8,0,8
7,0,7
1,0,1
3,0,3
2,4,-2
1,2,-1
6,7,-1
8,1,7
0,0,0
0,4,-4
2,2,0
5,2,3
0,9,-9
2,2,0
1,0,1
1,2,-1
15,46,-31
16,6,10
9,0,9
0,0,0
9,6,3
0,2,-2
18,6,12
1,0,1
19,1,18
0,1,-1
7,0,7
2,2,0
33,0,33
11,1,10
6,4,2
14,4,10
0,2,-2
0,0,0
0,0,0
0,1,-1
20,13,7
2,2,0
3,0,3
7,6,1
43,6,37
14,5,9
1,0,1
4,0,4
8,12,-4
2,0,2
12,0,12
3,3,0
10,4,6
2,8,-6
29,0,29
7,0,7
21,9,12
5,7,-2
6,7,-1
11,0,11
14,0,14
27,17,10
9,0,9
3,1,2
9,0,9
3,0,3
0,0,0
1,1,0
0,4,-4
3,7,-4
2,1,1
18,8,10
7,4,3
3,1,2
3,1,2
11,1,10
1,0,1
0,0,0
1,0,1
1,0,1
8,15,-7
2,0,2
0,0,0
0,4,-4
0,0,0
2,2,0
8,0,8
1,0,1
1,0,1
3,0,3
10,8,2
9,9,0
13,1,12
6,7,-1
11,3,8
1,2,-1
4,1,3
3,0,3
17,1,16
8,0,8
6,14,-8
11,37,-26
0,0,0
5,5,0
13,0,13
27,0,27
7,11,-4
15,0,15
2,5,-3
13,0,13
0,0,0
1,0,1
1,1,0
9,0,9
0,0,0
2,7,-5
1,1,0
12,0,12
3,3,0
60,8,52
10,2,8
1,1,0
0,0,0
0,3,-3
2,2,0
6,4,2
1,2,-1
0,0,0
5,5,0
1,41,-40
4,4,0
3,0,3
13,0,13
2,7,-5
4,0,4
22,21,1
8,1,7
3,0,3
40,16,24
4,3,1
0,0,0
4,2,2
8,0,8
1,1,0
5,1,4
0,3,-3
4,1,3
4,1,3
9,5,4
42,7,35
0,0,0
2,0,2
9,3,6
2,2,0
4,7,-3
1,0,1
0,0,0
2,0,2
10,22,-12
0,0,0
2,4,-2
1,0,1
7,31,-24
15,16,-1
37,22,15
1,1,0
3,3,0
5,0,5
6,5,1
9,4,5
24,2,22
1,0,1
10,1,9
2,0,2
6,5,1
1,1,0
8,2,6
0,0,0
6,0,6
3,1,2
20,6,14
6,6,0
9,8,1
7,1,6
1,4,-3
13,7,6
1,0,1
33,5,28
1,3,-2
23,9,14
4,0,4
7,0,7
4,8,-4
27,5,22
13,41,-28
1,1,0
2,0,2
3,1,2
15,1,14
4,0,4
12,1,11
6,0,6
1,0,1
0,2,-2
0,0,0
3,1,2
0,0,0
7,8,-1
7,5,2
3,0,3
9,2,7
1,0,1
9,2,7
27,18,9
2,2,0
5,7,-2
0,0,0
1,1,0
34,14,20
11,4,7
1,2,-1
5,0,5
1,1,0
5,6,-1
14,39,-25
22,10,12
1,1,0
2,0,2
1,0,1
2,1,1
8,0,8
16,11,5
8,22,-14
1,0,1
3,5,-2
2,0,2
5,5,0
32,72,-40
4,2,2
13,2,11
11,1,10
2,0,2
11,4,7
0,1,-1
4,0,4
1,6,-5
11,9,2
1,2,-1
3,2,1
3,0,3
6,6,0
0,0,0
1,3,-2
10,1,9
9,1,8
7,7,0
0,0,0
2,1,1
10,0,10
1,2,-1
12,37,-25
6,5,1
2,0,2
1,0,1
4,1,3
8,12,-4
8,2,6
3,0,3
3,0,3
7,2,5
15,0,15
8,1,7
9,7,2
6,0,6
1,1,0
13,26,-13
24,6,18
0,24,-24
2,1,1
0,0,0
2,1,1
4,1,3
0,0,0
7,6,1
3,0,3
6,0,6
13,14,-1
0,0,0
10,5,5
18,7,11
0,0,0
13,9,4
0,2,-2
7,2,5
10,0,10
6,0,6
1,0,1
26,1,25
0,0,0
0,0,0
2,9,-7
1,1,0
20,1,19
13,6,7
1,0,1
5,3,2
1,1,0
1,3,-2
2,0,2
2,1,1
24,1,23
0,1,-1
4,0,4
2,2,0
2,12,-10
4,2,2
7,1,6
10,1,9
0,0,0
2,3,-1
5,7,-2
1,2,-1
8,0,8
28,1,27
6,8,-2
3,0,3
13,4,9
17,9,8
0,0,0
6,5,1
0,0,0
6,6,0
8,1,7
3,25,-22
12,1,11
2,0,2
11,2,9
1,1,0
5,0,5
0,0,0
0,0,0
11,0,11
17,0,17
15,4,11
2,8,-6
3,0,3
7,1,6
8,2,6
1,0,1
12,14,-2
10,5,5
1,2,-1
1,30,-29
1,3,-2
7,1,6
8,10,-2
2,1,1
13,0,13
1,6,-5
2,2,0
11,1,10
0,0,0
4,19,-15
0,0,0
10,3,7
14,1,13
28,2,26
0,0,0
3,0,3
1,0,1
34,2,32
2,0,2
7,0,7
0,7,-7
10,12,-2
5,8,-3
3,4,-1
18,0,18
1,2,-1
6,0,6
2,0,2
19,0,19
10,10,0
49,0,49
4,0,4
53,0,53
1,27,-26
16,2,14
11,13,-2
11,0,11
2,9,-7
0,41,-41
7,5,2
2,0,2
22,0,22
2,0,2
2,10,-8
4,2,2
2,0,2
13,0,13
1,0,1
2,0,2
4,0,4
12,5,7
17,10,7
13,7,6
13,7,6
12,18,-6
7,14,-7
11,0,11
1,0,1
6,0,6
23,0,23
1,1,0
13,0,13
9,0,9
2,0,2
1,0,1
4,3,1
0,0,0
8,8,0
4,5,-1
0,1,-1
1,0,1
9,8,1
2,6,-4
1,0,1
0,0,0
0,0,0
1,1,0
33,14,19
20,3,17
14,5,9
25,25,0
9,0,9
12,12,0
1,4,-3
5,0,5
1,2,-1
1,1,0
42,42,0
16,5,11
5,5,0
18,0,18
33,2,31
4,2,2
2,0,2
12,0,12
1,0,1
15,15,0
25,46,-21
1,3,-2
17,3,14
1,1,0
0,3,-3
2,15,-13
0,0,0
41,9,32
1,10,-9
0,0,0
1,3,-2
0,0,0
0,0,0
19,21,-2
4,0,4
12,11,1
1,0,1
7,1,6
5,0,5
4,1,3
0,0,0
2,1,1
2,0,2
8,0,8
0,5,-5
27,0,27
10,0,10
22,0,22
5,9,-4
28,12,16
3,0,3
2,6,-4
7,2,5
19,55,-36
8,7,1
1,0,1
8,8,0
9,0,9
14,3,11
21,26,-5
2,1,1
3,1,2
1,1,0
1,9,-8
2,0,2
0,1,-1
0,0,0
13,5,8
3,3,0
0,13,-13
0,2,-2
5,7,-2
3,5,-2
0,0,0
5,7,-2
25,26,-1
11,1,10
2,0,2
8,6,2
2,0,2
3,6,-3
7,2,5
4,13,-9
13,14,-1
2,0,2
3,7,-4
1,0,1
1,10,-9
0,0,0
2,2,0
48,48,0
29,1,28
3,13,-10
16,47,-31
0,0,0
13,11,2
76,76,0
11,0,11
17,14,3
8,3,5
0,0,0
1,1,0
17,0,17
33,3,30
0,5,-5
16,4,12
4,1,3
1,0,1
0,8,-8
2,2,0
4,0,4
18,0,18
0,0,0
10,25,-15
0,0,0
3,1,2
3,0,3
15,4,11
4,6,-2
6,7,-1
7,15,-8
1,1,0
9,5,4
0,0,0
32,1,31
7,7,0
1,0,1
5,15,-10
0,7,-7
39,2,37
30,10,20
0,1,-1
9,11,-2
15,1,14
0,0,0
16,5,11
3,3,0
1,0,1
15,0,15
12,4,8
1,1,0
4,0,4
5,7,-2
1,1,0
4,0,4
0,0,0
1,0,1
2,0,2
0,0,0
4,1,3
2,6,-4
0,0,0
0,0,0
22,7,15
49,7,42
0,0,0
12,6,6
0,0,0
2,9,-7
0,78,-78
0,0,0
2,6,-4
0,0,0
1,7,-6
2,0,2
8,4,4
17,2,15
14,7,7
14,4,10
1,0,1
1,0,1
4,1,3
5,1,4
3,0,3
22,6,16
2,0,2
2,2,0
16,6,10
13,0,13
0,0,0
17,7,10
0,0,0
9,6,3
3,3,0
20,62,-42
7,13,-6
0,13,-13
4,0,4
31,0,31
7,1,6
12,7,5
4,0,4
1,8,-7
0,0,0
11,7,4
5,1,4
0,0,0
5,0,5
4,2,2
0,15,-15
5,0,5
11,1,10
0,0,0
3,1,2
6,2,4
2,3,-1
10,1,9
1,0,1
12,0,12
17,5,12
1,4,-3
0,2,-2
19,0,19
4,3,1
0,0,0
0,0,0
2,17,-15
2,2,0
6,8,-2
37,0,37
16,16,0
0,0,0
1,0,1
5,2,3
5,0,5
1,1,0
14,0,14
2,4,-2
6,4,2
2,3,-1
19,19,0
1,2,-1
17,1,16
1,0,1
3,27,-24
0,6,-6
2,0,2
9,0,9
6,1,5
4,0,4
2,0,2
0,0,0
1,0,1
29,5,24
1,0,1
0,0,0
5,2,3
0,1,-1
1,0,1
0,0,0
9,2,7
4,0,4
2,0,2
3,10,-7
1,0,1
2,6,-4
14,0,14
6,0,6
4,2,2
21,10,11
15,0,15
0,0,0
1,0,1
2,1,1
3,8,-5
0,0,0
2,2,0
1,0,1
28,28,0
2,0,2
5,17,-12
16,5,11
12,0,12
58,58,0
4,0,4
20,1,19
3,8,-5
1,0,1
4,4,0
3,0,3
3,1,2
0,2,-2
15,3,12
1,2,-1
3,5,-2
18,13,5
1,0,1
0,2,-2
1,0,1
3,3,0
0,0,0
11,0,11
1,3,-2
0,16,-16
0,0,0
0,1,-1
1,1,0
0,5,-5
5,4,1
3,0,3
2,2,0
2,0,2
5,0,5
4,5,-1
31,9,22
23,11,12
1,0,1
24,16,8
21,21,0
5,6,-1
6,10,-4
15,0,15
6,1,5
3,4,-1
20,7,13
1,4,-3
5,3,2
38,38,0
3,2,1
8,7,1
24,2,22
9,5,4
13,3,10
0,0,0
6,0,6
2,0,2
14,6,8
0,0,0
12,0,12
1,1,0
19,10,9
0,0,0
1,17,-16
0,0,0
11,20,-9
0,0,0
4,3,1
5,2,3
2,3,-1
6,1,5
6,6,0
0,0,0
0,0,0
12,3,9
0,4,-4
0,3,-3
7,8,-1
10,9,1
0,0,0
7,7,0
8,1,7
3,3,0
0,0,0
46,0,46
19,7,12
21,0,21
1,0,1
12,7,5
0,0,0
2,3,-1
1,0,1
5,2,3
16,1,15
33,1,32
4,4,0
2,5,-3
0,6,-6
2,2,0
7,7,0
1,4,-3
5,1,4
9,0,9
3,0,3
8,10,-2
3,3,0
0,7,-7
0,1,-1
11,1,10
4,2,2
9,0,9
1,0,1
6,0,6
7,1,6
10,2,8
20,0,20
6,0,6
4,6,-2
1,13,-12
1,0,1
1,1,0
71,71,0
11,4,7
18,0,18
19,8,11
0,63,-63
5,7,-2
5,9,-4
12,5,7
8,2,6
9,13,-4
18,5,13
0,0,0
14,6,8
4,9,-5
15,10,5
17,0,17
6,10,-4
16,2,14
11,5,6
0,0,0
0,0,0
5,5,0
26,2,24
0,0,0
7,0,7
4,4,0
0,0,0
0,3,-3
2,10,-8
15,15,0
0,0,0
8,2,6
2,6,-4
0,0,0
48,20,28
12,15,-3
1,2,-1
41,3,38
9,3,6
0,0,0
0,5,-5
0,0,0
2,0,2
3,1,2
11,7,4
15,0,15
0,1,-1
0,1,-1
13,2,11
21,3,18
11,3,8
1,0,1
0,0,0
1,2,-1
0,0,0
4,3,1
2,4,-2
8,0,8
6,1,5
2,0,2
8,4,4
19,2,17
0,0,0
9,0,9
1,0,1
9,0,9
21,7,14
53,9,44
0,0,0
3,3,0
0,1,-1
9,0,9
2,0,2
13,5,8
16,5,11
8,7,1
10,9,1
0,0,0
0,0,0
1,1,0
4,0,4
0,1,-1
15,8,7
0,0,0
0,0,0
26,25,1
10,1,9
17,0,17
4,4,0
20,11,9
27,0,27
2,0,2
0,0,0
0,1,-1
4,0,4
8,1,7
0,1,-1
24,17,7
6,9,-3
9,1,8
3,4,-1
17,5,12
6,1,5
2,2,0
24,6,18
0,0,0
0,0,0
16,11,5
1,0,1
0,20,-20
2,0,2
1,2,-1
2,0,2
12,2,10
8,0,8
2,0,2
10,12,-2
0,0,0
6,6,0
8,7,1
0,0,0
6,7,-1
3,2,1
2,4,-2
0,0,0
4,2,2
1,1,0
3,2,1
8,5,3
4,5,-1
1,0,1
7,0,7
0,0,0
12,0,12
1,0,1
29,29,0
4,0,4
25,3,22
3,1,2
3,4,-1
10,3,7
4,0,4
2,3,-1
2,3,-1
2,0,2
2,5,-3
0,5,-5
11,16,-5
0,0,0
1,0,1
3,0,3
1,0,1
0,0,0
3,2,1
0,6,-6
0,0,0
5,0,5
3,0,3
0,0,0
3,1,2
0,7,-7
4,0,4
7,3,4
1,2,-1
39,2,37
20,11,9
1,0,1
0,0,0
1,11,-10
2,5,-3
1,0,1
3,7,-4
0,0,0
0,0,0
2,5,-3
0,0,0
7,7,0
7,3,4
12,6,6
11,0,11
6,0,6
1,0,1
4,0,4
4,0,4
5,0,5
7,0,7
4,8,-4
0,3,-3
4,5,-1
5,10,-5
0,0,0
7,7,0
3,4,-1
0,0,0
2,0,2
17,6,11
0,1,-1
2,19,-17
0,5,-5
14,0,14
6,6,0
1,0,1
9,2,7
1,0,1
11,7,4
1,1,0
22,0,22
0,0,0
11,14,-3
3,1,2
1,0,1
6,1,5
9,1,8
0,5,-5
2,0,2
4,45,-41
1,2,-1
14,26,-12
5,5,0
4,0,4
13,6,7
25,9,16
5,9,-4
2,1,1
9,10,-1
7,8,-1
14,15,-1
14,10,4
0,0,0
0,0,0
2,2,0
0,2,-2
6,7,-1
0,5,-5
6,2,4
10,0,10
2,0,2
10,14,-4
0,4,-4
6,8,-2
9,5,4
0,0,0
0,2,-2
16,8,8
4,1,3
5,3,2
12,12,0
19,0,19
1,0,1
3,0,3
1,0,1
38,17,21
15,6,9
7,13,-6
2,0,2
10,10,0
3,11,-8
10,4,6
3,0,3
2,0,2
1,0,1
7,5,2
1,5,-4
7,0,7
18,28,-10
10,2,8
3,0,3
0,0,0
0,1,-1
22,1,21
1,0,1
14,2,12
0,0,0
5,1,4
13,10,3
8,1,7
1,3,-2
34,2,32
2,3,-1
1,1,0
7,2,5
5,2,3
0,0,0
8,15,-7
3,3,0
4,0,4
23,0,23
42,1,41
0,0,0
6,1,5
5,9,-4
0,0,0
8,0,8
9,0,9
9,1,8
0,11,-11
0,0,0
7,1,6
5,15,-10
0,0,0
1,0,1
1,15,-14
12,6,6
23,6,17
3,3,0
1,0,1
0,0,0
8,7,1
7,0,7
7,0,7
7,0,7
20,3,17
6,1,5
15,2,13
0,0,0
12,2,10
0,1,-1
0,0,0
12,0,12
1,1,0
16,16,0
0,2,-2
5,49,-44
2,0,2
5,19,-14
2,1,1
1,0,1
5,1,4
9,14,-5
0,0,0
5,5,0
13,7,6
7,6,1
2,1,1
10,2,8
1,3,-2
5,6,-1
5,0,5
1,0,1
0,0,0
0,3,-3
0,2,-2
2,1,1
14,31,-17
0,1,-1
0,0,0
2,2,0
37,3,34
3,1,2
2,8,-6
6,5,1
4,0,4
12,7,5
48,20,28
1,0,1
4,2,2
1,0,1
0,0,0
8,2,6
0,0,0
1,5,-4
0,0,0
2,0,2
4,1,3
3,31,-28
4,2,2
6,0,6
2,0,2
20,2,18
3,0,3
0,0,0
7,1,6
0,0,0
2,1,1
9,2,7
3,1,2
14,9,5
8,2,6
11,4,7
18,7,11
1,0,1
1,0,1
6,3,3
5,5,0
5,4,1
4,20,-16
3,13,-10
0,0,0
2,1,1
1,1,0
0,10,-10
4,0,4
16,8,8
0,1,-1
1,2,-1
0,0,0
2,1,1
7,1,6
8,0,8
10,1,9
1,0,1
5,0,5
0,2,-2
12,0,12
3,2,1
4,1,3
9,5,4
30,4,26
2,1,1
2,1,1
8,0,8
27,1,26
1,1,0
0,1,-1
11,7,4
0,0,0
5,0,5
1,0,1
10,12,-2
3,5,-2
5,2,3
3,6,-3
14,9,5
0,0,0
0,0,0
17,2,15
0,1,-1
35,0,35
1,31,-30
2,5,-3
8,12,-4
0,0,0
1,0,1
14,7,7
9,7,2
3,3,0
14,0,14
2,5,-3
7,0,7
2,0,2
28,2,26
5,0,5
18,0,18
2,14,-12
12,0,12
7,14,-7
5,0,5
14,0,14
9,6,3
3,10,-7
0,0,0
0,0,0
1,4,-3
10,2,8
0,5,-5
16,7,9
2,9,-7
22,1,21
0,0,0
0,0,0
2,18,-16
13,8,5
7,7,0
4,4,0
3,3,0
6,4,2
6,1,5
1,0,1
0,0,0
8,1,7
3,1,2
3,34,-31
2,0,2
2,0,2
3,0,3
7,0,7
0,0,0
2,0,2
1,2,-1
2,0,2
13,9,4
2,0,2
13,2,11
4,0,4
1,0,1
8,7,1
0,0,0
0,0,0
15,0,15
0,25,-25
3,0,3
20,4,16
6,6,0
4,2,2
2,7,-5
2,3,-1
20,7,13
0,0,0
16,0,16
1,0,1
0,0,0
1,3,-2
3,0,3
3,5,-2
9,7,2
0,0,0
0,0,0
0,1,-1
18,0,18
4,0,4
0,0,0
3,0,3
1,0,1
0,0,0
14,26,-12
5,3,2
1,5,-4
9,7,2
1,0,1
12,0,12
1,0,1
1,1,0
5,12,-7
1,0,1
12,29,-17
8,8,0
20,3,17
19,13,6
1,1,0
15,0,15
6,0,6
24,0,24
17,36,-19
10,2,8
9,5,4
28,6,22
4,16,-12
25,0,25
20,31,-11
0,0,0
11,0,11
0,3,-3
19,17,2
20,3,17
126,0,126
9,4,5
5,2,3
0,0,0
1,0,1
13,0,13
15,0,15
6,0,6
0,0,0
6,6,0
6,7,-1
1,4,-3
2,8,-6
0,1,-1
2,3,-1
0,0,0
2,0,2
1,0,1
5,0,5
1,3,-2
0,0,0
8,1,7
11,1,10
10,0,10
3,1,2
18,1,17
9,42,-33
9,9,0
2,3,-1
2,7,-5
9,9,0
0,0,0
12,17,-5
21,0,21
0,0,0
4,3,1
0,6,-6
0,0,0
24,0,24
4,3,1
4,0,4
2,0,2
8,0,8
2,0,2
0,3,-3
0,0,0
9,10,-1
1,2,-1
2,2,0
3,1,2
13,0,13
6,1,5
3,7,-4
9,4,5
0,0,0
9,0,9
9,1,8
16,0,16
1,6,-5
0,7,-7
0,1,-1
2,2,0
21,5,16
1,0,1
5,0,5
0,0,0
5,7,-2
3,0,3
3,0,3
2,0,2
1,1,0
14,1,13
1,0,1
8,0,8
3,0,3
7,0,7
2,2,0
4,4,0
15,0,15
15,5,10
27,1,26
2,2,0
5,0,5
14,0,14
0,0,0
6,0,6
9,0,9
2,2,0
13,3,10
19,4,15
16,1,15
9,5,4
9,6,3
8,2,6
20,10,10
11,0,11
6,7,-1
2,0,2
0,0,0
16,0,16
5,3,2
11,9,2
5,2,3
2,6,-4
16,23,-7
0,0,0
0,5,-5
4,3,1
5,4,1
6,0,6
2,1,1
35,14,21
1,0,1
6,7,-1
1,2,-1
37,5,32
12,1,11
9,33,-24
23,3,20
5,0,5
4,4,0
12,0,12
8,0,8
4,0,4
16,1,15
14,5,9
1,1,0
7,29,-22
6,0,6
3,2,1
4,0,4
0,0,0
0,0,0
6,6,0
10,10,0
45,1,44
9,10,-1
0,0,0
13,2,11
3,0,3
12,2,10
16,1,15
5,9,-4
3,1,2
4,6,-2
15,10,5
0,1,-1
3,2,1
0,0,0
0,0,0
1,0,1
11,0,11
6,4,2
3,4,-1
1,3,-2
4,10,-6
4,0,4
2,0,2
1,8,-7
0,6,-6
0,1,-1
1,0,1
0,1,-1
2,24,-22
2,5,-3
0,7,-7
3,5,-2
0,0,0
5,4,1
0,0,0
3,0,3
22,1,21
21,21,0
0,6,-6
13,4,9
14,10,4
4,7,-3
0,0,0
16,8,8
16,11,5
0,14,-14
4,0,4
3,1,2
5,0,5
0,3,-3
29,27,2
10,0,10
16,0,16
32,7,25
3,0,3
0,0,0
6,2,4
12,1,11
20,2,18
0,0,0
3,0,3
6,7,-1
16,2,14
33,12,21
0,0,0
8,12,-4
0,8,-8
1,1,0
10,1,9
24,0,24
11,0,11
0,0,0
0,52,-52
16,0,16
5,5,0
8,7,1
6,0,6
0,1,-1
14,0,14
21,19,2
10,2,8
0,0,0
4,7,-3
13,0,13
3,0,3
3,0,3
0,0,0
10,0,10
5,10,-5
24,3,21
8,2,6
3,3,0
0,0,0
19,5,14
8,2,6
7,0,7
12,0,12
3,2,1
15,0,15
2,0,2
3,7,-4
2,7,-5
1,2,-1
13,2,11
16,6,10
16,17,-1
23,13,10
0,0,0
4,0,4
1,0,1
1,0,1
27,44,-17
21,26,-5
1,0,1
14,14,0
1,0,1
0,0,0
7,7,0
14,0,14
2,0,2
11,1,10
0,0,0
6,6,0
3,7,-4
24,3,21
8,13,-5
11,5,6
1,7,-6
5,0,5
1,1,0
27,18,9
6,0,6
16,12,4
7,2,5
14,1,13
3,0,3
3,4,-1
3,0,3
50,50,0
4,5,-1
0,0,0
17,2,15
7,5,2
1,4,-3
2,13,-11
11,11,0
0,2,-2
18,13,5
8,4,4
25,12,13
0,0,0
18,1,17
5,10,-5
2,0,2
8,2,6
0,0,0
8,0,8
3,1,2
21,15,6
16,40,-24
3,0,3
2,7,-5
0,2,-2
0,0,0
9,9,0
3,7,-4
1,1,0
7,1,6
3,1,2
27,0,27
1,1,0
1,2,-1
1,0,1
17,40,-23
6,5,1
17,2,15
0,0,0
6,0,6
2,0,2
0,0,0
11,2,9
4,2,2
6,3,3
7,1,6
1,0,1
13,1,12
4,4,0
29,23,6
11,1,10
8,0,8
10,10,0
2,14,-12
13,3,10
0,4,-4
10,0,10
21,4,17
4,44,-40
34,2,32
19,7,12
15,10,5
2,3,-1
17,4,13
13,0,13
9,2,7
0,0,0
2,0,2
7,23,-16
10,9,1
0,0,0
4,0,4
15,0,15
2,4,-2
1,0,1
12,7,5
0,0,0
3,0,3
2,6,-4
15,7,8
0,2,-2
28,0,28
1,0,1
9,9,0
6,4,2
0,0,0
6,0,6
6,5,1
21,2,19
1,7,-6
2,3,-1
0,0,0
6,1,5
0,0,0
10,22,-12
2,1,1
2,5,-3
4,5,-1
29,1,28
4,1,3
2,0,2
2,4,-2
0,0,0
0,0,0
5,12,-7
3,1,2
2,0,2
6,0,6
15,2,13
44,1,43
11,0,11
4,0,4
0,0,0
6,4,2
0,0,0
2,0,2
0,0,0
22,17,5
0,4,-4
8,2,6
7,3,4
18,1,17
0,0,0
5,1,4
1,0,1
4,2,2
33,2,31
4,48,-44
16,6,10
4,7,-3
2,2,0
3,1,2
2,0,2
10,0,10
0,0,0
1,2,-1
2,0,2
1,0,1
0,0,0
0,1,-1
24,0,24
0,0,0
0,3,-3
11,15,-4
0,0,0
8,1,7
11,6,5
0,0,0
3,3,0
2,1,1
2,2,0
0,0,0
2,0,2
5,1,4
1,0,1
0,0,0
1,0,1
5,0,5
2,2,0
5,4,1
1,0,1
6,1,5
6,3,3
3,0,3
11,11,0
20,0,20
10,0,10
4,1,3
11,3,8
7,1,6
9,12,-3
0,0,0
3,2,1
2,0,2
0,0,0
6,0,6
1,2,-1
4,7,-3
1,9,-8
2,1,1
2,10,-8
6,1,5
3,0,3
6,2,4
63,4,59
0,3,-3
20,3,17
5,0,5
9,0,9
0,15,-15
1,5,-4
4,3,1
3,0,3
0,0,0
0,0,0
0,0,0
0,1,-1
16,1,15
7,1,6
8,1,7
3,0,3
0,0,0
9,0,9
0,0,0
3,0,3
22,0,22
0,0,0
4,1,3
0,8,-8
3,0,3
6,0,6
2,0,2
23,1,22
8,0,8
30,0,30
28,24,4
1,0,1
0,0,0
4,10,-6
1,0,1
2,0,2
30,10,20
1,3,-2
0,2,-2
0,2,-2
0,0,0
0,0,0
3,1,2
3,1,2
3,2,1
1,2,-1
5,9,-4
0,0,0
20,0,20
0,19,-19
8,0,8
0,0,0
19,5,14
4,0,4
13,8,5
0,0,0
5,0,5
3,9,-6
0,0,0
29,0,29
12,6,6
1,1,0
1,4,-3
0,4,-4
7,0,7
14,8,6
5,1,4
11,19,-8
4,5,-1
0,2,-2
0,0,0
1,0,1
0,0,0
1,13,-12
3,0,3
1,0,1
1,29,-28
1,0,1
6,0,6
12,2,10
1,4,-3
0,0,0
41,0,41
0,0,0
0,4,-4
10,0,10
3,8,-5
15,12,3
0,0,0
1,0,1
15,2,13
7,1,6
0,0,0
0,0,0
33,3,30
4,4,0
3,3,0
1,0,1
9,1,8
4,22,-18
2,1,1
0,7,-7
0,0,0
4,0,4
16,0,16
1,2,-1
21,0,21
5,7,-2
2,0,2
9,0,9
8,6,2
2,0,2
3,0,3
6,13,-7
0,0,0
5,0,5
0,0,0
23,3,20
0,0,0
1,2,-1
7,9,-2
6,0,6
7,2,5
2,10,-8
2,0,2
9,3,6
1,6,-5
4,1,3
27,0,27
13,9,4
0,0,0
7,4,3
9,2,7
1,2,-1
15,1,14
10,0,10
2,1,1
2,7,-5
20,13,7
2,0,2
0,0,0
2,12,-10
4,6,-2
20,5,15
0,0,0
23,42,-19
0,2,-2
22,0,22
12,0,12
0,1,-1
0,0,0
1,1,0
3,6,-3
6,1,5
0,4,-4
1,0,1
3,0,3
19,3,16
24,9,15
0,0,0
12,17,-5
11,0,11
58,22,36
9,0,9
8,4,4
2,0,2
1,1,0
10,6,4
0,0,0
9,25,-16
11,0,11
0,0,0
1,7,-6
10,0,10
8,7,1
22,0,22
6,5,1
6,0,6
1,0,1
5,0,5
1,0,1
6,1,5
10,1,9
17,13,4
0,5,-5
0,0,0
1,0,1
6,4,2
3,1,2
3,2,1
5,0,5
0,0,0
3,0,3
6,5,1
1,0,1
15,5,10
1,4,-3
16,8,8
27,7,20
0,8,-8
2,1,1
8,0,8
5,5,0
11,2,9
5,1,4
14,7,7
13,47,-34
11,1,10
0,5,-5
9,7,2
4,6,-2
2,2,0
11,0,11
1,0,1
3,0,3
2,2,0
12,5,7
0,0,0
2,3,-1
2,0,2
15,6,9
6,0,6
0,2,-2
21,20,1
35,5,30
10,9,1
15,1,14
4,5,-1
5,5,0
26,10,16
9,20,-11
0,2,-2
2,3,-1
6,5,1
1,0,1
6,9,-3
0,0,0
0,0,0
0,33,-33
18,4,14
7,0,7
0,0,0
28,0,28
0,0,0
0,0,0
0,0,0
1,0,1
4,7,-3
3,0,3
1,0,1
0,4,-4
11,1,10
8,0,8
4,3,1
1,2,-1
7,7,0
9,6,3
1,1,0
0,0,0
14,9,5
1,3,-2
11,2,9
37,0,37
11,2,9
3,1,2
18,45,-27
16,3,13
60,0,60
0,0,0
0,0,0
11,23,-12
2,0,2
5,9,-4
2,0,2
1,0,1
2,0,2
0,0,0
27,0,27
0,0,0
7,0,7
23,9,14
4,4,0
10,2,8
5,5,0
15,1,14
27,3,24
1,0,1
3,10,-7
11,7,4
0,0,0
3,2,1
13,11,2
2,2,0
11,0,11
9,0,9
3,0,3
1,0,1
31,13,18
3,0,3
1,0,1
7,1,6
0,0,0
8,1,7
3,0,3
0,0,0
0,0,0
7,1,6
14,1,13
7,5,2
8,2,6
0,0,0
0,0,0
17,1,16
0,0,0
3,3,0
3,1,2
13,38,-25
12,0,12
4,0,4
6,8,-2
28,15,13
0,0,0
0,0,0
17,15,2
6,16,-10
0,0,0
22,2,20
25,0,25
16,1,15
0,0,0
18,16,2
9,4,5
21,0,21
14,0,14
30,30,0
11,8,3
12,4,8
4,0,4
9,2,7
18,5,13
3,2,1
12,22,-10
0,2,-2
15,14,1
3,0,3
0,0,0
30,0,30
1,0,1
12,12,0
12,0,12
11,6,5
10,1,9
10,0,10
22,44,-22
0,7,-7
7,5,2
22,10,12
0,0,0
2,5,-3
1,0,1
9,1,8
63,8,55
10,12,-2
16,0,16
1,12,-11
6,0,6
0,0,0
11,3,8
9,1,8
0,0,0
0,1,-1
2,2,0
2,0,2
18,5,13
4,0,4
1,0,1
0,0,0
4,2,2
1,7,-6
15,9,6
6,16,-10
8,1,7
0,0,0
43,0,43
0,2,-2
3,6,-3
0,5,-5
3,2,1
16,5,11
4,1,3
1,0,1
26,26,0
1,0,1
4,0,4
6,0,6
14,7,7
9,6,3
1,2,-1
3,0,3
0,0,0
4,0,4
9,2,7
1,0,1
3,4,-1
0,3,-3
0,0,0
3,7,-4
3,2,1
1,5,-4
16,3,13
1,0,1
0,0,0
0,0,0
1,25,-24
8,0,8
1,7,-6
14,19,-5
3,7,-4
3,4,-1
6,0,6
102,21,81
0,0,0
2,2,0
8,0,8
4,3,1
1,3,-2
19,0,19
29,0,29
2,8,-6
2,0,2
6,5,1
4,21,-17
5,1,4
5,7,-2
1,9,-8
0,0,0
5,1,4
3,0,3
1,0,1
5,4,1
4,0,4
0,0,0
1,5,-4
1,0,1
8,6,2
9,1,8
0,3,-3
15,3,12
0,0,0
0,0,0
1,0,1
7,16,-9
1,0,1
8,26,-18
3,2,1
22,7,15
7,0,7
30,0,30
2,10,-8
17,17,0
6,0,6
8,1,7
25,5,20
10,8,2
19,19,0
9,0,9
20,11,9
2,5,-3
3,20,-17
10,1,9
0,1,-1
0,2,-2
0,6,-6
0,0,0
4,0,4
0,0,0
28,6,22
14,13,1
8,0,8
5,0,5
12,11,1
65,6,59
1,0,1
0,2,-2
10,7,3
1,2,-1
1,12,-11
2,1,1
2,0,2
0,0,0
4,5,-1
5,0,5
12,4,8
7,6,1
0,1,-1
42,30,12
1,1,0
0,0,0
4,0,4
0,2,-2
9,0,9
0,7,-7
8,0,8
4,0,4
12,3,9
41,16,25
3,1,2
0,0,0
3,0,3
3,5,-2
1,1,0
1,2,-1
0,1,-1
2,2,0
8,2,6
1,2,-1
3,2,1
12,12,0
26,1,25
2,0,2
4,0,4
2,0,2
13,7,6
28,40,-12
7,2,5
2,10,-8
0,4,-4
14,9,5
12,1,11
25,19,6
5,1,4
12,2,10
0,0,0
4,0,4
1,0,1
2,0,2
0,0,0
28,4,24
6,77,-71
5,3,2
1,0,1
1,2,-1
4,3,1
2,10,-8
4,0,4
5,3,2
4,1,3
29,14,15
15,19,-4
11,0,11
18,10,8
33,33,0
5,4,1
26,0,26
16,15,1
11,2,9
18,0,18
2,9,-7
13,1,12
2,0,2
1,1,0
2,0,2
4,2,2
0,0,0
0,4,-4
0,2,-2
3,8,-5
0,14,-14
5,3,2
0,10,-10
13,7,6
4,3,1
2,0,2
0,0,0
4,0,4
2,0,2
0,19,-19
13,1,12
10,4,6
36,1,35
0,2,-2
6,0,6
4,0,4
5,0,5
5,0,5
3,0,3
1,0,1
0,0,0
2,0,2
2,0,2
6,1,5
7,0,7
2,0,2
1,0,1
7,5,2
1,2,-1
18,1,17
3,3,0
8,0,8
3,0,3
1,0,1
39,4,35
5,0,5
0,0,0
2,6,-4
14,2,12
10,2,8
5,3,2
3,0,3
1,0,1
21,0,21
6,3,3
9,3,6
4,0,4
29,22,7
17,17,0
6,12,-6
1,3,-2
1,1,0
14,1,13
5,6,-1
6,6,0
1,0,1
0,0,0
3,0,3
0,0,0
8,7,1
1,0,1
0,0,0
2,0,2
0,0,0
14,0,14
15,6,9
0,1,-1
5,0,5
0,1,-1
4,16,-12
1,1,0
1,7,-6
15,1,14
8,9,-1
0,0,0
1,0,1
6,6,0
17,0,17
74,11,63
4,0,4
2,4,-2
0,0,0
25,39,-14
4,1,3
12,5,7
14,13,1
4,4,0
16,0,16
0,0,0
2,3,-1
8,0,8
0,0,0
0,0,0
4,19,-15
5,0,5
10,2,8
14,9,5
0,0,0
3,3,0
0,4,-4
4,0,4
6,1,5
12,4,8
1,0,1
16,6,10
8,2,6
34,10,24
3,7,-4
0,0,0
20,10,10
12,6,6
3,2,1
18,19,-1
5,2,3
0,10,-10
7,3,4
1,4,-3
10,0,10
13,0,13
6,1,5
1,0,1
5,2,3
3,4,-1
3,2,1
7,1,6
0,0,0
6,8,-2
3,0,3
0,26,-26
1,8,-7
4,0,4
6,1,5
7,4,3
0,0,0
3,4,-1
0,0,0
14,1,13
2,4,-2
0,7,-7
1,0,1
2,0,2
0,0,0
7,4,3
1,0,1
3,0,3
8,0,8
10,6,4
13,15,-2
0,1,-1
2,0,2
17,24,-7
6,28,-22
0,2,-2
16,5,11
18,0,18
23,22,1
3,0,3
11,1,10
5,0,5
0,0,0
1,5,-4
0,1,-1
8,2,6
5,0,5
14,4,10
4,8,-4
0,2,-2
0,23,-23
10,0,10
12,6,6
4,0,4
11,3,8
18,10,8
17,2,15
5,0,5
29,11,18
27,4,23
0,0,0
0,0,0
1,0,1
9,10,-1
10,0,10
0,0,0
21,0,21
1,2,-1
4,0,4
1,0,1
20,0,20
8,6,2
0,9,-9
0,7,-7
1,1,0
0,1,-1
12,10,2
4,42,-38
2,0,2
5,1,4
0,0,0
52,0,52
27,3,24
1,0,1
14,6,8
11,19,-8
0,0,0
3,3,0
2,0,2
3,0,3
16,1,15
1,1,0
3,5,-2
1,0,1
6,7,-1
6,0,6
1,0,1
1,0,1
2,0,2
1,0,1
5,2,3
14,2,12
5,2,3
0,34,-34
0,0,0
1,0,1
4,11,-7
2,4,-2
2,3,-1
1,1,0
1,0,1
8,0,8
12,1,11
2,2,0
9,14,-5
40,0,40
4,2,2
0,0,0
0,0,0
3,4,-1
2,1,1
26,1,25
6,7,-1
48,5,43
12,0,12
0,0,0
15,51,-36
4,7,-3
3,0,3
5,11,-6
1,0,1
0,30,-30
8,6,2
1,14,-13
7,7,0
24,0,24
10,0,10
15,7,8
13,1,12
32,13,19
0,0,0
0,1,-1
2,5,-3
20,4,16
0,0,0
0,0,0
0,0,0
0,0,0
23,0,23
1,0,1
5,1,4
8,16,-8
9,2,7
0,0,0
2,0,2
2,0,2
1,7,-6
5,2,3
18,20,-2
2,0,2
0,0,0
3,4,-1
0,0,0
0,0,0
0,0,0
3,3,0
1,0,1
0,0,0
0,0,0
0,1,-1
0,0,0
14,3,11
16,40,-24
0,7,-7
4,2,2
0,0,0
30,31,-1
3,0,3
12,1,11
0,1,-1
1,9,-8
3,4,-1
55,14,41
20,14,6
0,0,0
0,0,0
1,2,-1
4,0,4
5,1,4
4,0,4
9,0,9
23,2,21
15,0,15
5,4,1
2,0,2
3,7,-4
0,0,0
5,1,4
8,8,0
0,0,0
2,6,-4
1,0,1
10,8,2
4,0,4
2,3,-1
29,9,20
13,1,12
25,0,25
6,7,-1
19,0,19
0,2,-2
0,0,0
17,0,17
3,8,-5
25,7,18
0,1,-1
5,7,-2
8,7,1
10,0,10
1,5,-4
3,2,1
0,0,0
13,0,13
3,0,3
2,0,2
3,0,3
2,2,0
0,2,-2
5,0,5
9,4,5
56,31,25
0,8,-8
1,0,1
5,4,1
0,0,0
1,0,1
0,2,-2
47,9,38
9,5,4
0,0,0
7,7,0
10,7,3
6,5,1
2,0,2
0,49,-49
17,4,13
2,0,2
0,0,0
21,0,21
3,8,-5
7,5,2
19,14,5
13,19,-6
13,4,9
6,1,5
6,5,1
9,2,7
2,9,-7
10,5,5
0,0,0
29,1,28
11,0,11
1,1,0
5,5,0
8,3,5
6,3,3
1,5,-4
4,0,4
4,9,-5
0,0,0
2,2,0
0,0,0
0,0,0
18,11,7
1,0,1
7,0,7
8,6,2
3,0,3
29,14,15
6,5,1
4,15,-11
1,3,-2
10,0,10
5,5,0
3,9,-6
0,0,0
0,0,0
3,6,-3
0,1,-1
17,0,17
5,5,0
4,0,4
1,0,1
0,0,0
6,1,5
0,0,0
5,7,-2
1,0,1
0,6,-6
7,1,6
3,6,-3
29,1,28
6,2,4
9,0,9
39,33,6
3,37,-34
21,0,21
1,6,-5
10,10,0
3,0,3
4,4,0
0,1,-1
9,0,9
5,0,5
2,0,2
6,3,3
20,0,20
0,2,-2
3,0,3
21,5,16
0,1,-1
6,8,-2
1,2,-1
18,4,14
4,2,2
0,0,0
1,0,1
15,4,11
0,0,0
7,7,0
1,0,1
20,38,-18
1,7,-6
3,0,3
2,0,2
2,25,-23
1,5,-4
5,3,2
5,2,3
9,0,9
8,0,8
10,1,9
7,12,-5
0,1,-1
18,9,9
4,0,4
13,1,12
0,0,0
5,5,0
3,3,0
2,3,-1
8,1,7
1,0,1
1,7,-6
2,10,-8
6,7,-1
1,25,-24
7,5,2
7,1,6
10,10,0
29,0,29
0,2,-2
17,3,14
8,0,8
2,0,2
2,1,1
1,4,-3
13,9,4
2,0,2
18,19,-1
4,1,3
1,11,-10
4,0,4
10,10,0
8,25,-17
27,15,12
5,0,5
3,1,2
5,1,4
3,1,2
2,1,1
0,0,0
2,4,-2
0,1,-1
0,7,-7
6,3,3
16,5,11
1,1,0
15,15,0
1,4,-3
0,0,0
19,3,16
1,1,0
7,0,7
3,1,2
5,9,-4
1,1,0
2,7,-5
2,0,2
2,0,2
1,0,1
1,1,0
27,0,27
1,0,1
11,7,4
1,1,0
0,0,0
24,24,0
2,2,0
1,0,1
6,7,-1
2,10,-8
3,1,2
3,1,2
6,2,4
6,1,5
17,0,17
0,0,0
5,4,1
7,0,7
10,8,2
0,8,-8
13,2,11
2,0,2
4,1,3
4,7,-3
0,0,0
35,0,35
7,7,0
20,5,15
0,0,0
0,0,0
15,1,14
0,15,-15
3,4,-1
9,0,9
0,0,0
1,0,1
15,3,12
4,1,3
1,0,1
11,2,9
2,0,2
2,2,0
0,0,0
0,3,-3
3,0,3
6,0,6
7,6,1
9,6,3
0,2,-2
0,6,-6
0,0,0
2,0,2
1,0,1
25,1,24
17,2,15
77,0,77
2,0,2
0,1,-1
0,1,-1
4,1,3
9,6,3
15,0,15
4,6,-2
8,6,2
9,0,9
5,5,0
3,2,1
1,3,-2
14,18,-4
4,5,-1
7,0,7
0,1,-1
3,4,-1
8,0,8
52,52,0
15,1,14
0,0,0
0,5,-5
34,0,34
0,0,0
2,0,2
2,0,2
0,2,-2
1,8,-7
12,2,10
0,0,0
8,15,-7
2,0,2
7,7,0
1,0,1
0,0,0
3,0,3
12,7,5
5,0,5
1,1,0
22,1,21
27,5,22
4,5,-1
0,0,0
3,0,3
4,1,3
0,0,0
10,0,10
2,0,2
1,0,1
12,5,7
18,5,13
3,0,3
27,7,20
1,7,-6
2,10,-8
0,1,-1
4,3,1
0,0,0
0,1,-1
1,0,1
9,21,-12
15,11,4
12,0,12
24,3,21
1,0,1
14,2,12
15,0,15
5,1,4
0,1,-1
0,0,0
0,0,0
2,0,2
1,0,1
4,0,4
8,3,5
0,0,0
10,8,2
17,4,13
2,11,-9
4,5,-1
7,4,3
6,1,5
1,0,1
6,0,6
0,0,0
3,12,-9
1,0,1
19,0,19
0,0,0
0,0,0
3,0,3
4,8,-4
0,0,0
0,0,0
0,1,-1
4,0,4
0,0,0
6,2,4
1,0,1
0,0,0
0,0,0
0,0,0
0,0,0
1,0,1
0,0,0
0,0,0
3,1,2
1,0,1
2,1,1
19,2,17
0,0,0
0,1,-1
3,3,0
1,1,0
44,17,27
7,4,3
26,5,21
15,1,14
2,33,-31
1,0,1
1,3,-2
0,0,0
2,0,2
0,0,0
4,67,-63
2,2,0
10,0,10
5,13,-8
0,0,0
4,1,3
2,0,2
4,0,4
3,2,1
3,7,-4
1,4,-3
4,1,3
11,3,8
1,5,-4
10,0,10
9,0,9
0,0,0
0,0,0
2,0,2
8,1,7
0,6,-6
0,0,0
5,22,-17
0,3,-3
0,0,0
6,5,1
1,2,-1
7,7,0
0,0,0
3,0,3
19,0,19
8,12,-4
0,0,0
5,57,-52
12,0,12
3,3,0
7,8,-1
6,0,6
17,13,4
3,7,-4
0,6,-6
1,0,1
1,0,1
1,0,1
14,7,7
5,2,3
4,0,4
0,5,-5
8,0,8
1,1,0
4,1,3
15,10,5
3,6,-3
1,1,0
3,5,-2
2,0,2
9,18,-9
7,7,0
0,72,-72
20,0,20
4,1,3
1,1,0
4,5,-1
1,3,-2
0,6,-6
17,10,7
1,0,1
3,1,2
3,0,3
11,1,10
0,0,0
3,9,-6
0,0,0
10,13,-3
0,0,0
9,7,2
19,0,19
1,0,1
1,9,-8
0,3,-3
29,29,0
3,6,-3
1,1,0
1,0,1
4,0,4
6,1,5
0,4,-4
0,0,0
1,0,1
1,0,1
0,0,0
0,0,0
9,19,-10
0,0,0
0,2,-2
10,11,-1
7,1,6
4,0,4
2,0,2
0,2,-2
0,0,0
0,2,-2
9,0,9
1,0,1
6,0,6
2,0,2
8,3,5
27,10,17
1,11,-10
0,0,0
7,5,2
0,0,0
3,2,1
6,0,6
1,1,0
2,0,2
2,0,2
7,5,2
0,1,-1
8,1,7
8,6,2
19,0,19
6,6,0
1,5,-4
0,0,0
0,0,0
15,3,12
4,1,3
0,0,0
19,1,18
2,0,2
2,26,-24
4,4,0
6,10,-4
2,2,0
7,0,7
0,0,0
0,1,-1
7,5,2
6,2,4
2,0,2
5,5,0
0,1,-1
0,0,0
11,0,11
2,6,-4
0,0,0
84,0,84
7,0,7
10,0,10
5,5,0
19,0,19
32,0,32
17,0,17
0,0,0
7,1,6
2,1,1
0,0,0
56,27,29
0,1,-1
2,5,-3
1,2,-1
0,1,-1
2,0,2
0,0,0
0,0,0
4,0,4
14,5,9
11,2,9
11,13,-2
0,0,0
0,0,0
5,3,2
2,2,0
11,4,7
0,2,-2
0,0,0
2,2,0
4,0,4
10,8,2
0,5,-5
6,1,5
1,7,-6
9,2,7
15,2,13
3,2,1
11,0,11
0,0,0
22,3,19
0,0,0
3,4,-1
2,0,2
22,9,13
8,0,8
22,0,22
3,0,3
0,0,0
0,0,0
0,0,0
1,0,1
10,0,10
4,0,4
13,19,-6
43,0,43
15,0,15
6,0,6
3,0,3
18,23,-5
5,5,0
0,10,-10
0,0,0
0,0,0
2,0,2
1,0,1
5,0,5
0,0,0
12,1,11
1,1,0
2,0,2
0,0,0
8,8,0
22,0,22
0,0,0
13,0,13
3,5,-2
1,4,-3
2,7,-5
4,4,0
4,0,4
21,8,13
2,1,1
5,2,3
0,0,0
4,4,0
0,0,0
0,3,-3
2,3,-1
14,10,4
1,2,-1
1,5,-4
2,2,0
6,0,6
1,1,0
5,7,-2
1,0,1
20,1,19
0,0,0
0,2,-2
0,0,0
5,37,-32
1,0,1
64,74,-10
13,13,0
0,26,-26
4,1,3
2,1,1
1,2,-1
1,5,-4
0,0,0
8,3,5
8,2,6
5,0,5
10,0,10
0,0,0
4,6,-2
1,0,1
2,0,2
11,3,8
4,2,2
0,0,0
5,2,3
6,1,5
0,0,0
13,0,13
12,0,12
6,9,-3
0,0,0
0,0,0
2,6,-4
1,0,1
12,1,11
3,0,3
0,1,-1
0,0,0
3,0,3
0,0,0
12,0,12
8,0,8
19,0,19
12,0,12
7,7,0
9,18,-9
3,0,3
17,5,12
0,1,-1
17,22,-5
0,3,-3
3,2,1
12,0,12
1,0,1
4,0,4
4,2,2
20,23,-3
18,10,8
5,7,-2
0,0,0
5,2,3
2,2,0
0,0,0
3,0,3
0,7,-7
0,0,0
39,0,39
7,7,0
35,14,21
0,0,0
20,0,20
16,9,7
0,2,-2
10,5,5
0,0,0
1,0,1
0,0,0
6,0,6
5,0,5
0,0,0
1,0,1
0,0,0
5,7,-2
11,26,-15
0,0,0
10,7,3
6,1,5
4,0,4
1,3,-2
1,0,1
1,0,1
2,0,2
13,3,10
6,31,-25
1,2,-1
4,9,-5
1,9,-8
1,0,1
14,9,5
6,2,4
4,0,4
2,22,-20
4,1,3
16,0,16
2,4,-2
12,9,3
3,0,3
10,3,7
0,0,0
9,7,2
0,0,0
0,0,0
1,4,-3
16,0,16
0,0,0
1,0,1
5,0,5
0,0,0
0,2,-2
0,0,0
2,0,2
2,0,2
6,2,4
1,7,-6
2,0,2
13,11,2
2,2,0
1,0,1
10,8,2
11,19,-8
0,3,-3
4,13,-9
8,6,2
1,0,1
14,4,10
0,0,0
6,0,6
2,0,2
10,3,7
1,0,1
18,5,13
3,0,3
10,8,2
8,0,8
18,0,18
3,0,3
3,0,3
4,2,2
25,11,14
50,7,43
0,2,-2
1,4,-3
2,1,1
8,6,2
4,0,4
1,7,-6
1,1,0
1,2,-1
2,1,1
17,13,4
2,2,0
1,5,-4
6,3,3
1,0,1
0,0,0
5,2,3
5,0,5
6,1,5
16,2,14
0,0,0
0,26,-26
5,5,0
25,25,0
15,7,8
0,0,0
0,0,0
2,0,2
0,4,-4
13,0,13
0,0,0
7,7,0
0,0,0
0,2,-2
5,2,3
2,0,2
6,5,1
15,6,9
8,2,6
9,0,9
5,0,5
0,0,0
0,0,0
21,10,11
38,1,37
0,0,0
8,0,8
0,0,0
7,3,4
92,2,90
2,0,2
9,0,9
4,1,3
29,17,12
5,9,-4
1,0,1
4,0,4
21,7,14
16,0,16
6,4,2
2,0,2
3,1,2
7,4,3
1,0,1
13,5,8
0,0,0
2,0,2
48,3,45
20,2,18
0,9,-9
1,0,1
0,0,0
29,0,29
1,5,-4
3,0,3
0,0,0
19,8,11
0,10,-10
1,1,0
3,1,2
24,19,5
10,1,9
0,0,0
8,1,7
4,5,-1
3,0,3
1,0,1
20,31,-11
13,3,10
19,0,19
7,0,7
7,40,-33
0,4,-4
4,10,-6
6,0,6
17,10,7
14,5,9
0,0,0
0,2,-2
11,8,3
5,0,5
0,0,0
22,16,6
3,1,2
12,0,12
0,0,0
1,1,0
1,0,1
12,11,1
19,9,10
0,0,0
1,0,1
36,4,32
13,3,10
50,22,28
3,0,3
0,0,0
0,0,0
2,0,2
6,0,6
2,18,-16
0,4,-4
3,0,3
2,3,-1
8,5,3
4,10,-6
2,4,-2
3,3,0
18,22,-4
12,15,-3
5,1,4
0,0,0
3,0,3
1,2,-1
0,0,0
5,1,4
3,0,3
1,1,0
0,0,0
0,0,0
8,4,4
1,9,-8
8,7,1
0,0,0
16,0,16
5,0,5
1,1,0
0,0,0
4,0,4
3,5,-2
3,3,0
11,8,3
2,3,-1
1,0,1
1,1,0
8,0,8
4,7,-3
1,2,-1
0,3,-3
23,1,22
5,1,4
11,3,8
2,0,2
4,2,2
38,38,0
10,7,3
5,12,-7
0,0,0
6,0,6
2,0,2
1,0,1
1,0,1
5,0,5
3,0,3
11,5,6
6,0,6
3,0,3
11,7,4
9,5,4
0,0,0
4,0,4
6,6,0
4,4,0
12,5,7
1,1,0
0,0,0
10,3,7
0,0,0
4,0,4
0,0,0
4,0,4
1,1,0
2,2,0
12,1,11
17,6,11
0,1,-1
20,20,0
0,0,0
0,7,-7
5,0,5
0,2,-2
1,0,1
0,0,0
10,3,7
4,0,4
0,0,0
0,2,-2
21,2,19
7,2,5
0,7,-7
8,1,7
9,0,9
0,1,-1
1,1,0
2,1,1
16,5,11
19,1,18
29,29,0
9,0,9
12,9,3
6,0,6
10,31,-21
18,7,11
10,10,0
11,4,7
8,33,-25
9,6,3
11,1,10
1,0,1
1,0,1
6,0,6
0,0,0
16,2,14
0,14,-14
2,0,2
0,0,0
4,7,-3
4,0,4
0,0,0
3,3,0
3,3,0
13,0,13
1,20,-19
82,2,80
6,8,-2
1,0,1
4,0,4
5,9,-4
2,0,2
1,0,1
28,1,27
7,1,6
2,0,2
7,2,5
14,5,9
1,2,-1
0,9,-9
3,0,3
3,2,1
1,0,1
2,0,2
8,20,-12
1,1,0
31,0,31
2,7,-5
3,0,3
4,2,2
0,1,-1
7,7,0
13,3,10
0,2,-2
13,1,12
4,2,2
14,0,14
2,0,2
3,0,3
3,3,0
1,1,0
8,0,8
15,30,-15
2,27,-25
0,0,0
2,9,-7
3,0,3
5,2,3
0,0,0
2,6,-4
2,8,-6
5,4,1
8,2,6
0,0,0
3,2,1
2,3,-1
12,0,12
2,0,2
9,5,4
1,1,0
0,0,0
2,1,1
3,3,0
0,0,0
9,0,9
0,0,0
9,6,3
4,1,3
0,0,0
1,1,0
0,0,0
3,1,2
2,0,2
6,3,3
3,1,2
19,0,19
4,0,4
14,7,7
17,4,13
0,1,-1
25,22,3
11,11,0
0,1,-1
31,1,30
3,6,-3
6,1,5
7,3,4
13,4,9
2,1,1
3,5,-2
15,19,-4
5,4,1
10,3,7
1,0,1
0,0,0
3,0,3
2,1,1
28,7,21
32,58,-26
22,0,22
8,0,8
4,1,3
2,0,2
1,2,-1
24,15,9
15,7,8
1,0,1
4,0,4
5,6,-1
8,22,-14
0,0,0
30,0,30
7,23,-16
3,1,2
5,0,5
0,1,-1
2,0,2
13,1,12
5,5,0
6,4,2
2,7,-5
10,0,10
0,0,0
1,0,1
4,0,4
0,0,0
12,2,10
8,0,8
0,0,0
1,0,1
0,1,-1
9,9,0
1,0,1
7,0,7
12,0,12
2,0,2
5,3,2
12,1,11
3,1,2
9,4,5
1,3,-2
3,3,0
0,1,-1
6,0,6
8,1,7
10,2,8
1,0,1
0,0,0
4,11,-7
3,0,3
2,2,0
9,2,7
4,0,4
4,1,3
2,0,2
10,28,-18
2,0,2
16,8,8
0,17,-17
4,7,-3
12,0,12
4,0,4
11,11,0
6,0,6
0,15,-15
17,23,-6
3,0,3
7,0,7
6,14,-8
0,0,0
1,7,-6
0,0,0
16,0,16
0,0,0
1,0,1
0,0,0
1,0,1
1,0,1
4,5,-1
9,16,-7
0,0,0
11,0,11
10,2,8
0,1,-1
13,0,13
5,8,-3
13,24,-11
1,11,-10
4,13,-9
0,0,0
0,6,-6
3,0,3
3,0,3
1,2,-1
8,1,7
1,0,1
0,0,0
10,7,3
3,1,2
20,0,20
0,0,0
11,2,9
26,0,26
5,1,4
11,5,6
1,0,1
1,0,1
2,4,-2
1,4,-3
1,0,1
2,0,2
16,1,15
7,2,5
18,2,16
3,7,-4
2,4,-2
22,0,22
7,0,7
9,5,4
0,6,-6
5,6,-1
3,3,0
0,0,0
3,2,1
15,2,13
0,0,0
1,0,1
4,1,3
6,0,6
0,0,0
22,23,-1
0,2,-2
0,1,-1
9,0,9
14,7,7
5,3,2
0,3,-3
5,7,-2
4,3,1
2,1,1
2,0,2
23,3,20
1,0,1
0,7,-7
37,0,37
0,1,-1
1,0,1
3,0,3
0,0,0
14,0,14
1,0,1
9,0,9
38,32,6
0,0,0
8,1,7
4,0,4
2,0,2
7,7,0
1,0,1
19,7,12
7,2,5
28,7,21
1,0,1
18,1,17
7,0,7
9,0,9
31,2,29
38,4,34
4,2,2
14,11,3
1,5,-4
7,10,-3
0,0,0
2,0,2
2,9,-7
5,5,0
7,0,7
32,2,30
0,0,0
0,0,0
1,0,1
15,15,0
14,2,12
2,7,-5
0,3,-3
3,2,1
1,0,1
3,3,0
2,0,2
56,21,35
14,5,9
18,7,11
0,0,0
1,0,1
0,0,0
7,7,0
7,3,4
2,7,-5
23,0,23
8,1,7
0,0,0
7,5,2
6,0,6
0,11,-11
1,0,1
5,2,3
27,0,27
4,0,4
20,5,15
1,1,0
10,9,1
4,0,4
19,7,12
10,3,7
1,0,1
3,6,-3
6,23,-17
10,10,0
0,2,-2
0,3,-3
0,0,0
9,5,4
6,1,5
0,0,0
9,2,7
12,7,5
0,1,-1
20,50,-30
3,0,3
0,8,-8
8,0,8
2,0,2
89,6,83
2,0,2
35,44,-9
0,1,-1
6,2,4
5,15,-10
0,0,0
19,7,12
0,0,0
3,0,3
5,2,3
2,1,1
0,1,-1
8,8,0
0,7,-7
26,0,26
12,6,6
2,1,1
6,0,6
2,1,1
3,3,0
31,10,21
40,40,0
9,0,9
5,4,1
1,1,0
4,0,4
3,15,-12
26,2,24
5,2,3
0,0,0
0,0,0
3,0,3
4,1,3
8,1,7
11,0,11
15,0,15
0,0,0
0,0,0
37,64,-27
7,11,-4
1,0,1
2,23,-21
2,2,0
0,9,-9
12,1,11
0,1,-1
5,2,3
0,0,0
2,0,2
11,0,11
4,30,-26
1,4,-3
0,85,-85
9,9,0
2,2,0
50,50,0
6,38,-32
0,0,0
4,0,4
0,5,-5
2,6,-4
0,0,0
1,2,-1
1,0,1
0,0,0
1,0,1
4,2,2
11,1,10
1,1,0
3,0,3
0,0,0
0,0,0
0,0,0
1,0,1
0,4,-4
3,0,3
0,0,0
0,0,0
2,2,0
3,0,3
0,0,0
4,1,3
3,39,-36
27,19,8
4,1,3
2,0,2
6,0,6
7,7,0
0,0,0
1,1,0
0,1,-1
1,0,1
0,0,0
5,3,2
2,0,2
8,8,0
19,1,18
1,0,1
27,3,24
3,3,0
1,7,-6
4,0,4
12,4,8
20,3,17
1,7,-6
0,0,0
7,0,7
2,3,-1
9,0,9
9,0,9
0,0,0
0,0,0
3,0,3
5,2,3
9,0,9
11,14,-3
13,3,10
12,7,5
8,7,1
2,1,1
5,0,5
19,5,14
12,3,9
3,3,0
3,6,-3
2,0,2
17,0,17
17,11,6
22,19,3
15,0,15
22,22,0
4,2,2
15,15,0
1,0,1
2,1,1
14,5,9
7,1,6
2,0,2
6,2,4
2,1,1
9,13,-4
6,6,0
6,2,4
11,0,11
1,1,0
46,1,45
4,0,4
3,5,-2
4,0,4
5,0,5
17,1,16
1,2,-1
1,1,0
14,0,14
3,2,1
59,1,58
11,0,11
0,0,0
4,4,0
18,6,12
1,1,0
24,4,20
10,1,9
0,0,0
4,0,4
1,5,-4
14,2,12
4,2,2
9,6,3
7,0,7
4,0,4
3,1,2
0,0,0
0,9,-9
17,0,17
2,0,2
2,1,1
0,0,0
4,1,3
15,2,13
2,1,1
1,0,1
10,21,-11
8,3,5
2,0,2
0,3,-3
25,0,25
9,0,9
15,0,15
1,0,1
2,30,-28
2,14,-12
1,0,1
10,0,10
10,0,10
7,0,7
32,4,28
9,9,0
0,0,0
20,1,19
5,0,5
0,0,0
13,7,6
3,6,-3
3,1,2
4,3,1
13,50,-37
15,2,13
0,0,0
3,6,-3
1,0,1
0,0,0
2,0,2
1,2,-1
2,0,2
1,0,1
7,1,6
8,0,8
1,2,-1
35,1,34
21,1,20
3,0,3
0,0,0
12,8,4
4,4,0
0,0,0
1,0,1
0,2,-2
80,80,0
1,0,1
2,0,2
9,8,1
4,0,4
1,0,1
1,3,-2
3,5,-2
0,0,0
6,3,3
6,0,6
0,0,0
5,4,1
0,0,0
1,6,-5
0,0,0
0,0,0
17,14,3
0,0,0
1,0,1
0,8,-8
28,0,28
12,0,12
7,1,6
1,0,1
7,12,-5
1,0,1
3,2,1
6,0,6
0,0,0
5,2,3
11,2,9
0,4,-4
6,0,6
3,5,-2
2,0,2
1,0,1
32,0,32
0,0,0
1,0,1
2,1,1
2,0,2
8,0,8
13,0,13
13,13,0
0,0,0
2,2,0
5,4,1
12,5,7
2,5,-3
0,0,0
0,0,0
1,2,-1
3,0,3
20,1,19
8,2,6
0,0,0
1,1,0
11,5,6
2,0,2
0,0,0
1,1,0
2,3,-1
3,3,0
2,0,2
7,1,6
6,45,-39
2,4,-2
3,5,-2
0,0,0
0,0,0
29,5,24
0,2,-2
26,13,13
2,0,2
11,29,-18
17,6,11
15,1,14
1,0,1
14,0,14
36,34,2
0,0,0
7,3,4
60,5,55
1,0,1
2,0,2
1,1,0
2,0,2
1,7,-6
1,0,1
4,2,2
7,5,2
1,0,1
0,17,-17
4,2,2
52,0,52
0,0,0
0,0,0
18,6,12
10,1,9
1,0,1
19,20,-1
4,1,3
4,7,-3
0,0,0
3,1,2
6,2,4
8,5,3
1,1,0
1,0,1
6,0,6
26,0,26
5,6,-1
1,3,-2
4,8,-4
8,7,1
0,0,0
0,0,0
18,3,15
2,0,2
10,0,10
6,7,-1
7,9,-2
5,0,5
5,2,3
0,0,0
12,2,10
6,9,-3
8,5,3
12,1,11
1,1,0
8,5,3
1,5,-4
1,1,0
5,3,2
10,1,9
3,0,3
0,0,0
0,0,0
16,6,10
14,0,14
1,0,1
2,1,1
8,0,8
6,4,2
1,0,1
5,0,5
6,0,6
17,0,17
1,1,0
0,0,0
6,8,-2
0,8,-8
6,0,6
2,2,0
2,0,2
12,1,11
2,0,2
6,3,3
0,0,0
2,0,2
3,0,3
22,11,11
0,4,-4
2,8,-6
6,0,6
0,0,0
6,10,-4
5,1,4
7,1,6
3,0,3
9,0,9
0,2,-2
34,10,24
2,3,-1
6,7,-1
10,8,2
19,5,14
17,0,17
0,0,0
0,0,0
34,55,-21
1,1,0
10,12,-2
0,0,0
16,0,16
2,0,2
1,1,0
24,0,24
0,1,-1
15,5,10
1,0,1
2,0,2
1,0,1
5,2,3
1,1,0
1,10,-9
2,1,1
1,0,1
3,1,2
2,0,2
21,16,5
19,0,19
14,6,8
16,13,3
4,6,-2
5,0,5
13,0,13
25,5,20
11,22,-11
11,7,4
8,0,8
1,5,-4
5,3,2
1,3,-2
3,0,3
2,0,2
7,6,1
0,0,0
4,6,-2
0,0,0
21,0,21
20,3,17
19,27,-8
1,0,1
3,1,2
0,0,0
0,0,0
1,2,-1
1,0,1
10,0,10
19,7,12
3,0,3
6,1,5
0,0,0
2,0,2
3,9,-6
19,6,13
1,0,1
20,1,19
1,4,-3
5,0,5
15,6,9
3,4,-1
12,2,10
14,0,14
0,0,0
0,0,0
4,16,-12
0,2,-2
4,0,4
4,1,3
1,8,-7
1,6,-5
0,0,0
0,0,0
2,1,1
0,0,0
10,7,3
0,0,0
1,0,1
0,0,0
1,6,-5
1,0,1
14,27,-13
11,0,11
18,5,13
7,6,1
3,7,-4
2,22,-20
0,1,-1
10,1,9
0,0,0
1,1,0
15,0,15
61,4,57
27,7,20
1,5,-4
7,1,6
20,15,5
11,1,10
4,5,-1
18,9,9
0,1,-1
8,0,8
3,0,3
0,9,-9
0,0,0
5,7,-2
5,5,0
3,4,-1
2,0,2
2,0,2
6,2,4
5,0,5
1,0,1
0,0,0
1,6,-5
12,1,11
12,1,11
0,0,0
25,2,23
39,36,3
6,2,4
7,1,6
10,0,10
18,14,4
3,1,2
0,0,0
4,1,3
4,1,3
34,0,34
3,6,-3
0,0,0
0,1,-1
1,1,0
1,1,0
1,0,1
1,4,-3
2,0,2
8,0,8
0,0,0
3,0,3
3,0,3
21,0,21
1,3,-2
2,0,2
0,0,0
6,1,5
1,0,1
2,2,0
10,2,8
3,7,-4
8,4,4
6,2,4
2,1,1
2,3,-1
5,14,-9
0,0,0
8,0,8
9,1,8
3,0,3
0,0,0
3,1,2
1,0,1
2,2,0
9,5,4
4,2,2
4,8,-4
0,0,0
7,0,7
0,0,0
4,4,0
0,0,0
4,4,0
6,0,6
10,1,9
1,0,1
13,6,7
1,2,-1
7,10,-3
11,0,11
4,7,-3
2,9,-7
1,1,0
0,0,0
9,0,9
8,0,8
4,0,4
5,0,5
0,0,0
24,20,4
11,8,3
1,3,-2
4,0,4
24,5,19
11,0,11
10,3,7
7,9,-2
0,0,0
8,0,8
40,1,39
2,1,1
0,9,-9
4,4,0
5,1,4
1,0,1
16,1,15
17,0,17
0,0,0
32,2,30
9,0,9
12,0,12
8,3,5
7,5,2
1,0,1
4,0,4
55,7,48
14,1,13
12,2,10
3,13,-10
53,5,48
0,0,0
2,0,2
17,5,12
8,12,-4
6,1,5
16,10,6
11,6,5
13,22,-9
3,5,-2
0,10,-10
12,27,-15
20,14,6
1,0,1
5,2,3
13,18,-5
6,7,-1
12,9,3
0,0,0
0,1,-1
0,0,0
1,1,0
2,3,-1
3,0,3
18,5,13
4,3,1
14,0,14
19,3,16
4,1,3
3,25,-22
11,0,11
23,0,23
0,0,0
0,0,0
7,1,6
0,1,-1
1,0,1
0,9,-9
3,2,1
5,0,5
0,0,0
1,0,1
23,58,-35
7,0,7
1,0,1
31,47,-16
0,0,0
5,5,0
1,1,0
2,1,1
5,4,1
1,0,1
9,1,8
4,1,3
7,7,0
12,4,8
7,2,5
16,14,2
9,5,4
0,0,0
2,0,2
24,10,14
2,2,0
4,1,3
1,1,0
16,0,16
1,0,1
2,1,1
1,10,-9
0,2,-2
1,1,0
1,0,1
0,0,0
6,3,3
1,0,1
7,7,0
1,0,1
3,4,-1
0,0,0
3,1,2
1,0,1
3,0,3
3,0,3
0,1,-1
0,2,-2
2,5,-3
17,8,9
0,4,-4
7,0,7
5,2,3
4,0,4
15,0,15
12,30,-18
1,0,1
1,0,1
18,0,18
1,0,1
19,58,-39
5,0,5
16,0,16
10,5,5
1,0,1
0,0,0
1,6,-5
0,2,-2
15,8,7
2,0,2
15,1,14
0,0,0
9,14,-5
1,0,1
3,13,-10
6,1,5
12,1,11
1,3,-2
1,0,1
6,4,2
0,1,-1
5,0,5
5,37,-32
12,0,12
3,1,2
1,0,1
9,1,8
12,0,12
0,0,0
0,0,0
0,0,0
11,40,-29
5,10,-5
39,39,0
25,14,11
9,3,6
9,0,9
1,1,0
3,0,3
0,0,0
0,0,0
1,2,-1
1,1,0
0,0,0
0,3,-3
1,0,1
5,5,0
8,1,7
1,3,-2
9,4,5
1,0,1
2,0,2
2,6,-4
8,26,-18
0,0,0
0,0,0
4,1,3
4,0,4
37,8,29
28,4,24
9,0,9
6,19,-13
16,4,12
0,3,-3
15,2,13
7,1,6
1,1,0
12,4,8
3,0,3
4,0,4
4,48,-44
6,0,6
0,0,0
5,1,4
24,0,24
9,5,4
11,11,0
6,7,-1
9,2,7
1,4,-3
20,7,13
1,2,-1
5,0,5
11,11,0
3,0,3
0,0,0
0,0,0
3,3,0
0,0,0
0,0,0
1,0,1
6,15,-9
12,3,9
4,4,0
11,2,9
0,0,0
3,0,3
0,0,0
3,5,-2
1,3,-2
0,17,-17
3,2,1
12,5,7
6,1,5
0,0,0
32,11,21
22,13,9
7,0,7
0,0,0
12,0,12
2,2,0
5,10,-5
1,1,0
19,2,17
0,0,0
8,5,3
3,0,3
0,0,0
2,3,-1
3,1,2
0,0,0
0,0,0
5,0,5
6,34,-28
4,0,4
13,0,13
0,0,0
1,0,1
3,0,3
14,8,6
21,1,20
3,24,-21
1,55,-54
7,7,0
5,1,4
3,4,-1
0,0,0
5,0,5
15,1,14
8,2,6
13,7,6
24,24,0
36,6,30
8,0,8
2,3,-1
14,5,9
14,0,14
1,2,-1
4,3,1
8,7,1
6,0,6
15,1,14
15,2,13
0,0,0
3,2,1
1,0,1
2,0,2
1,0,1
1,0,1
8,0,8
5,1,4
4,1,3
11,1,10
23,21,2
10,6,4
14,0,14
2,1,1
7,11,-4
5,7,-2
3,0,3
8,0,8
1,0,1
5,3,2
5,5,0
9,16,-7
3,0,3
9,9,0
1,1,0
2,2,0
7,4,3
1,0,1
0,0,0
1,0,1
5,8,-3
27,9,18
4,0,4
1,1,0
4,0,4
108,51,57
51,40,11
7,7,0
1,1,0
2,3,-1
5,0,5
1,0,1
7,8,-1
0,0,0
9,1,8
8,0,8
7,3,4
1,1,0
4,1,3
5,1,4
0,2,-2
4,7,-3
8,71,-63
0,0,0
0,0,0
15,8,7
9,6,3
12,1,11
4,1,3
0,5,-5
7,5,2
1,1,0
0,0,0
23,13,10
2,2,0
0,0,0
4,3,1
9,0,9
0,0,0
5,0,5
1,1,0
7,7,0
1,3,-2
6,7,-1
1,0,1
0,0,0
0,2,-2
1,0,1
9,0,9
8,5,3
0,0,0
1,2,-1
4,0,4
19,5,14
1,0,1
3,1,2
35,35,0
3,0,3
2,0,2
5,10,-5
1,3,-2
25,0,25
0,0,0
4,7,-3
11,0,11
7,0,7
1,0,1
15,0,15
0,0,0
2,0,2
5,3,2
1,5,-4
16,1,15
5,1,4
1,0,1
1,0,1
1,10,-9
8,15,-7
24,40,-16
13,3,10
13,0,13
9,0,9
1,9,-8
3,3,0
18,25,-7
7,1,6
1,0,1
2,0,2
3,2,1
5,2,3
3,2,1
12,3,9
6,14,-8
4,7,-3
2,7,-5
1,1,0
22,46,-24
5,2,3
0,0,0
7,1,6
0,1,-1
8,0,8
0,3,-3
1,0,1
0,0,0
5,0,5
2,0,2
5,4,1
8,2,6
9,9,0
0,7,-7
2,0,2
6,1,5
0,0,0
1,0,1
3,1,2
2,0,2
9,6,3
28,0,28
4,5,-1
21,8,13
4,1,3
5,9,-4
2,0,2
0,0,0
12,7,5
10,2,8
8,5,3
2,0,2
4,13,-9
3,0,3
9,0,9
0,0,0
4,3,1
7,1,6
4,1,3
9,4,5
4,4,0
22,22,0
0,4,-4
6,4,2
3,0,3
1,1,0
4,2,2
0,2,-2
4,0,4
9,0,9
4,1,3
17,3,14
0,10,-10
4,2,2
14,0,14
2,1,1
5,1,4
0,0,0
2,1,1
2,1,1
4,4,0
5,13,-8
11,0,11
2,0,2
15,0,15
2,0,2
6,0,6
3,1,2
7,4,3
9,10,-1
25,18,7
0,0,0
0,0,0
0,0,0
0,0,0
4,0,4
2,0,2
2,1,1
6,0,6
11,1,10
1,1,0
2,4,-2
0,0,0
6,10,-4
1,0,1
5,0,5
26,10,16
0,0,0
6,0,6
7,3,4
0,0,0
3,5,-2
1,2,-1
8,0,8
2,1,1
1,4,-3
0,0,0
0,1,-1
1,0,1
0,0,0
9,25,-16
2,0,2
3,3,0
9,1,8
5,109,-104
1,0,1
4,2,2
0,0,0
5,2,3
8,0,8
0,0,0
0,3,-3
2,0,2
5,2,3
0,0,0
11,6,5
3,7,-4
2,0,2
0,0,0
1,0,1
21,0,21
0,0,0
0,3,-3
3,0,3
0,0,0
51,1,50
12,0,12
8,0,8
5,1,4
7,3,4
2,7,-5
1,0,1
0,0,0
42,2,40
17,7,10
11,2,9
7,0,7
3,2,1
3,0,3
0,1,-1
8,2,6
2,2,0
0,0,0
1,1,0
4,4,0
0,3,-3
17,5,12
0,0,0
8,8,0
24,13,11
2,0,2
16,7,9
19,0,19
0,0,0
2,1,1
6,0,6
48,1,47
1,1,0
1,1,0
4,0,4
1,3,-2
13,0,13
10,9,1
7,3,4
7,2,5
0,3,-3
9,4,5
3,0,3
2,0,2
2,0,2
0,0,0
5,2,3
7,0,7
4,1,3
18,14,4
23,10,13
0,0,0
19,0,19
0,5,-5
0,0,0
5,5,0
13,0,13
40,3,37
7,30,-23
6,14,-8
6,1,5
0,0,0
5,5,0
1,1,0
3,1,2
13,0,13
14,14,0
2,7,-5
2,5,-3
0,0,0
1,0,1
9,0,9
1,1,0
6,6,0
8,2,6
8,0,8
12,0,12
0,0,0
4,0,4
0,2,-2
0,0,0
8,1,7
13,3,10
1,1,0
0,0,0
2,0,2
4,7,-3
9,0,9
12,3,9
0,2,-2
1,1,0
4,3,1
2,4,-2
34,4,30
0,1,-1
1,0,1
6,0,6
14,0,14
5,1,4
5,1,4
3,2,1
2,0,2
3,2,1
2,7,-5
17,3,14
0,30,-30
1,0,1
16,0,16
8,7,1
1,0,1
4,0,4
3,2,1
11,5,6
4,4,0
1,0,1
15,0,15
6,9,-3
19,4,15
2,11,-9
0,0,0
5,0,5
4,1,3
7,0,7
2,0,2
12,4,8
0,0,0
9,0,9
3,2,1
1,0,1
31,1,30
0,0,0
13,0,13
0,0,0
1,0,1
1,0,1
3,1,2
0,1,-1
4,0,4
5,4,1
2,0,2
26,2,24
1,1,0
14,1,13
6,1,5
0,0,0
0,0,0
0,0,0
28,6,22
2,0,2
7,0,7
2,0,2
9,4,5
0,0,0
0,0,0
0,0,0
7,4,3
1,1,0
8,6,2
2,3,-1
20,16,4
29,1,28
10,9,1
0,0,0
0,0,0
14,9,5
9,0,9
16,2,14
4,0,4
1,1,0
0,1,-1
0,0,0
3,0,3
0,0,0
2,0,2
1,1,0
1,0,1
18,7,11
6,2,4
4,5,-1
8,4,4
1,0,1
11,25,-14
0,2,-2
1,0,1
0,0,0
10,4,6
5,0,5
0,6,-6
34,7,27
19,0,19
0,0,0
3,0,3
21,9,12
6,0,6
64,48,16
0,45,-45
11,0,11
2,2,0
4,35,-31
7,25,-18
1,1,0
5,0,5
11,9,2
54,0,54
10,7,3
5,7,-2
0,0,0
0,0,0
2,1,1
4,3,1
7,0,7
6,6,0
0,0,0
1,0,1
8,7,1
4,0,4
4,0,4
9,0,9
0,0,0
3,3,0
1,0,1
1,4,-3
1,0,1
1,2,-1
6,1,5
0,0,0
9,2,7
9,4,5
0,0,0
8,0,8
0,0,0
0,2,-2
5,3,2
33,16,17
2,0,2
6,0,6
47,47,0
7,0,7
2,1,1
9,2,7
2,0,2
12,3,9
0,6,-6
1,0,1
1,0,1
0,0,0
1,28,-27
12,0,12
4,0,4
3,1,2
27,2,25
0,0,0
1,0,1
9,2,7
0,0,0
4,15,-11
1,0,1
13,7,6
6,0,6
10,25,-15
1,9,-8
1,0,1
5,0,5
0,8,-8
1,5,-4
6,1,5
4,2,2
14,2,12
5,0,5
1,1,0
0,0,0
1,0,1
7,3,4
4,0,4
0,1,-1
5,4,1
0,7,-7
2,1,1
3,0,3
8,1,7
16,0,16
26,25,1
1,0,1
2,10,-8
4,2,2
1,0,1
1,0,1
30,2,28
16,1,15
0,0,0
0,5,-5
0,0,0
0,0,0
0,0,0
5,0,5
1,0,1
0,0,0
6,14,-8
25,3,22
1,0,1
0,1,-1
4,0,4
1,7,-6
2,71,-69
34,0,34
4,0,4
1,0,1
3,3,0
2,1,1
1,0,1
9,8,1
1,0,1
1,0,1
6,1,5
3,0,3
43,0,43
2,0,2
10,14,-4
0,0,0
1,0,1
40,16,24
18,30,-12
2,0,2
20,0,20
0,0,0
4,6,-2
0,0,0
4,7,-3
4,2,2
0,0,0
3,0,3
2,2,0
2,4,-2
2,2,0
13,0,13
1,0,1
1,0,1
8,0,8
0,0,0
24,6,18
2,5,-3
7,0,7
7,2,5
29,0,29
1,3,-2
29,29,0
16,1,15
12,1,11
11,21,-10
12,3,9
2,0,2
11,16,-5
1,1,0
5,0,5
3,1,2
1,1,0
0,2,-2
65,7,58
1,3,-2
7,9,-2
0,0,0
20,5,15
18,4,14
20,3,17
2,0,2
0,0,0
15,0,15
23,0,23
2,0,2
7,0,7
9,1,8
4,1,3
11,4,7
2,1,1
2,0,2
0,0,0
3,0,3
1,7,-6
45,14,31
0,2,-2
0,3,-3
2,0,2
1,0,1
2,2,0
1,0,1
3,3,0
4,0,4
0,21,-21
9,0,9
11,0,11
0,0,0
5,2,3
4,8,-4
8,0,8
17,12,5
17,2,15
5,4,1
0,0,0
2,2,0
11,9,2
9,5,4
0,2,-2
0,0,0
2,2,0
1,0,1
11,8,3
7,1,6
7,1,6
0,0,0
3,0,3
0,1,-1
17,2,15
5,9,-4
15,20,-5
0,0,0
6,2,4
11,2,9
2,4,-2
7,0,7
9,7,2
16,0,16
0,1,-1
0,0,0
0,0,0
6,11,-5
4,0,4
2,0,2
18,6,12
0,0,0
1,1,0
1,1,0
1,0,1
5,8,-3
0,1,-1
0,2,-2
8,20,-12
5,0,5
0,3,-3
0,2,-2
0,0,0
8,0,8
19,12,7
90,2,88
10,0,10
6,3,3
1,0,1
2,0,2
3,52,-49
7,2,5
2,1,1
2,0,2
6,2,4
0,0,0
5,0,5
12,3,9
6,3,3
9,19,-10
0,0,0
0,0,0
0,1,-1
14,0,14
2,4,-2
1,0,1
1,0,1
1,0,1
10,1,9
1,0,1
1,0,1
2,12,-10
10,1,9
11,2,9
9,0,9
10,6,4
10,17,-7
6,7,-1
10,10,0
0,0,0
5,0,5
0,1,-1
13,1,12
10,3,7
0,5,-5
2,0,2
19,10,9
44,3,41
3,5,-2
0,1,-1
3,0,3
1,0,1
10,1,9
0,2,-2
8,2,6
5,0,5
2,5,-3
0,0,0
7,1,6
4,1,3
4,0,4
25,40,-15
1,3,-2
14,10,4
3,3,0
9,0,9
7,0,7
8,11,-3
22,8,14
0,0,0
7,0,7
3,0,3
4,4,0
1,3,-2
13,10,3
23,12,11
7,0,7
11,2,9
12,0,12
6,5,1
4,1,3
3,0,3
22,29,-7
4,5,-1
2,69,-67
22,8,14
22,1,21
0,0,0
1,2,-1
3,2,1
0,0,0
1,0,1
0,0,0
1,3,-2
6,6,0
6,1,5
1,0,1
6,4,2
14,6,8
3,0,3
8,0,8
1,1,0
10,3,7
0,0,0
3,4,-1
0,10,-10
1,7,-6
3,0,3
3,19,-16
1,0,1
2,1,1
24,85,-61
6,1,5
1,0,1
0,12,-12
3,31,-28
5,0,5
24,7,17
8,14,-6
13,9,4
6,0,6
5,0,5
10,14,-4
3,1,2
10,0,10
1,0,1
1,0,1
5,4,1
8,1,7
10,3,7
14,1,13
0,0,0
22,34,-12
6,0,6
1,7,-6
7,10,-3
8,0,8
8,4,4
11,0,11
2,1,1
0,0,0
2,0,2
1,1,0
15,0,15
12,18,-6
0,0,0
14,0,14
3,1,2
8,15,-7
0,0,0
4,10,-6
12,36,-24
2,2,0
5,0,5
1,0,1
3,0,3
8,1,7
2,2,0
24,7,17
1,1,0
3,1,2
1,2,-1
2,7,-5
0,0,0
8,1,7
1,0,1
1,0,1
1,2,-1
4,4,0
4,0,4
1,0,1
8,25,-17
8,1,7
5,3,2
10,0,10
0,0,0
7,6,1
4,42,-38
4,3,1
1,1,0
5,0,5
0,0,0
0,0,0
1,0,1
4,2,2
0,0,0
5,0,5
7,0,7
1,0,1
3,0,3
8,8,0
0,0,0
0,2,-2
4,4,0
2,2,0
1,6,-5
0,3,-3
0,0,0
0,0,0
26,2,24
2,2,0
4,1,3
0,0,0
11,4,7
0,0,0
0,0,0
5,0,5
0,0,0
11,2,9
2,4,-2
7,2,5
0,0,0
52,52,0
3,9,-6
8,4,4
3,1,2
40,1,39
21,5,16
0,0,0
9,9,0
12,7,5
0,0,0
32,9,23
4,0,4
4,0,4
1,1,0
0,0,0
16,15,1
18,7,11
8,4,4
10,2,8
1,2,-1
0,0,0
16,7,9
39,30,9
1,0,1
0,8,-8
4,1,3
14,5,9
2,0,2
4,0,4
0,0,0
3,7,-4
8,0,8
5,4,1
21,13,8
2,1,1
5,7,-2
9,4,5
16,0,16
0,0,0
1,2,-1
15,1,14
0,0,0
4,2,2
0,7,-7
1,0,1
7,4,3
19,2,17
5,4,1
8,2,6
5,5,0
21,0,21
2,0,2
1,0,1
29,3,26
7,2,5
4,1,3
0,0,0
3,1,2
0,2,-2
35,1,34
8,7,1
3,1,2
4,4,0
0,0,0
21,0,21
1,0,1
1,3,-2
3,6,-3
8,2,6
31,51,-20
42,7,35
0,7,-7
2,0,2
2,2,0
2,0,2
3,1,2
9,10,-1
0,0,0
0,2,-2
1,2,-1
12,2,10
0,0,0
4,6,-2
10,2,8
1,0,1
1,0,1
7,1,6
0,1,-1
14,11,3
1,0,1
0,2,-2
0,1,-1
1,1,0
0,0,0
0,0,0
17,11,6
1,0,1
0,0,0
10,16,-6
1,0,1
5,5,0
7,7,0
11,1,10
30,30,0
2,1,1
22,19,3
12,0,12
22,0,22
3,1,2
9,2,7
3,15,-12
5,0,5
3,1,2
1,0,1
5,15,-10
1,0,1
1,1,0
11,5,6
4,1,3
8,3,5
3,0,3
1,1,0
14,2,12
1,0,1
9,2,7
9,0,9
27,9,18
1,5,-4
8,5,3
9,3,6
10,0,10
12,12,0
3,0,3
3,2,1
1,1,0
60,5,55
11,0,11
2,1,1
7,1,6
5,3,2
2,0,2
0,1,-1
4,0,4
2,0,2
0,0,0
30,3,27
7,6,1
1,1,0
0,0,0
24,17,7
1,11,-10
7,28,-21
3,2,1
0,0,0
1,0,1
2,0,2
7,4,3
13,0,13
2,1,1
6,0,6
12,16,-4
0,0,0
5,3,2
1,0,1
1,3,-2
2,1,1
5,3,2
2,2,0
1,0,1
8,4,4
0,1,-1
1,0,1
8,4,4
2,0,2
6,0,6
6,1,5
3,0,3
6,0,6
6,11,-5
21,11,10
2,4,-2
3,3,0
40,8,32
8,11,-3
0,11,-11
0,0,0
1,1,0
0,0,0
6,1,5
2,4,-2
4,11,-7
16,0,16
0,0,0
7,2,5
2,4,-2
0,4,-4
2,7,-5
1,0,1
1,0,1
31,0,31
14,9,5
6,6,0
1,1,0
3,2,1
0,0,0
9,5,4
1,0,1
10,25,-15
6,1,5
31,0,31
2,0,2
19,24,-5
5,0,5
3,3,0
0,0,0
2,0,2
8,0,8
0,2,-2
1,46,-45
4,0,4
15,1,14
11,11,0
3,5,-2
6,0,6
7,13,-6
1,0,1
0,3,-3
5,5,0
0,0,0
3,0,3
0,0,0
10,3,7
7,0,7
1,0,1
25,0,25
3,1,2
0,0,0
10,0,10
1,2,-1
14,0,14
0,2,-2
10,10,0
15,0,15
11,7,4
2,0,2
4,0,4
10,0,10
4,0,4
5,2,3
0,0,0
0,0,0
0,0,0
4,10,-6
1,1,0
19,6,13
12,3,9
22,2,20
0,5,-5
0,1,-1
1,3,-2
4,2,2
7,2,5
9,1,8
29,2,27
2,2,0
19,0,19
17,2,15
8,0,8
5,7,-2
17,0,17
12,5,7
10,5,5
3,27,-24
0,1,-1
10,9,1
0,2,-2
1,1,0
12,5,7
3,1,2
25,0,25
3,0,3
0,0,0
2,1,1
1,0,1
3,1,2
19,0,19
1,0,1
0,0,0
0,0,0
5,0,5
1,0,1
6,0,6
15,5,10
32,0,32
3,0,3
0,0,0
17,1,16
2,0,2
0,2,-2
13,1,12
6,2,4
23,10,13
5,8,-3
5,12,-7
0,4,-4
13,3,10
47,3,44
1,12,-11
8,4,4
1,10,-9
0,1,-1
8,2,6
8,0,8
7,15,-8
4,8,-4
1,0,1
7,1,6
7,0,7
11,1,10
2,0,2
11,0,11
0,0,0
0,0,0
5,0,5
14,5,9
1,0,1
29,13,16
28,0,28
3,0,3
3,0,3
15,0,15
10,10,0
3,3,0
4,23,-19
8,0,8
7,4,3
0,0,0
16,15,1
6,5,1
7,0,7
6,5,1
1,0,1
0,0,0
54,0,54
11,40,-29
1,2,-1
4,3,1
3,1,2
5,0,5
10,5,5
0,2,-2
0,7,-7
4,0,4
12,22,-10
1,1,0
12,2,10
1,0,1
0,0,0
2,7,-5
37,1,36
4,11,-7
1,0,1
11,20,-9
3,2,1
0,0,0
14,1,13
15,4,11
7,3,4
2,0,2
0,0,0
30,4,26
0,0,0
0,0,0
27,7,20
4,2,2
1,0,1
0,0,0
7,0,7
26,0,26
6,0,6
0,0,0
4,5,-1
3,28,-25
4,0,4
2,0,2
11,5,6
2,0,2
18,9,9
27,19,8
0,0,0
34,34,0
10,2,8
0,0,0
6,3,3
3,1,2
13,1,12
30,2,28
3,1,2
0,0,0
0,0,0
2,2,0
1,0,1
1,0,1
0,0,0
2,7,-5
1,2,-1
16,1,15
1,7,-6
33,33,0
1,1,0
6,4,2
1,0,1
6,2,4
4,5,-1
0,0,0
0,3,-3
12,0,12
3,1,2
28,2,26
10,3,7
39,1,38
9,1,8
6,0,6
4,5,-1
5,0,5
10,15,-5
0,1,-1
3,2,1
7,0,7
23,23,0
0,0,0
0,1,-1
7,0,7
1,0,1
0,0,0
1,0,1
7,4,3
1,6,-5
1,0,1
18,0,18
2,7,-5
2,0,2
2,20,-18
0,0,0
3,2,1
0,0,0
2,7,-5
4,4,0
0,0,0
1,2,-1
4,0,4
2,1,1
31,4,27
0,0,0
1,1,0
6,0,6
6,2,4
3,0,3
10,1,9
4,0,4
2,4,-2
19,43,-24
19,0,19
8,0,8
3,7,-4
5,5,0
11,6,5
12,0,12
8,0,8
10,0,10
7,0,7
6,2,4
0,2,-2
7,1,6
3,0,3
43,0,43
4,0,4
7,2,5
0,4,-4
8,5,3
9,0,9
0,0,0
3,0,3
3,9,-6
1,0,1
0,0,0
9,0,9
0,6,-6
2,0,2
13,10,3
0,0,0
1,2,-1
8,9,-1
1,0,1
6,0,6
23,3,20
7,0,7
1,0,1
1,0,1
1,6,-5
53,1,52
2,28,-26
0,10,-10
17,24,-7
4,9,-5
2,0,2
9,6,3
0,0,0
9,9,0
0,1,-1
11,1,10
4,0,4
4,8,-4
17,5,12
0,0,0
0,0,0
21,1,20
28,0,28
0,0,0
1,0,1
7,4,3
0,0,0
0,0,0
9,0,9
0,3,-3
21,20,1
20,5,15
38,5,33
4,5,-1
0,0,0
2,2,0
12,0,12
5,4,1
6,0,6
5,5,0
1,0,1
8,1,7
2,4,-2
0,1,-1
18,2,16
1,0,1
6,0,6
7,25,-18
6,0,6
0,3,-3
2,2,0
4,0,4
15,1,14
2,1,1
10,3,7
0,0,0
2,0,2
2,0,2
2,4,-2
5,2,3
1,1,0
10,2,8
16,0,16
0,0,0
4,4,0
6,5,1
13,1,12
0,1,-1
1,11,-10
1,0,1
1,0,1
0,1,-1
1,0,1
23,23,0
1,0,1
17,3,14
0,0,0
2,0,2
7,0,7
10,4,6
4,1,3
1,0,1
4,0,4
0,0,0
25,12,13
2,0,2
8,0,8
6,0,6
4,20,-16
1,6,-5
7,0,7
4,10,-6
0,0,0
9,0,9
5,1,4
2,1,1
16,7,9
2,0,2
4,8,-4
0,0,0
15,37,-22
2,0,2
0,4,-4
11,10,1
18,2,16
11,1,10
1,2,-1
22,21,1
3,0,3
9,0,9
5,2,3
0,0,0
20,6,14
2,8,-6
0,0,0
5,2,3
12,1,11
13,1,12
5,3,2
4,0,4
6,0,6
2,7,-5
11,0,11
0,0,0
32,23,9
11,6,5
11,3,8
16,9,7
14,3,11
4,1,3
3,0,3
5,8,-3
17,9,8
8,1,7
7,13,-6
3,15,-12
12,33,-21
3,0,3
0,0,0
7,1,6
2,3,-1
1,2,-1
7,5,2
8,6,2
0,0,0
5,0,5
3,2,1
0,0,0
80,46,34
3,2,1
7,50,-43
27,0,27
6,9,-3
4,25,-21
2,2,0
2,0,2
0,0,0
1,0,1
10,0,10
23,0,23
2,0,2
5,6,-1
5,2,3
3,3,0
8,0,8
0,0,0
11,3,8
0,0,0
1,1,0
8,4,4
2,0,2
2,0,2
1,2,-1
15,10,5
0,0,0
11,1,10
10,0,10
1,9,-8
1,2,-1
0,0,0
13,1,12
7,2,5
0,0,0
1,6,-5
7,1,6
0,0,0
0,0,0
7,1,6
28,0,28
14,3,11
5,1,4
3,1,2
0,0,0
4,1,3
2,0,2
4,7,-3
2,1,1
14,2,12
13,0,13
12,4,8
1,2,-1
0,3,-3
13,5,8
0,0,0
4,0,4
21,1,20
0,2,-2
4,0,4
10,2,8
12,5,7
11,3,8
0,1,-1
5,1,4
0,9,-9
0,0,0
0,0,0
0,10,-10
0,0,0
8,5,3
6,6,0
20,2,18
4,6,-2
0,0,0
35,3,32
0,22,-22
6,5,1
7,3,4
0,1,-1
0,0,0
13,1,12
9,7,2
5,0,5
0,0,0
11,1,10
18,13,5
7,7,0
0,0,0
47,1,46
24,4,20
53,51,2
0,0,0
12,0,12
3,0,3
0,0,0
2,2,0
7,2,5
1,2,-1
0,0,0
5,0,5
16,1,15
3,3,0
2,5,-3
4,0,4
13,3,10
13,6,7
1,0,1
5,39,-34
1,19,-18
31,0,31
2,0,2
4,2,2
7,5,2
6,3,3
5,1,4
5,2,3
0,0,0
1,0,1
12,2,10
9,29,-20
0,0,0
2,0,2
7,0,7
2,9,-7
0,0,0
2,1,1
1,0,1
5,1,4
0,21,-21
0,2,-2
4,9,-5
2,0,2
11,11,0
3,0,3
4,0,4
14,3,11
22,2,20
2,5,-3
0,0,0
16,10,6
24,2,22
0,0,0
0,0,0
2,4,-2
4,6,-2
4,7,-3
3,2,1
1,0,1
7,7,0
12,4,8
24,0,24
27,14,13
4,1,3
11,14,-3
23,1,22
12,5,7
1,1,0
3,4,-1
0,0,0
7,0,7
3,0,3
0,0,0
0,0,0
0,0,0
12,8,4
8,7,1
1,1,0
0,0,0
0,0,0
3,0,3
16,8,8
1,5,-4
13,0,13
1,2,-1
0,0,0
12,4,8
16,16,0
24,9,15
1,0,1
6,0,6
0,0,0
0,2,-2
3,5,-2
5,2,3
3,0,3
1,11,-10
2,3,-1
0,0,0
0,0,0
7,2,5
0,0,0
0,0,0
6,0,6
3,1,2
0,0,0
0,0,0
18,3,15
0,0,0
5,0,5
0,0,0
10,5,5
19,4,15
2,2,0
5,4,1
7,15,-8
16,1,15
18,0,18
9,33,-24
11,5,6
8,7,1
1,6,-5
0,0,0
1,18,-17
1,0,1
12,9,3
4,0,4
2,3,-1
2,0,2
1,1,0
3,0,3
9,1,8
3,7,-4
4,7,-3
25,0,25
12,5,7
1,0,1
0,0,0
0,0,0
4,7,-3
0,0,0
1,0,1
8,3,5
3,0,3
2,0,2
6,2,4
2,0,2
5,6,-1
18,6,12
4,0,4
40,5,35
37,0,37
10,8,2
6,4,2
2,5,-3
8,0,8
8,3,5
2,7,-5
1,0,1
3,2,1
1,10,-9
5,2,3
9,5,4
3,0,3
2,0,2
1,6,-5
0,2,-2
37,0,37
0,0,0
6,1,5
0,2,-2
4,0,4
2,0,2
0,21,-21
0,0,0
8,5,3
1,0,1
0,0,0
1,0,1
5,0,5
0,2,-2
3,1,2
0,0,0
0,1,-1
5,0,5
2,0,2
23,0,23
7,3,4
4,9,-5
6,0,6
7,2,5
25,75,-50
0,3,-3
3,6,-3
0,0,0
2,6,-4
3,1,2
2,0,2
32,7,25
4,0,4
2,5,-3
1,1,0
4,2,2
6,0,6
22,20,2
20,18,2
15,2,13
4,3,1
0,0,0
4,4,0
5,5,0
6,2,4
4,0,4
0,1,-1
6,14,-8
7,2,5
3,34,-31
7,7,0
15,15,0
2,0,2
0,6,-6
5,6,-1
2,1,1
8,1,7
3,0,3
61,22,39
7,0,7
9,1,8
3,3,0
16,1,15
18,19,-1
3,3,0
1,10,-9
5,0,5
0,1,-1
13,0,13
7,5,2
0,0,0
89,89,0
13,0,13
5,14,-9
14,0,14
0,0,0
2,40,-38
20,8,12
4,2,2
18,55,-37
4,12,-8
4,2,2
4,1,3
12,8,4
7,3,4
15,0,15
4,1,3
0,0,0
0,0,0
4,0,4
0,0,0
0,0,0
2,0,2
8,0,8
35,15,20
14,12,2
16,5,11
6,3,3
0,1,-1
4,0,4
9,51,-42
7,8,-1
0,0,0
0,0,0
10,7,3
29,7,22
2,0,2
2,2,0
5,1,4
1,3,-2
3,0,3
10,5,5
2,4,-2
2,2,0
1,1,0
9,0,9
0,0,0
0,0,0
0,0,0
1,2,-1
5,8,-3
28,5,23
8,9,-1
3,2,1
4,4,0
64,0,64
13,1,12
0,0,0
4,10,-6
19,0,19
6,1,5
2,0,2
0,2,-2
4,7,-3
10,1,9
27,1,26
4,0,4
3,11,-8
6,2,4
22,38,-16
15,8,7
6,8,-2
0,0,0
2,2,0
3,7,-4
3,0,3
10,3,7
3,1,2
22,7,15
4,6,-2
18,1,17
18,1,17
1,0,1
1,9,-8
0,0,0
12,0,12
18,25,-7
5,0,5
21,19,2
12,11,1
16,11,5
6,2,4
4,2,2
4,2,2
5,1,4
6,0,6
4,0,4
2,4,-2
9,10,-1
7,0,7
5,0,5
3,3,0
2,1,1
8,1,7
45,15,30
4,0,4
9,4,5
0,0,0
3,4,-1
3,3,0
0,0,0
13,4,9
0,0,0
10,4,6
20,9,11
17,28,-11
9,11,-2
6,5,1
16,20,-4
29,9,20
1,0,1
2,0,2
12,7,5
11,5,6
0,0,0
10,0,10
12,9,3
12,9,3
17,3,14
0,1,-1
7,1,6
13,0,13
16,0,16
0,0,0
1,3,-2
8,25,-17
2,1,1
6,10,-4
10,4,6
1,0,1
0,0,0
7,1,6
0,0,0
11,0,11
1,1,0
1,1,0
3,12,-9
2,2,0
10,0,10
8,0,8
12,14,-2
16,1,15
3,7,-4
1,2,-1
6,0,6
5,0,5
1,41,-40
7,5,2
0,0,0
3,3,0
0,3,-3
5,1,4
2,1,1
0,0,0
0,2,-2
4,0,4
10,31,-21
5,0,5
0,3,-3
9,0,9
4,7,-3
9,5,4
0,0,0
0,0,0
7,0,7
1,0,1
2,2,0
12,8,4
3,0,3
6,4,2
44,5,39
5,0,5
3,23,-20
2,0,2
2,1,1
3,0,3
0,0,0
0,0,0
22,11,11
1,0,1
4,0,4
1,1,0
0,0,0
6,10,-4
9,16,-7
0,2,-2
2,1,1
50,0,50
0,0,0
6,0,6
0,17,-17
13,0,13
19,5,14
2,1,1
0,1,-1
5,2,3
25,4,21
0,0,0
5,13,-8
16,3,13
1,4,-3
12,0,12
10,7,3
0,0,0
0,0,0
11,0,11
2,0,2
1,1,0
3,0,3
8,4,4
20,1,19
2,0,2
10,2,8
0,0,0
0,1,-1
0,3,-3
41,3,38
0,0,0
2,0,2
5,1,4
10,1,9
0,0,0
4,35,-31
3,1,2
2,43,-41
6,5,1
34,37,-3
3,0,3
1,0,1
8,8,0
0,0,0
0,0,0
5,0,5
71,0,71
9,0,9
27,42,-15
5,3,2
63,0,63
12,5,7
0,0,0
0,5,-5
3,0,3
6,4,2
1,0,1
7,9,-2
16,1,15
0,0,0
0,5,-5
5,0,5
13,0,13
2,5,-3
0,0,0
19,11,8
0,0,0
4,0,4
1,0,1
0,13,-13
9,13,-4
0,53,-53
1,0,1
2,0,2
1,1,0
30,1,29
2,2,0
0,8,-8
3,0,3
2,0,2
18,0,18
2,0,2
33,4,29
8,2,6
3,0,3
20,2,18
8,7,1
20,1,19
0,3,-3
53,50,3
0,1,-1
15,0,15
3,4,-1
11,7,4
3,0,3
0,0,0
12,2,10
2,0,2
1,0,1
5,1,4
6,0,6
2,9,-7
3,0,3
3,14,-11
0,0,0
4,0,4
9,0,9
13,8,5
6,1,5
1,0,1
4,0,4
0,0,0
15,0,15
15,14,1
6,3,3
2,1,1
2,4,-2
0,0,0
0,7,-7
0,0,0
0,0,0
0,0,0
12,0,12
0,20,-20
0,3,-3
2,2,0
1,0,1
2,0,2
0,0,0
29,0,29
26,7,19
37,0,37
6,0,6
49,43,6
12,4,8
6,1,5
7,0,7
15,66,-51
5,1,4
0,0,0
1,9,-8
1,0,1
2,2,0
15,2,13
1,1,0
1,5,-4
8,12,-4
2,0,2
0,0,0
1,0,1
23,7,16
2,2,0
18,3,15
6,6,0
0,3,-3
19,0,19
5,1,4
8,8,0
6,0,6
12,0,12
2,1,1
0,22,-22
12,4,8
11,0,11
0,13,-13
11,5,6
0,0,0
1,1,0
1,2,-1
6,0,6
7,9,-2
1,1,0
0,0,0
1,7,-6
39,56,-17
6,9,-3
2,5,-3
0,0,0
0,0,0
0,10,-10
2,2,0
21,1,20
17,3,14
6,20,-14
0,0,0
0,5,-5
0,0,0
2,0,2
0,0,0
0,7,-7
3,1,2
1,3,-2
2,0,2
8,0,8
4,3,1
3,0,3
7,0,7
7,0,7
4,19,-15
6,0,6
1,30,-29
0,0,0
7,0,7
8,8,0
3,0,3
0,12,-12
5,5,0
0,0,0
14,15,-1
2,4,-2
3,11,-8
12,3,9
3,0,3
0,5,-5
1,1,0
79,39,40
19,2,17
1,0,1
1,0,1
1,0,1
5,5,0
4,2,2
1,9,-8
3,0,3
1,0,1
1,1,0
5,2,3
0,0,0
21,16,5
10,0,10
0,0,0
1,1,0
1,0,1
16,11,5
3,1,2
0,0,0
8,0,8
15,15,0
0,28,-28
4,0,4
1,0,1
13,3,10
5,7,-2
12,0,12
6,5,1
2,18,-16
10,19,-9
1,0,1
5,5,0
0,3,-3
2,4,-2
1,1,0
22,0,22
0,0,0
5,3,2
0,0,0
1,0,1
1,0,1
6,6,0
1,0,1
2,0,2
3,0,3
0,0,0
13,2,11
0,0,0
1,23,-22
2,0,2
0,1,-1
1,0,1
3,0,3
19,8,11
7,3,4
3,0,3
2,7,-5
6,1,5
3,0,3
11,1,10
6,4,2
1,3,-2
0,1,-1
7,0,7
8,9,-1
4,0,4
4,1,3
12,0,12
0,0,0
4,0,4
0,0,0
24,7,17
14,9,5
12,1,11
9,2,7
9,0,9
0,0,0
2,2,0
6,0,6
8,3,5
2,3,-1
0,3,-3
5,3,2
0,1,-1
4,1,3
2,0,2
14,0,14
3,2,1
2,2,0
11,0,11
14,3,11
23,1,22
0,0,0
20,1,19
24,0,24
2,0,2
3,3,0
1,0,1
3,3,0
1,2,-1
4,0,4
21,1,20
2,0,2
3,0,3
3,5,-2
11,14,-3
2,0,2
10,15,-5
5,5,0
1,1,0
2,0,2
8,0,8
0,9,-9
33,1,32
0,0,0
0,0,0
2,0,2
7,8,-1
14,2,12
0,0,0
0,11,-11
2,3,-1
0,1,-1
0,4,-4
0,0,0
9,4,5
0,0,0
0,0,0
16,1,15
7,1,6
20,0,20
2,2,0
4,4,0
23,10,13
1,0,1
5,7,-2
0,0,0
29,14,15
3,0,3
12,0,12
13,0,13
17,7,10
9,3,6
0,0,0
8,7,1
0,0,0
4,2,2
0,0,0
5,5,0
14,4,10
0,0,0
5,0,5
4,9,-5
3,3,0
0,2,-2
1,0,1
1,5,-4
4,1,3
49,0,49
2,0,2
0,0,0
2,0,2
0,2,-2
14,1,13
1,0,1
20,8,12
25,0,25
10,0,10
0,0,0
1,0,1
7,7,0
0,5,-5
3,0,3
1,0,1
1,0,1
0,0,0
4,2,2
22,0,22
2,0,2
28,17,11
3,0,3
2,0,2
2,0,2
6,6,0
1,6,-5
3,0,3
4,0,4
14,47,-33
1,0,1
1,21,-20
1,1,0
3,0,3
0,2,-2
0,0,0
1,1,0
1,0,1
3,0,3
2,0,2
0,6,-6
25,0,25
0,0,0
0,2,-2
6,2,4
0,3,-3
6,3,3
9,1,8
10,10,0
0,0,0
5,1,4
9,0,9
7,0,7
17,21,-4
0,7,-7
2,7,-5
0,0,0
2,3,-1
4,6,-2
0,3,-3
6,7,-1
28,9,19
0,0,0
18,5,13
3,6,-3
5,0,5
19,1,18
0,0,0
18,0,18
1,0,1
5,7,-2
7,5,2
2,0,2
2,0,2
21,9,12
11,18,-7
1,0,1
3,8,-5
0,12,-12
37,0,37
8,2,6
4,0,4
14,16,-2
24,1,23
13,1,12
0,0,0
3,1,2
20,0,20
17,0,17
1,0,1
2,0,2
7,9,-2
12,0,12
0,0,0
6,3,3
2,5,-3
2,2,0
7,1,6
11,0,11
5,18,-13
3,0,3
1,0,1
1,0,1
0,0,0
10,1,9
11,7,4
43,0,43
13,0,13
3,0,3
0,0,0
11,7,4
7,4,3
6,6,0
1,5,-4
9,4,5
0,0,0
23,0,23
1,3,-2
5,0,5
1,4,-3
1,0,1
5,4,1
1,0,1
2,2,0
10,10,0
14,6,8
11,0,11
8,5,3
11,5,6
5,0,5
1,0,1
51,3,48
6,1,5
9,3,6
4,9,-5
2,0,2
0,4,-4
0,2,-2
78,3,75
0,0,0
3,2,1
1,1,0
0,1,-1
13,3,10
0,5,-5
0,0,0
0,0,0
1,0,1
36,4,32
0,0,0
12,22,-10
11,1,10
6,0,6
0,0,0
3,0,3
2,35,-33
0,0,0
6,2,4
0,0,0
6,1,5
6,0,6
7,5,2
2,3,-1
0,2,-2
35,0,35
1,0,1
7,7,0
17,1,16
1,1,0
3,3,0
0,1,-1
2,8,-6
0,11,-11
30,14,16
0,0,0
27,14,13
0,0,0
5,0,5
4,2,2
9,0,9
7,3,4
1,20,-19
14,0,14
29,11,18
1,1,0
0,1,-1
1,0,1
0,13,-13
3,6,-3
0,0,0
12,11,1
2,0,2
1,0,1
2,0,2
5,7,-2
7,0,7
6,0,6
5,5,0
24,1,23
4,9,-5
4,2,2
10,2,8
0,0,0
16,1,15
15,0,15
1,0,1
1,5,-4
17,5,12
0,0,0
1,0,1
0,0,0
5,4,1
12,22,-10
2,12,-10
8,5,3
19,2,17
2,5,-3
3,0,3
0,0,0
2,0,2
6,3,3
1,4,-3
2,2,0
7,0,7
1,1,0
2,0,2
18,20,-2
1,2,-1
22,12,10
14,18,-4
2,0,2
4,1,3
0,2,-2
9,1,8
0,0,0
32,52,-20
1,0,1
3,1,2
3,1,2
0,0,0
0,3,-3
2,0,2
8,0,8
1,4,-3
1,0,1
3,7,-4
1,2,-1
5,2,3
23,29,-6
7,3,4
20,17,3
2,0,2
0,4,-4
4,2,2
5,2,3
4,7,-3
1,0,1
12,0,12
4,11,-7
4,2,2
2,0,2
3,0,3
0,0,0
9,7,2
2,0,2
7,7,0
0,2,-2
8,2,6
3,0,3
5,5,0
2,0,2
0,3,-3
28,0,28
6,13,-7
1,5,-4
4,0,4
16,16,0
3,3,0
5,0,5
1,5,-4
1,0,1
7,7,0
5,2,3
24,0,24
0,0,0
5,7,-2
1,3,-2
22,0,22
1,7,-6
0,0,0
5,7,-2
1,0,1
10,10,0
4,4,0
5,3,2
7,5,2
17,0,17
12,4,8
5,4,1
2,6,-4
25,25,0
10,0,10
5,0,5
5,0,5
24,0,24
7,0,7
0,0,0
0,14,-14
2,1,1
0,0,0
0,9,-9
6,58,-52
2,5,-3
9,1,8
24,5,19
16,14,2
0,1,-1
4,1,3
6,0,6
0,0,0
0,4,-4
1,6,-5
17,0,17
1,0,1
1,8,-7
7,0,7
26,0,26
2,1,1
3,2,1
10,2,8
0,1,-1
1,0,1
1,2,-1
0,2,-2
2,3,-1
2,0,2
13,7,6
7,7,0
0,4,-4
0,0,0
2,2,0
20,8,12
3,5,-2
9,0,9
0,0,0
1,0,1
10,16,-6
5,4,1
9,1,8
0,2,-2
3,0,3
3,2,1
39,15,24
8,2,6
13,0,13
2,2,0
8,5,3
7,13,-6
6,7,-1
1,3,-2
3,6,-3
25,22,3
13,0,13
15,5,10
3,0,3
4,2,2
0,1,-1
2,0,2
12,0,12
5,0,5
1,1,0
3,0,3
6,0,6
1,7,-6
3,2,1
9,5,4
1,1,0
0,1,-1
1,1,0
0,2,-2
0,0,0
0,0,0
1,5,-4
8,1,7
4,3,1
1,0,1
1,0,1
14,0,14
29,39,-10
1,0,1
5,6,-1
9,6,3
4,0,4
12,11,1
3,0,3
14,10,4
2,0,2
1,1,0
1,5,-4
8,9,-1
6,0,6
16,1,15
23,33,-10
54,2,52
8,0,8
20,2,18
0,0,0
7,7,0
5,3,2
1,11,-10
1,0,1
0,0,0
1,5,-4
4,3,1
13,6,7
9,28,-19
13,10,3
11,7,4
6,3,3
4,2,2
7,5,2
1,0,1
7,0,7
1,0,1
3,3,0
2,0,2
4,0,4
19,0,19
22,0,22
18,1,17
4,1,3
4,3,1
1,7,-6
9,9,0
0,0,0
5,6,-1
0,0,0
4,0,4
5,6,-1
0,0,0
0,1,-1
5,29,-24
6,2,4
7,0,7
0,0,0
12,0,12
2,0,2
4,1,3
2,6,-4
4,0,4
4,0,4
0,0,0
8,5,3
8,2,6
0,0,0
5,3,2
0,0,0
3,1,2
2,0,2
4,2,2
1,0,1
0,0,0
6,2,4
1,11,-10
0,0,0
4,0,4
0,0,0
2,1,1
22,22,0
0,0,0
2,0,2
9,2,7
2,0,2
4,1,3
3,7,-4
18,0,18
2,2,0
0,1,-1
9,6,3
6,0,6
0,0,0
21,0,21
0,0,0
4,5,-1
34,2,32
36,5,31
4,3,1
12,0,12
0,0,0
17,0,17
6,1,5
3,21,-18
15,5,10
0,1,-1
8,2,6
4,6,-2
7,0,7
5,7,-2
0,3,-3
16,1,15
13,15,-2
1,17,-16
41,2,39
5,0,5
5,0,5
0,0,0
2,0,2
7,9,-2
1,1,0
11,3,8
9,2,7
1,6,-5
1,12,-11
3,2,1
2,0,2
12,1,11
6,9,-3
5,0,5
9,1,8
1,0,1
1,2,-1
6,0,6
27,2,25
0,0,0
12,2,10
0,1,-1
4,0,4
4,0,4
3,0,3
0,2,-2
2,4,-2
28,37,-9
10,1,9
3,7,-4
1,0,1
8,0,8
0,2,-2
0,0,0
4,7,-3
6,0,6
10,14,-4
1,7,-6
5,3,2
0,0,0
1,3,-2
13,0,13
17,1,16
3,1,2
0,0,0
3,7,-4
2,11,-9
5,0,5
2,0,2
4,41,-37
5,0,5
2,0,2
10,17,-7
0,0,0
0,1,-1
2,2,0
7,2,5
0,2,-2
0,0,0
0,0,0
11,14,-3
6,1,5
0,0,0
2,2,0
0,1,-1
11,0,11
10,1,9
17,0,17
6,0,6
4,7,-3
13,1,12
7,4,3
1,8,-7
13,16,-3
0,0,0
2,0,2
1,0,1
1,1,0
15,0,15
2,0,2
6,0,6
10,1,9
4,40,-36
0,0,0
5,2,3
8,1,7
4,6,-2
14,14,0
7,0,7
0,0,0
1,0,1
24,0,24
3,0,3
1,0,1
1,3,-2
10,8,2
0,0,0
1,1,0
17,7,10
0,0,0
8,0,8
5,0,5
13,9,4
14,7,7
14,0,14
0,0,0
3,2,1
3,7,-4
4,0,4
32,50,-18
1,0,1
3,4,-1
15,20,-5
11,0,11
1,0,1
2,0,2
0,0,0
5,2,3
10,18,-8
0,0,0
0,0,0
14,5,9
6,2,4
14,6,8
6,0,6
0,0,0
2,2,0
0,0,0
6,6,0
0,0,0
8,2,6
13,1,12
31,0,31
0,0,0
7,10,-3
4,0,4
3,4,-1
0,0,0
1,1,0
11,4,7
44,0,44
1,6,-5
8,0,8
0,0,0
2,3,-1
2,1,1
3,0,3
14,3,11
0,0,0
13,1,12
5,0,5
2,1,1
1,0,1
18,14,4
19,9,10
41,10,31
13,2,11
0,0,0
48,48,0
9,5,4
2,14,-12
5,2,3
4,5,-1
2,0,2
8,1,7
12,5,7
0,2,-2
2,4,-2
2,0,2
1,0,1
16,0,16
4,0,4
13,4,9
3,0,3
14,0,14
2,0,2
7,1,6
4,0,4
6,3,3
1,1,0
6,0,6
0,0,0
7,0,7
1,0,1
11,6,5
4,1,3
7,2,5
2,1,1
6,0,6
3,4,-1
1,0,1
3,0,3
3,0,3
9,2,7
0,0,0
5,0,5
0,15,-15
1,1,0
18,9,9
2,0,2
1,2,-1
5,0,5
2,1,1
4,4,0
0,0,0
3,1,2
11,10,1
1,0,1
4,0,4
4,7,-3
8,0,8
0,7,-7
0,0,0
4,6,-2
7,3,4
15,3,12
0,2,-2
10,2,8
0,1,-1
27,6,21
0,0,0
3,17,-14
8,0,8
13,1,12
45,2,43
0,0,0
7,5,2
4,0,4
4,3,1
1,0,1
6,3,3
4,2,2
5,3,2
9,19,-10
3,5,-2
0,0,0
1,1,0
5,13,-8
20,1,19
7,0,7
1,0,1
0,0,0
18,4,14
3,0,3
1,2,-1
3,0,3
0,0,0
0,0,0
8,2,6
6,4,2
14,18,-4
0,0,0
3,1,2
16,0,16
5,0,5
12,0,12
5,2,3
25,0,25
2,0,2
0,0,0
9,0,9
5,0,5
0,0,0
13,1,12
12,7,5
3,0,3
0,0,0
9,16,-7
0,1,-1
7,4,3
34,28,6
5,5,0
4,0,4
0,1,-1
0,9,-9
7,1,6
1,33,-32
3,0,3
2,3,-1
1,0,1
26,0,26
3,5,-2
0,0,0
4,2,2
9,0,9
12,0,12
0,0,0
10,9,1
8,0,8
0,3,-3
0,2,-2
11,0,11
12,7,5
1,4,-3
0,0,0
0,0,0
11,1,10
0,0,0
13,0,13
0,0,0
8,0,8
69,69,0
28,0,28
0,5,-5
0,0,0
2,0,2
1,9,-8
1,1,0
19,25,-6
7,2,5
8,6,2
2,2,0
0,0,0
1,0,1
21,23,-2
0,0,0
2,2,0
1,2,-1
2,1,1
0,3,-3
6,0,6
0,0,0
2,0,2
8,9,-1
2,2,0
5,1,4
7,1,6
11,0,11
6,8,-2
0,15,-15
0,22,-22
0,0,0
2,0,2
14,5,9
21,4,17
1,0,1
7,0,7
2,0,2
7,10,-3
21,1,20
3,0,3
5,1,4
7,5,2
23,6,17
2,4,-2
19,7,12
4,2,2
8,6,2
0,4,-4
1,0,1
8,2,6
2,0,2
28,2,26
11,7,4
2,5,-3
4,1,3
10,4,6
5,0,5
1,5,-4
5,7,-2
1,1,0
18,1,17
4,1,3
3,5,-2
7,7,0
11,1,10
2,2,0
7,2,5
1,1,0
22,5,17
0,2,-2
4,0,4
1,2,-1
10,4,6
0,0,0
1,1,0
11,15,-4
5,0,5
27,6,21
1,1,0
0,22,-22
0,0,0
5,0,5
5,10,-5
2,0,2
6,0,6
6,0,6
43,71,-28
11,5,6
1,5,-4
1,7,-6
8,0,8
2,0,2
4,0,4
0,0,0
0,1,-1
24,7,17
8,5,3
5,12,-7
5,2,3
4,12,-8
11,10,1
1,5,-4
0,3,-3
23,9,14
7,1,6
24,3,21
31,37,-6
22,12,10
0,0,0
5,0,5
2,1,1
1,0,1
4,0,4
30,3,27
5,3,2
2,5,-3
1,0,1
0,0,0
5,7,-2
0,0,0
4,3,1
0,1,-1
2,3,-1
1,0,1
0,0,0
12,2,10
15,6,9
13,0,13
4,5,-1
1,5,-4
0,0,0
4,7,-3
1,2,-1
26,0,26
1,3,-2
5,0,5
2,0,2
0,0,0
2,7,-5
24,8,16
14,3,11
4,4,0
11,0,11
1,2,-1
28,7,21
31,31,0
0,0,0
4,5,-1
23,23,0
0,7,-7
5,22,-17
2,14,-12
5,5,0
0,0,0
4,0,4
1,0,1
0,3,-3
6,0,6
0,0,0
9,8,1
0,0,0
0,0,0
1,1,0
5,0,5
10,0,10
15,4,11
0,17,-17
32,1,31
10,0,10
5,0,5
0,3,-3
6,4,2
18,6,12
22,5,17
2,0,2
1,0,1
5,4,1
3,1,2
12,7,5
4,1,3
3,0,3
4,0,4
27,20,7
2,0,2
1,0,1
1,0,1
7,1,6
1,0,1
7,2,5
0,0,0
1,0,1
3,0,3
0,0,0
2,0,2
16,45,-29
0,0,0
2,0,2
1,7,-6
2,2,0
29,0,29
5,2,3
24,0,24
3,0,3
0,0,0
8,3,5
3,0,3
2,0,2
6,2,4
3,0,3
4,1,3
10,5,5
0,30,-30
13,4,9
0,0,0
4,0,4
1,0,1
0,0,0
0,0,0
2,0,2
1,7,-6
3,0,3
4,0,4
1,0,1
2,0,2
5,0,5
5,5,0
2,3,-1
1,0,1
0,0,0
11,0,11
0,0,0
8,1,7
10,20,-10
4,1,3
6,11,-5
3,0,3
11,20,-9
2,0,2
0,2,-2
9,9,0
21,0,21
5,10,-5
9,4,5
1,0,1
1,1,0
0,0,0
0,0,0
31,1,30
5,0,5
29,2,27
9,2,7
23,1,22
1,0,1
3,1,2
7,1,6
3,3,0
2,0,2
8,2,6
4,3,1
0,3,-3
1,0,1
7,1,6
1,0,1
7,9,-2
3,0,3
11,7,4
7,0,7
1,0,1
3,2,1
7,0,7
6,7,-1
0,0,0
5,6,-1
4,0,4
1,1,0
3,7,-4
1,0,1
5,9,-4
13,0,13
3,0,3
0,7,-7
6,3,3
12,0,12
34,0,34
0,4,-4
16,7,9
9,3,6
3,5,-2
7,0,7
2,0,2
0,0,0
12,0,12
4,7,-3
4,0,4
2,2,0
2,15,-13
5,0,5
9,0,9
8,3,5
0,0,0
0,0,0
15,2,13
2,5,-3
0,5,-5
5,1,4
8,0,8
2,2,0
12,7,5
2,1,1
1,0,1
1,0,1
3,1,2
0,6,-6
13,2,11
9,0,9
7,5,2
14,9,5
15,0,15
10,0,10
2,1,1
1,0,1
5,8,-3
14,1,13
4,0,4
0,0,0
0,0,0
78,18,60
3,0,3
0,0,0
9,7,2
6,0,6
6,0,6
0,0,0
2,6,-4
2,0,2
10,0,10
10,52,-42
5,0,5
2,6,-4
3,4,-1
5,7,-2
2,0,2
0,0,0
2,2,0
0,0,0
1,0,1
0,0,0
39,1,38
1,0,1
0,0,0
1,1,0
0,1,-1
0,0,0
0,0,0
0,0,0
0,0,0
9,0,9
4,2,2
6,0,6
5,1,4
12,5,7
9,2,7
5,1,4
4,0,4
2,0,2
0,0,0
2,0,2
13,2,11
0,0,0
19,19,0
0,0,0
4,14,-10
15,5,10
8,9,-1
7,0,7
0,0,0
8,0,8
0,0,0
0,0,0
10,3,7
10,0,10
5,0,5
2,1,1
28,0,28
2,3,-1
4,7,-3
11,0,11
4,0,4
57,0,57
4,4,0
2,0,2
2,5,-3
0,0,0
2,7,-5
4,6,-2
0,0,0
3,2,1
0,3,-3
1,1,0
1,3,-2
1,0,1
6,5,1
6,0,6
6,1,5
3,11,-8
1,0,1
5,2,3
12,14,-2
13,7,6
7,2,5
6,1,5
3,4,-1
13,2,11
1,1,0
0,0,0
13,0,13
1,0,1
4,0,4
6,6,0
2,4,-2
2,7,-5
40,30,10
23,13,10
8,0,8
4,7,-3
7,0,7
2,12,-10
1,0,1
3,0,3
0,1,-1
27,0,27
8,11,-3
10,0,10
2,0,2
1,3,-2
9,8,1
8,8,0
11,15,-4
0,0,0
3,1,2
8,1,7
43,69,-26
15,14,1
5,7,-2
7,1,6
2,0,2
2,6,-4
11,7,4
4,0,4
2,0,2
4,0,4
3,1,2
31,19,12
15,0,15
0,6,-6
4,0,4
4,4,0
9,9,0
0,0,0
0,0,0
20,26,-6
12,0,12
7,2,5
23,0,23
19,7,12
5,6,-1
0,12,-12
14,6,8
0,0,0
1,0,1
1,0,1
0,0,0
18,18,0
1,4,-3
11,1,10
5,0,5
0,1,-1
0,0,0
4,2,2
2,2,0
22,15,7
0,0,0
0,0,0
7,2,5
3,8,-5
0,0,0
6,2,4
17,2,15
1,1,0
4,0,4
4,0,4
1,1,0
3,4,-1
1,3,-2
2,0,2
5,0,5
2,4,-2
27,0,27
14,0,14
2,5,-3
1,1,0
19,1,18
7,0,7
1,1,0
1,1,0
3,9,-6
4,3,1
5,3,2
2,0,2
9,0,9
9,6,3
20,12,8
0,5,-5
0,0,0
1,2,-1
7,4,3
8,8,0
7,6,1
5,3,2
9,0,9
2,63,-61
24,24,0
3,0,3
4,5,-1
13,0,13
9,1,8
15,11,4
0,0,0
10,11,-1
4,0,4
0,0,0
8,2,6
0,0,0
2,0,2
1,9,-8
3,2,1
26,2,24
2,23,-21
16,8,8
0,0,0
11,6,5
8,7,1
1,3,-2
7,2,5
6,6,0
3,0,3
6,2,4
34,25,9
4,0,4
0,0,0
1,1,0
0,0,0
2,0,2
8,2,6
11,0,11
9,4,5
1,2,-1
1,0,1
6,0,6
6,5,1
0,0,0
61,14,47
8,8,0
0,0,0
25,2,23
5,3,2
3,5,-2
1,10,-9
0,0,0
10,3,7
13,14,-1
4,0,4
0,0,0
0,0,0
14,17,-3
35,14,21
1,4,-3
8,1,7
5,2,3
28,1,27
6,1,5
0,0,0
2,1,1
4,6,-2
13,1,12
1,0,1
1,0,1
29,3,26
2,0,2
0,0,0
2,0,2
0,0,0
16,1,15
11,18,-7
3,2,1
2,4,-2
0,0,0
8,33,-25
2,2,0
1,0,1
3,0,3
0,0,0
3,0,3
0,0,0
5,0,5
0,0,0
11,8,3
2,2,0
1,0,1
0,1,-1
12,0,12
17,2,15
15,1,14
19,12,7
16,14,2
3,0,3
6,1,5
11,0,11
10,0,10
20,1,19
18,5,13
14,0,14
9,5,4
2,2,0
4,2,2
0,0,0
13,4,9
0,0,0
1,6,-5
13,5,8
1,0,1
2,2,0
0,0,0
7,0,7
54,25,29
9,1,8
18,17,1
2,0,2
2,4,-2
0,5,-5
9,1,8
3,7,-4
8,0,8
4,6,-2
1,0,1
0,0,0
4,3,1
0,2,-2
0,0,0
6,3,3
7,21,-14
3,2,1
1,2,-1
32,6,26
5,8,-3
5,11,-6
29,8,21
0,0,0
1,0,1
0,2,-2
21,10,11
1,1,0
17,11,6
6,7,-1
1,13,-12
2,0,2
15,1,14
3,2,1
2,0,2
16,8,8
0,0,0
0,11,-11
2,0,2
11,6,5
1,0,1
6,4,2
2,0,2
3,0,3
11,0,11
2,0,2
8,0,8
9,2,7
3,13,-10
2,0,2
10,37,-27
2,0,2
5,17,-12
0,0,0
0,0,0
16,5,11
2,0,2
1,3,-2
16,0,16
4,7,-3
8,0,8
0,0,0
5,1,4
13,1,12
4,9,-5
0,0,0
25,15,10
1,0,1
16,4,12
9,1,8
4,1,3
6,5,1
5,0,5
9,4,5
0,0,0
14,5,9
9,1,8
0,0,0
1,7,-6
3,0,3
6,1,5
4,0,4
0,0,0
7,7,0
20,10,10
11,2,9
3,16,-13
29,77,-48
1,1,0
8,4,4
1,0,1
5,2,3
4,3,1
9,5,4
0,0,0
4,5,-1
9,1,8
0,0,0
2,3,-1
0,0,0
2,1,1
2,1,1
0,2,-2
0,0,0
0,0,0
11,13,-2
0,9,-9
5,1,4
12,0,12
0,0,0
3,2,1
1,0,1
33,2,31
7,3,4
13,9,4
9,1,8
8,2,6
1,1,0
1,2,-1
10,1,9
10,0,10
0,0,0
2,2,0
12,0,12
0,0,0
9,2,7
0,0,0
6,0,6
7,1,6
10,0,10
103,103,0
4,1,3
15,9,6
6,19,-13
2,5,-3
1,0,1
6,2,4
5,0,5
3,0,3
6,2,4
0,0,0
14,1,13
9,0,9
1,0,1
0,0,0
5,1,4
8,0,8
4,19,-15
3,5,-2
0,0,0
4,0,4
0,1,-1
2,2,0
0,0,0
0,0,0
4,0,4
1,0,1
18,15,3
1,0,1
1,1,0
4,74,-70
32,0,32
2,1,1
6,3,3
13,2,11
0,2,-2
0,1,-1
22,8,14
2,0,2
13,5,8
0,0,0
14,0,14
12,0,12
15,1,14
13,1,12
0,0,0
6,0,6
2,0,2
0,0,0
0,5,-5
0,0,0
1,1,0
4,1,3
1,1,0
1,2,-1
3,2,1
17,0,17
0,0,0
0,0,0
5,1,4
22,1,21
3,10,-7
10,1,9
8,0,8
13,20,-7
4,1,3
4,0,4
1,31,-30
1,0,1
7,14,-7
9,5,4
0,0,0
20,1,19
1,0,1
14,1,13
5,0,5
0,0,0
5,1,4
6,2,4
0,0,0
13,0,13
10,11,-1
1,2,-1
9,0,9
4,1,3
8,7,1
6,0,6
9,8,1
1,0,1
0,1,-1
0,0,0
4,2,2
0,0,0
1,0,1
2,0,2
12,18,-6
0,1,-1
4,6,-2
16,0,16
14,1,13
5,0,5
0,0,0
0,0,0
34,34,0
3,0,3
9,0,9
0,2,-2
11,0,11
0,2,-2
1,1,0
11,2,9
13,13,0
7,7,0
0,0,0
2,13,-11
17,17,0
1,1,0
0,1,-1
4,6,-2
0,0,0
2,0,2
3,11,-8
29,8,21
16,5,11
13,3,10
12,0,12
0,13,-13
8,0,8
27,1,26
5,2,3
3,0,3
0,0,0
0,1,-1
0,0,0
10,2,8
1,0,1
1,0,1
27,0,27
4,2,2
3,0,3
1,4,-3
0,27,-27
2,14,-12
7,1,6
3,5,-2
1,1,0
12,2,10
8,7,1
11,15,-4
5,0,5
3,1,2
0,0,0
1,2,-1
6,0,6
0,0,0
1,0,1
0,0,0
1,5,-4
14,0,14
4,0,4
12,0,12
0,0,0
1,0,1
22,2,20
0,3,-3
0,0,0
0,27,-27
1,8,-7
16,7,9
19,3,16
0,7,-7
10,0,10
0,0,0
2,1,1
9,3,6
3,9,-6
15,0,15
3,0,3
4,1,3
2,1,1
1,4,-3
7,4,3
4,0,4
28,0,28
0,2,-2
5,3,2
0,3,-3
3,1,2
5,0,5
0,1,-1
1,1,0
5,1,4
28,0,28
12,2,10
0,0,0
0,0,0
8,2,6
8,0,8
9,7,2
0,3,-3
1,0,1
4,7,-3
1,3,-2
7,9,-2
0,0,0
2,1,1
1,0,1
2,0,2
8,2,6
3,0,3
2,1,1
10,0,10
26,34,-8
3,6,-3
13,1,12
0,0,0
13,8,5
0,4,-4
3,0,3
0,5,-5
2,7,-5
8,0,8
4,2,2
9,0,9
0,0,0
0,0,0
29,7,22
2,2,0
0,4,-4
2,6,-4
3,0,3
8,4,4
11,0,11
21,29,-8
3,1,2
13,2,11
3,0,3
2,4,-2
0,0,0
2,3,-1
44,0,44
1,0,1
1,1,0
5,7,-2
0,2,-2
6,9,-3
19,2,17
3,1,2
1,0,1
11,2,9
16,5,11
0,0,0
9,7,2
7,1,6
0,2,-2
9,1,8
5,5,0
1,0,1
40,0,40
1,0,1
26,14,12
4,1,3
3,0,3
0,5,-5
1,1,0
10,25,-15
11,0,11
3,0,3
5,0,5
8,7,1
1,0,1
9,7,2
11,0,11
5,4,1
0,0,0
1,1,0
9,0,9
3,5,-2
59,15,44
0,0,0
6,1,5
2,7,-5
3,1,2
2,0,2
2,0,2
5,2,3
11,0,11
4,0,4
17,2,15
0,0,0
1,2,-1
13,4,9
7,8,-1
1,1,0
3,2,1
1,0,1
0,0,0
3,5,-2
2,1,1
0,0,0
1,0,1
0,0,0
3,0,3
6,10,-4
1,0,1
3,1,2
3,3,0
17,0,17
0,0,0
6,11,-5
7,1,6
3,0,3
4,0,4
3,0,3
0,0,0
2,0,2
1,2,-1
2,0,2
0,0,0
3,0,3
8,0,8
12,0,12
18,31,-13
11,0,11
0,0,0
1,4,-3
0,0,0
6,0,6
0,1,-1
2,0,2
48,22,26
0,6,-6
0,0,0
2,2,0
2,0,2
2,2,0
3,9,-6
0,0,0
11,0,11
9,26,-17
6,11,-5
23,14,9
2,0,2
0,0,0
4,1,3
22,10,12
22,7,15
7,1,6
0,5,-5
1,2,-1
7,7,0
17,15,2
1,2,-1
11,1,10
29,22,7
0,0,0
1,0,1
0,0,0
0,0,0
0,0,0
3,0,3
4,0,4
9,5,4
0,0,0
2,1,1
16,0,16
13,0,13
3,0,3
1,0,1
37,2,35
1,0,1
15,11,4
0,0,0
0,1,-1
0,2,-2
1,0,1
1,3,-2
1,0,1
3,0,3
9,1,8
3,5,-2
0,0,0
0,16,-16
1,0,1
1,0,1
0,0,0
45,1,44
11,5,6
0,5,-5
18,5,13
5,5,0
13,0,13
15,14,1
6,0,6
8,0,8
6,1,5
35,16,19
8,0,8
2,0,2
0,0,0
1,0,1
0,0,0
5,5,0
0,0,0
1,0,1
0,0,0
0,1,-1
13,2,11
7,18,-11
10,22,-12
1,0,1
8,14,-6
10,7,3
12,0,12
0,0,0
11,1,10
11,2,9
0,0,0
1,3,-2
6,22,-16
9,9,0
15,0,15
0,0,0
3,0,3
0,0,0
0,0,0
2,4,-2
1,1,0
7,2,5
0,0,0
14,2,12
1,1,0
0,19,-19
0,0,0
7,0,7
11,0,11
0,0,0
0,0,0
0,1,-1
8,1,7
32,49,-17
22,10,12
6,0,6
8,0,8
1,1,0
4,0,4
0,0,0
3,14,-11
6,3,3
1,0,1
9,4,5
7,1,6
10,0,10
1,0,1
3,0,3
16,10,6
2,1,1
0,0,0
0,1,-1
4,1,3
3,28,-25
0,0,0
0,59,-59
0,4,-4
1,1,0
9,5,4
2,2,0
6,8,-2
11,3,8
0,1,-1
1,2,-1
25,0,25
4,5,-1
66,66,0
18,26,-8
15,4,11
8,0,8
12,0,12
6,5,1
1,0,1
23,7,16
31,29,2
12,8,4
24,1,23
0,0,0
21,0,21
2,37,-35
0,0,0
18,6,12
0,0,0
10,1,9
9,4,5
7,0,7
7,0,7
0,11,-11
3,1,2
14,23,-9
16,9,7
3,1,2
4,1,3
15,1,14
3,1,2
15,2,13
2,0,2
11,16,-5
2,0,2
1,0,1
3,1,2
6,7,-1
0,0,0
2,2,0
1,0,1
2,0,2
1,4,-3
3,0,3
15,16,-1
2,2,0
1,1,0
2,8,-6
17,10,7
12,2,10
27,7,20
3,3,0
6,1,5
0,2,-2
8,7,1
3,1,2
7,0,7
5,6,-1
0,0,0
3,3,0
22,22,0
12,3,9
0,0,0
0,1,-1
3,7,-4
4,0,4
1,0,1
1,0,1
2,2,0
0,0,0
1,5,-4
4,9,-5
2,6,-4
0,0,0
1,0,1
0,1,-1
4,1,3
12,12,0
4,7,-3
3,0,3
11,0,11
1,0,1
6,4,2
4,4,0
10,0,10
1,1,0
13,4,9
1,5,-4
10,1,9
0,0,0
19,2,17
6,7,-1
5,0,5
0,0,0
13,9,4
0,0,0
6,6,0
8,2,6
0,0,0
0,0,0
9,11,-2
0,0,0
1,1,0
34,0,34
6,0,6
0,3,-3
1,2,-1
1,0,1
15,5,10
8,0,8
10,3,7
1,1,0
16,0,16
2,0,2
41,0,41
2,2,0
3,0,3
4,2,2
0,1,-1
0,0,0
1,11,-10
0,0,0
0,27,-27
40,14,26
13,16,-3
5,1,4
5,1,4
3,0,3
17,0,17
2,0,2
2,0,2
0,0,0
4,5,-1
2,3,-1
3,3,0
11,2,9
4,0,4
4,1,3
0,0,0
37,2,35
11,38,-27
7,1,6
2,0,2
4,7,-3
3,1,2
1,8,-7
0,0,0
12,0,12
0,5,-5
3,0,3
0,1,-1
0,0,0
5,0,5
4,0,4
0,0,0
1,2,-1
10,0,10
5,3,2
7,3,4
0,0,0
5,0,5
2,0,2
2,15,-13
0,3,-3
16,2,14
6,0,6
7,0,7
11,1,10
1,1,0
3,0,3
0,2,-2
2,2,0
3,1,2
4,5,-1
0,1,-1
23,1,22
19,0,19
0,0,0
27,1,26
2,1,1
4,0,4
8,0,8
5,0,5
1,0,1
12,2,10
15,0,15
0,2,-2
2,15,-13
18,5,13
0,6,-6
6,0,6
0,0,0
2,0,2
3,12,-9
1,1,0
0,0,0
1,0,1
1,0,1
21,5,16
0,15,-15
0,0,0
8,6,2
1,0,1
0,0,0
6,1,5
11,4,7
10,0,10
1,1,0
0,0,0
3,0,3
2,3,-1
4,2,2
0,1,-1
0,5,-5
0,7,-7
6,2,4
34,25,9
0,0,0
0,0,0
9,2,7
3,5,-2
8,0,8
7,10,-3
1,1,0
19,2,17
0,0,0
6,0,6
0,0,0
2,3,-1
2,2,0
6,0,6
4,7,-3
11,0,11
0,2,-2
7,0,7
2,0,2
3,5,-2
7,3,4
24,2,22
6,2,4
1,1,0
16,2,14
5,0,5
2,10,-8
2,0,2
0,1,-1
3,0,3
10,3,7
12,8,4
3,1,2
25,3,22
8,2,6
8,13,-5
0,0,0
3,0,3
0,0,0
56,3,53
0,0,0
8,2,6
1,0,1
11,6,5
5,5,0
3,6,-3
44,1,43
0,4,-4
21,0,21
24,3,21
0,0,0
0,0,0
13,2,11
0,0,0
1,5,-4
25,25,0
26,9,17
4,2,2
9,3,6
59,1,58
4,9,-5
10,1,9
4,2,2
0,3,-3
8,0,8
1,0,1
10,0,10
34,1,33
6,2,4
0,0,0
0,0,0
0,0,0
7,1,6
3,1,2
10,9,1
17,0,17
0,0,0
0,0,0
1,0,1
16,0,16
26,16,10
7,0,7
2,2,0
2,0,2
11,10,1
9,19,-10
1,0,1
35,0,35
0,0,0
0,1,-1
3,0,3
0,0,0
1,1,0
0,0,0
9,1,8
2,2,0
2,5,-3
5,6,-1
0,0,0
0,0,0
14,4,10
6,2,4
12,0,12
12,0,12
1,0,1
5,1,4
1,1,0
1,0,1
18,2,16
3,5,-2
6,5,1
3,0,3
3,2,1
4,5,-1
9,23,-14
9,10,-1
2,0,2
0,1,-1
0,1,-1
2,0,2
2,0,2
5,2,3
1,0,1
4,0,4
9,0,9
13,3,10
28,0,28
26,22,4
0,1,-1
2,0,2
4,0,4
1,0,1
9,8,1
1,1,0
19,6,13
0,0,0
1,7,-6
3,3,0
8,19,-11
1,2,-1
16,6,10
1,0,1
10,8,2
4,2,2
6,1,5
0,0,0
6,2,4
10,0,10
10,0,10
4,0,4
1,0,1
11,1,10
3,5,-2
0,0,0
1,0,1
11,47,-36
20,2,18
12,5,7
8,2,6
19,0,19
4,7,-3
4,0,4
1,7,-6
0,0,0
2,4,-2
2,1,1
1,2,-1
4,0,4
5,0,5
9,0,9
0,0,0
1,0,1
2,0,2
1,0,1
46,55,-9
2,7,-5
20,0,20
5,1,4
2,7,-5
2,0,2
1,0,1
17,3,14
5,4,1
1,8,-7
0,2,-2
0,0,0
1,2,-1
0,0,0
2,2,0
5,0,5
39,15,24
0,0,0
0,5,-5
5,5,0
26,18,8
2,0,2
3,12,-9
2,3,-1
3,4,-1
6,4,2
4,1,3
5,2,3
2,7,-5
10,3,7
0,3,-3
7,14,-7
1,1,0
0,0,0
6,5,1
2,2,0
0,0,0
18,2,16
6,6,0
6,0,6
0,0,0
1,0,1
22,0,22
0,2,-2
8,2,6
14,5,9
0,1,-1
0,0,0
0,0,0
5,12,-7
1,5,-4
7,7,0
38,14,24
2,2,0
19,14,5
7,10,-3
2,7,-5
3,3,0
1,0,1
17,0,17
13,1,12
0,0,0
37,0,37
14,11,3
10,1,9
7,2,5
10,15,-5
14,9,5
6,10,-4
12,0,12
0,0,0
2,4,-2
14,14,0
0,0,0
0,0,0
5,3,2
6,0,6
0,2,-2
34,0,34
5,4,1
1,0,1
0,0,0
9,20,-11
3,6,-3
14,10,4
14,0,14
0,0,0
0,1,-1
0,0,0
15,2,13
3,3,0
1,10,-9
27,0,27
0,0,0
4,12,-8
7,11,-4
13,0,13
0,0,0
0,0,0
4,1,3
1,7,-6
1,1,0
1,3,-2
9,6,3
7,0,7
2,0,2
11,34,-23
19,0,19
4,0,4
0,0,0
3,4,-1
2,1,1
0,0,0
8,1,7
9,0,9
2,3,-1
2,0,2
16,51,-35
3,22,-19
5,2,3
15,5,10
1,0,1
4,0,4
0,0,0
0,0,0
10,5,5
7,0,7
4,0,4
2,0,2
0,0,0
13,1,12
0,1,-1
7,0,7
24,4,20
4,0,4
2,0,2
5,11,-6
0,32,-32
27,0,27
2,1,1
0,0,0
1,1,0
0,3,-3
4,2,2
3,0,3
1,1,0
0,0,0
1,25,-24
11,3,8
23,0,23
0,0,0
8,2,6
25,48,-23
9,0,9
1,0,1
1,0,1
7,26,-19
2,3,-1
9,10,-1
0,0,0
7,2,5
0,0,0
0,1,-1
7,7,0
0,0,0
0,0,0
10,0,10
8,0,8
12,0,12
5,0,5
11,0,11
2,7,-5
5,7,-2
1,0,1
7,4,3
3,2,1
0,0,0
0,1,-1
1,0,1
6,0,6
0,0,0
2,0,2
2,0,2
6,1,5
3,2,1
9,5,4
10,0,10
1,0,1
5,0,5
1,7,-6
16,0,16
5,0,5
3,2,1
22,24,-2
12,10,2
1,0,1
11,5,6
1,0,1
12,7,5
1,2,-1
3,0,3
4,4,0
15,2,13
16,7,9
6,7,-1
8,7,1
3,0,3
3,2,1
5,1,4
17,7,10
10,0,10
5,2,3
16,0,16
27,0,27
14,5,9
1,0,1
0,0,0
2,2,0
3,3,0
11,2,9
11,1,10
7,1,6
33,33,0
7,0,7
1,1,0
0,0,0
5,14,-9
4,6,-2
9,3,6
9,9,0
13,21,-8
25,23,2
20,7,13
0,0,0
0,1,-1
4,2,2
0,1,-1
45,7,38
10,3,7
10,6,4
5,0,5
6,5,1
6,0,6
2,0,2
0,0,0
1,5,-4
1,5,-4
8,1,7
37,43,-6
16,7,9
2,10,-8
3,0,3
17,5,12
12,0,12
0,0,0
24,2,22
3,0,3
0,0,0
16,1,15
0,0,0
3,2,1
3,0,3
20,63,-43
4,5,-1
4,0,4
0,0,0
4,0,4
0,3,-3
0,0,0
0,0,0
5,1,4
2,0,2
15,15,0
5,14,-9
5,1,4
9,0,9
4,0,4
17,10,7
3,3,0
5,5,0
18,112,-94
1,0,1
8,0,8
4,0,4
0,5,-5
11,0,11
3,1,2
45,25,20
14,0,14
1,0,1
0,1,-1
3,0,3
9,0,9
6,10,-4
5,0,5
3,3,0
3,0,3
1,4,-3
3,0,3
12,9,3
7,7,0
1,0,1
0,7,-7
20,0,20
40,55,-15
44,13,31
2,7,-5
3,0,3
4,10,-6
1,0,1
0,3,-3
16,8,8
1,9,-8
13,37,-24
0,0,0
9,0,9
12,3,9
1,2,-1
31,5,26
4,5,-1
27,0,27
14,33,-19
1,2,-1
2,2,0
0,0,0
1,4,-3
0,2,-2
4,0,4
9,0,9
8,26,-18
2,0,2
7,7,0
5,1,4
0,0,0
11,0,11
16,15,1
25,6,19
16,2,14
0,2,-2
19,12,7
0,0,0
0,0,0
21,19,2
5,0,5
3,0,3
7,7,0
2,5,-3
2,13,-11
0,0,0
5,1,4
27,9,18
0,0,0
0,0,0
0,0,0
0,7,-7
1,1,0
0,0,0
3,0,3
20,14,6
3,28,-25
3,1,2
1,1,0
1,0,1
19,7,12
0,0,0
0,0,0
3,2,1
11,1,10
0,0,0
1,2,-1
5,1,4
4,0,4
3,4,-1
3,4,-1
19,0,19
11,9,2
44,44,0
0,0,0
4,2,2
0,0,0
6,2,4
2,0,2
4,0,4
4,1,3
0,0,0
7,13,-6
3,0,3
6,6,0
0,6,-6
2,4,-2
0,3,-3
0,0,0
1,1,0
1,0,1
4,0,4
36,3,33
12,2,10
3,0,3
0,14,-14
0,0,0
13,0,13
20,7,13
11,1,10
5,3,2
0,0,0
11,4,7
5,0,5
7,7,0
3,5,-2
0,0,0
1,0,1
4,0,4
2,19,-17
3,3,0
5,0,5
1,7,-6
15,0,15
0,3,-3
48,35,13
1,0,1
3,0,3
8,7,1
32,11,21
18,0,18
4,0,4
4,0,4
21,6,15
0,1,-1
16,7,9
0,0,0
2,0,2
8,0,8
1,0,1
36,3,33
17,22,-5
28,8,20
2,0,2
0,0,0
4,0,4
10,14,-4
2,3,-1
2,0,2
2,0,2
0,0,0
8,0,8
8,3,5
5,4,1
0,0,0
12,1,11
6,6,0
0,2,-2
13,30,-17
5,0,5
10,2,8
1,6,-5
0,2,-2
2,26,-24
19,1,18
2,2,0
4,3,1
1,1,0
2,2,0
16,0,16
0,0,0
0,9,-9
2,2,0
0,0,0
2,0,2
3,0,3
0,0,0
0,0,0
2,2,0
0,3,-3
0,0,0
0,0,0
1,0,1
3,7,-4
12,2,10
0,0,0
0,2,-2
9,2,7
32,2,30
4,3,1
9,0,9
0,0,0
5,6,-1
6,4,2
1,1,0
35,9,26
1,0,1
11,0,11
9,1,8
4,0,4
3,0,3
18,0,18
0,0,0
0,0,0
1,14,-13
3,5,-2
3,0,3
11,1,10
0,0,0
0,1,-1
3,0,3
0,0,0
7,0,7
32,1,31
3,2,1
2,3,-1
10,0,10
3,1,2
2,0,2
10,9,1
9,0,9
3,7,-4
3,2,1
3,4,-1
1,1,0
2,0,2
20,2,18
0,22,-22
16,2,14
0,0,0
8,0,8
4,4,0
1,1,0
15,5,10
3,0,3
9,12,-3
10,5,5
7,2,5
1,0,1
23,1,22
10,2,8
2,0,2
15,3,12
2,23,-21
12,6,6
2,1,1
2,5,-3
8,3,5
2,0,2
4,0,4
3,2,1
0,0,0
7,0,7
0,0,0
0,0,0
0,1,-1
22,2,20
3,19,-16
8,0,8
10,0,10
8,3,5
1,3,-2
2,0,2
36,1,35
15,5,10
31,0,31
6,0,6
6,1,5
0,1,-1
4,0,4
2,5,-3
2,1,1
44,0,44
13,13,0
6,0,6
1,0,1
3,1,2
1,0,1
5,4,1
4,0,4
1,11,-10
14,0,14
0,1,-1
3,0,3
5,2,3
5,5,0
1,4,-3
10,0,10
11,3,8
0,0,0
1,1,0
21,0,21
9,0,9
1,1,0
1,7,-6
5,4,1
2,2,0
6,19,-13
4,4,0
7,3,4
3,0,3
0,0,0
26,13,13
0,0,0
2,3,-1
0,34,-34
0,0,0
1,0,1
60,9,51
6,2,4
3,0,3
16,1,15
39,0,39
9,0,9
9,15,-6
24,7,17
3,0,3
17,1,16
8,9,-1
2,5,-3
4,1,3
13,0,13
3,7,-4
0,0,0
6,11,-5
2,0,2
4,0,4
0,7,-7
2,0,2
44,44,0
1,1,0
11,0,11
0,1,-1
3,15,-12
9,0,9
7,11,-4
0,1,-1
18,0,18
11,2,9
15,0,15
0,0,0
0,0,0
1,6,-5
0,0,0
2,2,0
8,3,5
3,0,3
7,0,7
0,0,0
2,0,2
5,0,5
17,0,17
5,0,5
0,5,-5
7,10,-3
3,1,2
13,0,13
4,0,4
0,1,-1
0,0,0
0,1,-1
4,5,-1
5,1,4
4,2,2
0,0,0
1,0,1
4,0,4
0,0,0
21,1,20
3,4,-1
23,26,-3
38,0,38
5,3,2
2,0,2
3,3,0
6,7,-1
0,1,-1
1,2,-1
1,0,1
4,3,1
7,0,7
31,3,28
13,9,4
11,2,9
8,4,4
9,2,7
0,0,0
0,0,0
0,1,-1
2,0,2
2,0,2
4,0,4
8,6,2
2,2,0
9,11,-2
4,5,-1
4,0,4
4,10,-6
30,10,20
0,0,0
20,40,-20
37,10,27
0,1,-1
6,0,6
7,8,-1
3,0,3
0,0,0
0,1,-1
8,12,-4
0,0,0
0,0,0
17,26,-9
0,0,0
0,1,-1
22,0,22
32,13,19
3,6,-3
2,2,0
0,7,-7
4,0,4
14,0,14
1,0,1
2,5,-3
2,0,2
19,0,19
0,3,-3
2,0,2
0,0,0
2,0,2
1,0,1
0,7,-7
10,1,9
2,1,1
2,0,2
4,0,4
12,8,4
25,0,25
2,2,0
32,35,-3
1,0,1
0,0,0
8,3,5
0,0,0
0,0,0
0,1,-1
0,0,0
1,1,0
14,11,3
11,1,10
7,4,3
2,0,2
3,2,1
5,0,5
0,0,0
6,4,2
10,0,10
6,0,6
4,2,2
5,3,2
5,1,4
0,0,0
4,14,-10
5,10,-5
6,4,2
1,4,-3
1,0,1
0,0,0
1,0,1
1,1,0
5,0,5
4,6,-2
0,1,-1
1,20,-19
3,3,0
1,0,1
3,0,3
2,2,0
0,0,0
2,0,2
1,0,1
1,22,-21
4,8,-4
5,5,0
24,6,18
3,3,0
2,1,1
8,0,8
13,79,-66
0,0,0
17,7,10
0,0,0
13,0,13
28,2,26
12,5,7
0,15,-15
1,7,-6
2,0,2
2,7,-5
1,2,-1
4,2,2
1,0,1
28,0,28
9,0,9
0,2,-2
0,0,0
13,4,9
17,0,17
28,7,21
0,0,0
13,28,-15
7,2,5
1,1,0
4,0,4
1,0,1
1,0,1
2,3,-1
15,5,10
0,0,0
2,0,2
1,0,1
2,0,2
8,0,8
3,0,3
13,5,8
2,0,2
8,7,1
1,0,1
5,1,4
12,8,4
0,0,0
0,6,-6
0,0,0
1,2,-1
16,12,4
3,4,-1
0,0,0
25,9,16
10,13,-3
16,10,6
0,0,0
0,0,0
12,2,10
6,1,5
6,0,6
1,1,0
1,1,0
0,6,-6
8,1,7
2,0,2
4,2,2
8,0,8
7,5,2
6,6,0
6,10,-4
6,11,-5
0,3,-3
0,4,-4
9,10,-1
2,0,2
4,5,-1
1,0,1
0,0,0
7,5,2
5,4,1
4,0,4
9,0,9
6,7,-1
20,1,19
1,0,1
0,0,0
1,2,-1
1,0,1
4,0,4
0,0,0
3,2,1
1,0,1
4,0,4
0,1,-1
2,0,2
1,0,1
1,0,1
1,6,-5
33,34,-1
0,0,0
1,0,1
5,2,3
4,1,3
2,1,1
5,0,5
9,11,-2
0,0,0
4,0,4
1,0,1
0,1,-1
6,0,6
47,0,47
26,17,9
2,0,2
1,0,1
0,0,0
13,13,0
0,1,-1
29,1,28
4,7,-3
3,0,3
2,0,2
0,0,0
1,4,-3
0,0,0
30,7,23
0,0,0
14,0,14
11,0,11
1,0,1
31,7,24
15,9,6
20,5,15
11,7,4
0,9,-9
2,7,-5
2,7,-5
0,1,-1
22,16,6
2,1,1
1,10,-9
0,7,-7
17,0,17
0,2,-2
8,4,4
12,2,10
0,0,0
3,0,3
1,2,-1
10,0,10
0,0,0
0,1,-1
7,0,7
4,1,3
16,4,12
0,0,0
5,6,-1
5,0,5
7,0,7
7,1,6
9,9,0
0,1,-1
2,1,1
19,14,5
5,11,-6
12,3,9
17,0,17
2,11,-9
0,0,0
0,0,0
2,0,2
1,0,1
0,0,0
17,1,16
0,0,0
29,14,15
2,2,0
10,50,-40
0,0,0
5,1,4
4,0,4
1,1,0
0,0,0
8,19,-11
9,9,0
6,0,6
8,4,4
4,6,-2
0,6,-6
1,0,1
2,0,2
0,16,-16
2,0,2
33,33,0
7,7,0
8,0,8
10,6,4
3,1,2
0,0,0
14,7,7
8,10,-2
9,1,8
0,0,0
0,1,-1
0,0,0
2,0,2
5,0,5
0,0,0
0,0,0
0,0,0
6,7,-1
11,3,8
17,0,17
41,11,30
7,5,2
2,5,-3
0,0,0
0,0,0
1,32,-31
1,0,1
0,10,-10
13,0,13
0,3,-3
5,2,3
0,0,0
6,0,6
7,10,-3
6,1,5
21,38,-17
35,9,26
18,8,10
11,6,5
1,0,1
0,0,0
15,13,2
11,12,-1
4,7,-3
2,0,2
9,16,-7
3,1,2
1,0,1
21,10,11
9,6,3
6,2,4
2,1,1
2,0,2
1,1,0
2,0,2
5,1,4
3,2,1
0,0,0
0,5,-5
9,2,7
4,1,3
6,3,3
2,0,2
14,0,14
2,0,2
6,0,6
4,0,4
17,7,10
7,0,7
6,4,2
15,9,6
3,1,2
23,9,14
3,1,2
0,3,-3
2,0,2
12,2,10
12,12,0
1,2,-1
4,19,-15
5,0,5
3,27,-24
10,8,2
2,0,2
1,0,1
8,7,1
4,8,-4
1,0,1
3,0,3
3,6,-3
1,0,1
0,0,0
3,0,3
1,1,0
1,19,-18
5,5,0
5,1,4
6,0,6
12,1,11
0,0,0
22,2,20
47,47,0
12,3,9
7,0,7
8,1,7
4,0,4
3,2,1
3,0,3
3,0,3
0,1,-1
8,1,7
1,2,-1
14,0,14
4,5,-1
0,41,-41
3,0,3
0,0,0
10,0,10
9,0,9
4,14,-10
12,1,11
10,5,5
0,0,0
8,7,1
2,0,2
1,0,1
1,0,1
2,2,0
1,1,0
10,0,10
3,0,3
1,1,0
0,0,0
0,0,0
11,0,11
12,0,12
2,4,-2
9,4,5
6,7,-1
8,2,6
1,2,-1
8,10,-2
13,3,10
24,7,17
3,0,3
1,7,-6
3,10,-7
7,7,0
0,0,0
3,37,-34
0,0,0
13,0,13
0,0,0
5,0,5
3,4,-1
10,10,0
1,7,-6
9,7,2
6,1,5
13,13,0
18,11,7
4,10,-6
9,13,-4
0,0,0
18,6,12
29,12,17
2,2,0
2,1,1
1,2,-1
3,0,3
0,0,0
6,4,2
0,0,0
4,10,-6
0,0,0
15,6,9
1,0,1
0,0,0
0,0,0
34,8,26
1,17,-16
2,2,0
2,0,2
0,7,-7
0,1,-1
0,0,0
6,2,4
1,1,0
1,0,1
6,1,5
0,0,0
15,0,15
0,0,0
1,2,-1
0,10,-10
6,3,3
5,5,0
3,7,-4
0,0,0
1,7,-6
11,3,8
1,0,1
1,1,0
7,6,1
4,0,4
2,0,2
4,0,4
0,6,-6
3,0,3
2,0,2
2,1,1
0,2,-2
1,2,-1
3,6,-3
29,4,25
0,1,-1
2,0,2
2,0,2
10,1,9
1,0,1
0,2,-2
11,2,9
0,0,0
1,0,1
0,0,0
18,4,14
12,13,-1
45,4,41
0,0,0
1,0,1
4,0,4
9,15,-6
14,0,14
0,0,0
59,1,58
15,5,10
2,3,-1
8,2,6
2,1,1
5,0,5
7,1,6
0,0,0
7,5,2
2,0,2
13,0,13
7,3,4
12,9,3
1,4,-3
3,7,-4
2,7,-5
1,2,-1
5,1,4
10,3,7
2,5,-3
10,7,3
16,4,12
0,0,0
6,0,6
0,0,0
9,7,2
28,14,14
8,7,1
1,2,-1
7,0,7
14,9,5
15,3,12
3,0,3
0,0,0
4,2,2
14,26,-12
0,1,-1
1,0,1
14,8,6
4,3,1
0,0,0
0,0,0
5,2,3
7,2,5
15,5,10
0,0,0
3,4,-1
2,0,2
10,1,9
7,3,4
32,4,28
10,0,10
0,0,0
10,0,10
0,0,0
2,0,2
9,9,0
29,14,15
2,5,-3
5,0,5
1,0,1
0,0,0
9,4,5
5,9,-4
2,3,-1
2,5,-3
3,5,-2
2,3,-1
3,14,-11
0,20,-20
10,1,9
2,0,2
22,0,22
27,26,1
5,0,5
0,0,0
15,1,14
6,63,-57
0,0,0
4,5,-1
2,0,2
0,0,0
7,1,6
0,0,0
2,0,2
2,5,-3
6,0,6
9,74,-65
10,4,6
7,7,0
1,0,1
0,0,0
0,0,0
7,3,4
1,0,1
1,0,1
0,0,0
2,2,0
5,0,5
2,0,2
0,0,0
29,5,24
0,0,0
5,2,3
6,35,-29
5,0,5
12,0,12
3,0,3
18,5,13
2,0,2
1,0,1
19,17,2
14,5,9
0,0,0
5,6,-1
1,0,1
5,7,-2
13,2,11
0,0,0
2,0,2
2,0,2
0,0,0
0,0,0
6,5,1
0,5,-5
4,2,2
15,14,1
27,0,27
1,0,1
13,8,5
4,4,0
5,0,5
5,0,5
7,0,7
0,0,0
14,3,11
7,0,7
0,0,0
0,0,0
1,2,-1
0,3,-3
2,17,-15
24,0,24
2,0,2
2,0,2
1,0,1
9,0,9
4,0,4
26,5,21
8,10,-2
1,1,0
7,0,7
1,0,1
0,1,-1
18,27,-9
13,7,6
17,0,17
2,0,2
6,2,4
0,1,-1
0,0,0
1,1,0
1,0,1
1,1,0
1,3,-2
24,0,24
8,0,8
16,2,14
1,1,0
9,1,8
17,1,16
12,3,9
18,6,12
3,3,0
1,0,1
0,0,0
1,0,1
2,7,-5
1,2,-1
10,3,7
3,3,0
0,9,-9
0,0,0
7,20,-13
2,1,1
1,0,1
3,0,3
6,1,5
5,5,0
3,0,3
0,0,0
7,1,6
10,13,-3
3,7,-4
0,12,-12
32,0,32
22,3,19
0,0,0
14,3,11
2,8,-6
3,0,3
7,0,7
1,3,-2
1,2,-1
10,10,0
0,0,0
15,11,4
0,2,-2
9,0,9
1,0,1
2,2,0
3,1,2
5,0,5
0,0,0
6,70,-64
3,3,0
0,0,0
5,2,3
5,0,5
17,7,10
51,40,11
5,1,4
1,0,1
4,4,0
8,44,-36
12,0,12
0,0,0
7,2,5
15,0,15
54,21,33
4,10,-6
1,5,-4
0,0,0
0,0,0
3,0,3
6,0,6
4,2,2
0,0,0
14,7,7
4,9,-5
26,21,5
1,0,1
0,0,0
6,0,6
0,16,-16
13,0,13
1,0,1
33,17,16
1,0,1
0,0,0
0,1,-1
2,0,2
8,3,5
11,11,0
9,9,0
2,7,-5
6,0,6
29,50,-21
1,1,0
5,5,0
2,0,2
15,4,11
4,1,3
7,3,4
1,1,0
8,4,4
2,0,2
10,5,5
7,0,7
3,3,0
0,5,-5
1,3,-2
0,4,-4
0,0,0
11,3,8
28,0,28
0,0,0
18,3,15
2,0,2
0,0,0
0,14,-14
5,0,5
6,5,1
6,1,5
2,0,2
5,0,5
1,0,1
0,0,0
1,1,0
36,40,-4
4,6,-2
3,2,1
36,1,35
0,1,-1
5,0,5
3,1,2
12,0,12
2,0,2
11,2,9
10,1,9
4,8,-4
8,0,8
3,35,-32
11,5,6
2,2,0
5,24,-19
2,4,-2
46,7,39
0,0,0
16,1,15
12,4,8
8,10,-2
28,2,26
14,25,-11
10,1,9
3,2,1
6,9,-3
6,0,6
16,7,9
8,2,6
15,11,4
8,0,8
1,1,0
37,37,0
8,7,1
14,29,-15
0,0,0
4,6,-2
0,0,0
2,0,2
8,8,0
1,0,1
33,1,32
3,9,-6
10,7,3
0,0,0
0,0,0
7,32,-25
74,7,67
24,0,24
12,7,5
0,0,0
1,0,1
0,0,0
13,0,13
1,5,-4
0,0,0
34,6,28
0,0,0
0,3,-3
3,11,-8
5,4,1
13,0,13
3,0,3
6,0,6
0,0,0
0,3,-3
0,1,-1
3,7,-4
11,2,9
59,3,56
2,6,-4
0,0,0
0,0,0
0,0,0
2,0,2
0,1,-1
11,14,-3
8,0,8
2,2,0
7,0,7
4,0,4
0,0,0
14,35,-21
3,6,-3
4,4,0
5,2,3
4,0,4
2,5,-3
4,1,3
5,1,4
0,0,0
12,0,12
4,0,4
19,61,-42
0,5,-5
1,1,0
8,14,-6
0,4,-4
20,0,20
18,0,18
2,0,2
1,0,1
3,0,3
12,4,8
0,0,0
1,0,1
7,7,0
7,0,7
0,0,0
8,3,5
8,6,2
0,0,0
9,8,1
5,0,5
2,0,2
1,5,-4
31,8,23
0,0,0
1,0,1
12,0,12
3,3,0
45,0,45
1,0,1
8,5,3
2,1,1
12,0,12
7,2,5
0,0,0
0,1,-1
4,2,2
0,0,0
8,10,-2
7,26,-19
4,5,-1
0,0,0
2,0,2
2,0,2
1,0,1
14,3,11
3,0,3
29,39,-10
6,5,1
8,1,7
20,24,-4
1,4,-3
1,0,1
6,1,5
19,1,18
9,0,9
6,1,5
6,0,6
1,1,0
16,9,7
0,0,0
24,27,-3
2,0,2
11,0,11
0,1,-1
15,0,15
5,5,0
12,34,-22
10,0,10
6,5,1
3,0,3
10,14,-4
4,1,3
0,0,0
0,0,0
7,16,-9
2,1,1
1,1,0
1,0,1
1,0,1
19,10,9
0,0,0
0,0,0
1,1,0
2,1,1
2,1,1
1,1,0
2,4,-2
6,10,-4
27,27,0
8,1,7
3,17,-14
0,0,0
10,1,9
1,7,-6
3,0,3
0,7,-7
20,1,19
9,2,7
8,0,8
2,0,2
0,0,0
1,0,1
8,3,5
8,10,-2
12,6,6
19,30,-11
0,0,0
1,6,-5
57,0,57
8,7,1
1,0,1
1,6,-5
0,0,0
13,10,3
5,0,5
6,1,5
0,2,-2
2,1,1
15,8,7
6,1,5
7,9,-2
1,1,0
0,0,0
14,2,12
0,0,0
7,5,2
2,0,2
0,0,0
5,0,5
1,0,1
0,0,0
10,7,3
6,6,0
15,1,14
0,0,0
11,0,11
0,0,0
0,0,0
6,1,5
5,31,-26
5,0,5
1,11,-10
2,2,0
0,0,0
0,0,0
16,67,-51
37,0,37
5,2,3
1,0,1
1,1,0
1,1,0
1,0,1
1,2,-1
4,0,4
3,3,0
21,0,21
0,0,0
0,0,0
36,4,32
2,2,0
1,0,1
10,6,4
46,0,46
0,0,0
4,5,-1
7,8,-1
5,1,4
1,0,1
21,6,15
0,2,-2
1,0,1
0,2,-2
11,21,-10
1,3,-2
3,5,-2
0,24,-24
2,2,0
0,0,0
32,1,31
0,0,0
1,1,0
6,6,0
0,3,-3
0,5,-5
3,3,0
2,0,2
0,0,0
7,3,4
2,0,2
0,0,0
8,8,0
0,0,0
10,6,4
8,1,7
0,14,-14
5,0,5
1,0,1
37,1,36
2,0,2
4,2,2
4,2,2
5,3,2
2,20,-18
9,6,3
2,0,2
1,0,1
5,0,5
8,1,7
34,13,21
6,5,1
6,2,4
8,1,7
0,0,0
7,0,7
2,0,2
2,5,-3
0,0,0
36,36,0
10,0,10
3,0,3
1,1,0
4,0,4
0,0,0
25,25,0
78,67,11
2,0,2
65,0,65
3,2,1
2,8,-6
5,0,5
0,5,-5
0,0,0
4,2,2
7,3,4
0,0,0
34,1,33
9,8,1
8,3,5
5,4,1
0,0,0
20,6,14
0,0,0
0,0,0
6,2,4
1,5,-4
0,0,0
24,0,24
0,6,-6
0,0,0
1,2,-1
11,0,11
3,2,1
6,0,6
2,0,2
11,0,11
0,0,0
0,0,0
0,0,0
0,0,0
14,2,12
18,39,-21
8,0,8
0,10,-10
7,0,7
9,2,7
6,2,4
14,2,12
12,22,-10
0,44,-44
0,0,0
0,0,0
24,4,20
1,0,1
0,0,0
28,23,5
3,4,-1
29,1,28
0,0,0
0,7,-7
2,0,2
2,2,0
8,5,3
0,5,-5
1,1,0
0,0,0
0,0,0
1,0,1
4,0,4
0,1,-1
0,2,-2
4,0,4
5,0,5
5,5,0
0,0,0
39,1,38
3,0,3
15,2,13
1,0,1
0,0,0
1,0,1
19,4,15
12,9,3
1,0,1
1,0,1
7,8,-1
8,0,8
10,8,2
12,13,-1
26,2,24
1,4,-3
0,1,-1
0,0,0
17,6,11
6,5,1
13,0,13
9,7,2
0,0,0
0,0,0
0,0,0
7,5,2
0,0,0
0,2,-2
33,12,21
2,6,-4
13,5,8
0,1,-1
8,30,-22
0,0,0
0,0,0
4,7,-3
1,0,1
12,9,3
2,0,2
7,2,5
0,0,0
2,0,2
10,0,10
1,2,-1
6,10,-4
1,0,1
12,9,3
2,1,1
1,0,1
0,2,-2
11,2,9
41,0,41
10,7,3
5,0,5
12,14,-2
1,0,1
5,0,5
10,9,1
17,4,13
2,1,1
4,0,4
0,0,0
1,1,0
2,3,-1
8,5,3
2,7,-5
11,10,1
5,2,3
0,0,0
5,11,-6
4,13,-9
0,0,0
0,0,0
6,5,1
4,1,3
1,1,0
10,22,-12
1,1,0
5,7,-2
7,8,-1
10,54,-44
8,6,2
2,0,2
14,0,14
10,2,8
6,1,5
21,1,20
4,0,4
6,3,3
6,3,3
13,9,4
1,0,1
6,0,6
1,0,1
3,7,-4
0,0,0
0,6,-6
39,24,15
6,1,5
0,3,-3
11,5,6
0,1,-1
5,0,5
25,0,25
9,0,9
52,52,0
0,0,0
18,1,17
0,0,0
5,7,-2
14,6,8
4,0,4
0,0,0
0,3,-3
19,9,10
18,10,8
1,3,-2
8,1,7
8,25,-17
7,6,1
0,10,-10
12,2,10
8,4,4
0,3,-3
2,2,0
1,7,-6
6,1,5
0,0,0
64,9,55
5,6,-1
9,3,6
8,0,8
0,0,0
5,0,5
7,13,-6
2,0,2
8,0,8
10,28,-18
9,0,9
6,2,4
1,0,1
16,37,-21
4,2,2
12,1,11
3,3,0
9,10,-1
8,1,7
5,0,5
21,0,21
10,8,2
10,1,9
2,5,-3
6,1,5
16,4,12
3,0,3
0,2,-2
3,0,3
1,0,1
6,11,-5
54,19,35
1,0,1
1,2,-1
7,0,7
3,2,1
5,5,0
4,0,4
15,15,0
0,0,0
16,0,16
25,2,23
7,1,6
11,5,6
10,5,5
11,2,9
0,1,-1
1,0,1
15,4,11
18,2,16
2,9,-7
0,0,0
7,5,2
3,5,-2
1,3,-2
12,7,5
2,0,2
14,0,14
24,0,24
9,0,9
0,0,0
25,3,22
5,35,-30
0,0,0
10,0,10
0,0,0
0,7,-7
5,0,5
16,6,10
3,4,-1
3,2,1
6,6,0
3,0,3
6,0,6
0,0,0
1,4,-3
2,0,2
6,0,6
0,0,0
5,7,-2
13,6,7
7,0,7
5,8,-3
26,8,18
9,15,-6
7,0,7
2,1,1
1,1,0
25,33,-8
3,13,-10
11,3,8
9,9,0
14,8,6
26,0,26
1,2,-1
0,0,0
1,0,1
6,0,6
8,7,1
0,0,0
1,0,1
0,0,0
18,0,18
2,2,0
7,0,7
1,0,1
1,0,1
3,0,3
5,2,3
2,0,2
1,0,1
8,9,-1
1,0,1
0,0,0
0,0,0
8,5,3
17,5,12
0,0,0
3,0,3
1,0,1
10,5,5
4,1,3
1,0,1
27,3,24
2,2,0
11,1,10
8,10,-2
7,0,7
42,3,39
21,2,19
3,0,3
0,0,0
4,0,4
3,3,0
3,2,1
11,1,10
1,2,-1
2,0,2
18,1,17
0,1,-1
6,0,6
20,2,18
3,0,3
4,8,-4
3,1,2
4,0,4
21,2,19
1,0,1
0,0,0
2,2,0
7,8,-1
5,1,4
7,2,5
5,14,-9
0,0,0
29,7,22
2,9,-7
9,4,5
16,0,16
43,9,34
17,57,-40
0,0,0
5,6,-1
23,7,16
0,1,-1
27,0,27
11,9,2
0,0,0
3,2,1
1,1,0
1,10,-9
0,0,0
2,2,0
31,25,6
2,2,0
16,3,13
0,1,-1
4,0,4
1,5,-4
0,0,0
1,2,-1
5,3,2
0,0,0
1,0,1
1,2,-1
3,0,3
0,0,0
3,0,3
14,5,9
3,2,1
5,1,4
0,0,0
1,1,0
0,0,0
13,26,-13
1,0,1
0,0,0
2,0,2
5,6,-1
10,6,4
1,0,1
0,0,0
6,3,3
6,0,6
1,0,1
5,5,0
0,0,0
0,0,0
0,0,0
20,0,20
1,7,-6
5,11,-6
14,23,-9
12,0,12
0,0,0
18,0,18
1,0,1
3,2,1
0,4,-4
9,2,7
0,0,0
3,0,3
2,0,2
1,0,1
14,10,4
2,4,-2
16,1,15
0,8,-8
12,0,12
0,0,0
0,0,0
5,2,3
11,4,7
1,0,1
0,0,0
1,0,1
1,1,0
20,6,14
3,1,2
8,0,8
2,1,1
3,1,2
1,0,1
13,2,11
2,0,2
7,1,6
0,0,0
10,1,9
3,2,1
7,3,4
24,0,24
7,0,7
14,6,8
0,2,-2
1,5,-4
20,1,19
1,4,-3
5,2,3
1,0,1
5,5,0
7,0,7
2,3,-1
18,10,8
27,0,27
11,4,7
10,1,9
0,0,0
0,9,-9
32,14,18
0,5,-5
3,2,1
8,12,-4
0,0,0
3,0,3
3,2,1
10,24,-14
8,5,3
3,3,0
10,22,-12
0,1,-1
3,7,-4
2,2,0
1,7,-6
2,0,2
5,1,4
11,31,-20
6,0,6
3,1,2
13,1,12
17,3,14
1,1,0
3,0,3
6,7,-1
6,4,2
0,1,-1
7,0,7
0,0,0
61,5,56
22,1,21
15,15,0
0,1,-1
5,13,-8
4,13,-9
7,7,0
13,25,-12
6,2,4
2,0,2
5,1,4
22,5,17
34,1,33
7,9,-2
4,0,4
8,12,-4
0,0,0
25,4,21
15,0,15
0,0,0
2,0,2
14,0,14
5,0,5
3,4,-1
1,1,0
5,5,0
2,2,0
1,5,-4
8,5,3
1,0,1
9,5,4
16,1,15
10,13,-3
1,0,1
0,0,0
17,21,-4
0,0,0
29,0,29
0,0,0
6,0,6
3,0,3
7,3,4
9,0,9
11,0,11
10,0,10
0,0,0
0,0,0
22,13,9
0,0,0
16,5,11
0,0,0
7,2,5
0,5,-5
21,6,15
3,3,0
6,1,5
17,7,10
9,2,7
4,0,4
31,11,20
7,7,0
5,0,5
6,2,4
0,0,0
6,10,-4
0,0,0
0,0,0
1,3,-2
1,0,1
15,6,9
3,3,0
0,0,0
0,0,0
0,0,0
16,10,6
3,1,2
0,1,-1
0,0,0
10,4,6
1,0,1
1,0,1
7,40,-33
0,0,0
20,22,-2
5,5,0
5,0,5
3,0,3
2,0,2
6,0,6
3,5,-2
4,0,4
0,7,-7
5,3,2
1,0,1
0,0,0
13,20,-7
0,0,0
3,0,3
5,2,3
12,8,4
10,10,0
14,0,14
5,55,-50
14,36,-22
2,2,0
10,0,10
0,21,-21
1,0,1
2,9,-7
0,0,0
30,15,15
7,0,7
3,0,3
3,0,3
8,0,8
7,15,-8
11,0,11
6,7,-1
4,0,4
31,31,0
14,0,14
9,9,0
0,0,0
23,2,21
5,0,5
6,0,6
3,2,1
5,5,0
2,0,2
3,0,3
4,2,2
17,0,17
3,0,3
1,1,0
39,39,0
1,0,1
1,17,-16
0,0,0
8,0,8
1,1,0
1,0,1
3,10,-7
8,13,-5
7,0,7
0,0,0
10,4,6
1,1,0
0,1,-1
8,8,0
2,1,1
26,51,-25
6,0,6
1,1,0
2,0,2
1,1,0
11,0,11
2,0,2
21,15,6
0,0,0
18,3,15
2,1,1
9,2,7
25,2,23
3,0,3
7,13,-6
0,1,-1
2,0,2
12,0,12
0,0,0
1,0,1
9,7,2
6,0,6
5,0,5
0,0,0
0,0,0
8,1,7
20,25,-5
1,0,1
3,2,1
3,7,-4
8,0,8
4,1,3
25,23,2
4,0,4
6,0,6
19,3,16
1,0,1
1,1,0
1,0,1
12,10,2
46,0,46
1,1,0
9,0,9
4,4,0
0,2,-2
15,8,7
1,1,0
0,0,0
8,0,8
5,0,5
1,0,1
16,7,9
4,2,2
17,0,17
0,0,0
19,0,19
0,1,-1
0,1,-1
3,0,3
0,1,-1
5,1,4
0,0,0
0,0,0
12,19,-7
0,0,0
0,0,0
13,0,13
21,2,19
27,4,23
11,14,-3
29,57,-28
1,5,-4
5,0,5
7,0,7
10,0,10
9,4,5
15,5,10
3,0,3
7,1,6
20,25,-5
1,0,1
5,8,-3
0,1,-1
12,0,12
2,0,2
1,0,1
2,0,2
18,1,17
4,7,-3
8,3,5
74,0,74
14,0,14
0,5,-5
16,1,15
12,2,10
2,0,2
16,0,16
0,6,-6
5,5,0
1,3,-2
14,1,13
27,17,10
15,3,12
0,0,0
3,7,-4
2,0,2
0,9,-9
5,8,-3
0,2,-2
2,2,0
0,0,0
0,5,-5
1,9,-8
1,0,1
3,2,1
7,1,6
1,0,1
5,0,5
1,2,-1
19,0,19
3,1,2
1,1,0
9,5,4
3,7,-4
9,0,9
9,0,9
0,0,0
1,0,1
2,0,2
4,2,2
14,4,10
19,4,15
4,0,4
2,0,2
6,4,2
10,5,5
9,3,6
1,15,-14
9,6,3
6,5,1
0,0,0
29,15,14
7,1,6
29,0,29
5,5,0
4,0,4
0,1,-1
26,9,17
18,0,18
3,7,-4
6,3,3
36,0,36
4,2,2
0,0,0
2,0,2
4,0,4
0,0,0
10,6,4
2,5,-3
8,2,6
10,2,8
23,9,14
1,0,1
1,1,0
1,0,1
5,0,5
2,2,0
0,0,0
0,3,-3
2,4,-2
0,0,0
0,0,0
2,1,1
9,6,3
10,1,9
4,10,-6
5,0,5
15,3,12
5,0,5
14,14,0
4,4,0
9,11,-2
35,7,28
1,0,1
30,0,30
0,0,0
5,0,5
20,20,0
10,19,-9
0,0,0
25,14,11
0,12,-12
37,5,32
1,14,-13
1,1,0
22,0,22
14,7,7
2,0,2
16,0,16
3,3,0
11,0,11
2,0,2
5,0,5
0,0,0
2,0,2
7,8,-1
14,8,6
7,9,-2
2,4,-2
2,0,2
6,0,6
1,0,1
0,1,-1
7,7,0
0,4,-4
0,0,0
9,14,-5
15,22,-7
5,3,2
9,9,0
0,7,-7
0,3,-3
6,1,5
3,0,3
2,0,2
9,0,9
9,2,7
4,3,1
14,0,14
2,0,2
10,3,7
4,0,4
4,3,1
1,0,1
18,5,13
15,3,12
5,1,4
7,9,-2
11,8,3
5,5,0
1,1,0
7,0,7
1,10,-9
3,0,3
6,7,-1
2,3,-1
30,0,30
17,3,14
5,0,5
0,0,0
13,0,13
1,1,0
1,0,1
4,0,4
15,0,15
5,0,5
15,0,15
0,5,-5
1,0,1
2,0,2
1,3,-2
15,14,1
5,0,5
5,9,-4
6,5,1
16,0,16
2,6,-4
13,6,7
16,16,0
1,0,1
7,0,7
21,6,15
1,0,1
4,0,4
10,5,5
0,0,0
4,1,3
5,13,-8
0,1,-1
49,3,46
0,4,-4
1,0,1
4,4,0
4,0,4
1,0,1
7,4,3
3,1,2
19,9,10
4,2,2
0,0,0
0,0,0
0,0,0
24,2,22
0,6,-6
3,0,3
8,0,8
0,0,0
26,10,16
12,6,6
7,0,7
0,39,-39
7,0,7
14,14,0
10,10,0
1,3,-2
0,3,-3
20,5,15
1,0,1
0,0,0
0,0,0
1,0,1
1,1,0
0,0,0
3,3,0
23,27,-4
3,0,3
22,34,-12
7,5,2
0,0,0
9,0,9
1,0,1
0,1,-1
0,0,0
6,1,5
13,20,-7
8,0,8
79,11,68
24,4,20
0,2,-2
11,0,11
12,1,11
0,1,-1
0,0,0
3,1,2
0,1,-1
5,3,2
7,3,4
42,1,41
2,0,2
5,0,5
6,2,4
7,0,7
4,1,3
1,3,-2
14,0,14
1,2,-1
4,0,4
10,4,6
14,0,14
5,5,0
5,0,5
60,16,44
6,0,6
3,0,3
17,2,15
0,1,-1
0,0,0
1,2,-1
5,0,5
8,3,5
2,0,2
10,9,1
0,0,0
33,4,29
0,0,0
12,5,7
8,0,8
51,42,9
9,7,2
3,0,3
0,7,-7
7,0,7
5,0,5
10,36,-26
2,5,-3
6,3,3
3,0,3
2,0,2
4,4,0
12,12,0
4,5,-1
5,1,4
8,4,4
11,0,11
5,3,2
8,11,-3
2,0,2
9,0,9
4,2,2
3,10,-7
10,0,10
0,0,0
0,0,0
11,0,11
0,0,0
1,0,1
51,0,51
10,5,5
6,6,0
1,2,-1
0,0,0
5,6,-1
5,0,5
3,2,1
9,4,5
4,0,4
1,2,-1
14,3,11
0,0,0
0,0,0
1,0,1
3,9,-6
1,0,1
3,0,3
12,7,5
13,3,10
7,2,5
1,0,1
4,0,4
26,10,16
2,0,2
6,1,5
16,0,16
0,0,0
2,0,2
10,0,10
24,20,4
0,0,0
3,1,2
32,1,31
0,0,0
7,1,6
35,3,32
2,0,2
2,0,2
8,2,6
0,0,0
5,7,-2
1,9,-8
6,6,0
19,23,-4
17,7,10
6,2,4
3,0,3
0,0,0
12,1,11
11,11,0
0,0,0
2,0,2
4,0,4
0,0,0
17,1,16
3,1,2
0,0,0
1,1,0
0,0,0
21,6,15
4,5,-1
17,5,12
1,0,1
0,0,0
15,19,-4
5,1,4
8,8,0
6,1,5
8,3,5
6,1,5
0,1,-1
1,0,1
2,2,0
23,0,23
2,2,0
19,6,13
0,0,0
12,3,9
6,0,6
0,0,0
1,0,1
0,0,0
2,0,2
0,9,-9
1,0,1
5,3,2
1,2,-1
9,9,0
1,0,1
0,0,0
1,2,-1
12,0,12
2,3,-1
2,1,1
9,0,9
21,17,4
0,2,-2
0,0,0
5,1,4
12,0,12
1,0,1
10,0,10
2,1,1
10,2,8
6,6,0
0,2,-2
3,7,-4
5,7,-2
14,9,5
0,1,-1
0,0,0
2,1,1
15,2,13
0,1,-1
15,1,14
14,19,-5
5,5,0
4,0,4
7,1,6
2,4,-2
26,18,8
4,5,-1
0,1,-1
3,0,3
3,2,1
21,6,15
2,1,1
0,0,0
5,6,-1
4,40,-36
6,7,-1
10,10,0
9,0,9
6,1,5
0,0,0
1,12,-11
0,0,0
1,5,-4
7,2,5
6,2,4
13,10,3
3,1,2
17,2,15
0,0,0
11,0,11
4,2,2
12,20,-8
6,0,6
20,22,-2
3,0,3
0,6,-6
8,0,8
5,23,-18
3,2,1
28,14,14
17,1,16
17,2,15
0,1,-1
2,2,0
0,0,0
8,3,5
5,11,-6
5,3,2
8,5,3
3,1,2
7,0,7
1,0,1
2,6,-4
8,7,1
9,1,8
9,1,8
30,2,28
11,10,1
3,1,2
3,2,1
6,6,0
0,0,0
2,1,1
3,5,-2
3,0,3
5,3,2
0,0,0
4,2,2
1,1,0
3,0,3
2,0,2
0,7,-7
7,7,0
8,10,-2
0,4,-4
2,1,1
1,0,1
27,3,24
12,0,12
9,2,7
5,0,5
3,1,2
2,0,2
11,2,9
2,3,-1
13,7,6
4,0,4
61,2,59
7,0,7
1,0,1
1,0,1
6,0,6
14,0,14
4,1,3
5,0,5
3,4,-1
2,0,2
9,3,6
1,0,1
15,22,-7
0,0,0
3,2,1
0,0,0
6,2,4
2,0,2
0,0,0
2,19,-17
1,0,1
4,1,3
10,3,7
5,7,-2
0,0,0
0,7,-7
5,7,-2
0,0,0
12,1,11
0,6,-6
2,1,1
1,11,-10
31,7,24
0,0,0
0,0,0
3,0,3
4,0,4
13,6,7
0,0,0
3,7,-4
3,3,0
10,2,8
10,5,5
4,0,4
20,1,19
12,2,10
20,4,16
47,47,0
4,2,2
0,9,-9
5,2,3
1,0,1
4,1,3
3,2,1
3,0,3
51,15,36
17,0,17
23,0,23
1,5,-4
0,2,-2
3,8,-5
1,0,1
33,0,33
8,9,-1
2,0,2
0,0,0
3,0,3
1,0,1
14,15,-1
12,0,12
1,0,1
4,0,4
11,2,9
15,1,14
2,0,2
0,4,-4
14,0,14
1,0,1
3,0,3
2,0,2
0,0,0
0,0,0
0,0,0
0,0,0
3,0,3
7,6,1
4,4,0
2,0,2
3,0,3
7,3,4
0,0,0
4,7,-3
2,1,1
7,7,0
4,5,-1
14,0,14
0,1,-1
2,0,2
4,0,4
3,1,2
0,1,-1
21,20,1
9,5,4
4,0,4
0,0,0
0,0,0
1,2,-1
14,4,10
19,3,16
2,0,2
5,0,5
0,0,0
111,27,84
8,5,3
2,1,1
25,7,18
3,4,-1
9,7,2
14,1,13
7,0,7
2,10,-8
4,2,2
4,0,4
14,1,13
45,7,38
6,0,6
4,0,4
0,0,0
11,0,11
3,10,-7
12,5,7
0,0,0
1,0,1
0,0,0
21,2,19
2,2,0
6,1,5
1,0,1
1,1,0
12,3,9
10,5,5
33,9,24
1,1,0
0,0,0
15,0,15
0,0,0
20,0,20
0,0,0
1,2,-1
4,0,4
0,10,-10
2,3,-1
25,1,24
4,2,2
3,1,2
80,80,0
20,16,4
1,0,1
4,6,-2
13,7,6
4,8,-4
0,0,0
0,0,0
4,0,4
4,0,4
0,0,0
5,5,0
4,2,2
16,1,15
7,0,7
3,6,-3
3,0,3
3,5,-2
0,1,-1
0,5,-5
6,0,6
3,0,3
3,0,3
1,0,1
0,0,0
9,2,7
20,11,9
0,0,0
10,0,10
6,5,1
16,14,2
0,0,0
1,1,0
17,1,16
3,22,-19
11,0,11
0,0,0
0,0,0
16,2,14
11,9,2
3,3,0
12,6,6
0,13,-13
0,0,0
1,5,-4
1,0,1
4,0,4
0,0,0
4,5,-1
5,1,4
3,3,0
8,1,7
1,0,1
3,0,3
1,9,-8
3,1,2
2,0,2
0,3,-3
15,5,10
0,0,0
1,1,0
15,1,14
11,0,11
18,15,3
0,0,0
3,0,3
14,9,5
0,37,-37
1,1,0
0,0,0
0,0,0
4,0,4
56,19,37
11,11,0
7,2,5
0,0,0
36,3,33
6,1,5
0,0,0
5,2,3
2,0,2
1,0,1
3,2,1
1,0,1
6,2,4
21,21,0
4,0,4
1,1,0
2,0,2
10,10,0
1,0,1
7,0,7
1,0,1
4,0,4
12,14,-2
15,0,15
6,0,6
8,7,1
14,9,5
52,0,52
6,0,6
10,8,2
1,5,-4
8,1,7
6,5,1
13,13,0
7,2,5
17,0,17
1,2,-1
0,0,0
4,8,-4
1,1,0
0,2,-2
2,0,2
5,3,2
13,14,-1
9,4,5
12,0,12
17,4,13
36,6,30
0,0,0
11,5,6
4,1,3
3,0,3
3,0,3
4,0,4
4,0,4
2,0,2
9,0,9
1,0,1
0,0,0
8,2,6
20,16,4
9,0,9
4,0,4
1,3,-2
0,0,0
1,1,0
1,1,0
4,3,1
0,2,-2
9,9,0
1,0,1
0,2,-2
0,1,-1
2,1,1
2,2,0
39,48,-9
1,7,-6
2,0,2
3,0,3
1,0,1
2,6,-4
21,16,5
1,2,-1
0,0,0
4,7,-3
2,0,2
0,0,0
2,2,0
0,0,0
39,3,36
12,5,7
11,2,9
3,2,1
43,10,33
0,10,-10
0,11,-11
0,2,-2
17,22,-5
1,5,-4
20,0,20
9,7,2
6,2,4
0,0,0
0,0,0
7,9,-2
9,5,4
1,2,-1
11,0,11
1,0,1
3,14,-11
4,3,1
0,0,0
0,0,0
5,7,-2
7,7,0
33,7,26
15,14,1
1,0,1
0,0,0
31,18,13
1,0,1
1,1,0
7,4,3
0,0,0
15,0,15
2,0,2
1,2,-1
3,2,1
6,5,1
36,0,36
18,3,15
0,0,0
5,6,-1
26,50,-24
10,0,10
16,5,11
4,50,-46
0,0,0
17,7,10
14,4,10
23,22,1
9,6,3
60,10,50
7,1,6
17,8,9
2,3,-1
0,0,0
11,3,8
19,23,-4
2,0,2
6,6,0
2,2,0
1,0,1
9,0,9
4,1,3
7,0,7
1,1,0
11,0,11
2,6,-4
18,3,15
0,0,0
3,1,2
0,0,0
4,4,0
2,2,0
0,0,0
8,3,5
13,0,13
0,0,0
3,6,-3
5,13,-8
14,0,14
5,2,3
22,12,10
0,2,-2
7,6,1
12,1,11
1,0,1
7,16,-9
2,0,2
18,4,14
57,0,57
1,2,-1
6,1,5
7,2,5
3,3,0
8,0,8
37,37,0
0,0,0
2,3,-1
0,0,0
4,2,2
3,0,3
4,0,4
9,0,9
9,0,9
0,0,0
0,1,-1
2,1,1
8,0,8
5,6,-1
1,0,1
8,3,5
10,0,10
2,3,-1
1,0,1
1,0,1
8,0,8
0,0,0
9,2,7
10,0,10
7,12,-5
0,1,-1
13,7,6
0,0,0
12,7,5
6,0,6
8,0,8
11,0,11
0,0,0
0,2,-2
5,2,3
9,5,4
14,2,12
4,4,0
1,0,1
17,0,17
3,2,1
7,9,-2
1,2,-1
0,3,-3
2,1,1
1,1,0
2,30,-28
9,13,-4
0,0,0
13,7,6
73,6,67
5,2,3
2,4,-2
4,0,4
10,10,0
7,10,-3
3,25,-22
9,0,9
16,5,11
1,5,-4
4,4,0
1,1,0
1,1,0
0,0,0
2,5,-3
0,0,0
6,0,6
24,3,21
2,0,2
8,6,2
8,9,-1
3,7,-4
0,1,-1
11,4,7
1,0,1
0,6,-6
5,4,1
1,0,1
2,2,0
0,0,0
4,4,0
2,0,2
10,4,6
3,4,-1
16,5,11
7,1,6
10,3,7
4,0,4
1,0,1
6,0,6
1,0,1
2,0,2
8,0,8
1,11,-10
2,1,1
7,8,-1
10,0,10
7,0,7
0,0,0
1,0,1
1,4,-3
0,0,0
2,2,0
0,6,-6
26,9,17
4,7,-3
3,0,3
1,1,0
8,0,8
15,4,11
2,0,2
13,0,13
15,11,4
0,3,-3
0,0,0
15,0,15
2,7,-5
9,5,4
8,15,-7
1,2,-1
4,7,-3
5,0,5
3,0,3
10,2,8
1,22,-21
5,3,2
7,2,5
3,0,3
3,0,3
5,1,4
82,0,82
12,6,6
4,2,2
3,2,1
1,1,0
0,0,0
7,6,1
0,0,0
8,0,8
0,2,-2
0,0,0
7,0,7
0,0,0
23,5,18
4,10,-6
4,0,4
7,14,-7
0,0,0
0,0,0
3,4,-1
5,1,4
1,2,-1
15,2,13
0,0,0
0,6,-6
0,7,-7
10,2,8
28,16,12
0,0,0
1,2,-1
7,0,7
21,21,0
48,19,29
1,2,-1
39,48,-9
6,10,-4
2,4,-2
8,9,-1
6,0,6
0,0,0
0,0,0
9,0,9
4,0,4
2,3,-1
2,6,-4
40,10,30
0,0,0
9,14,-5
0,0,0
6,1,5
2,2,0
5,0,5
1,0,1
5,0,5
4,0,4
7,0,7
0,2,-2
1,0,1
18,0,18
8,2,6
26,0,26
5,4,1
2,10,-8
4,0,4
13,2,11
2,0,2
2,0,2
4,0,4
32,9,23
12,7,5
3,6,-3
0,0,0
4,1,3
17,0,17
7,0,7
0,4,-4
2,4,-2
4,0,4
11,1,10
1,0,1
0,0,0
0,0,0
4,38,-34
1,0,1
1,0,1
0,9,-9
5,8,-3
2,7,-5
0,2,-2
5,3,2
5,0,5
0,0,0
0,0,0
14,9,5
3,0,3
3,5,-2
0,0,0
0,3,-3
2,0,2
14,8,6
11,0,11
3,4,-1
1,2,-1
5,0,5
2,0,2
25,13,12
15,0,15
6,0,6
1,2,-1
2,2,0
17,3,14
6,0,6
5,0,5
12,8,4
31,35,-4
0,0,0
0,0,0
1,0,1
7,0,7
27,4,23
9,0,9
4,2,2
0,1,-1
0,0,0
1,8,-7
0,0,0
3,3,0
23,1,22
0,0,0
5,0,5
6,1,5
9,14,-5
50,40,10
0,1,-1
0,3,-3
6,0,6
13,8,5
1,0,1
2,0,2
3,3,0
18,18,0
17,9,8
17,0,17
16,4,12
2,1,1
6,2,4
0,0,0
1,0,1
0,0,0
4,0,4
23,3,20
2,0,2
3,0,3
0,0,0
5,0,5
0,0,0
23,0,23
2,1,1
24,0,24
3,0,3
0,0,0
1,1,0
7,0,7
9,7,2
7,0,7
25,46,-21
1,0,1
0,0,0
1,0,1
13,0,13
13,13,0
6,1,5
4,4,0
0,1,-1
34,5,29
3,4,-1
2,0,2
9,0,9
1,0,1
16,0,16
2,4,-2
2,0,2
2,3,-1
0,0,0
11,5,6
8,0,8
9,2,7
14,14,0
77,54,23
7,2,5
9,0,9
1,0,1
8,1,7
4,2,2
1,2,-1
0,5,-5
0,0,0
6,0,6
4,11,-7
29,29,0
12,0,12
1,0,1
14,2,12
18,0,18
15,1,14
17,4,13
6,6,0
7,0,7
1,0,1
6,1,5
6,1,5
1,3,-2
22,1,21
0,0,0
25,7,18
13,0,13
30,1,29
0,1,-1
6,4,2
8,0,8
0,0,0
0,0,0
5,1,4
0,1,-1
25,0,25
42,5,37
19,14,5
3,76,-73
11,0,11
11,1,10
0,0,0
12,0,12
2,7,-5
0,0,0
2,0,2
2,0,2
0,0,0
15,0,15
4,0,4
0,0,0
5,0,5
15,6,9
3,0,3
0,0,0
0,0,0
1,3,-2
0,1,-1
0,0,0
22,6,16
2,66,-64
37,2,35
7,1,6
1,6,-5
5,0,5
6,0,6
2,0,2
13,9,4
1,0,1
2,6,-4
12,2,10
5,0,5
1,1,0
5,3,2
3,0,3
2,0,2
29,29,0
2,2,0
4,1,3
0,0,0
14,0,14
0,0,0
4,0,4
9,9,0
0,0,0
6,2,4
5,5,0
3,0,3
0,1,-1
9,3,6
23,12,11
0,0,0
14,7,7
1,0,1
0,0,0
0,0,0
14,0,14
0,0,0
3,5,-2
2,12,-10
9,2,7
40,2,38
4,0,4
19,5,14
4,1,3
0,0,0
0,0,0
6,0,6
8,7,1
1,5,-4
6,6,0
21,3,18
8,2,6
0,0,0
3,5,-2
2,1,1
1,0,1
0,3,-3
0,0,0
5,0,5
3,2,1
3,2,1
0,0,0
43,2,41
0,0,0
28,6,22
0,0,0
3,0,3
4,1,3
6,2,4
21,3,18
1,1,0
8,6,2
10,0,10
0,1,-1
5,0,5
6,3,3
4,4,0
5,3,2
1,0,1
0,0,0
0,2,-2
0,0,0
8,0,8
0,1,-1
6,1,5
0,0,0
3,14,-11
10,7,3
1,10,-9
17,2,15
1,0,1
2,0,2
0,0,0
8,1,7
3,0,3
9,7,2
19,2,17
7,7,0
4,4,0
6,4,2
4,2,2
1,1,0
6,13,-7
1,1,0
1,7,-6
7,3,4
0,0,0
2,9,-7
8,44,-36
0,3,-3
9,4,5
0,0,0
11,5,6
16,12,4
24,2,22
0,0,0
2,0,2
0,0,0
4,1,3
1,27,-26
4,0,4
0,3,-3
11,29,-18
7,6,1
2,2,0
31,0,31
0,2,-2
1,0,1
5,0,5
1,0,1
0,2,-2
3,0,3
0,0,0
1,1,0
0,0,0
1,0,1
35,2,33
11,5,6
5,1,4
0,0,0
11,7,4
1,0,1
6,0,6
0,1,-1
9,6,3
1,1,0
1,0,1
4,4,0
2,1,1
0,2,-2
0,0,0
13,10,3
24,0,24
10,7,3
8,10,-2
6,0,6
8,2,6
2,2,0
0,0,0
0,0,0
1,0,1
7,0,7
2,1,1
0,4,-4
4,2,2
12,0,12
4,5,-1
5,8,-3
12,7,5
9,10,-1
2,3,-1
4,5,-1
19,11,8
1,1,0
1,0,1
4,15,-11
3,0,3
3,2,1
14,4,10
13,14,-1
0,0,0
8,2,6
13,5,8
0,1,-1
12,0,12
21,5,16
10,0,10
1,4,-3
0,0,0
1,0,1
0,0,0
0,0,0
5,7,-2
15,23,-8
3,2,1
0,0,0
5,0,5
5,0,5
31,4,27
0,0,0
5,0,5
5,0,5
0,0,0
0,0,0
12,0,12
3,0,3
4,5,-1
2,0,2
4,0,4
6,0,6
0,0,0
8,0,8
18,2,16
5,0,5
3,3,0
0,0,0
1,5,-4
4,0,4
3,9,-6
7,2,5
18,58,-40
8,0,8
2,1,1
0,2,-2
16,7,9
5,1,4
4,0,4
3,2,1
0,0,0
0,7,-7
4,2,2
8,2,6
3,7,-4
3,4,-1
5,3,2
0,0,0
1,0,1
0,0,0
6,6,0
0,4,-4
0,0,0
0,0,0
5,1,4
4,2,2
18,1,17
2,2,0
7,7,0
22,3,19
0,0,0
0,0,0
0,0,0
23,9,14
24,0,24
3,1,2
27,1,26
0,0,0
0,2,-2
0,0,0
1,3,-2
5,2,3
8,17,-9
4,1,3
4,0,4
0,0,0
17,3,14
2,2,0
8,4,4
3,0,3
38,45,-7
28,0,28
1,0,1
0,0,0
8,18,-10
1,0,1
5,5,0
21,0,21
4,35,-31
0,0,0
1,0,1
0,0,0
10,2,8
18,52,-34
4,1,3
5,5,0
2,37,-35
17,48,-31
1,1,0
6,9,-3
8,0,8
11,9,2
1,1,0
3,3,0
0,0,0
25,25,0
1,2,-1
5,2,3
0,0,0
2,2,0
4,0,4
9,26,-17
0,9,-9
2,4,-2
6,33,-27
4,1,3
7,7,0
1,1,0
0,0,0
4,3,1
8,4,4
0,3,-3
14,9,5
15,0,15
10,0,10
7,0,7
3,0,3
6,6,0
2,0,2
4,4,0
10,9,1
0,0,0
12,0,12
3,0,3
1,0,1
6,0,6
10,5,5
0,0,0
12,1,11
6,6,0
4,0,4
0,0,0
9,5,4
0,0,0
2,0,2
0,0,0
17,1,16
5,6,-1
0,0,0
7,0,7
7,7,0
2,0,2
7,0,7
2,0,2
0,1,-1
6,2,4
7,4,3
1,0,1
1,0,1
17,14,3
45,0,45
44,0,44
0,1,-1
0,0,0
9,0,9
3,5,-2
4,1,3
13,1,12
4,1,3
33,2,31
13,6,7
3,0,3
1,7,-6
23,1,22
5,2,3
10,2,8
2,0,2
6,2,4
1,1,0
7,0,7
25,13,12
13,0,13
0,0,0
4,2,2
4,0,4
15,14,1
6,2,4
1,18,-17
1,0,1
0,0,0
7,3,4
24,6,18
0,2,-2
2,4,-2
0,1,-1
0,0,0
0,0,0
12,1,11
7,0,7
0,0,0
1,1,0
3,0,3
22,6,16
6,0,6
2,0,2
0,0,0
1,1,0
2,1,1
1,1,0
2,1,1
6,0,6
24,2,22
11,11,0
6,0,6
1,2,-1
1,1,0
16,6,10
6,1,5
2,0,2
6,1,5
6,0,6
0,2,-2
11,5,6
5,5,0
3,1,2
11,0,11
0,3,-3
0,0,0
0,0,0
14,0,14
5,8,-3
1,4,-3
8,2,6
4,1,3
1,0,1
3,2,1
6,2,4
0,0,0
9,0,9
1,1,0
18,39,-21
2,18,-16
0,3,-3
0,0,0
8,15,-7
12,0,12
28,2,26
16,1,15
5,3,2
0,0,0
2,0,2
3,0,3
1,1,0
3,9,-6
3,0,3
6,7,-1
7,8,-1
6,6,0
5,0,5
5,0,5
1,0,1
20,1,19
3,3,0
15,5,10
38,15,23
6,2,4
0,0,0
8,0,8
1,0,1
0,0,0
9,2,7
2,7,-5
3,0,3
8,7,1
41,2,39
4,2,2
2,2,0
0,0,0
4,1,3
8,6,2
2,0,2
22,11,11
20,2,18
5,1,4
21,8,13
1,3,-2
20,0,20
28,0,28
3,2,1
0,0,0
21,6,15
2,0,2
5,6,-1
10,9,1
0,0,0
70,59,11
1,2,-1
6,0,6
2,1,1
4,0,4
1,0,1
3,3,0
40,0,40
0,0,0
5,0,5
20,1,19
11,19,-8
4,2,2
12,0,12
2,0,2
1,0,1
3,0,3
1,7,-6
0,0,0
4,6,-2
1,0,1
13,7,6
0,0,0
13,16,-3
0,0,0
9,0,9
1,0,1
16,0,16
0,0,0
5,2,3
5,5,0
2,0,2
12,0,12
3,0,3
3,4,-1
2,0,2
5,6,-1
0,0,0
4,26,-22
0,0,0
3,2,1
26,1,25
8,6,2
0,0,0
0,0,0
0,0,0
22,0,22
27,25,2
0,1,-1
3,2,1
18,10,8
0,0,0
7,2,5
0,0,0
15,0,15
14,5,9
0,0,0
1,1,0
24,0,24
3,2,1
2,3,-1
14,25,-11
10,58,-48
3,9,-6
0,3,-3
1,1,0
22,0,22
16,40,-24
0,0,0
11,11,0
0,0,0
2,2,0
11,3,8
3,0,3
10,2,8
0,0,0
0,0,0
4,6,-2
2,2,0
1,0,1
3,0,3
16,0,16
1,0,1
10,0,10
0,0,0
10,1,9
0,0,0
4,1,3
4,1,3
0,0,0
3,0,3
0,1,-1
10,0,10
3,5,-2
2,0,2
17,1,16
0,0,0
22,15,7
0,1,-1
4,5,-1
7,5,2
21,0,21
14,0,14
1,1,0
8,0,8
2,2,0
4,5,-1
0,1,-1
10,0,10
4,6,-2
1,1,0
21,0,21
0,2,-2
2,0,2
3,3,0
6,2,4
7,0,7
7,1,6
2,16,-14
1,0,1
6,0,6
5,9,-4
8,8,0
7,0,7
16,11,5
0,0,0
0,0,0
4,0,4
29,2,27
0,0,0
6,0,6
0,0,0
0,2,-2
0,0,0
6,1,5
2,5,-3
11,4,7
0,0,0
7,4,3
16,4,12
8,0,8
15,4,11
38,14,24
0,0,0
15,0,15
3,0,3
3,3,0
9,2,7
66,66,0
21,35,-14
35,20,15
0,2,-2
55,1,54
6,2,4
3,4,-1
0,2,-2
6,6,0
2,0,2
10,0,10
9,1,8
33,1,32
1,1,0
0,0,0
0,1,-1
0,1,-1
29,5,24
2,0,2
0,1,-1
4,1,3
11,4,7
6,3,3
31,0,31
2,2,0
3,1,2
6,1,5
1,11,-10
10,8,2
19,2,17
3,1,2
7,0,7
21,6,15
12,5,7
2,1,1
6,9,-3
2,45,-43
0,0,0
3,3,0
7,0,7
0,0,0
6,28,-22
13,8,5
2,2,0
3,1,2
0,0,0
8,6,2
0,2,-2
4,33,-29
19,0,19
0,0,0
0,0,0
4,1,3
5,3,2
1,2,-1
14,3,11
4,1,3
19,0,19
0,0,0
6,5,1
7,2,5
22,0,22
0,0,0
7,2,5
1,2,-1
19,18,1
1,14,-13
4,8,-4
1,0,1
25,0,25
1,1,0
0,0,0
35,1,34
0,0,0
14,0,14
25,8,17
1,7,-6
1,1,0
10,2,8
0,0,0
28,16,12
0,1,-1
2,0,2
3,2,1
5,0,5
11,7,4
2,2,0
6,0,6
18,0,18
1,3,-2
38,0,38
6,5,1
6,6,0
11,1,10
2,0,2
0,0,0
17,10,7
17,0,17
6,0,6
1,0,1
30,15,15
4,0,4
1,10,-9
2,0,2
3,0,3
0,0,0
0,0,0
11,0,11
1,2,-1
2,0,2
8,14,-6
1,0,1
0,0,0
4,4,0
1,1,0
0,0,0
2,5,-3
1,25,-24
6,2,4
35,0,35
5,5,0
8,10,-2
3,7,-4
0,0,0
16,0,16
16,2,14
1,0,1
0,7,-7
0,4,-4
7,1,6
1,0,1
2,9,-7
2,0,2
14,22,-8
6,6,0
3,1,2
7,3,4
1,0,1
4,0,4
14,7,7
0,7,-7
5,7,-2
6,3,3
12,2,10
1,2,-1
18,9,9
2,2,0
9,3,6
0,4,-4
2,1,1
2,2,0
45,11,34
5,0,5
11,0,11
0,0,0
64,59,5
0,2,-2
0,4,-4
0,4,-4
7,2,5
3,0,3
0,0,0
12,1,11
10,7,3
2,4,-2
23,27,-4
2,1,1
0,0,0
27,12,15
2,0,2
1,0,1
0,0,0
3,3,0
0,0,0
0,0,0
11,5,6
0,0,0
7,0,7
10,10,0
11,7,4
25,2,23
0,0,0
24,32,-8
6,2,4
1,1,0
2,0,2
0,0,0
2,0,2
11,0,11
25,25,0
2,4,-2
3,2,1
7,0,7
6,9,-3
1,0,1
10,4,6
3,0,3
21,7,14
9,3,6
7,4,3
1,0,1
1,0,1
1,2,-1
4,10,-6
2,0,2
2,1,1
40,2,38
17,1,16
0,0,0
2,2,0
7,0,7
8,4,4
19,0,19
2,0,2
0,0,0
1,0,1
4,1,3
0,0,0
9,0,9
2,3,-1
0,0,0
25,25,0
7,7,0
28,34,-6
7,5,2
21,1,20
9,0,9
0,0,0
11,10,1
21,1,20
7,0,7
8,4,4
7,7,0
3,5,-2
0,0,0
23,4,19
2,2,0
7,7,0
2,6,-4
0,0,0
2,15,-13
0,0,0
11,3,8
12,0,12
0,0,0
0,7,-7
3,3,0
1,3,-2
0,3,-3
0,0,0
5,1,4
0,0,0
32,4,28
25,1,24
12,4,8
19,1,18
4,2,2
3,0,3
2,0,2
4,2,2
0,1,-1
2,1,1
1,2,-1
10,7,3
3,3,0
0,0,0
0,1,-1
8,0,8
23,52,-29
28,0,28
14,1,13
0,10,-10
0,7,-7
0,0,0
3,7,-4
1,0,1
2,0,2
2,0,2
5,5,0
4,4,0
0,0,0
0,0,0
0,0,0
0,1,-1
0,1,-1
0,0,0
0,2,-2
11,1,10
5,2,3
10,2,8
6,3,3
1,0,1
5,2,3
4,0,4
1,1,0
2,3,-1
3,2,1
35,3,32
0,0,0
3,0,3
0,1,-1
7,0,7
6,0,6
0,7,-7
0,0,0
51,7,44
5,0,5
0,0,0
8,0,8
1,0,1
11,0,11
8,2,6
33,1,32
1,0,1
3,3,0
6,2,4
25,1,24
3,8,-5
6,6,0
11,3,8
1,0,1
8,0,8
0,5,-5
2,2,0
6,0,6
1,1,0
0,0,0
0,1,-1
15,3,12
1,7,-6
6,1,5
5,4,1
7,0,7
3,0,3
1,0,1
2,0,2
13,0,13
24,5,19
9,7,2
0,1,-1
2,0,2
0,0,0
0,0,0
9,8,1
0,1,-1
8,0,8
8,3,5
14,7,7
9,2,7
0,2,-2
20,11,9
1,0,1
0,0,0
4,0,4
0,2,-2
1,1,0
4,0,4
1,0,1
1,0,1
9,5,4
3,0,3
5,0,5
0,23,-23
4,0,4
4,11,-7
0,0,0
5,1,4
2,0,2
14,4,10
3,0,3
4,0,4
13,0,13
9,3,6
14,4,10
15,5,10
69,22,47
6,2,4
24,24,0
0,9,-9
1,0,1
0,2,-2
19,0,19
1,0,1
4,0,4
4,0,4
4,0,4
0,0,0
3,3,0
0,0,0
1,0,1
14,8,6
16,1,15
1,1,0
3,1,2
3,0,3
6,5,1
24,7,17
3,0,3
1,4,-3
23,1,22
0,0,0
2,4,-2
0,0,0
20,20,0
3,8,-5
19,28,-9
11,0,11
35,7,28
6,0,6
9,0,9
8,2,6
0,0,0
11,0,11
9,0,9
27,6,21
1,5,-4
2,0,2
5,0,5
2,1,1
0,1,-1
0,0,0
6,1,5
30,0,30
0,1,-1
4,4,0
5,0,5
0,0,0
0,0,0
14,0,14
3,3,0
2,0,2
6,6,0
4,6,-2
0,0,0
8,12,-4
1,0,1
2,0,2
3,0,3
22,7,15
3,0,3
3,11,-8
8,0,8
5,1,4
0,2,-2
51,10,41
9,17,-8
3,0,3
6,2,4
1,0,1
4,9,-5
0,0,0
10,0,10
12,59,-47
3,3,0
25,21,4
31,0,31
1,3,-2
31,3,28
7,0,7
4,0,4
6,3,3
32,29,3
2,2,0
15,7,8
10,7,3
1,0,1
2,1,1
0,0,0
6,7,-1
10,1,9
20,10,10
0,0,0
7,0,7
1,0,1
2,3,-1
0,37,-37
0,0,0
3,1,2
3,7,-4
9,2,7
27,0,27
18,14,4
1,5,-4
1,0,1
11,11,0
2,2,0
0,0,0
3,0,3
2,14,-12
5,2,3
2,3,-1
6,3,3
22,1,21
0,1,-1
9,5,4
6,10,-4
17,5,12
3,0,3
1,0,1
1,1,0
0,0,0
22,22,0
11,1,10
16,0,16
0,0,0
10,1,9
6,9,-3
0,0,0
28,10,18
1,0,1
6,2,4
0,4,-4
5,2,3
18,2,16
3,0,3
3,3,0
12,10,2
4,0,4
6,5,1
2,0,2
0,7,-7
0,3,-3
15,1,14
12,22,-10
8,1,7
13,0,13
27,4,23
3,5,-2
3,0,3
26,17,9
0,0,0
1,0,1
22,0,22
0,0,0
1,1,0
7,0,7
4,2,2
9,0,9
5,4,1
2,2,0
12,53,-41
14,0,14
0,0,0
1,1,0
2,0,2
3,0,3
5,0,5
6,3,3
44,7,37
5,2,3
1,4,-3
0,1,-1
1,0,1
2,1,1
6,7,-1
1,7,-6
1,0,1
2,2,0
11,7,4
12,0,12
0,0,0
4,0,4
29,0,29
1,0,1
5,2,3
0,0,0
8,6,2
1,7,-6
0,0,0
22,7,15
1,0,1
2,1,1
10,0,10
18,2,16
20,15,5
11,13,-2
7,0,7
10,2,8
16,17,-1
0,5,-5
3,0,3
0,0,0
3,59,-56
0,0,0
5,0,5
16,0,16
0,1,-1
0,0,0
7,3,4
7,0,7
6,0,6
7,4,3
13,7,6
1,1,0
7,3,4
3,10,-7
7,7,0
0,1,-1
1,1,0
6,0,6
2,0,2
17,3,14
3,4,-1
15,5,10
0,0,0
0,1,-1
0,3,-3
20,3,17
7,14,-7
24,17,7
47,10,37
19,47,-28
17,0,17
0,1,-1
7,2,5
3,15,-12
1,0,1
0,0,0
3,3,0
15,13,2
12,25,-13
3,0,3
0,0,0
7,3,4
0,0,0
5,7,-2
2,0,2
6,3,3
3,0,3
52,10,42
20,1,19
8,7,1
6,0,6
1,2,-1
21,0,21
8,10,-2
12,7,5
1,2,-1
1,2,-1
15,7,8
0,0,0
2,0,2
0,0,0
1,1,0
2,1,1
8,0,8
2,15,-13
2,5,-3
18,4,14
1,3,-2
1,0,1
14,3,11
4,3,1
19,11,8
8,1,7
2,3,-1
1,1,0
10,15,-5
8,6,2
17,40,-23
3,1,2
0,0,0
1,0,1
7,7,0
34,6,28
3,18,-15
9,0,9
7,25,-18
2,0,2
0,4,-4
12,0,12
5,3,2
0,0,0
0,0,0
1,0,1
36,30,6
4,4,0
1,0,1
0,17,-17
23,25,-2
4,0,4
1,0,1
2,2,0
12,13,-1
4,4,0
4,2,2
10,3,7
14,0,14
9,8,1
1,4,-3
6,1,5
0,0,0
3,1,2
1,0,1
1,3,-2
34,0,34
8,7,1
1,1,0
1,4,-3
42,9,33
0,0,0
6,1,5
0,0,0
1,8,-7
1,5,-4
6,1,5
1,0,1
5,7,-2
10,53,-43
1,3,-2
6,6,0
2,0,2
2,0,2
5,0,5
2,2,0
8,2,6
1,1,0
2,0,2
10,20,-10
0,7,-7
1,0,1
4,0,4
0,0,0
8,1,7
1,4,-3
12,0,12
9,0,9
5,2,3
3,3,0
2,0,2
7,3,4
1,5,-4
2,0,2
2,2,0
12,0,12
2,7,-5
4,0,4
0,0,0
5,2,3
10,60,-50
11,6,5
8,8,0
15,9,6
1,0,1
3,25,-22
9,7,2
4,0,4
4,0,4
7,0,7
7,28,-21
26,7,19
17,0,17
5,0,5
8,3,5
1,0,1
22,14,8
0,1,-1
3,0,3
0,0,0
1,5,-4
0,0,0
1,7,-6
1,0,1
2,1,1
6,4,2
0,0,0
1,0,1
27,19,8
1,1,0
4,6,-2
0,0,0
1,7,-6
2,0,2
3,6,-3
2,30,-28
12,0,12
29,1,28
0,0,0
3,3,0
8,5,3
53,50,3
1,2,-1
5,0,5
16,5,11
4,7,-3
6,0,6
0,0,0
9,0,9
1,3,-2
26,10,16
1,0,1
1,0,1
6,0,6
0,2,-2
1,8,-7
2,1,1
18,0,18
3,0,3
5,8,-3
6,52,-46
43,0,43
0,0,0
3,0,3
0,0,0
0,0,0
10,0,10
0,0,0
1,2,-1
1,1,0
0,0,0
6,1,5
0,1,-1
15,15,0
1,0,1
22,3,19
6,7,-1
0,0,0
4,0,4
8,5,3
0,0,0
0,0,0
23,0,23
3,0,3
13,2,11
16,2,14
1,0,1
0,0,0
1,0,1
9,8,1
44,1,43
14,0,14
1,0,1
3,0,3
0,0,0
0,0,0
0,1,-1
24,4,20
0,0,0
3,0,3
4,0,4
2,5,-3
6,0,6
6,0,6
1,1,0
6,18,-12
18,13,5
10,0,10
1,7,-6
5,5,0
7,0,7
1,0,1
5,3,2
10,1,9
14,10,4
0,1,-1
0,2,-2
20,1,19
0,0,0
10,4,6
0,8,-8
1,0,1
4,0,4
1,0,1
0,0,0
4,1,3
0,0,0
14,0,14
2,0,2
0,0,0
3,5,-2
1,0,1
14,14,0
0,2,-2
3,0,3
3,0,3
30,27,3
1,0,1
0,2,-2
2,5,-3
0,0,0
1,0,1
8,4,4
3,8,-5
18,5,13
0,0,0
13,0,13
7,9,-2
5,2,3
3,1,2
1,2,-1
8,2,6
4,0,4
1,0,1
9,0,9
15,5,10
7,2,5
1,1,0
0,0,0
0,0,0
5,1,4
3,4,-1
6,0,6
8,0,8
3,0,3
19,19,0
7,0,7
10,1,9
4,3,1
3,3,0
0,5,-5
16,8,8
5,5,0
5,0,5
5,5,0
23,6,17
13,13,0
7,2,5
35,39,-4
12,5,7
5,1,4
0,0,0
5,1,4
9,0,9
13,0,13
4,3,1
0,0,0
8,0,8
24,0,24
10,0,10
12,9,3
0,0,0
10,6,4
8,0,8
5,0,5
16,5,11
0,2,-2
3,1,2
2,4,-2
34,4,30
6,0,6
0,0,0
3,1,2
0,0,0
10,0,10
6,0,6
0,0,0
1,0,1
1,0,1
2,0,2
7,5,2
4,7,-3
11,0,11
2,0,2
12,6,6
4,1,3
27,0,27
26,15,11
3,0,3
9,0,9
1,0,1
0,1,-1
1,0,1
0,0,0
0,0,0
2,0,2
39,23,16
11,8,3
1,0,1
11,0,11
18,0,18
8,5,3
7,1,6
1,2,-1
4,11,-7
12,2,10
8,3,5
0,0,0
5,5,0
3,0,3
4,0,4
0,1,-1
6,0,6
2,0,2
3,0,3
5,40,-35
12,0,12
4,0,4
0,0,0
0,0,0
5,1,4
8,8,0
0,0,0
7,3,4
5,3,2
6,0,6
9,0,9
7,2,5
19,0,19
9,0,9
4,2,2
16,10,6
1,0,1
4,3,1
25,16,9
0,1,-1
0,1,-1
12,11,1
17,1,16
4,4,0
4,4,0
8,10,-2
2,2,0
9,48,-39
10,2,8
8,3,5
3,0,3
4,0,4
37,0,37
30,18,12
1,0,1
11,8,3
10,13,-3
3,4,-1
0,0,0
3,4,-1
25,27,-2
3,0,3
22,1,21
0,1,-1
1,0,1
2,1,1
11,7,4
6,4,2
1,0,1
0,0,0
19,0,19
16,5,11
10,9,1
13,7,6
11,1,10
6,10,-4
13,0,13
1,0,1
0,2,-2
37,23,14
3,6,-3
6,5,1
3,0,3
1,7,-6
19,0,19
26,8,18
2,0,2
13,2,11
1,1,0
5,6,-1
1,16,-15
3,0,3
7,30,-23
1,0,1
13,4,9
12,0,12
10,0,10
25,7,18
13,2,11
0,0,0
5,2,3
0,0,0
0,0,0
1,0,1
2,0,2
2,0,2
11,2,9
5,1,4
5,1,4
8,13,-5
0,0,0
0,1,-1
4,0,4
16,0,16
0,0,0
0,1,-1
6,3,3
14,1,13
12,0,12
2,5,-3
9,1,8
1,0,1
2,0,2
0,7,-7
0,14,-14
15,0,15
0,0,0
22,0,22
1,0,1
0,1,-1
0,0,0
2,14,-12
17,8,9
3,0,3
0,0,0
0,0,0
3,10,-7
1,0,1
20,14,6
5,0,5
0,0,0
3,2,1
6,4,2
5,2,3
6,0,6
7,7,0
6,0,6
6,1,5
5,0,5
3,2,1
2,2,0
1,1,0
4,3,1
3,0,3
0,3,-3
14,3,11
2,6,-4
4,0,4
1,2,-1
1,0,1
2,9,-7
4,0,4
16,5,11
0,3,-3
0,1,-1
32,0,32
0,0,0
7,20,-13
10,8,2
2,4,-2
14,1,13
10,7,3
0,0,0
5,7,-2
35,2,33
8,11,-3
3,2,1
4,0,4
3,8,-5
0,0,0
11,4,7
0,0,0
10,4,6
2,6,-4
3,0,3
9,0,9
8,2,6
25,21,4
5,0,5
1,0,1
0,0,0
21,8,13
19,13,6
0,0,0
0,0,0
4,4,0
1,0,1
21,33,-12
0,1,-1
13,1,12
7,0,7
0,0,0
7,3,4
2,0,2
0,1,-1
22,0,22
5,7,-2
1,4,-3
0,1,-1
2,0,2
3,5,-2
1,1,0
4,1,3
0,0,0
28,5,23
5,0,5
2,2,0
13,1,12
7,2,5
2,34,-32
4,0,4
0,1,-1
0,0,0
10,0,10
2,2,0
1,0,1
2,1,1
18,4,14
3,4,-1
19,4,15
1,0,1
15,17,-2
3,5,-2
1,2,-1
1,2,-1
5,6,-1
6,0,6
4,0,4
24,7,17
1,7,-6
16,21,-5
3,0,3
7,7,0
15,6,9
10,6,4
14,1,13
6,0,6
3,0,3
13,2,11
5,0,5
6,6,0
0,0,0
10,3,7
0,0,0
1,3,-2
6,1,5
25,26,-1
5,3,2
6,0,6
11,3,8
0,9,-9
13,0,13
0,0,0
15,0,15
1,1,0
1,0,1
1,0,1
11,5,6
0,0,0
1,2,-1
0,0,0
2,0,2
6,1,5
18,0,18
3,2,1
18,3,15
3,2,1
11,0,11
1,11,-10
30,7,23
2,2,0
8,7,1
1,6,-5
1,7,-6
9,11,-2
1,0,1
0,0,0
9,16,-7
0,1,-1
15,1,14
1,0,1
11,0,11
41,0,41
20,16,4
6,0,6
6,68,-62
5,5,0
10,3,7
12,3,9
0,0,0
4,3,1
13,1,12
10,1,9
12,6,6
13,1,12
5,4,1
2,2,0
0,0,0
8,0,8
0,0,0
11,14,-3
1,0,1
20,2,18
18,2,16
3,0,3
9,0,9
1,1,0
16,7,9
12,0,12
2,1,1
6,2,4
1,4,-3
1,0,1
2,2,0
5,1,4
3,1,2
10,8,2
1,0,1
0,1,-1
2,2,0
5,6,-1
6,11,-5
3,3,0
0,5,-5
3,1,2
0,0,0
1,0,1
6,3,3
1,4,-3
5,5,0
5,1,4
3,2,1
1,1,0
2,0,2
6,0,6
0,0,0
12,0,12
8,5,3
3,0,3
10,3,7
3,0,3
17,0,17
12,9,3
3,0,3
3,0,3
0,0,0
1,2,-1
1,1,0
12,5,7
3,1,2
4,19,-15
15,3,12
0,0,0
0,6,-6
14,4,10
2,13,-11
11,1,10
18,6,12
8,22,-14
4,6,-2
12,5,7
3,0,3
24,3,21
3,3,0
2,0,2
35,40,-5
23,23,0
3,5,-2
0,2,-2
3,2,1
0,1,-1
3,5,-2
15,19,-4
1,0,1
4,5,-1
0,0,0
21,1,20
4,0,4
6,13,-7
5,14,-9
2,0,2
27,30,-3
0,0,0
0,2,-2
8,3,5
1,0,1
22,15,7
0,2,-2
3,7,-4
0,0,0
3,2,1
2,0,2
2,11,-9
3,0,3
11,73,-62
1,0,1
4,7,-3
1,2,-1
0,0,0
53,0,53
9,7,2
0,0,0
14,7,7
2,1,1
2,1,1
4,0,4
0,1,-1
2,4,-2
0,0,0
5,0,5
4,0,4
10,0,10
22,1,21
4,5,-1
11,1,10
5,1,4
0,1,-1
5,44,-39
10,0,10
11,5,6
4,0,4
31,5,26
5,0,5
2,1,1
16,3,13
21,0,21
15,10,5
4,0,4
2,0,2
30,38,-8
6,0,6
7,0,7
16,67,-51
14,78,-64
26,12,14
22,1,21
2,0,2
5,0,5
10,6,4
0,2,-2
1,1,0
18,9,9
4,4,0
4,5,-1
0,0,0
38,0,38
8,3,5
24,0,24
2,2,0
0,0,0
14,0,14
4,0,4
0,0,0
13,5,8
2,4,-2
5,0,5
0,0,0
0,0,0
1,0,1
0,0,0
0,0,0
15,25,-10
29,24,5
42,40,2
0,0,0
6,0,6
8,0,8
1,10,-9
3,1,2
21,1,20
8,1,7
8,7,1
1,0,1
6,1,5
0,0,0
18,3,15
8,3,5
0,14,-14
2,1,1
14,5,9
1,0,1
6,0,6
13,0,13
0,0,0
11,0,11
3,2,1
3,4,-1
7,1,6
0,1,-1
1,41,-40
7,62,-55
5,0,5
0,8,-8
3,13,-10
13,6,7
3,0,3
12,6,6
0,1,-1
3,2,1
0,0,0
16,3,13
4,5,-1
0,0,0
20,1,19
37,7,30
6,0,6
7,0,7
1,2,-1
9,11,-2
1,0,1
0,1,-1
0,2,-2
8,24,-16
34,1,33
33,0,33
0,0,0
14,5,9
1,0,1
3,9,-6
2,0,2
0,0,0
1,0,1
4,11,-7
0,0,0
6,2,4
5,2,3
1,0,1
0,10,-10
1,0,1
1,0,1
10,6,4
6,1,5
3,7,-4
1,0,1
4,6,-2
2,0,2
6,0,6
40,0,40
1,0,1
9,0,9
0,0,0
8,10,-2
0,2,-2
0,0,0
5,1,4
22,3,19
6,1,5
2,0,2
9,2,7
0,0,0
0,0,0
0,3,-3
0,0,0
4,5,-1
0,0,0
1,1,0
1,1,0
5,5,0
0,3,-3
6,0,6
17,0,17
0,0,0
0,3,-3
5,10,-5
5,0,5
1,2,-1
4,0,4
17,7,10
5,6,-1
2,1,1
1,1,0
9,0,9
8,0,8
6,8,-2
0,1,-1
6,9,-3
5,1,4
3,7,-4
0,0,0
3,0,3
19,4,15
3,2,1
11,6,5
9,13,-4
7,0,7
0,0,0
1,0,1
5,4,1
4,2,2
5,0,5
0,2,-2
1,1,0
5,0,5
0,1,-1
7,0,7
1,2,-1
0,0,0
3,2,1
3,0,3
1,4,-3
0,0,0
2,0,2
32,32,0
1,4,-3
0,0,0
1,0,1
9,2,7
40,40,0
4,3,1
33,7,26
1,0,1
3,1,2
0,8,-8
4,13,-9
9,1,8
16,2,14
3,3,0
12,14,-2
9,3,6
2,0,2
1,4,-3
10,0,10
8,1,7
1,7,-6
14,10,4
4,0,4
2,0,2
1,0,1
20,10,10
18,2,16
2,0,2
2,0,2
1,0,1
12,0,12
5,5,0
1,2,-1
24,0,24
2,0,2
0,0,0
0,0,0
4,0,4
1,0,1
0,0,0
24,13,11
10,0,10
10,7,3
1,0,1
1,0,1
1,0,1
9,7,2
0,2,-2
7,0,7
8,27,-19
8,2,6
0,0,0
8,7,1
4,6,-2
6,4,2
19,22,-3
16,13,3
3,9,-6
8,4,4
8,3,5
2,1,1
2,1,1
11,1,10
8,9,-1
2,7,-5
3,0,3
4,0,4
3,0,3
1,0,1
3,0,3
2,0,2
6,1,5
45,0,45
4,11,-7
6,5,1
43,1,42
7,1,6
7,14,-7
0,0,0
0,0,0
5,0,5
0,0,0
8,0,8
0,0,0
9,0,9
2,1,1
6,0,6
11,0,11
1,1,0
12,9,3
6,3,3
8,0,8
1,0,1
5,5,0
11,7,4
3,0,3
0,0,0
10,14,-4
7,0,7
0,20,-20
8,8,0
1,0,1
4,0,4
6,9,-3
8,0,8
2,3,-1
18,11,7
6,15,-9
0,0,0
1,0,1
3,0,3
5,3,2
2,1,1
2,0,2
10,3,7
0,0,0
1,0,1
0,0,0
0,0,0
0,0,0
6,0,6
5,13,-8
1,2,-1
0,0,0
5,0,5
1,3,-2
0,0,0
0,0,0
2,5,-3
7,24,-17
0,0,0
39,6,33
14,2,12
18,1,17
2,0,2
7,1,6
9,0,9
12,0,12
5,4,1
3,12,-9
7,8,-1
5,8,-3
3,2,1
15,5,10
8,0,8
34,7,27
8,3,5
0,0,0
9,12,-3
26,3,23
1,0,1
7,3,4
3,0,3
26,50,-24
11,0,11
9,0,9
6,3,3
6,2,4
5,5,0
5,7,-2
2,0,2
1,0,1
0,0,0
7,0,7
1,0,1
48,16,32
9,9,0
0,4,-4
1,0,1
4,0,4
5,5,0
4,0,4
11,0,11
2,0,2
2,0,2
3,6,-3
6,9,-3
0,0,0
1,0,1
3,2,1
22,0,22
4,9,-5
4,1,3
0,0,0
0,0,0
1,0,1
1,0,1
19,5,14
10,9,1
4,0,4
3,3,0
8,12,-4
0,0,0
28,16,12
3,0,3
8,0,8
10,0,10
3,5,-2
6,0,6
6,10,-4
8,0,8
13,0,13
7,0,7
0,0,0
10,3,7
3,0,3
4,0,4
1,0,1
1,0,1
10,0,10
11,0,11
16,1,15
7,0,7
4,0,4
13,2,11
1,1,0
2,24,-22
25,0,25
1,4,-3
2,3,-1
2,7,-5
9,39,-30
3,17,-14
2,2,0
2,0,2
17,3,14
14,0,14
0,1,-1
3,3,0
0,0,0
3,3,0
19,12,7
6,4,2
4,0,4
1,2,-1
2,13,-11
31,40,-9
4,2,2
14,0,14
1,2,-1
10,5,5
13,2,11
14,2,12
10,20,-10
4,3,1
6,4,2
7,7,0
0,2,-2
1,0,1
2,0,2
30,10,20
5,0,5
13,2,11
0,0,0
4,1,3
3,51,-48
0,0,0
11,7,4
1,0,1
1,2,-1
3,5,-2
57,0,57
1,1,0
0,0,0
4,4,0
5,0,5
5,5,0
2,0,2
1,0,1
0,0,0
6,39,-33
0,0,0
3,2,1
3,2,1
0,7,-7
2,0,2
8,7,1
2,2,0
0,1,-1
20,7,13
2,2,0
11,4,7
14,1,13
2,2,0
16,0,16
2,0,2
0,0,0
1,3,-2
0,0,0
2,0,2
19,1,18
21,0,21
2,0,2
1,1,0
5,5,0
7,10,-3
61,2,59
0,0,0
2,0,2
7,48,-41
0,0,0
4,1,3
9,11,-2
11,0,11
0,0,0
10,1,9
0,0,0
1,1,0
5,12,-7
0,0,0
8,1,7
2,0,2
4,1,3
7,0,7
6,0,6
3,1,2
0,0,0
2,0,2
2,50,-48
1,1,0
5,10,-5
2,9,-7
1,0,1
0,0,0
4,2,2
3,2,1
0,5,-5
1,1,0
2,1,1
20,0,20
0,0,0
32,0,32
17,17,0
8,0,8
9,0,9
3,3,0
2,3,-1
5,4,1
3,3,0
1,5,-4
1,6,-5
3,1,2
5,9,-4
6,8,-2
1,2,-1
0,0,0
5,7,-2
7,3,4
39,0,39
8,1,7
0,5,-5
0,0,0
0,3,-3
0,0,0
12,10,2
1,1,0
4,8,-4
3,1,2
2,3,-1
1,1,0
0,0,0
4,0,4
19,0,19
47,0,47
2,1,1
1,0,1
0,0,0
0,0,0
4,0,4
1,0,1
7,5,2
7,11,-4
4,1,3
2,0,2
12,1,11
0,0,0
0,1,-1
1,1,0
0,0,0
2,1,1
7,7,0
1,2,-1
2,0,2
3,0,3
2,0,2
3,3,0
1,3,-2
7,1,6
0,0,0
0,0,0
12,2,10
2,10,-8
3,2,1
0,0,0
2,26,-24
2,7,-5
23,4,19
7,3,4
0,3,-3
1,0,1
5,7,-2
14,27,-13
9,6,3
6,2,4
1,2,-1
9,84,-75
2,0,2
0,0,0
7,1,6
6,7,-1
2,0,2
3,0,3
2,0,2
5,1,4
3,7,-4
0,0,0
7,2,5
4,1,3
17,0,17
1,0,1
0,0,0
4,4,0
0,0,0
0,0,0
2,3,-1
7,2,5
28,1,27
3,2,1
2,1,1
0,4,-4
30,19,11
0,0,0
0,0,0
10,4,6
1,21,-20
2,2,0
8,7,1
9,1,8
12,0,12
0,0,0
6,8,-2
26,13,13
8,3,5
5,0,5
10,0,10
2,4,-2
7,7,0
0,0,0
1,0,1
0,5,-5
9,11,-2
0,2,-2
0,0,0
0,0,0
0,0,0
0,0,0
25,0,25
30,7,23
3,0,3
1,1,0
5,5,0
1,2,-1
2,2,0
0,0,0
1,0,1
0,0,0
6,1,5
3,35,-32
5,1,4
0,0,0
15,0,15
2,2,0
0,0,0
2,4,-2
9,2,7
4,1,3
7,0,7
5,9,-4
5,1,4
15,7,8
0,0,0
4,0,4
6,2,4
8,0,8
25,25,0
0,0,0
13,26,-13
5,7,-2
0,3,-3
19,0,19
1,0,1
4,5,-1
2,0,2
11,0,11
14,9,5
0,0,0
4,0,4
0,2,-2
2,0,2
3,1,2
4,0,4
34,1,33
2,3,-1
0,11,-11
9,8,1
15,4,11
4,0,4
4,0,4
7,1,6
7,8,-1
0,0,0
20,3,17
8,0,8
0,0,0
12,0,12
4,0,4
7,1,6
0,2,-2
2,0,2
0,0,0
2,4,-2
2,2,0
19,0,19
3,4,-1
35,35,0
6,0,6
7,0,7
5,0,5
12,7,5
9,0,9
0,1,-1
1,0,1
15,6,9
0,0,0
0,3,-3
4,0,4
3,0,3
2,3,-1
5,5,0
6,7,-1
0,10,-10
7,1,6
0,7,-7
25,4,21
0,0,0
1,0,1
2,0,2
1,3,-2
2,0,2
19,2,17
30,46,-16
4,0,4
2,3,-1
0,1,-1
3,0,3
1,0,1
0,0,0
0,1,-1
5,3,2
8,0,8
1,0,1
4,9,-5
0,0,0
8,1,7
0,0,0
6,0,6
0,9,-9
8,1,7
0,0,0
5,1,4
3,0,3
12,10,2
0,0,0
0,0,0
0,2,-2
0,0,0
20,11,9
4,0,4
3,0,3
3,0,3
7,2,5
7,8,-1
0,8,-8
14,26,-12
7,5,2
0,0,0
11,0,11
4,1,3
16,5,11
25,1,24
9,62,-53
4,7,-3
8,7,1
55,42,13
0,0,0
49,55,-6
12,0,12
0,0,0
4,0,4
6,2,4
2,0,2
16,1,15
5,0,5
0,1,-1
15,2,13
0,0,0
9,0,9
0,0,0
15,1,14
4,2,2
33,19,14
0,0,0
46,7,39
47,0,47
2,7,-5
2,3,-1
31,8,23
0,0,0
5,7,-2
24,4,20
0,0,0
3,0,3
1,0,1
9,1,8
1,1,0
4,0,4
8,8,0
0,9,-9
9,0,9
2,7,-5
4,0,4
2,41,-39
0,0,0
3,0,3
0,0,0
9,1,8
9,9,0
3,1,2
8,6,2
4,1,3
16,0,16
5,0,5
1,3,-2
0,1,-1
13,6,7
10,0,10
1,0,1
3,0,3
18,5,13
2,4,-2
4,3,1
2,1,1
14,2,12
0,0,0
5,0,5
3,0,3
5,5,0
6,1,5
3,3,0
13,10,3
0,4,-4
3,0,3
0,0,0
6,10,-4
18,0,18
10,2,8
1,1,0
2,5,-3
11,8,3
28,3,25
8,23,-15
8,3,5
3,1,2
1,0,1
1,7,-6
7,3,4
1,0,1
0,6,-6
3,0,3
11,0,11
2,5,-3
3,0,3
10,2,8
3,2,1
1,1,0
5,0,5
3,1,2
1,7,-6
3,2,1
2,6,-4
2,19,-17
0,0,0
0,1,-1
2,0,2
4,0,4
4,7,-3
3,7,-4
15,0,15
3,3,0
7,1,6
4,7,-3
34,0,34
1,0,1
3,0,3
2,7,-5
5,5,0
5,7,-2
1,6,-5
14,1,13
9,0,9
37,1,36
1,2,-1
4,11,-7
27,33,-6
9,1,8
3,0,3
1,0,1
8,0,8
5,0,5
1,4,-3
8,3,5
15,0,15
13,0,13
0,0,0
1,0,1
9,9,0
3,0,3
43,1,42
10,7,3
8,2,6
0,0,0
3,0,3
1,0,1
12,10,2
5,24,-19
0,1,-1
51,9,42
1,1,0
5,7,-2
38,71,-33
6,3,3
1,0,1
0,1,-1
13,0,13
2,2,0
15,2,13
0,2,-2
0,0,0
12,4,8
16,0,16
2,3,-1
1,0,1
4,0,4
2,2,0
3,1,2
8,0,8
2,2,0
2,0,2
8,21,-13
2,8,-6
0,2,-2
4,2,2
0,0,0
24,1,23
5,0,5
5,0,5
12,0,12
1,0,1
1,3,-2
11,0,11
0,0,0
0,0,0
2,0,2
3,5,-2
9,0,9
3,25,-22
27,9,18
4,21,-17
36,34,2
4,1,3
4,1,3
4,0,4
5,2,3
0,0,0
10,5,5
11,4,7
0,1,-1
3,3,0
18,0,18
0,1,-1
2,9,-7
0,0,0
2,0,2
3,0,3
4,3,1
0,0,0
1,0,1
0,0,0
7,0,7
1,4,-3
1,1,0
0,0,0
1,1,0
15,5,10
0,0,0
6,2,4
18,15,3
0,0,0
3,0,3
29,19,10
0,4,-4
2,1,1
5,10,-5
0,0,0
3,0,3
15,1,14
0,0,0
2,0,2
0,3,-3
3,0,3
5,1,4
15,9,6
8,2,6
4,5,-1
21,37,-16
16,7,9
1,0,1
0,3,-3
7,1,6
3,0,3
1,1,0
7,12,-5
1,1,0
3,0,3
16,0,16
4,2,2
5,4,1
8,0,8
2,1,1
8,3,5
24,2,22
6,1,5
0,0,0
0,0,0
3,1,2
0,0,0
6,0,6
2,0,2
0,0,0
19,3,16
11,1,10
1,0,1
10,4,6
4,5,-1
6,0,6
2,9,-7
11,0,11
1,2,-1
2,0,2
30,50,-20
8,1,7
8,0,8
2,0,2
1,0,1
0,1,-1
5,5,0
14,0,14
12,6,6
2,0,2
0,6,-6
24,7,17
25,0,25
2,2,0
2,2,0
1,1,0
13,4,9
5,0,5
2,0,2
23,5,18
5,0,5
31,0,31
1,1,0
1,0,1
0,0,0
4,0,4
5,5,0
0,0,0
3,2,1
0,0,0
1,0,1
33,36,-3
12,6,6
9,3,6
6,7,-1
1,2,-1
5,6,-1
2,0,2
1,0,1
1,3,-2
1,0,1
1,0,1
6,0,6
9,14,-5
2,7,-5
25,2,23
5,7,-2
1,2,-1
5,0,5
0,0,0
7,7,0
2,0,2
11,26,-15
4,3,1
6,0,6
7,10,-3
0,0,0
0,1,-1
2,0,2
3,2,1
9,13,-4
1,4,-3
0,2,-2
7,1,6
0,0,0
1,0,1
11,0,11
36,0,36
0,7,-7
4,2,2
0,1,-1
0,1,-1
11,14,-3
19,19,0
3,0,3
2,5,-3
0,1,-1
5,0,5
11,1,10
6,7,-1
3,0,3
6,41,-35
0,0,0
2,0,2
0,0,0
1,7,-6
10,0,10
14,1,13
1,0,1
0,0,0
0,2,-2
3,0,3
0,0,0
1,14,-13
9,5,4
0,0,0
36,22,14
1,1,0
5,0,5
25,4,21
0,0,0
14,0,14
13,10,3
4,0,4
1,0,1
4,2,2
3,5,-2
4,3,1
0,3,-3
1,0,1
6,6,0
2,0,2
26,0,26
13,2,11
3,5,-2
3,1,2
3,0,3
0,7,-7
3,1,2
41,0,41
2,2,0
0,0,0
4,6,-2
4,14,-10
17,4,13
5,8,-3
0,0,0
4,0,4
21,0,21
0,0,0
3,2,1
10,3,7
6,6,0
1,0,1
7,1,6
0,0,0
0,1,-1
0,0,0
10,0,10
9,0,9
1,1,0
6,7,-1
0,0,0
3,1,2
4,4,0
2,2,0
21,1,20
8,0,8
1,3,-2
1,0,1
0,0,0
37,5,32
1,0,1
3,0,3
3,1,2
18,1,17
35,26,9
3,3,0
2,0,2
9,3,6
1,1,0
2,3,-1
8,6,2
0,0,0
1,1,0
6,7,-1
14,1,13
15,1,14
1,0,1
11,15,-4
3,0,3
12,1,11
1,0,1
12,1,11
1,9,-8
0,0,0
16,1,15
27,7,20
1,0,1
0,0,0
0,0,0
16,1,15
7,3,4
0,1,-1
0,0,0
1,1,0
1,0,1
1,3,-2
7,3,4
0,0,0
2,0,2
5,11,-6
20,0,20
0,0,0
6,0,6
3,0,3
11,6,5
0,0,0
8,8,0
15,34,-19
16,9,7
21,21,0
1,0,1
1,6,-5
4,0,4
9,1,8
2,0,2
6,6,0
0,0,0
0,0,0
0,0,0
2,1,1
11,5,6
0,0,0
4,0,4
25,0,25
13,1,12
0,0,0
1,0,1
0,0,0
8,1,7
1,0,1
5,34,-29
34,0,34
1,3,-2
1,0,1
1,0,1
32,0,32
0,9,-9
27,0,27
14,6,8
1,0,1
0,5,-5
0,0,0
3,0,3
1,7,-6
11,5,6
0,0,0
6,6,0
13,0,13
4,0,4
2,3,-1
7,5,2
3,4,-1
2,1,1
2,0,2
10,7,3
12,5,7
17,12,5
1,1,0
0,0,0
14,6,8
4,0,4
14,19,-5
1,6,-5
11,0,11
1,1,0
2,0,2
1,2,-1
20,0,20
15,16,-1
25,47,-22
3,3,0
0,0,0
16,0,16
4,2,2
0,1,-1
4,2,2
21,4,17
6,1,5
1,0,1
1,0,1
6,2,4
8,0,8
0,0,0
2,0,2
0,3,-3
5,5,0
5,3,2
0,0,0
0,0,0
14,0,14
2,0,2
12,1,11
1,12,-11
6,0,6
1,2,-1
4,0,4
5,7,-2
4,3,1
0,1,-1
14,0,14
3,2,1
9,6,3
14,2,12
3,5,-2
9,0,9
8,3,5
2,0,2
0,4,-4
2,0,2
10,2,8
9,2,7
18,12,6
7,0,7
13,7,6
2,13,-11
4,11,-7
3,0,3
11,7,4
34,0,34
19,5,14
2,2,0
8,2,6
2,0,2
6,0,6
1,4,-3
0,0,0
1,0,1
15,9,6
0,0,0
1,0,1
3,0,3
0,0,0
12,0,12
3,2,1
9,0,9
20,3,17
1,1,0
7,4,3
5,1,4
3,0,3
2,1,1
0,2,-2
14,10,4
15,10,5
2,0,2
2,2,0
32,36,-4
25,0,25
1,9,-8
0,4,-4
4,5,-1
1,1,0
13,2,11
1,0,1
1,3,-2
2,2,0
35,5,30
7,9,-2
11,1,10
9,0,9
0,2,-2
1,7,-6
6,1,5
10,9,1
2,1,1
4,0,4
13,3,10
7,0,7
1,0,1
3,2,1
19,1,18
9,1,8
1,0,1
14,0,14
0,0,0
15,2,13
7,7,0
0,0,0
5,0,5
7,5,2
2,3,-1
0,0,0
42,3,39
8,16,-8
6,14,-8
2,0,2
2,4,-2
6,1,5
56,56,0
6,0,6
7,0,7
0,0,0
1,8,-7
0,3,-3
0,0,0
0,0,0
5,8,-3
0,2,-2
3,0,3
11,0,11
3,0,3
2,1,1
21,37,-16
28,12,16
0,0,0
33,37,-4
0,0,0
8,5,3
6,0,6
4,0,4
1,0,1
0,4,-4
6,1,5
1,1,0
10,1,9
1,1,0
20,15,5
4,0,4
2,5,-3
15,0,15
19,16,3
0,0,0
0,0,0
12,0,12
2,0,2
1,1,0
3,0,3
2,46,-44
14,1,13
3,0,3
1,0,1
5,14,-9
7,9,-2
10,10,0
6,2,4
1,0,1
0,4,-4
10,4,6
0,0,0
6,7,-1
4,1,3
4,3,1
9,5,4
3,1,2
10,7,3
2,2,0
12,6,6
0,4,-4
6,0,6
1,1,0
9,20,-11
0,5,-5
20,5,15
14,14,0
5,0,5
5,0,5
5,0,5
0,0,0
2,1,1
14,5,9
1,6,-5
0,0,0
3,0,3
5,8,-3
1,0,1
1,1,0
9,1,8
0,0,0
30,0,30
6,4,2
20,15,5
18,33,-15
5,1,4
16,0,16
0,2,-2
2,1,1
51,58,-7
0,0,0
10,9,1
17,0,17
3,1,2
16,7,9
6,6,0
0,0,0
4,0,4
5,3,2
4,1,3
24,0,24
12,1,11
0,1,-1
8,1,7
12,6,6
19,39,-20
1,0,1
9,5,4
0,0,0
10,0,10
4,9,-5
1,6,-5
5,0,5
1,2,-1
6,19,-13
3,0,3
28,10,18
0,0,0
1,1,0
1,2,-1
6,0,6
12,1,11
2,0,2
5,2,3
1,3,-2
3,2,1
1,0,1
2,0,2
8,0,8
4,0,4
1,0,1
3,1,2
4,0,4
51,0,51
4,6,-2
20,0,20
88,0,88
0,0,0
4,6,-2
0,0,0
5,0,5
10,3,7
8,0,8
14,0,14
0,4,-4
6,7,-1
12,1,11
0,0,0
0,0,0
15,2,13
20,16,4
18,3,15
0,0,0
1,10,-9
5,1,4
0,0,0
14,1,13
6,2,4
0,0,0
0,27,-27
7,10,-3
0,7,-7
3,11,-8
0,2,-2
12,0,12
3,4,-1
1,5,-4
2,36,-34
3,5,-2
1,0,1
34,7,27
1,1,0
14,10,4
1,3,-2
23,0,23
19,0,19
4,2,2
10,5,5
5,7,-2
2,0,2
5,0,5
17,0,17
4,4,0
15,1,14
6,0,6
9,3,6
6,0,6
2,0,2
1,1,0
13,8,5
5,5,0
0,1,-1
4,2,2
0,0,0
1,1,0
0,0,0
40,7,33
5,2,3
8,3,5
12,0,12
6,0,6
1,2,-1
17,0,17
10,6,4
5,0,5
7,2,5
10,14,-4
0,0,0
15,1,14
12,6,6
1,0,1
0,1,-1
9,2,7
8,3,5
4,4,0
1,0,1
0,0,0
16,6,10
24,1,23
0,0,0
5,4,1
17,16,1
0,0,0
6,0,6
6,1,5
1,9,-8
5,9,-4
8,2,6
1,0,1
16,1,15
6,10,-4
8,0,8
8,9,-1
19,0,19
22,1,21
5,5,0
0,0,0
0,2,-2
0,0,0
28,1,27
0,0,0
5,0,5
0,0,0
1,2,-1
0,7,-7
1,0,1
7,7,0
3,7,-4
0,1,-1
0,41,-41
0,5,-5
2,0,2
1,2,-1
7,3,4
2,1,1
7,6,1
3,4,-1
0,1,-1
8,5,3
0,0,0
0,0,0
1,2,-1
0,10,-10
1,0,1
5,4,1
8,0,8
1,0,1
4,1,3
16,0,16
10,1,9
2,7,-5
21,0,21
36,0,36
0,5,-5
25,19,6
12,6,6
0,1,-1
0,1,-1
16,8,8
18,2,16
22,1,21
4,3,1
2,7,-5
20,7,13
3,0,3
1,0,1
42,2,40
2,1,1
13,1,12
7,9,-2
4,0,4
5,8,-3
1,5,-4
3,0,3
7,0,7
3,0,3
0,0,0
1,0,1
0,0,0
7,1,6
2,0,2
5,5,0
3,5,-2
32,11,21
4,0,4
3,12,-9
0,0,0
11,14,-3
9,3,6
2,0,2
8,5,3
9,9,0
23,15,8
3,5,-2
1,0,1
3,7,-4
0,0,0
1,0,1
33,7,26
12,5,7
6,1,5
0,0,0
23,17,6
0,0,0
0,0,0
7,0,7
4,0,4
6,0,6
37,7,30
0,0,0
1,3,-2
0,7,-7
8,7,1
11,11,0
11,8,3
5,5,0
5,0,5
5,0,5
2,7,-5
4,0,4
47,0,47
1,0,1
3,1,2
14,2,12
10,12,-2
5,3,2
5,0,5
5,5,0
4,0,4
1,1,0
3,0,3
7,6,1
2,1,1
23,7,16
1,0,1
3,3,0
16,1,15
1,0,1
13,3,10
17,9,8
0,0,0
6,3,3
5,0,5
0,0,0
11,0,11
3,0,3
3,4,-1
1,4,-3
1,1,0
3,2,1
1,1,0
0,0,0
7,8,-1
0,0,0
13,4,9
4,7,-3
4,0,4
9,4,5
11,0,11
6,4,2
5,0,5
2,0,2
1,7,-6
1,3,-2
8,1,7
9,0,9
2,1,1
0,0,0
10,8,2
5,0,5
2,2,0
2,2,0
1,1,0
2,4,-2
0,0,0
2,0,2
12,7,5
3,8,-5
4,0,4
4,7,-3
0,0,0
10,10,0
1,0,1
12,15,-3
4,3,1
1,2,-1
2,3,-1
2,0,2
0,0,0
0,7,-7
6,14,-8
0,0,0
22,0,22
7,2,5
3,6,-3
0,0,0
23,3,20
6,0,6
0,0,0
7,0,7
0,0,0
0,1,-1
4,3,1
7,0,7
40,19,21
0,0,0
6,0,6
5,1,4
14,6,8
1,1,0
1,2,-1
14,9,5
15,7,8
0,0,0
11,0,11
0,0,0
1,0,1
4,0,4
1,22,-21
4,1,3
15,5,10
9,4,5
1,1,0
3,0,3
5,0,5
0,0,0
1,0,1
43,9,34
4,1,3
0,6,-6
4,0,4
0,0,0
12,7,5
0,2,-2
4,0,4
6,4,2
0,0,0
0,0,0
8,0,8
3,15,-12
19,0,19
6,4,2
3,2,1
11,4,7
0,0,0
3,3,0
1,0,1
1,2,-1
24,7,17
0,0,0
2,1,1
0,0,0
1,0,1
19,1,18
9,4,5
2,0,2
2,3,-1
0,0,0
0,0,0
0,2,-2
9,0,9
28,1,27
1,4,-3
13,9,4
5,2,3
14,7,7
0,0,0
6,0,6
0,0,0
0,2,-2
4,0,4
1,0,1
2,0,2
3,0,3
4,0,4
0,0,0
15,1,14
12,72,-60
0,3,-3
5,10,-5
7,5,2
6,2,4
3,9,-6
3,2,1
0,1,-1
1,7,-6
8,13,-5
2,7,-5
34,3,31
0,0,0
35,5,30
18,1,17
5,2,3
6,10,-4
15,1,14
8,14,-6
9,2,7
9,7,2
0,0,0
1,5,-4
2,2,0
5,7,-2
1,0,1
1,5,-4
0,0,0
0,4,-4
2,0,2
4,0,4
6,1,5
43,9,34
1,0,1
22,2,20
5,0,5
14,1,13
10,0,10
3,4,-1
20,4,16
0,0,0
0,0,0
14,41,-27
10,0,10
2,51,-49
2,0,2
5,1,4
6,0,6
4,2,2
2,16,-14
2,1,1
3,1,2
2,4,-2
15,0,15
6,0,6
16,4,12
61,13,48
17,1,16
20,5,15
23,58,-35
5,62,-57
0,0,0
6,2,4
1,1,0
6,5,1
0,1,-1
8,0,8
0,1,-1
10,8,2
14,26,-12
19,4,15
7,0,7
9,3,6
46,14,32
0,0,0
0,0,0
3,3,0
6,1,5
5,2,3
1,1,0
4,0,4
7,3,4
13,0,13
65,50,15
3,1,2
0,5,-5
3,0,3
4,3,1
47,31,16
1,0,1
0,0,0
0,1,-1
1,0,1
64,64,0
9,0,9
8,0,8
5,1,4
2,3,-1
1,10,-9
1,0,1
0,1,-1
2,0,2
0,0,0
12,1,11
6,3,3
4,0,4
0,0,0
12,7,5
3,7,-4
1,0,1
1,1,0
0,0,0
9,0,9
1,3,-2
5,2,3
2,1,1
7,1,6
2,0,2
3,4,-1
8,1,7
7,1,6
11,3,8
4,1,3
0,0,0
2,6,-4
2,2,0
8,4,4
14,14,0
17,5,12
8,13,-5
18,1,17
3,0,3
5,0,5
1,0,1
24,6,18
15,11,4
7,3,4
3,5,-2
5,5,0
5,2,3
0,1,-1
0,0,0
8,0,8
19,2,17
0,0,0
0,1,-1
15,6,9
6,7,-1
1,0,1
0,0,0
0,3,-3
1,2,-1
1,0,1
6,0,6
0,0,0
0,0,0
0,0,0
0,4,-4
0,10,-10
8,0,8
6,7,-1
6,0,6
0,0,0
9,0,9
1,5,-4
1,2,-1
6,1,5
13,4,9
3,4,-1
0,0,0
1,0,1
6,0,6
8,2,6
5,5,0
20,6,14
1,0,1
1,0,1
3,1,2
19,5,14
3,0,3
0,2,-2
1,1,0
2,2,0
0,0,0
12,0,12
1,1,0
9,0,9
3,0,3
0,0,0
4,0,4
4,4,0
4,54,-50
8,7,1
4,10,-6
7,8,-1
0,2,-2
1,0,1
1,0,1
2,1,1
0,0,0
1,0,1
0,5,-5
0,2,-2
15,1,14
4,1,3
5,8,-3
10,0,10
7,7,0
0,6,-6
0,1,-1
0,2,-2
6,7,-1
53,0,53
4,4,0
4,0,4
0,1,-1
0,3,-3
0,0,0
5,5,0
6,0,6
10,10,0
1,10,-9
11,3,8
1,0,1
2,0,2
3,32,-29
1,0,1
54,22,32
14,0,14
0,9,-9
16,1,15
5,0,5
2,0,2
9,8,1
0,0,0
2,7,-5
0,2,-2
0,0,0
2,3,-1
9,1,8
11,0,11
0,2,-2
1,4,-3
3,0,3
2,0,2
2,1,1
2,2,0
1,0,1
1,0,1
10,12,-2
9,10,-1
18,7,11
1,3,-2
3,0,3
0,0,0
26,2,24
0,9,-9
0,0,0
1,0,1
0,0,0
2,19,-17
0,0,0
9,0,9
11,7,4
2,1,1
2,0,2
2,2,0
9,1,8
7,0,7
0,0,0
0,10,-10
11,9,2
0,2,-2
20,5,15
9,2,7
4,1,3
11,3,8
5,11,-6
18,6,12
3,11,-8
5,2,3
5,0,5
0,2,-2
0,0,0
2,1,1
1,0,1
2,0,2
18,7,11
0,0,0
7,4,3
0,0,0
5,7,-2
7,0,7
0,0,0
4,0,4
7,3,4
4,1,3
3,0,3
7,1,6
1,0,1
5,0,5
0,0,0
0,0,0
0,0,0
10,9,1
1,10,-9
2,2,0
0,4,-4
1,0,1
14,0,14
0,0,0
4,7,-3
8,0,8
0,0,0
1,1,0
0,0,0
3,1,2
2,0,2
2,2,0
4,13,-9
4,0,4
0,0,0
3,0,3
33,12,21
6,0,6
6,0,6
4,7,-3
0,0,0
7,0,7
1,0,1
6,1,5
9,0,9
1,0,1
2,2,0
17,11,6
7,1,6
13,6,7
6,4,2
0,0,0
0,1,-1
3,7,-4
6,5,1
0,0,0
3,0,3
0,0,0
0,0,0
23,14,9
7,0,7
0,0,0
9,1,8
0,1,-1
1,0,1
2,6,-4
19,15,4
8,0,8
28,15,13
1,2,-1
2,2,0
17,17,0
7,4,3
5,0,5
4,0,4
1,0,1
16,8,8
4,4,0
1,4,-3
7,0,7
0,0,0
3,1,2
0,2,-2
15,0,15
8,2,6
19,0,19
7,2,5
0,0,0
8,0,8
8,4,4
3,0,3
0,0,0
0,0,0
3,3,0
0,0,0
7,7,0
3,0,3
14,14,0
14,28,-14
5,6,-1
0,0,0
9,2,7
3,0,3
2,0,2
0,0,0
4,0,4
15,0,15
5,3,2
5,2,3
61,3,58
28,0,28
21,5,16
5,1,4
11,0,11
19,1,18
0,0,0
0,0,0
4,8,-4
10,2,8
0,0,0
4,4,0
7,8,-1
6,0,6
3,7,-4
2,0,2
14,13,1
4,2,2
10,9,1
0,0,0
3,0,3
7,7,0
2,2,0
1,0,1
4,1,3
1,1,0
16,0,16
0,0,0
17,0,17
10,0,10
1,0,1
2,0,2
34,24,10
29,8,21
1,4,-3
4,2,2
1,0,1
0,7,-7
16,10,6
14,20,-6
8,5,3
2,1,1
4,0,4
0,0,0
2,1,1
10,0,10
0,0,0
0,0,0
1,2,-1
1,1,0
15,19,-4
30,0,30
9,0,9
12,0,12
1,3,-2
0,0,0
1,1,0
24,15,9
0,37,-37
10,7,3
0,0,0
18,4,14
0,0,0
3,0,3
17,0,17
14,3,11
2,3,-1
3,0,3
23,4,19
0,3,-3
3,4,-1
2,0,2
5,0,5
3,0,3
5,0,5
4,0,4
5,10,-5
24,0,24
1,0,1
7,4,3
52,52,0
3,9,-6
0,0,0
1,2,-1
2,0,2
10,0,10
10,1,9
2,0,2
0,2,-2
19,0,19
1,1,0
0,0,0
6,6,0
12,14,-2
17,0,17
1,1,0
4,8,-4
2,8,-6
2,0,2
0,1,-1
8,1,7
6,2,4
4,4,0
3,2,1
14,19,-5
3,0,3
15,10,5
0,0,0
1,0,1
4,3,1
0,0,0
8,17,-9
1,3,-2
2,2,0
5,1,4
1,0,1
10,4,6
2,7,-5
0,1,-1
1,0,1
1,1,0
1,2,-1
36,1,35
21,2,19
0,0,0
2,21,-19
4,8,-4
2,0,2
6,1,5
5,4,1
38,3,35
1,2,-1
0,0,0
3,0,3
14,0,14
5,4,1
1,3,-2
11,5,6
1,0,1
1,4,-3
2,0,2
8,0,8
6,11,-5
1,6,-5
0,0,0
0,0,0
5,15,-10
7,6,1
1,0,1
1,7,-6
7,6,1
1,3,-2
6,0,6
11,0,11
2,3,-1
4,4,0
1,2,-1
17,1,16
9,0,9
7,4,3
5,2,3
3,0,3
2,0,2
51,8,43
7,0,7
0,1,-1
8,1,7
6,0,6
2,50,-48
0,0,0
7,0,7
4,0,4
16,2,14
0,0,0
4,7,-3
0,0,0
5,3,2
4,0,4
7,11,-4
10,1,9
2,0,2
4,13,-9
10,0,10
9,22,-13
8,0,8
32,19,13
28,5,23
0,0,0
0,1,-1
5,3,2
1,5,-4
30,8,22
0,0,0
0,0,0
4,0,4
1,0,1
7,2,5
8,0,8
7,0,7
4,2,2
1,7,-6
23,0,23
0,1,-1
2,2,0
0,4,-4
0,0,0
0,1,-1
0,0,0
0,0,0
7,26,-19
0,0,0
12,4,8
2,6,-4
0,0,0
0,2,-2
13,2,11
4,1,3
17,5,12
7,27,-20
4,5,-1
11,0,11
12,5,7
1,5,-4
12,5,7
0,6,-6
24,0,24
0,0,0
34,10,24
0,2,-2
0,0,0
2,31,-29
11,23,-12
5,6,-1
0,0,0
4,4,0
10,9,1
5,0,5
4,1,3
6,7,-1
1,0,1
0,0,0
40,1,39
12,3,9
36,1,35
6,16,-10
3,7,-4
2,0,2
9,0,9
7,2,5
13,0,13
0,0,0
1,0,1
5,4,1
11,5,6
0,0,0
1,0,1
1,0,1
5,8,-3
10,0,10
0,1,-1
18,2,16
3,3,0
1,0,1
0,0,0
0,1,-1
3,4,-1
6,2,4
3,3,0
3,2,1
0,0,0
2,4,-2
8,12,-4
0,0,0
0,0,0
6,1,5
2,0,2
19,7,12
0,6,-6
7,7,0
0,0,0
0,0,0
0,0,0
8,8,0
20,2,18
4,0,4
85,0,85
0,1,-1
3,2,1
1,1,0
2,0,2
10,0,10
1,0,1
5,3,2
0,1,-1
8,20,-12
4,7,-3
33,33,0
2,2,0
2,1,1
15,2,13
11,1,10
2,1,1
0,2,-2
1,0,1
0,7,-7
7,2,5
12,1,11
2,0,2
1,2,-1
0,0,0
2,0,2
0,2,-2
1,11,-10
0,0,0
24,9,15
3,3,0
33,20,13
0,1,-1
13,0,13
2,1,1
4,2,2
1,1,0
5,0,5
16,26,-10
1,1,0
0,0,0
1,0,1
7,0,7
3,0,3
77,1,76
19,0,19
20,5,15
1,1,0
1,0,1
51,22,29
13,0,13
14,0,14
10,9,1
18,19,-1
6,7,-1
3,4,-1
10,13,-3
4,7,-3
9,3,6
0,0,0
0,1,-1
2,8,-6
9,8,1
1,0,1
0,0,0
9,0,9
15,0,15
2,3,-1
2,1,1
23,14,9
6,11,-5
14,1,13
0,0,0
3,2,1
1,0,1
2,0,2
19,14,5
0,0,0
2,2,0
5,5,0
15,7,8
3,0,3
83,1,82
14,2,12
3,2,1
3,1,2
17,1,16
4,0,4
1,0,1
1,1,0
15,1,14
1,5,-4
8,18,-10
0,0,0
4,1,3
10,0,10
0,0,0
21,3,18
9,2,7
1,0,1
0,0,0
0,1,-1
15,0,15
1,3,-2
0,0,0
2,0,2
0,0,0
17,7,10
0,0,0
4,4,0
32,27,5
2,5,-3
11,2,9
1,0,1
15,0,15
0,5,-5
12,0,12
5,1,4
1,0,1
0,0,0
9,1,8
1,3,-2
6,5,1
0,0,0
0,1,-1
1,0,1
0,1,-1
2,1,1
1,0,1
3,1,2
4,0,4
6,1,5
9,7,2
19,0,19
7,0,7
1,0,1
10,0,10
0,0,0
15,3,12
11,0,11
0,0,0
2,0,2
6,8,-2
0,0,0
0,0,0
21,0,21
0,2,-2
4,0,4
17,5,12
0,0,0
6,1,5
9,2,7
15,0,15
7,2,5
3,0,3
1,5,-4
2,6,-4
8,3,5
1,3,-2
0,0,0
0,0,0
29,7,22
13,1,12
1,0,1
0,1,-1
36,47,-11
0,0,0
5,46,-41
4,0,4
0,0,0
14,3,11
8,11,-3
1,2,-1
2,4,-2
19,0,19
2,1,1
2,3,-1
8,0,8
11,0,11
7,10,-3
12,14,-2
2,5,-3
0,0,0
5,0,5
5,2,3
0,0,0
6,1,5
0,0,0
1,0,1
8,8,0
3,7,-4
0,0,0
1,1,0
1,0,1
0,0,0
3,1,2
8,1,7
11,1,10
13,3,10
0,0,0
21,4,17
2,2,0
1,0,1
4,0,4
6,18,-12
1,4,-3
2,18,-16
6,7,-1
2,4,-2
0,0,0
18,0,18
17,0,17
8,12,-4
1,1,0
20,6,14
2,2,0
3,2,1
10,0,10
0,0,0
3,0,3
6,0,6
4,11,-7
2,31,-29
0,0,0
4,3,1
11,0,11
1,17,-16
0,0,0
1,1,0
18,1,17
15,0,15
0,0,0
9,3,6
2,6,-4
0,0,0
15,17,-2
12,5,7
5,4,1
6,0,6
6,2,4
12,12,0
16,0,16
1,1,0
13,0,13
5,0,5
1,0,1
43,2,41
2,0,2
0,7,-7
0,0,0
5,9,-4
12,3,9
8,7,1
0,3,-3
0,1,-1
9,15,-6
3,1,2
11,7,4
4,6,-2
2,2,0
7,0,7
6,0,6
12,0,12
1,0,1
20,48,-28
5,2,3
0,3,-3
2,1,1
7,0,7
4,1,3
7,9,-2
1,2,-1
2,0,2
7,7,0
1,0,1
28,2,26
3,0,3
4,0,4
25,22,3
5,4,1
0,10,-10
6,0,6
5,2,3
5,0,5
0,3,-3
10,0,10
2,0,2
3,0,3
10,10,0
2,0,2
0,0,0
5,0,5
21,2,19
10,0,10
2,0,2
13,1,12
5,1,4
0,0,0
2,0,2
8,1,7
6,0,6
5,2,3
0,0,0
2,1,1
0,1,-1
0,0,0
42,42,0
1,1,0
5,0,5
11,13,-2
0,0,0
0,0,0
0,0,0
1,1,0
0,4,-4
35,17,18
9,2,7
14,1,13
1,8,-7
2,0,2
0,1,-1
6,2,4
15,3,12
0,0,0
0,0,0
0,0,0
11,11,0
3,0,3
0,0,0
3,0,3
1,1,0
5,5,0
10,1,9
36,36,0
2,0,2
21,8,13
0,0,0
6,1,5
5,10,-5
8,2,6
4,8,-4
0,0,0
7,3,4
0,0,0
8,4,4
0,3,-3
25,2,23
8,1,7
3,3,0
0,2,-2
0,0,0
0,0,0
0,1,-1
56,1,55
13,20,-7
21,19,2
0,5,-5
1,1,0
0,0,0
11,0,11
4,2,2
16,1,15
3,0,3
2,1,1
0,0,0
6,5,1
0,0,0
2,0,2
14,7,7
2,0,2
4,2,2
16,2,14
2,0,2
10,6,4
0,0,0
12,24,-12
14,2,12
1,1,0
18,0,18
11,2,9
1,5,-4
3,1,2
1,0,1
15,2,13
9,0,9
9,2,7
12,31,-19
0,0,0
15,1,14
1,2,-1
7,2,5
18,1,17
8,0,8
2,2,0
7,66,-59
4,0,4
12,1,11
2,35,-33
0,4,-4
0,0,0
0,0,0
0,13,-13
4,0,4
21,21,0
0,5,-5
11,2,9
5,5,0
15,15,0
3,0,3
8,3,5
3,4,-1
9,0,9
1,0,1
17,11,6
10,3,7
2,1,1
0,0,0
2,2,0
11,0,11
5,4,1
21,3,18
0,0,0
0,0,0
4,15,-11
16,23,-7
3,0,3
3,6,-3
11,31,-20
9,15,-6
1,0,1
2,0,2
6,3,3
5,0,5
10,8,2
9,11,-2
0,0,0
0,0,0
6,3,3
12,0,12
3,22,-19
5,2,3
0,25,-25
0,0,0
2,2,0
10,2,8
4,4,0
3,1,2
3,0,3
8,6,2
0,0,0
0,5,-5
1,1,0
1,2,-1
3,2,1
20,3,17
1,3,-2
0,0,0
11,0,11
5,6,-1
14,5,9
1,1,0
0,0,0
29,9,20
13,0,13
7,4,3
11,7,4
16,40,-24
3,5,-2
1,1,0
3,0,3
2,1,1
7,31,-24
1,1,0
12,2,10
4,2,2
1,1,0
18,0,18
14,7,7
5,3,2
2,2,0
9,1,8
0,0,0
0,7,-7
3,0,3
1,7,-6
1,2,-1
2,0,2
3,0,3
0,0,0
0,0,0
0,0,0
0,0,0
0,0,0
3,2,1
5,0,5
2,0,2
1,0,1
0,0,0
1,0,1
0,0,0
15,6,9
10,1,9
6,12,-6
18,7,11
9,11,-2
17,0,17
6,5,1
2,0,2
1,0,1
0,0,0
5,4,1
0,0,0
7,0,7
1,0,1
5,1,4
19,3,16
0,1,-1
3,0,3
4,2,2
3,6,-3
1,1,0
4,9,-5
16,11,5
6,3,3
9,9,0
0,1,-1
0,0,0
1,0,1
13,0,13
3,0,3
0,0,0
6,7,-1
9,0,9
12,0,12
81,3,78
0,0,0
7,5,2
15,50,-35
3,4,-1
0,0,0
2,3,-1
13,0,13
0,1,-1
2,0,2
1,0,1
9,7,2
1,0,1
0,0,0
2,0,2
2,3,-1
23,2,21
2,2,0
12,2,10
2,0,2
1,0,1
11,11,0
1,5,-4
0,0,0
1,0,1
12,12,0
10,4,6
14,0,14
2,0,2
2,1,1
1,1,0
9,9,0
0,0,0
4,0,4
16,0,16
3,1,2
0,2,-2
4,1,3
17,0,17
2,7,-5
1,0,1
2,5,-3
6,1,5
3,1,2
1,0,1
2,8,-6
4,1,3
15,2,13
1,0,1
5,1,4
2,5,-3
0,0,0
0,0,0
15,0,15
0,2,-2
0,0,0
8,37,-29
8,7,1
0,0,0
11,5,6
0,0,0
4,0,4
0,0,0
2,0,2
6,1,5
19,1,18
2,0,2
0,9,-9
16,0,16
0,0,0
3,0,3
5,4,1
2,3,-1
0,0,0
11,7,4
4,0,4
1,0,1
3,2,1
1,10,-9
5,2,3
0,1,-1
1,17,-16
16,2,14
12,1,11
23,1,22
0,1,-1
16,15,1
6,3,3
6,0,6
6,2,4
0,0,0
3,0,3
1,1,0
0,3,-3
10,1,9
3,0,3
16,14,2
6,8,-2
7,0,7
4,2,2
12,12,0
3,0,3
0,0,0
4,0,4
17,2,15
42,31,11
3,0,3
15,3,12
6,4,2
6,0,6
0,0,0
4,0,4
1,0,1
4,2,2
0,0,0
0,0,0
4,6,-2
1,2,-1
16,6,10
0,0,0
1,4,-3
0,9,-9
1,0,1
6,3,3
7,3,4
4,3,1
0,1,-1
5,0,5
31,4,27
1,1,0
1,0,1
0,0,0
5,4,1
1,0,1
8,0,8
6,9,-3
6,0,6
4,3,1
8,0,8
24,62,-38
7,15,-8
5,5,0
8,1,7
71,71,0
21,0,21
10,4,6
12,1,11
0,0,0
9,0,9
7,0,7
1,0,1
10,0,10
2,0,2
12,3,9
13,1,12
18,2,16
4,0,4
6,0,6
1,30,-29
8,3,5
0,0,0
0,0,0
1,1,0
11,11,0
6,1,5
8,1,7
1,9,-8
7,4,3
4,0,4
2,2,0
0,10,-10
4,5,-1
11,0,11
11,0,11
6,0,6
0,0,0
16,1,15
1,1,0
0,0,0
1,0,1
0,1,-1
13,7,6
20,2,18
0,0,0
13,0,13
8,0,8
0,0,0
9,5,4
1,0,1
13,0,13
1,0,1
19,18,1
0,0,0
1,1,0
23,11,12
0,1,-1
17,15,2
28,28,0
3,0,3
8,1,7
2,6,-4
2,7,-5
0,0,0
18,7,11
17,30,-13
0,0,0
2,2,0
0,6,-6
0,5,-5
1,0,1
32,32,0
52,0,52
11,5,6
0,0,0
1,0,1
5,0,5
6,11,-5
1,2,-1
15,9,6
2,1,1
1,1,0
0,0,0
0,0,0
2,8,-6
0,0,0
8,15,-7
23,0,23
0,1,-1
0,0,0
11,0,11
5,3,2
36,9,27
2,1,1
5,3,2
1,3,-2
13,3,10
39,92,-53
0,0,0
1,0,1
24,16,8
6,3,3
1,7,-6
0,0,0
24,7,17
10,3,7
7,6,1
1,1,0
16,5,11
0,4,-4
0,0,0
9,0,9
28,1,27
1,1,0
0,0,0
7,0,7
7,7,0
1,1,0
20,25,-5
29,0,29
8,8,0
1,2,-1
1,0,1
9,6,3
11,0,11
2,0,2
0,5,-5
35,35,0
10,4,6
4,0,4
0,0,0
0,0,0
11,7,4
4,0,4
14,0,14
5,0,5
1,6,-5
0,0,0
3,3,0
7,0,7
0,0,0
13,5,8
2,0,2
1,5,-4
1,0,1
3,6,-3
34,7,27
1,1,0
5,9,-4
2,2,0
3,0,3
7,7,0
1,1,0
0,1,-1
12,7,5
21,8,13
5,6,-1
0,0,0
25,25,0
13,0,13
1,0,1
3,0,3
1,0,1
0,0,0
4,0,4
0,0,0
0,0,0
2,2,0
4,0,4
12,4,8
1,7,-6
12,0,12
7,11,-4
4,3,1
5,1,4
9,1,8
30,8,22
6,0,6
6,3,3
6,0,6
8,1,7
58,14,44
16,8,8
10,7,3
4,5,-1
7,9,-2
8,5,3
5,0,5
4,0,4
5,0,5
11,3,8
0,0,0
3,0,3
1,2,-1
4,0,4
49,13,36
11,11,0
0,0,0
3,3,0
3,3,0
1,1,0
3,1,2
8,0,8
2,2,0
1,1,0
1,6,-5
7,7,0
0,0,0
8,0,8
1,3,-2
0,3,-3
0,0,0
8,0,8
1,1,0
2,6,-4
60,60,0
4,0,4
4,2,2
16,0,16
3,2,1
10,39,-29
1,1,0
0,0,0
6,1,5
12,5,7
4,1,3
4,9,-5
8,0,8
5,0,5
2,5,-3
4,3,1
16,10,6
17,1,16
4,1,3
2,5,-3
0,33,-33
28,35,-7
0,1,-1
14,2,12
0,2,-2
11,2,9
6,0,6
4,0,4
1,4,-3
9,1,8
5,9,-4
10,2,8
21,3,18
8,2,6
10,0,10
0,7,-7
9,7,2
8,1,7
3,0,3
9,2,7
16,16,0
2,0,2
10,1,9
0,7,-7
1,0,1
13,6,7
2,5,-3
1,0,1
5,2,3
0,1,-1
0,22,-22
17,21,-4
2,0,2
9,14,-5
2,0,2
4,4,0
1,4,-3
2,3,-1
3,1,2
0,6,-6
4,4,0
2,2,0
0,8,-8
1,0,1
4,3,1
1,2,-1
0,2,-2
0,0,0
10,3,7
9,2,7
2,10,-8
8,5,3
11,5,6
9,1,8
12,0,12
3,2,1
1,9,-8
3,9,-6
2,38,-36
19,7,12
11,3,8
22,0,22
1,0,1
2,0,2
17,3,14
19,1,18
31,9,22
1,1,0
0,0,0
2,4,-2
5,0,5
0,0,0
1,2,-1
8,3,5
0,0,0
1,2,-1
0,0,0
2,0,2
17,0,17
7,0,7
3,0,3
11,7,4
1,0,1
12,2,10
2,0,2
0,0,0
6,7,-1
8,0,8
7,21,-14
0,0,0
1,0,1
1,0,1
2,0,2
6,6,0
39,1,38
6,1,5
0,0,0
0,1,-1
1,4,-3
55,31,24
2,0,2
5,4,1
2,0,2
35,9,26
12,0,12
3,3,0
9,1,8
6,0,6
18,1,17
13,2,11
2,0,2
1,3,-2
4,5,-1
0,1,-1
12,0,12
4,0,4
5,4,1
4,1,3
4,2,2
2,1,1
4,5,-1
0,0,0
0,0,0
3,4,-1
8,2,6
1,9,-8
3,1,2
2,6,-4
4,2,2
14,7,7
0,0,0
0,0,0
7,2,5
32,0,32
0,0,0
3,2,1
0,0,0
0,1,-1
4,1,3
21,5,16
0,0,0
0,0,0
0,0,0
7,2,5
4,3,1
0,3,-3
3,1,2
7,7,0
0,3,-3
9,1,8
5,5,0
0,0,0
2,0,2
2,7,-5
3,0,3
0,0,0
2,8,-6
0,1,-1
1,5,-4
0,8,-8
72,9,63
0,1,-1
2,2,0
6,2,4
2,1,1
5,2,3
0,0,0
4,0,4
5,3,2
0,0,0
6,0,6
0,0,0
2,2,0
10,42,-32
0,1,-1
1,0,1
1,0,1
1,1,0
18,14,4
2,1,1
18,4,14
8,5,3
4,7,-3
23,4,19
1,0,1
19,0,19
8,5,3
2,0,2
2,0,2
0,0,0
0,0,0
19,22,-3
9,9,0
2,2,0
4,0,4
8,7,1
24,24,0
13,2,11
10,1,9
2,0,2
13,0,13
5,28,-23
0,0,0
8,5,3
20,6,14
2,0,2
21,15,6
9,0,9
9,4,5
0,4,-4
1,0,1
11,4,7
20,1,19
0,0,0
3,3,0
0,0,0
20,7,13
12,8,4
0,0,0
4,2,2
0,0,0
3,2,1
25,0,25
2,2,0
0,0,0
0,0,0
9,1,8
2,2,0
0,0,0
11,15,-4
0,0,0
1,0,1
1,0,1
1,0,1
1,2,-1
3,0,3
3,1,2
3,2,1
1,0,1
0,0,0
2,9,-7
2,0,2
15,4,11
14,1,13
18,4,14
12,5,7
3,5,-2
14,1,13
24,22,2
1,4,-3
0,0,0
10,0,10
0,2,-2
5,0,5
11,11,0
8,1,7
6,10,-4
3,0,3
4,7,-3
9,9,0
2,0,2
2,2,0
0,0,0
16,1,15
0,0,0
5,0,5
13,0,13
1,4,-3
1,0,1
12,0,12
7,8,-1
0,1,-1
0,0,0
2,0,2
1,0,1
15,6,9
2,0,2
3,4,-1
18,6,12
8,0,8
0,0,0
4,14,-10
0,0,0
16,7,9
38,16,22
10,0,10
1,2,-1
8,12,-4
2,0,2
0,3,-3
9,3,6
0,63,-63
5,1,4
2,10,-8
0,2,-2
3,0,3
1,8,-7
8,0,8
0,7,-7
7,1,6
2,0,2
6,6,0
3,2,1
9,1,8
3,1,2
0,3,-3
6,4,2
0,0,0
2,5,-3
12,3,9
26,0,26
0,1,-1
3,40,-37
4,5,-1
16,5,11
1,2,-1
12,12,0
16,0,16
11,1,10
0,7,-7
3,1,2
6,2,4
14,3,11
0,7,-7
3,10,-7
6,4,2
10,2,8
2,0,2
11,0,11
2,1,1
2,4,-2
4,0,4
2,0,2
6,0,6
16,5,11
16,1,15
1,3,-2
1,0,1
3,1,2
0,1,-1
0,1,-1
4,0,4
6,5,1
13,6,7
2,0,2
2,5,-3
16,7,9
11,4,7
13,0,13
5,5,0
7,3,4
21,4,17
0,0,0
30,0,30
14,0,14
11,7,4
2,6,-4
2,0,2
4,4,0
16,5,11
18,0,18
0,2,-2
2,2,0
0,0,0
6,1,5
11,0,11
0,0,0
0,0,0
0,0,0
0,9,-9
9,0,9
3,1,2
11,0,11
29,1,28
2,1,1
2,0,2
0,2,-2
3,0,3
26,48,-22
3,0,3
0,0,0
0,2,-2
10,0,10
5,2,3
2,3,-1
10,28,-18
23,11,12
20,0,20
14,1,13
5,2,3
0,0,0
9,9,0
10,0,10
12,1,11
5,0,5
1,2,-1
1,2,-1
26,0,26
12,0,12
1,1,0
2,0,2
0,4,-4
33,46,-13
27,21,6
2,0,2
39,66,-27
14,3,11
0,0,0
0,11,-11
6,15,-9
1,0,1
0,0,0
4,11,-7
2,7,-5
2,0,2
1,0,1
2,1,1
51,16,35
2,24,-22
5,0,5
0,2,-2
1,1,0
2,2,0
0,0,0
3,0,3
31,22,9
2,0,2
17,1,16
5,4,1
10,5,5
0,0,0
6,2,4
0,0,0
12,0,12
7,0,7
2,4,-2
0,0,0
1,0,1
0,1,-1
5,0,5
0,8,-8
0,4,-4
13,0,13
60,1,59
13,7,6
6,0,6
0,0,0
10,3,7
0,0,0
14,0,14
6,1,5
10,0,10
1,0,1
14,2,12
5,0,5
18,9,9
22,0,22
16,13,3
1,7,-6
3,0,3
5,3,2
21,22,-1
2,0,2
5,2,3
11,0,11
0,1,-1
2,1,1
2,2,0
9,2,7
16,0,16
1,1,0
0,0,0
5,1,4
3,0,3
20,0,20
2,1,1
3,7,-4
0,0,0
0,0,0
9,0,9
1,0,1
2,3,-1
3,1,2
3,0,3
16,5,11
2,2,0
4,5,-1
1,0,1
1,1,0
3,0,3
7,1,6
0,0,0
1,0,1
7,0,7
11,7,4
2,2,0
8,3,5
0,0,0
2,15,-13
43,14,29
5,5,0
1,2,-1
2,0,2
1,0,1
1,0,1
9,0,9
12,7,5
1,12,-11
0,0,0
2,2,0
2,2,0
5,5,0
11,0,11
35,0,35
10,0,10
2,0,2
0,0,0
17,46,-29
4,2,2
0,0,0
4,0,4
1,2,-1
3,3,0
1,3,-2
1,0,1
7,2,5
23,7,16
0,0,0
57,0,57
1,0,1
5,0,5
16,3,13
0,2,-2
10,4,6
0,5,-5
35,13,22
6,5,1
1,0,1
7,8,-1
12,12,0
3,1,2
3,16,-13
8,32,-24
3,2,1
4,4,0
1,7,-6
0,2,-2
24,0,24
4,42,-38
3,3,0
1,0,1
11,9,2
2,5,-3
0,0,0
8,3,5
1,5,-4
9,7,2
10,7,3
0,1,-1
23,0,23
8,1,7
7,7,0
4,0,4
2,3,-1
1,6,-5
3,0,3
6,9,-3
2,2,0
4,1,3
3,1,2
35,26,9
0,0,0
15,35,-20
8,10,-2
0,0,0
1,0,1
7,8,-1
5,4,1
5,5,0
7,10,-3
0,3,-3
2,0,2
2,3,-1
0,1,-1
0,0,0
19,6,13
9,5,4
20,10,10
1,10,-9
0,3,-3
3,2,1
13,10,3
15,8,7
1,0,1
4,3,1
0,0,0
9,0,9
6,5,1
1,2,-1
12,12,0
5,85,-80
2,0,2
2,7,-5
9,0,9
17,0,17
5,5,0
13,2,11
22,14,8
16,33,-17
3,7,-4
14,0,14
0,0,0
13,3,10
0,0,0
0,0,0
13,7,6
2,3,-1
3,3,0
2,3,-1
2,13,-11
3,0,3
0,4,-4
1,10,-9
0,0,0
0,0,0
6,3,3
2,4,-2
22,2,20
0,0,0
17,1,16
1,2,-1
3,0,3
2,2,0
10,1,9
2,1,1
7,9,-2
4,0,4
15,0,15
8,3,5
0,1,-1
8,6,2
24,35,-11
4,3,1
21,13,8
4,6,-2
5,4,1
5,0,5
0,1,-1
1,3,-2
9,9,0
5,1,4
6,0,6
1,1,0
3,0,3
5,9,-4
22,0,22
0,0,0
0,1,-1
0,2,-2
0,0,0
2,2,0
0,0,0
25,25,0
7,3,4
3,0,3
4,1,3
4,0,4
0,0,0
7,1,6
1,1,0
0,0,0
1,0,1
0,1,-1
7,12,-5
7,0,7
14,14,0
12,12,0
4,2,2
0,0,0
0,20,-20
9,0,9
13,0,13
12,3,9
0,3,-3
8,1,7
0,0,0
1,0,1
7,0,7
21,0,21
2,1,1
0,0,0
2,0,2
4,1,3
0,3,-3
0,1,-1
1,4,-3
7,4,3
5,5,0
10,10,0
1,0,1
3,2,1
3,7,-4
0,11,-11
1,0,1
1,1,0
1,0,1
3,4,-1
1,0,1
10,2,8
0,0,0
8,62,-54
9,1,8
3,5,-2
1,11,-10
2,7,-5
13,8,5
5,2,3
37,37,0
12,0,12
6,2,4
32,3,29
10,9,1
7,5,2
9,11,-2
41,7,34
11,4,7
5,0,5
0,1,-1
0,0,0
1,8,-7
13,0,13
20,9,11
7,3,4
8,2,6
2,3,-1
3,4,-1
13,2,11
0,0,0
0,0,0
1,1,0
0,14,-14
1,8,-7
0,0,0
3,0,3
13,1,12
2,6,-4
1,0,1
0,0,0
5,0,5
9,0,9
0,0,0
1,1,0
5,3,2
15,0,15
109,109,0
2,0,2
34,1,33
1,3,-2
4,0,4
13,0,13
0,0,0
0,6,-6
5,0,5
5,1,4
1,0,1
2,5,-3
1,0,1
1,3,-2
1,32,-31
6,2,4
1,0,1
11,0,11
12,0,12
4,2,2
2,0,2
8,0,8
2,2,0
6,4,2
0,0,0
7,0,7
0,0,0
12,1,11
35,10,25
1,0,1
5,0,5
2,0,2
0,0,0
16,8,8
0,0,0
5,1,4
5,9,-4
16,2,14
14,0,14
17,4,13
17,0,17
2,1,1
12,8,4
0,1,-1
2,0,2
7,7,0
5,0,5
1,0,1
8,9,-1
20,2,18
6,2,4
13,3,10
16,1,15
1,0,1
9,1,8
16,1,15
1,1,0
1,0,1
0,0,0
2,4,-2
24,3,21
0,3,-3
0,0,0
0,0,0
20,1,19
7,45,-38
11,0,11
0,0,0
2,1,1
1,0,1
12,1,11
2,0,2
2,0,2
26,1,25
4,1,3
8,5,3
0,2,-2
10,3,7
1,0,1
6,7,-1
7,2,5
10,5,5
3,0,3
11,3,8
0,1,-1
7,0,7
8,7,1
34,0,34
4,2,2
7,10,-3
14,5,9
0,0,0
10,1,9
5,2,3
0,0,0
3,1,2
0,0,0
15,0,15
3,2,1
5,7,-2
2,2,0
28,1,27
12,8,4
0,13,-13
1,1,0
4,2,2
9,5,4
13,0,13
1,0,1
1,0,1
11,7,4
2,8,-6
9,2,7
0,0,0
0,0,0
3,0,3
4,1,3
23,0,23
11,1,10
7,0,7
24,6,18
4,0,4
17,0,17
0,0,0
13,14,-1
0,0,0
0,0,0
7,0,7
4,0,4
31,1,30
15,4,11
31,3,28
6,10,-4
5,5,0
16,5,11
1,0,1
0,4,-4
2,0,2
5,28,-23
0,0,0
0,0,0
10,6,4
0,1,-1
1,5,-4
1,1,0
0,7,-7
4,2,2
7,25,-18
4,0,4
0,0,0
0,2,-2
4,0,4
15,11,4
0,0,0
0,3,-3
10,2,8
7,0,7
23,1,22
35,4,31
0,0,0
0,0,0
6,6,0
0,0,0
30,1,29
9,2,7
4,2,2
5,5,0
10,2,8
7,7,0
0,0,0
18,3,15
7,2,5
1,0,1
3,1,2
0,0,0
3,0,3
70,0,70
3,0,3
6,0,6
28,13,15
14,2,12
0,1,-1
5,3,2
1,2,-1
6,7,-1
5,0,5
0,0,0
11,15,-4
0,0,0
1,0,1
5,33,-28
0,0,0
0,4,-4
10,7,3
16,2,14
1,0,1
2,2,0
2,1,1
7,9,-2
1,0,1
3,0,3
1,8,-7
0,0,0
1,0,1
7,5,2
8,1,7
6,0,6
13,0,13
14,0,14
4,0,4
0,0,0
18,0,18
1,0,1
9,26,-17
3,0,3
20,37,-17
1,1,0
2,2,0
0,0,0
18,0,18
0,0,0
4,1,3
30,2,28
0,0,0
0,0,0
15,0,15
3,3,0
15,0,15
0,2,-2
14,24,-10
1,1,0
4,2,2
14,10,4
11,2,9
31,31,0
16,0,16
0,1,-1
32,2,30
15,0,15
12,13,-1
0,0,0
1,5,-4
3,17,-14
0,0,0
4,7,-3
6,4,2
6,3,3
4,15,-11
54,31,23
1,0,1
0,5,-5
0,0,0
20,0,20
22,7,15
18,0,18
14,3,11
4,2,2
0,1,-1
13,0,13
0,0,0
2,1,1
5,5,0
1,6,-5
20,0,20
4,2,2
2,1,1
2,4,-2
8,2,6
7,0,7
2,4,-2
2,9,-7
1,0,1
16,13,3
21,1,20
4,2,2
18,5,13
18,0,18
13,1,12
5,11,-6
0,0,0
2,0,2
0,1,-1
3,0,3
3,0,3
25,1,24
15,3,12
2,1,1
1,3,-2
3,7,-4
5,4,1
1,0,1
0,0,0
10,9,1
1,0,1
22,0,22
1,0,1
16,1,15
3,3,0
2,4,-2
3,19,-16
1,10,-9
0,0,0
0,0,0
2,5,-3
15,2,13
28,0,28
10,1,9
15,0,15
29,1,28
0,0,0
9,0,9
6,6,0
0,1,-1
0,0,0
7,3,4
1,0,1
16,3,13
4,19,-15
3,5,-2
3,3,0
6,8,-2
0,0,0
12,4,8
13,0,13
15,10,5
16,1,15
10,4,6
0,0,0
0,0,0
0,0,0
19,8,11
27,0,27
59,1,58
0,0,0
0,2,-2
0,10,-10
0,1,-1
5,1,4
10,10,0
22,3,19
12,0,12
4,0,4
7,18,-11
9,13,-4
20,1,19
2,0,2
1,0,1
4,6,-2
8,4,4
18,11,7
2,11,-9
1,4,-3
12,1,11
1,0,1
5,5,0
1,0,1
19,16,3
1,2,-1
0,0,0
22,0,22
19,32,-13
26,1,25
10,1,9
4,0,4
5,4,1
0,2,-2
9,7,2
8,8,0
6,0,6
1,0,1
10,1,9
7,6,1
13,7,6
7,5,2
14,13,1
3,0,3
16,0,16
0,0,0
13,52,-39
19,3,16
12,7,5
0,0,0
2,2,0
0,0,0
1,0,1
6,3,3
0,2,-2
7,16,-9
13,14,-1
6,4,2
11,5,6
8,5,3
3,3,0
18,4,14
0,4,-4
2,7,-5
7,7,0
8,1,7
6,8,-2
2,0,2
4,2,2
6,0,6
0,2,-2
33,10,23
8,46,-38
6,0,6
4,0,4
5,3,2
0,0,0
16,11,5
1,1,0
19,1,18
4,1,3
0,0,0
4,4,0
0,0,0
1,3,-2
1,0,1
0,0,0
9,8,1
11,5,6
5,0,5
4,0,4
6,1,5
2,8,-6
3,1,2
1,3,-2
10,4,6
0,2,-2
1,3,-2
3,13,-10
10,1,9
6,0,6
15,2,13
0,0,0
0,10,-10
7,2,5
3,36,-33
0,0,0
1,0,1
1,9,-8
7,11,-4
1,1,0
5,6,-1
1,3,-2
0,0,0
0,0,0
5,1,4
9,0,9
0,0,0
2,9,-7
5,0,5
1,7,-6
10,14,-4
5,2,3
4,7,-3
1,1,0
5,0,5
6,7,-1
2,0,2
1,0,1
2,3,-1
2,0,2
26,22,4
17,0,17
1,2,-1
4,7,-3
21,0,21
5,12,-7
0,0,0
0,0,0
10,6,4
3,0,3
0,0,0
4,0,4
1,2,-1
0,0,0
1,3,-2
18,40,-22
8,2,6
0,4,-4
15,7,8
2,6,-4
2,0,2
10,1,9
3,2,1
0,1,-1
5,6,-1
12,5,7
31,0,31
52,52,0
3,1,2
6,1,5
15,5,10
0,0,0
7,16,-9
6,1,5
0,0,0
2,0,2
2,0,2
2,1,1
1,0,1
0,1,-1
6,0,6
2,7,-5
3,39,-36
0,0,0
6,0,6
5,2,3
4,9,-5
0,0,0
5,2,3
28,11,17
22,3,19
3,1,2
7,2,5
0,0,0
8,17,-9
32,0,32
2,0,2
2,0,2
0,1,-1
1,2,-1
0,0,0
11,0,11
6,9,-3
0,0,0
27,0,27
3,3,0
1,0,1
3,0,3
3,3,0
9,4,5
3,0,3
5,0,5
4,0,4
1,23,-22
5,0,5
11,0,11
50,50,0
11,0,11
3,1,2
0,0,0
18,13,5
14,3,11
2,2,0
31,0,31
3,1,2
0,1,-1
11,3,8
0,0,0
2,0,2
2,19,-17
3,36,-33
1,0,1
0,5,-5
7,7,0
21,0,21
0,10,-10
17,0,17
6,5,1
0,1,-1
0,0,0
0,0,0
7,10,-3
1,0,1
8,0,8
6,2,4
0,0,0
36,16,20
1,1,0
0,0,0
7,3,4
2,0,2
2,0,2
0,1,-1
17,6,11
10,1,9
0,0,0
3,0,3
1,3,-2
0,0,0
17,0,17
7,5,2
0,1,-1
0,1,-1
7,0,7
20,2,18
2,0,2
22,0,22
1,0,1
0,1,-1
22,1,21
23,0,23
2,2,0
8,4,4
20,0,20
0,0,0
0,0,0
0,0,0
7,8,-1
12,7,5
1,0,1
21,2,19
3,2,1
1,3,-2
2,8,-6
1,0,1
5,1,4
29,2,27
1,0,1
1,5,-4
3,0,3
6,4,2
0,0,0
0,1,-1
0,0,0
2,0,2
13,1,12
2,0,2
1,8,-7
8,0,8
35,0,35
13,5,8
0,0,0
2,3,-1
0,0,0
4,0,4
21,0,21
9,14,-5
29,29,0
2,0,2
4,1,3
1,0,1
4,2,2
11,2,9
0,0,0
4,0,4
7,0,7
0,0,0
0,8,-8
4,3,1
1,0,1
1,33,-32
6,1,5
3,0,3
7,0,7
1,0,1
1,0,1
0,0,0
20,4,16
2,7,-5
3,0,3
5,7,-2
4,0,4
19,0,19
5,11,-6
24,9,15
8,5,3
1,4,-3
1,5,-4
8,0,8
3,1,2
1,0,1
0,0,0
17,2,15
0,0,0
2,2,0
0,0,0
10,1,9
0,4,-4
10,2,8
1,2,-1
0,0,0
30,15,15
0,0,0
3,0,3
4,0,4
3,0,3
3,5,-2
8,0,8
2,0,2
13,3,10
0,0,0
18,8,10
0,2,-2
5,6,-1
23,8,15
10,8,2
7,1,6
22,5,17
10,9,1
7,7,0
0,0,0
0,0,0
5,0,5
5,3,2
12,7,5
8,2,6
1,2,-1
9,2,7
2,0,2
3,0,3
1,1,0
21,3,18
7,4,3
1,0,1
13,7,6
12,9,3
5,1,4
2,5,-3
2,0,2
21,1,20
13,1,12
2,0,2
10,21,-11
2,7,-5
7,25,-18
1,0,1
5,1,4
1,13,-12
0,0,0
20,0,20
0,0,0
1,0,1
8,8,0
6,1,5
0,0,0
40,3,37
0,2,-2
0,16,-16
19,8,11
0,0,0
0,2,-2
1,4,-3
4,1,3
0,0,0
4,2,2
0,0,0
1,1,0
1,0,1
13,6,7
6,0,6
11,5,6
0,6,-6
0,0,0
8,0,8
5,9,-4
1,3,-2
4,0,4
34,0,34
0,1,-1
20,12,8
8,2,6
7,25,-18
0,0,0
1,0,1
1,0,1
2,5,-3
8,0,8
1,0,1
14,10,4
0,0,0
4,0,4
2,0,2
3,5,-2
0,2,-2
14,0,14
1,2,-1
4,1,3
0,0,0
15,17,-2
3,2,1
2,0,2
2,19,-17
1,0,1
5,2,3
10,4,6
16,3,13
15,28,-13
6,12,-6
3,14,-11
7,2,5
46,16,30
35,1,34
2,2,0
6,1,5
0,0,0
3,0,3
11,3,8
3,0,3
15,5,10
20,1,19
1,0,1
5,0,5
8,2,6
0,0,0
13,14,-1
8,0,8
48,1,47
10,0,10
0,0,0
0,2,-2
11,10,1
0,0,0
1,0,1
17,7,10
0,0,0
0,0,0
7,0,7
4,0,4
1,1,0
9,35,-26
2,2,0
2,0,2
0,0,0
3,0,3
4,14,-10
0,0,0
9,46,-37
12,8,4
16,16,0
4,15,-11
6,3,3
2,1,1
0,0,0
0,6,-6
3,0,3
1,0,1
0,5,-5
0,0,0
28,7,21
6,14,-8
0,0,0
0,0,0
1,0,1
9,0,9
1,1,0
0,3,-3
8,5,3
0,0,0
6,33,-27
13,1,12
6,6,0
4,7,-3
3,2,1
2,0,2
15,7,8
2,0,2
1,0,1
1,0,1
30,0,30
0,0,0
8,0,8
4,0,4
0,5,-5
1,0,1
5,0,5
6,6,0
11,0,11
17,7,10
1,4,-3
0,0,0
1,5,-4
0,0,0
4,0,4
35,2,33
0,1,-1
11,24,-13
11,0,11
16,4,12
0,3,-3
2,0,2
2,0,2
27,27,0
7,0,7
0,0,0
11,0,11
8,0,8
5,2,3
0,1,-1
0,0,0
7,0,7
0,3,-3
20,8,12
9,11,-2
10,5,5
6,8,-2
0,0,0
4,3,1
2,0,2
4,3,1
0,0,0
3,0,3
0,0,0
4,1,3
0,0,0
2,0,2
0,1,-1
3,1,2
4,1,3
2,0,2
2,0,2
2,2,0
3,4,-1
8,1,7
14,1,13
79,0,79
13,4,9
9,0,9
3,25,-22
0,0,0
0,7,-7
44,44,0
1,0,1
11,0,11
12,1,11
0,0,0
0,3,-3
3,1,2
18,21,-3
9,0,9
2,1,1
0,0,0
9,0,9
0,3,-3
4,0,4
1,0,1
6,6,0
6,7,-1
7,5,2
7,0,7
2,10,-8
1,1,0
3,0,3
2,1,1
3,2,1
1,8,-7
7,1,6
2,2,0
18,12,6
0,0,0
3,0,3
4,0,4
0,0,0
0,0,0
26,1,25
11,4,7
5,7,-2
4,7,-3
1,2,-1
0,0,0
1,0,1
13,5,8
2,2,0
6,6,0
27,24,3
32,4,28
4,0,4
30,30,0
14,9,5
2,0,2
1,2,-1
4,2,2
7,9,-2
5,7,-2
12,10,2
0,0,0
5,0,5
2,7,-5
12,6,6
3,1,2
6,1,5
7,7,0
17,5,12
8,1,7
2,2,0
1,0,1
0,1,-1
0,0,0
76,9,67
1,4,-3
3,3,0
10,0,10
4,42,-38
14,5,9
10,12,-2
0,0,0
1,0,1
5,1,4
10,0,10
2,0,2
5,6,-1
18,6,12
4,1,3
9,4,5
14,8,6
4,1,3
0,0,0
9,0,9
4,4,0
14,9,5
36,7,29
3,0,3
1,5,-4
6,3,3
0,1,-1
2,2,0
0,2,-2
24,5,19
27,6,21
24,2,22
10,10,0
5,5,0
0,48,-48
8,9,-1
1,1,0
3,5,-2
0,2,-2
3,3,0
5,0,5
13,16,-3
3,0,3
0,1,-1
1,1,0
3,7,-4
1,1,0
0,0,0
11,4,7
1,14,-13
3,3,0
2,0,2
1,4,-3
11,0,11
2,4,-2
1,0,1
4,0,4
1,1,0
0,0,0
0,2,-2
0,1,-1
1,1,0
1,0,1
1,1,0
1,0,1
3,3,0
8,0,8
23,1,22
9,9,0
24,11,13
9,5,4
7,3,4
1,0,1
10,1,9
1,0,1
8,0,8
4,2,2
17,6,11
2,1,1
6,6,0
1,2,-1
6,7,-1
3,0,3
0,0,0
9,15,-6
0,0,0
7,8,-1
4,4,0
10,1,9
1,0,1
4,0,4
4,5,-1
1,0,1
2,1,1
3,1,2
20,2,18
6,0,6
8,8,0
1,0,1
1,13,-12
7,19,-12
14,1,13
0,4,-4
10,0,10
1,1,0
56,0,56
0,0,0
0,0,0
1,0,1
1,0,1
27,8,19
56,43,13
1,0,1
5,10,-5
35,7,28
2,0,2
1,2,-1
0,0,0
7,6,1
11,3,8
0,0,0
1,3,-2
1,0,1
1,0,1
16,6,10
0,0,0
7,0,7
1,0,1
24,0,24
0,0,0
0,2,-2
13,11,2
6,1,5
2,2,0
25,25,0
2,11,-9
5,0,5
6,0,6
2,7,-5
1,0,1
8,1,7
3,7,-4
2,1,1
8,5,3
14,0,14
7,3,4
9,25,-16
0,0,0
4,0,4
8,0,8
78,37,41
3,0,3
8,0,8
1,0,1
2,2,0
20,4,16
0,0,0
3,2,1
19,0,19
0,7,-7
0,0,0
7,5,2
1,0,1
2,0,2
18,0,18
0,0,0
6,1,5
0,0,0
3,8,-5
0,0,0
7,0,7
0,0,0
7,0,7
54,0,54
7,0,7
15,6,9
7,2,5
11,5,6
4,0,4
18,10,8
2,0,2
6,0,6
15,15,0
5,6,-1
4,0,4
1,0,1
0,0,0
0,0,0
11,0,11
1,0,1
7,0,7
0,3,-3
2,0,2
3,1,2
17,25,-8
33,0,33
11,1,10
2,0,2
5,5,0
4,0,4
1,0,1
3,1,2
0,0,0
6,4,2
22,1,21
1,0,1
0,1,-1
0,0,0
4,0,4
17,14,3
12,10,2
7,3,4
7,5,2
7,9,-2
3,1,2
0,0,0
36,15,21
2,1,1
3,0,3
8,0,8
11,0,11
8,0,8
6,2,4
10,7,3
8,6,2
7,0,7
0,0,0
0,0,0
3,1,2
7,3,4
3,0,3
1,0,1
2,0,2
4,2,2
10,0,10
2,0,2
2,0,2
4,0,4
3,2,1
0,1,-1
0,0,0
8,7,1
15,1,14
4,2,2
11,7,4
2,2,0
25,25,0
1,7,-6
4,4,0
2,0,2
6,0,6
3,11,-8
6,0,6
1,6,-5
4,7,-3
0,0,0
0,0,0
0,2,-2
5,8,-3
8,1,7
0,0,0
3,3,0
0,0,0
24,14,10
6,0,6
4,3,1
6,1,5
13,7,6
2,2,0
2,0,2
0,0,0
18,7,11
1,3,-2
0,0,0
0,1,-1
2,94,-92
4,0,4
1,40,-39
19,22,-3
0,9,-9
1,0,1
1,0,1
1,0,1
0,2,-2
1,1,0
7,0,7
1,0,1
36,6,30
1,1,0
21,63,-42
5,7,-2
14,7,7
2,2,0
0,25,-25
9,4,5
12,1,11
9,0,9
5,1,4
1,2,-1
4,0,4
8,10,-2
9,2,7
1,1,0
1,1,0
3,0,3
0,0,0
0,0,0
0,1,-1
0,1,-1
3,0,3
12,0,12
6,8,-2
0,0,0
8,5,3
3,0,3
7,2,5
7,2,5
2,1,1
3,0,3
0,0,0
11,7,4
0,0,0
2,2,0
7,0,7
0,9,-9
3,2,1
16,36,-20
2,0,2
9,0,9
1,0,1
0,22,-22
0,5,-5
19,2,17
5,0,5
5,0,5
7,0,7
6,0,6
4,0,4
3,2,1
0,0,0
1,2,-1
2,0,2
0,2,-2
3,0,3
9,13,-4
0,1,-1
5,0,5
5,0,5
13,15,-2
8,1,7
0,0,0
0,0,0
1,0,1
1,1,0
4,3,1
12,1,11
15,7,8
17,5,12
1,0,1
2,0,2
0,0,0
4,3,1
0,1,-1
14,14,0
7,0,7
0,0,0
5,5,0
3,3,0
11,1,10
0,0,0
30,26,4
0,0,0
3,0,3
3,0,3
0,0,0
3,2,1
2,3,-1
4,2,2
4,5,-1
11,0,11
0,2,-2
1,1,0
0,9,-9
3,3,0
0,0,0
10,4,6
4,4,0
1,0,1
1,0,1
1,0,1
1,2,-1
0,0,0
0,5,-5
15,0,15
12,2,10
1,3,-2
0,0,0
7,1,6
3,5,-2
0,5,-5
2,0,2
35,1,34
11,0,11
0,0,0
9,10,-1
14,14,0
6,3,3
1,0,1
2,0,2
1,7,-6
0,0,0
1,0,1
8,0,8
1,2,-1
47,1,46
0,0,0
6,0,6
15,0,15
15,2,13
2,0,2
15,0,15
25,1,24
24,7,17
5,0,5
19,3,16
1,6,-5
11,3,8
0,0,0
0,0,0
20,1,19
2,0,2
1,2,-1
8,11,-3
0,0,0
10,7,3
6,6,0
22,2,20
2,5,-3
8,0,8
0,7,-7
20,20,0
13,2,11
12,36,-24
0,0,0
0,0,0
3,26,-23
16,15,1
2,15,-13
0,0,0
4,1,3
11,10,1
4,0,4
0,0,0
0,0,0
2,2,0
34,0,34
4,2,2
2,1,1
0,3,-3
0,0,0
53,7,46
1,0,1
5,5,0
0,0,0
1,0,1
1,1,0
0,0,0
1,0,1
22,0,22
4,10,-6
4,2,2
4,3,1
0,0,0
6,12,-6
4,4,0
31,4,27
0,0,0
3,0,3
4,9,-5
14,1,13
22,15,7
4,0,4
2,0,2
0,0,0
7,3,4
45,2,43
5,0,5
5,0,5
5,0,5
17,1,16
0,0,0
1,1,0
10,1,9
1,0,1
24,3,21
21,3,18
7,0,7
10,3,7
4,2,2
1,3,-2
0,0,0
3,0,3
13,1,12
3,0,3
0,0,0
8,2,6
9,1,8
39,39,0
9,1,8
3,5,-2
0,0,0
10,4,6
12,2,10
25,0,25
1,0,1
12,9,3
0,0,0
6,0,6
9,0,9
2,7,-5
1,2,-1
0,0,0
2,0,2
15,2,13
4,4,0
7,0,7
1,0,1
1,0,1
10,0,10
0,3,-3
0,1,-1
30,31,-1
1,1,0
1,4,-3
0,0,0
1,0,1
38,0,38
8,2,6
6,0,6
6,2,4
0,1,-1
12,0,12
6,10,-4
13,0,13
18,2,16
9,6,3
9,2,7
3,3,0
0,0,0
1,0,1
10,0,10
0,0,0
0,0,0
6,0,6
17,0,17
9,3,6
22,4,18
0,0,0
4,9,-5
3,0,3
5,2,3
1,2,-1
1,3,-2
4,0,4
2,2,0
5,7,-2
4,1,3
0,0,0
1,0,1
6,8,-2
4,0,4
8,1,7
2,2,0
0,0,0
3,0,3
10,7,3
20,6,14
1,3,-2
6,0,6
8,6,2
2,0,2
1,14,-13
2,4,-2
7,1,6
9,0,9
9,1,8
7,3,4
0,1,-1
3,0,3
6,2,4
5,0,5
3,7,-4
7,0,7
9,9,0
2,5,-3
23,1,22
1,7,-6
7,39,-32
7,0,7
1,0,1
1,3,-2
7,0,7
4,0,4
8,2,6
0,1,-1
2,0,2
12,6,6
7,1,6
5,2,3
16,1,15
10,1,9
0,0,0
2,0,2
0,0,0
13,2,11
1,11,-10
13,6,7
17,12,5
3,4,-1
0,0,0
0,0,0
0,1,-1
25,15,10
15,4,11
4,3,1
8,0,8
5,0,5
2,1,1
1,11,-10
4,0,4
14,15,-1
0,0,0
11,7,4
2,5,-3
1,32,-31
22,2,20
12,6,6
0,2,-2
0,0,0
0,0,0
0,0,0
18,10,8
8,7,1
0,7,-7
16,7,9
1,0,1
3,0,3
0,0,0
15,2,13
0,0,0
0,0,0
10,0,10
13,0,13
3,1,2
1,0,1
5,1,4
2,0,2
0,0,0
7,0,7
6,1,5
1,0,1
4,1,3
6,0,6
10,1,9
17,9,8
10,1,9
16,0,16
11,3,8
12,0,12
25,0,25
5,0,5
1,2,-1
4,4,0
0,0,0
18,0,18
1,2,-1
7,0,7
20,3,17
0,0,0
19,0,19
0,2,-2
1,1,0
0,0,0
7,5,2
1,0,1
76,76,0
1,0,1
1,1,0
2,1,1
0,0,0
6,1,5
8,0,8
7,7,0
6,2,4
4,1,3
8,1,7
5,2,3
0,0,0
0,0,0
8,4,4
1,1,0
1,0,1
0,0,0
23,12,11
5,0,5
1,0,1
0,0,0
14,10,4
2,1,1
14,3,11
8,0,8
0,9,-9
3,0,3
1,0,1
1,11,-10
9,0,9
1,5,-4
1,0,1
1,20,-19
7,7,0
15,10,5
15,6,9
11,1,10
6,0,6
2,1,1
3,0,3
2,3,-1
0,3,-3
11,13,-2
4,0,4
9,9,0
6,6,0
0,9,-9
2,0,2
1,0,1
5,4,1
6,0,6
7,1,6
62,0,62
0,5,-5
4,3,1
1,1,0
5,2,3
13,0,13
6,0,6
8,3,5
16,4,12
9,5,4
4,3,1
0,0,0
1,0,1
1,0,1
1,3,-2
1,0,1
2,0,2
7,0,7
9,11,-2
0,0,0
1,0,1
4,4,0
3,0,3
1,0,1
3,0,3
0,0,0
4,2,2
1,8,-7
8,8,0
0,1,-1
2,0,2
4,14,-10
1,4,-3
9,7,2
0,0,0
2,1,1
3,0,3
0,1,-1
5,10,-5
31,7,24
5,1,4
0,0,0
1,2,-1
4,3,1
3,0,3
2,1,1
18,2,16
0,0,0
1,20,-19
1,0,1
10,24,-14
13,3,10
2,0,2
7,4,3
0,0,0
11,7,4
0,5,-5
6,2,4
2,0,2
8,0,8
17,5,12
2,0,2
4,9,-5
1,2,-1
0,0,0
20,0,20
2,0,2
3,0,3
0,0,0
0,1,-1
2,6,-4
17,0,17
0,0,0
16,1,15
3,0,3
15,1,14
0,0,0
12,0,12
0,0,0
3,5,-2
19,0,19
3,1,2
7,2,5
2,1,1
5,12,-7
0,5,-5
3,2,1
5,0,5
18,0,18
0,3,-3
18,5,13
7,3,4
1,2,-1
0,0,0
0,0,0
1,1,0
3,2,1
11,7,4
3,1,2
0,2,-2
4,0,4
0,0,0
21,0,21
4,0,4
0,0,0
7,4,3
15,34,-19
3,0,3
2,4,-2
20,30,-10
4,0,4
7,6,1
1,0,1
1,0,1
0,0,0
0,0,0
1,0,1
4,1,3
0,0,0
3,0,3
2,0,2
0,5,-5
6,11,-5
0,0,0
10,1,9
7,7,0
4,2,2
1,1,0
6,1,5
13,1,12
0,0,0
11,2,9
6,0,6
28,27,1
8,0,8
0,43,-43
4,0,4
26,7,19
9,0,9
3,0,3
0,0,0
1,0,1
3,0,3
3,0,3
32,0,32
10,5,5
10,11,-1
0,0,0
3,1,2
3,0,3
9,8,1
5,1,4
2,1,1
3,1,2
3,2,1
4,3,1
3,2,1
35,0,35
5,3,2
7,1,6
10,32,-22
9,0,9
1,0,1
6,2,4
10,10,0
0,2,-2
0,0,0
4,0,4
2,0,2
0,1,-1
2,5,-3
3,3,0
1,0,1
1,0,1
0,0,0
3,6,-3
9,7,2
2,1,1
8,1,7
2,0,2
0,0,0
5,0,5
0,3,-3
0,0,0
42,65,-23
2,0,2
15,2,13
23,13,10
12,0,12
3,2,1
0,0,0
8,11,-3
2,2,0
7,1,6
5,5,0
0,0,0
0,1,-1
3,3,0
9,43,-34
15,4,11
0,2,-2
11,0,11
5,7,-2
13,13,0
7,2,5
0,0,0
0,0,0
3,0,3
1,0,1
3,9,-6
6,34,-28
4,0,4
0,0,0
1,0,1
2,0,2
0,2,-2
0,0,0
1,1,0
5,0,5
2,0,2
10,8,2
7,15,-8
0,0,0
3,3,0
6,11,-5
4,1,3
1,2,-1
1,0,1
0,5,-5
0,2,-2
2,2,0
0,0,0
19,62,-43
0,0,0
0,7,-7
5,5,0
19,3,16
13,11,2
9,2,7
1,1,0
10,0,10
10,2,8
8,7,1
12,6,6
1,53,-52
0,0,0
5,0,5
7,2,5
5,0,5
0,1,-1
9,0,9
3,2,1
8,2,6
0,0,0
5,3,2
5,5,0
9,7,2
5,0,5
11,11,0
6,10,-4
33,50,-17
0,0,0
5,7,-2
4,0,4
27,11,16
0,0,0
3,0,3
14,0,14
1,0,1
20,2,18
0,0,0
13,7,6
6,4,2
7,1,6
8,1,7
0,26,-26
11,7,4
26,0,26
2,1,1
5,0,5
1,0,1
0,7,-7
0,0,0
0,0,0
13,0,13
0,1,-1
1,0,1
37,11,26
10,0,10
6,1,5
0,0,0
2,2,0
15,0,15
6,1,5
11,0,11
1,0,1
0,0,0
0,2,-2
44,14,30
2,0,2
24,27,-3
5,5,0
4,11,-7
0,1,-1
0,1,-1
1,0,1
5,1,4
13,4,9
0,0,0
4,0,4
38,0,38
0,0,0
4,41,-37
10,0,10
9,4,5
14,2,12
1,7,-6
27,0,27
1,4,-3
5,1,4
18,1,17
5,0,5
13,10,3
5,2,3
3,0,3
7,24,-17
1,0,1
2,2,0
3,2,1
2,6,-4
3,1,2
3,0,3
2,0,2
0,1,-1
0,0,0
7,4,3
7,1,6
0,0,0
14,0,14
15,4,11
18,5,13
15,3,12
3,0,3
2,1,1
6,2,4
5,0,5
8,0,8
2,0,2
0,2,-2
0,0,0
9,10,-1
13,0,13
8,2,6
3,15,-12
18,5,13
4,0,4
1,0,1
22,0,22
0,0,0
6,1,5
2,2,0
21,0,21
2,0,2
44,5,39
0,5,-5
2,1,1
1,11,-10
0,10,-10
5,0,5
4,0,4
1,0,1
28,18,10
12,2,10
19,1,18
2,1,1
7,7,0
1,6,-5
0,0,0
0,0,0
23,0,23
2,3,-1
0,5,-5
0,0,0
6,2,4
10,11,-1
1,1,0
0,1,-1
0,0,0
2,5,-3
5,0,5
20,20,0
8,16,-8
9,4,5
10,10,0
3,1,2
3,1,2
2,2,0
3,0,3
6,0,6
8,8,0
6,7,-1
3,0,3
10,10,0
5,1,4
0,0,0
0,2,-2
22,3,19
3,1,2
0,0,0
5,3,2
16,0,16
0,2,-2
21,0,21
4,0,4
6,0,6
8,13,-5
21,3,18
1,0,1
1,0,1
13,0,13
0,0,0
1,1,0
1,0,1
12,1,11
30,1,29
1,1,0
17,1,16
9,3,6
36,3,33
15,0,15
3,7,-4
6,0,6
3,0,3
5,34,-29
2,0,2
6,0,6
18,0,18
0,15,-15
5,6,-1
0,0,0
0,2,-2
1,0,1
1,0,1
10,48,-38
3,2,1
14,5,9
5,0,5
16,10,6
9,1,8
8,7,1
42,26,16
36,1,35
10,0,10
5,0,5
1,1,0
7,1,6
16,22,-6
19,0,19
4,25,-21
3,0,3
6,0,6
3,2,1
5,0,5
3,3,0
80,80,0
15,2,13
16,1,15
1,0,1
7,2,5
0,0,0
0,0,0
1,0,1
4,3,1
0,0,0
17,0,17
14,3,11
15,0,15
23,0,23
1,5,-4
23,0,23
2,7,-5
25,39,-14
8,4,4
4,2,2
4,2,2
1,1,0
2,2,0
14,2,12
9,0,9
5,3,2
1,2,-1
1,0,1
5,0,5
1,0,1
10,3,7
6,2,4
1,1,0
32,2,30
0,0,0
2,4,-2
0,1,-1
0,0,0
2,2,0
9,0,9
4,2,2
1,50,-49
11,1,10
0,0,0
0,0,0
5,9,-4
18,0,18
0,0,0
4,7,-3
3,1,2
0,0,0
1,2,-1
12,2,10
16,0,16
2,0,2
7,0,7
3,0,3
1,2,-1
23,0,23
5,8,-3
3,1,2
0,1,-1
5,0,5
0,1,-1
4,0,4
4,0,4
4,4,0
3,0,3
10,2,8
5,8,-3
7,0,7
4,9,-5
2,0,2
0,0,0
2,6,-4
6,0,6
4,1,3
5,2,3
8,0,8
3,21,-18
0,0,0
3,6,-3
0,0,0
0,0,0
5,1,4
1,0,1
8,0,8
0,0,0
1,3,-2
4,8,-4
2,1,1
34,0,34
2,11,-9
1,0,1
29,0,29
0,0,0
1,0,1
3,0,3
17,6,11
5,4,1
2,5,-3
0,0,0
0,1,-1
0,0,0
7,7,0
0,0,0
0,0,0
7,0,7
8,0,8
20,7,13
5,0,5
2,0,2
6,0,6
2,4,-2
26,0,26
6,3,3
3,3,0
0,2,-2
5,10,-5
0,0,0
0,0,0
7,8,-1
6,1,5
12,3,9
0,0,0
1,0,1
0,0,0
0,0,0
1,2,-1
0,0,0
6,1,5
1,0,1
3,14,-11
1,0,1
6,23,-17
45,2,43
2,5,-3
1,7,-6
3,0,3
17,0,17
6,0,6
5,0,5
13,0,13
2,1,1
6,1,5
0,0,0
5,0,5
3,11,-8
0,3,-3
60,5,55
7,6,1
0,0,0
5,19,-14
8,15,-7
1,1,0
4,1,3
5,2,3
3,14,-11
2,0,2
12,1,11
3,0,3
0,2,-2
25,0,25
4,0,4
3,2,1
1,0,1
1,0,1
3,4,-1
0,0,0
9,5,4
3,4,-1
1,4,-3
17,0,17
0,0,0
4,1,3
2,2,0
22,5,17
0,0,0
25,0,25
9,6,3
1,1,0
0,0,0
5,0,5
20,0,20
0,2,-2
7,3,4
2,0,2
0,0,0
6,3,3
6,7,-1
21,1,20
1,0,1
2,0,2
0,0,0
6,9,-3
18,1,17
15,1,14
0,1,-1
1,0,1
2,18,-16
0,0,0
6,15,-9
10,10,0
11,0,11
0,0,0
6,6,0
3,0,3
9,0,9
5,0,5
3,0,3
1,0,1
1,1,0
7,1,6
0,0,0
2,0,2
26,4,22
0,14,-14
0,0,0
7,10,-3
6,2,4
11,33,-22
3,3,0
7,9,-2
8,36,-28
0,3,-3
5,0,5
2,2,0
1,1,0
9,13,-4
17,0,17
1,1,0
2,0,2
0,0,0
0,0,0
10,0,10
6,0,6
1,0,1
1,1,0
0,0,0
12,5,7
4,0,4
1,0,1
4,3,1
0,0,0
19,10,9
7,2,5
0,0,0
14,2,12
1,0,1
5,3,2
5,5,0
20,1,19
9,5,4
0,0,0
1,0,1
1,9,-8
4,0,4
9,0,9
0,0,0
11,0,11
8,1,7
32,0,32
1,9,-8
0,0,0
7,1,6
10,0,10
28,27,1
17,0,17
2,0,2
3,0,3
6,0,6
2,0,2
0,0,0
2,2,0
0,3,-3
1,0,1
0,7,-7
0,1,-1
3,0,3
13,10,3
15,6,9
10,2,8
8,5,3
13,6,7
10,0,10
3,2,1
4,3,1
6,0,6
2,0,2
5,0,5
7,3,4
7,0,7
1,0,1
2,1,1
7,6,1
18,4,14
3,0,3
8,0,8
0,0,0
7,0,7
4,7,-3
1,0,1
0,0,0
2,3,-1
9,0,9
8,6,2
6,6,0
2,22,-20
10,8,2
2,3,-1
17,3,14
5,2,3
0,3,-3
0,0,0
5,2,3
0,2,-2
0,2,-2
7,2,5
1,0,1
0,0,0
5,0,5
2,0,2
1,0,1
25,5,20
19,0,19
0,0,0
0,0,0
1,0,1
0,0,0
77,9,68
3,3,0
1,1,0
2,2,0
0,0,0
1,0,1
4,0,4
19,0,19
6,5,1
5,0,5
3,7,-4
13,1,12
15,14,1
9,0,9
0,1,-1
1,0,1
2,3,-1
15,0,15
3,2,1
4,2,2
6,6,0
37,27,10
9,1,8
1,4,-3
16,0,16
11,1,10
13,3,10
1,11,-10
5,7,-2
9,1,8
2,0,2
19,3,16
14,2,12
8,8,0
0,4,-4
23,35,-12
5,5,0
11,5,6
5,0,5
3,1,2
0,1,-1
0,1,-1
0,0,0
5,0,5
1,7,-6
8,5,3
0,1,-1
11,0,11
2,4,-2
20,0,20
0,0,0
8,2,6
3,10,-7
5,1,4
1,1,0
1,0,1
0,0,0
4,6,-2
18,0,18
2,5,-3
0,0,0
2,2,0
2,0,2
1,0,1
0,0,0
1,4,-3
4,8,-4
24,14,10
2,0,2
0,0,0
0,1,-1
0,1,-1
10,13,-3
3,0,3
9,3,6
2,1,1
9,7,2
7,2,5
1,0,1
15,3,12
0,5,-5
0,0,0
3,3,0
0,1,-1
0,1,-1
0,9,-9
4,5,-1
1,4,-3
3,1,2
26,4,22
6,1,5
5,1,4
2,1,1
3,12,-9
8,11,-3
1,0,1
26,0,26
0,1,-1
0,0,0
0,0,0
0,0,0
8,0,8
1,3,-2
6,3,3
5,1,4
7,9,-2
2,2,0
1,0,1
2,4,-2
45,0,45
7,13,-6
4,7,-3
2,0,2
0,0,0
7,1,6
18,0,18
4,11,-7
10,0,10
3,1,2
7,0,7
5,3,2
70,35,35
0,0,0
10,0,10
11,0,11
18,18,0
10,7,3
7,14,-7
3,10,-7
4,3,1
1,1,0
0,2,-2
34,5,29
18,0,18
6,2,4
6,1,5
4,7,-3
2,12,-10
1,0,1
9,0,9
1,1,0
4,1,3
10,0,10
3,0,3
8,10,-2
5,1,4
8,1,7
18,5,13
1,0,1
8,20,-12
19,14,5
0,0,0
5,0,5
0,0,0
4,0,4
4,0,4
5,1,4
3,0,3
18,0,18
9,0,9
2,0,2
7,5,2
4,5,-1
2,1,1
0,0,0
0,0,0
0,0,0
9,5,4
13,4,9
8,3,5
9,0,9
5,1,4
3,16,-13
8,1,7
10,2,8
4,0,4
0,13,-13
3,0,3
2,0,2
1,0,1
9,0,9
29,0,29
2,25,-23
1,0,1
7,0,7
6,5,1
7,1,6
2,0,2
17,4,13
8,10,-2
1,2,-1
1,0,1
5,3,2
34,0,34
13,0,13
1,0,1
0,0,0
33,36,-3
5,2,3
3,2,1
12,12,0
11,5,6
14,5,9
1,1,0
2,0,2
3,3,0
3,3,0
0,0,0
3,42,-39
4,5,-1
8,8,0
7,0,7
10,1,9
15,9,6
0,0,0
4,0,4
15,0,15
26,2,24
1,3,-2
1,3,-2
0,0,0
0,3,-3
0,0,0
0,0,0
6,0,6
3,2,1
2,0,2
1,2,-1
3,0,3
0,0,0
1,0,1
2,0,2
6,11,-5
1,0,1
1,0,1
3,1,2
5,0,5
8,13,-5
2,0,2
12,11,1
0,0,0
0,0,0
8,0,8
20,22,-2
11,15,-4
0,0,0
8,8,0
3,1,2
1,1,0
3,0,3
19,11,8
5,0,5
0,0,0
2,1,1
1,3,-2
3,0,3
2,0,2
2,20,-18
21,16,5
0,0,0
17,20,-3
7,10,-3
0,0,0
13,2,11
0,22,-22
17,7,10
0,0,0
3,9,-6
4,8,-4
0,0,0
0,0,0
3,0,3
5,4,1
8,2,6
3,2,1
0,0,0
5,4,1
0,0,0
2,0,2
4,2,2
1,0,1
12,0,12
1,0,1
0,0,0
16,9,7
38,41,-3
13,11,2
2,2,0
13,10,3
3,0,3
8,0,8
6,8,-2
0,0,0
10,19,-9
2,0,2
9,1,8
11,4,7
18,22,-4
2,0,2
5,0,5
0,3,-3
3,4,-1
8,20,-12
3,3,0
0,8,-8
21,0,21
16,10,6
7,0,7
0,0,0
1,5,-4
6,3,3
0,10,-10
1,7,-6
0,0,0
1,5,-4
0,0,0
2,7,-5
0,5,-5
1,39,-38
15,7,8
4,0,4
12,5,7
9,0,9
11,0,11
2,0,2
1,0,1
6,2,4
25,6,19
4,1,3
0,1,-1
1,1,0
1,2,-1
0,0,0
1,0,1
6,3,3
3,1,2
1,9,-8
7,17,-10
7,2,5
28,7,21
7,7,0
5,7,-2
0,0,0
2,2,0
2,3,-1
1,0,1
4,4,0
1,2,-1
0,0,0
16,0,16
0,1,-1
21,0,21
2,2,0
4,0,4
11,6,5
4,5,-1
7,2,5
9,17,-8
5,0,5
8,9,-1
1,1,0
1,1,0
75,75,0
5,2,3
5,0,5
4,0,4
1,1,0
0,0,0
5,2,3
3,0,3
0,0,0
0,3,-3
0,0,0
7,7,0
1,0,1
8,1,7
27,33,-6
11,2,9
0,0,0
3,2,1
13,7,6
10,0,10
0,0,0
0,3,-3
13,2,11
10,26,-16
0,3,-3
1,10,-9
7,7,0
20,3,17
0,2,-2
23,0,23
19,8,11
2,0,2
14,2,12
1,1,0
18,7,11
11,0,11
4,0,4
3,8,-5
17,1,16
4,4,0
3,3,0
1,1,0
0,0,0
0,0,0
3,2,1
10,10,0
7,0,7
4,3,1
0,0,0
1,1,0
2,1,1
3,9,-6
2,2,0
11,7,4
1,1,0
1,11,-10
0,0,0
0,1,-1
14,3,11
13,3,10
2,10,-8
4,11,-7
12,4,8
1,0,1
20,0,20
1,1,0
9,0,9
21,1,20
9,2,7
0,1,-1
2,0,2
1,2,-1
5,0,5
0,0,0
7,1,6
0,0,0
2,7,-5
0,0,0
0,0,0
0,1,-1
8,7,1
0,0,0
4,0,4
4,0,4
1,11,-10
18,12,6
3,0,3
1,1,0
4,0,4
14,4,10
11,0,11
0,1,-1
0,7,-7
3,4,-1
2,0,2
3,4,-1
24,0,24
3,2,1
19,16,3
1,0,1
0,0,0
3,8,-5
0,0,0
0,0,0
3,0,3
1,3,-2
16,0,16
1,1,0
14,19,-5
1,0,1
1,1,0
4,2,2
4,5,-1
45,1,44
2,2,0
0,0,0
8,6,2
0,7,-7
1,1,0
0,1,-1
1,4,-3
0,0,0
0,0,0
0,3,-3
1,0,1
8,7,1
38,38,0
2,0,2
5,5,0
1,0,1
1,1,0
2,0,2
14,1,13
2,5,-3
0,1,-1
0,0,0
0,0,0
3,0,3
6,2,4
0,0,0
20,12,8
15,34,-19
2,0,2
15,3,12
2,2,0
0,0,0
1,7,-6
12,4,8
15,15,0
0,2,-2
0,0,0
25,1,24
2,37,-35
0,0,0
3,0,3
12,2,10
76,37,39
0,0,0
15,2,13
9,3,6
1,0,1
13,0,13
2,2,0
21,5,16
14,4,10
0,0,0
6,0,6
9,6,3
0,0,0
29,3,26
1,6,-5
0,0,0
13,1,12
0,0,0
41,3,38
4,0,4
0,0,0
0,0,0
1,5,-4
11,0,11
0,0,0
0,30,-30
18,14,4
3,0,3
29,15,14
0,0,0
2,2,0
0,1,-1
3,0,3
33,0,33
8,3,5
18,6,12
8,1,7
1,7,-6
1,0,1
2,0,2
3,1,2
2,0,2
1,1,0
2,2,0
30,1,29
1,0,1
0,0,0
0,0,0
11,0,11
14,1,13
7,0,7
0,0,0
24,15,9
0,1,-1
1,1,0
8,12,-4
3,1,2
11,9,2
2,0,2
17,7,10
16,1,15
8,0,8
9,9,0
37,6,31
0,1,-1
11,8,3
15,15,0
0,0,0
2,8,-6
2,1,1
14,3,11
5,0,5
1,0,1
0,0,0
0,4,-4
4,4,0
11,0,11
2,3,-1
29,14,15
6,3,3
2,0,2
1,0,1
14,1,13
0,3,-3
0,0,0
3,0,3
5,6,-1
7,4,3
0,0,0
3,0,3
6,3,3
1,0,1
2,7,-5
0,1,-1
5,1,4
27,26,1
5,7,-2
1,0,1
3,9,-6
4,1,3
4,0,4
0,0,0
10,2,8
11,14,-3
3,3,0
60,0,60
1,0,1
33,13,20
4,4,0
5,0,5
7,0,7
25,0,25
5,0,5
0,1,-1
2,2,0
1,1,0
3,0,3
1,1,0
1,20,-19
11,0,11
0,0,0
0,0,0
1,0,1
2,4,-2
3,1,2
20,66,-46
1,0,1
9,0,9
9,0,9
0,0,0
0,0,0
14,0,14
3,0,3
16,16,0
3,0,3
26,0,26
20,0,20
4,5,-1
15,16,-1
3,3,0
3,0,3
4,0,4
4,0,4
3,0,3
11,3,8
0,3,-3
7,2,5
2,7,-5
7,0,7
7,1,6
7,13,-6
2,5,-3
2,4,-2
6,2,4
1,5,-4
0,0,0
0,1,-1
6,0,6
30,0,30
0,0,0
1,1,0
51,6,45
6,0,6
2,1,1
0,0,0
4,39,-35
5,3,2
2,0,2
1,4,-3
0,1,-1
0,0,0
7,9,-2
30,0,30
0,1,-1
1,0,1
0,0,0
0,0,0
0,0,0
25,0,25
2,0,2
15,1,14
1,1,0
0,1,-1
11,3,8
1,0,1
4,5,-1
36,15,21
3,13,-10
6,8,-2
4,7,-3
9,6,3
1,0,1
4,0,4
4,8,-4
9,8,1
2,8,-6
3,5,-2
0,0,0
9,2,7
3,0,3
6,17,-11
17,54,-37
7,8,-1
0,0,0
6,3,3
1,1,0
14,2,12
0,0,0
14,1,13
14,4,10
0,26,-26
0,7,-7
8,1,7
25,0,25
3,6,-3
4,0,4
0,1,-1
4,0,4
0,0,0
10,2,8
0,0,0
1,22,-21
0,0,0
10,1,9
1,0,1
0,0,0
0,0,0
0,0,0
2,2,0
0,0,0
23,0,23
14,9,5
20,13,7
44,2,42
2,0,2
17,0,17
0,0,0
4,8,-4
5,6,-1
8,0,8
1,3,-2
5,7,-2
23,8,15
30,3,27
0,0,0
14,12,2
7,0,7
5,2,3
5,0,5
27,9,18
3,0,3
3,0,3
1,8,-7
5,2,3
4,2,2
0,0,0
0,0,0
0,9,-9
1,2,-1
1,1,0
6,7,-1
12,1,11
19,1,18
0,0,0
0,4,-4
12,4,8
50,50,0
4,2,2
7,2,5
2,9,-7
5,8,-3
38,0,38
22,2,20
1,0,1
4,0,4
7,5,2
1,0,1
15,4,11
4,3,1
2,2,0
14,10,4
2,2,0
2,1,1
4,0,4
3,4,-1
7,7,0
1,0,1
1,6,-5
21,2,19
4,7,-3
3,3,0
0,0,0
2,0,2
3,10,-7
12,0,12
4,5,-1
14,15,-1
1,0,1
5,0,5
3,0,3
2,2,0
6,6,0
1,0,1
4,0,4
0,0,0
0,1,-1
2,0,2
28,4,24
0,0,0
14,0,14
0,0,0
3,0,3
2,0,2
0,0,0
8,3,5
3,50,-47
12,7,5
4,3,1
13,9,4
1,1,0
1,1,0
10,10,0
16,3,13
2,5,-3
6,7,-1
5,6,-1
1,5,-4
8,4,4
4,3,1
1,1,0
19,7,12
11,9,2
4,3,1
19,1,18
27,3,24
0,0,0
14,5,9
0,0,0
2,0,2
0,0,0
5,0,5
11,5,6
14,15,-1
3,0,3
18,14,4
1,2,-1
7,0,7
1,0,1
14,7,7
3,3,0
7,10,-3
2,0,2
2,2,0
0,0,0
13,2,11
1,0,1
6,0,6
4,2,2
5,31,-26
9,12,-3
3,0,3
4,15,-11
1,0,1
9,2,7
29,19,10
2,0,2
37,0,37
13,31,-18
1,0,1
31,1,30
43,10,33
9,9,0
9,6,3
2,3,-1
1,1,0
0,0,0
3,7,-4
0,0,0
2,2,0
2,2,0
9,2,7
2,0,2
3,16,-13
1,1,0
3,0,3
10,16,-6
1,0,1
2,0,2
3,0,3
1,0,1
1,2,-1
2,1,1
9,2,7
0,1,-1
7,0,7
9,0,9
3,8,-5
15,4,11
5,0,5
3,1,2
10,0,10
1,0,1
35,0,35
4,1,3
0,0,0
2,0,2
2,0,2
1,0,1
1,0,1
3,0,3
2,1,1
0,0,0
1,0,1
2,0,2
12,11,1
6,0,6
2,0,2
25,0,25
37,37,0
44,1,43
1,4,-3
4,0,4
13,0,13
13,4,9
53,53,0
0,1,-1
1,0,1
20,25,-5
1,0,1
13,2,11
1,0,1
5,3,2
1,17,-16
0,0,0
24,1,23
6,1,5
6,1,5
14,1,13
17,5,12
7,5,2
6,1,5
1,0,1
10,2,8
1,0,1
3,0,3
1,7,-6
54,9,45
11,14,-3
2,2,0
0,2,-2
4,7,-3
1,1,0
1,2,-1
5,5,0
5,11,-6
10,2,8
6,0,6
1,12,-11
0,5,-5
6,1,5
1,1,0
1,1,0
9,0,9
9,0,9
2,17,-15
8,7,1
1,0,1
8,7,1
2,7,-5
0,5,-5
4,0,4
6,7,-1
3,1,2
0,0,0
0,2,-2
0,0,0
0,1,-1
6,0,6
0,7,-7
0,0,0
34,29,5
4,1,3
10,1,9
0,1,-1
2,5,-3
24,0,24
8,11,-3
3,1,2
9,8,1
50,38,12
8,1,7
15,8,7
6,6,0
2,2,0
6,0,6
2,5,-3
7,3,4
11,0,11
4,2,2
57,0,57
0,0,0
6,2,4
3,0,3
10,2,8
0,0,0
16,0,16
10,2,8
3,5,-2
19,0,19
2,2,0
1,0,1
1,7,-6
0,0,0
7,0,7
12,0,12
0,8,-8
3,0,3
2,0,2
18,42,-24
62,20,42
54,22,32
3,0,3
5,12,-7
3,0,3
9,4,5
2,1,1
12,2,10
10,9,1
3,3,0
1,2,-1
13,2,11
0,3,-3
24,2,22
2,3,-1
11,0,11
5,10,-5
2,0,2
0,1,-1
18,14,4
5,4,1
2,0,2
1,10,-9
2,1,1
0,0,0
6,2,4
1,0,1
1,0,1
18,13,5
10,7,3
9,0,9
4,0,4
1,6,-5
14,0,14
0,1,-1
4,2,2
4,0,4
1,0,1
1,1,0
20,6,14
1,3,-2
16,1,15
31,31,0
26,14,12
2,0,2
4,0,4
14,11,3
0,0,0
5,3,2
5,0,5
3,4,-1
3,0,3
0,6,-6
5,0,5
3,1,2
0,0,0
1,3,-2
21,5,16
1,4,-3
0,0,0
6,2,4
11,3,8
0,0,0
0,0,0
0,0,0
6,6,0
5,0,5
4,0,4
6,0,6
5,7,-2
4,3,1
4,7,-3
5,0,5
1,0,1
0,0,0
0,0,0
2,2,0
15,4,11
0,0,0
7,4,3
0,0,0
2,0,2
9,0,9
0,0,0
4,37,-33
9,11,-2
33,0,33
0,1,-1
2,0,2
0,0,0
0,0,0
4,0,4
0,0,0
4,1,3
3,0,3
1,0,1
0,0,0
0,1,-1
1,1,0
2,0,2
34,12,22
5,7,-2
30,0,30
3,2,1
0,0,0
4,4,0
3,0,3
5,0,5
3,0,3
1,0,1
3,7,-4
0,0,0
4,6,-2
5,3,2
7,0,7
0,2,-2
1,0,1
2,11,-9
25,18,7
6,15,-9
4,3,1
5,5,0
0,2,-2
1,5,-4
1,0,1
12,17,-5
0,1,-1
26,5,21
1,0,1
14,0,14
1,1,0
5,1,4
2,3,-1
0,0,0
12,0,12
0,0,0
28,0,28
0,1,-1
0,0,0
4,2,2
7,0,7
22,8,14
15,21,-6
0,0,0
3,6,-3
3,0,3
3,0,3
0,0,0
0,1,-1
17,30,-13
5,0,5
9,1,8
3,2,1
0,0,0
12,5,7
4,6,-2
34,19,15
9,0,9
4,1,3
3,0,3
21,0,21
10,0,10
12,1,11
9,8,1
21,8,13
13,1,12
11,8,3
1,2,-1
0,2,-2
17,7,10
14,8,6
5,10,-5
0,0,0
11,1,10
7,4,3
41,34,7
5,7,-2
0,0,0
24,0,24
0,0,0
6,8,-2
5,2,3
22,2,20
1,3,-2
3,0,3
18,2,16
0,1,-1
2,0,2
0,0,0
7,0,7
0,0,0
5,1,4
5,1,4
26,25,1
23,0,23
4,4,0
2,1,1
1,0,1
8,0,8
4,2,2
0,0,0
0,17,-17
1,1,0
1,0,1
8,0,8
0,0,0
5,1,4
1,0,1
8,0,8
9,10,-1
9,4,5
3,0,3
1,2,-1
3,0,3
3,0,3
2,2,0
0,0,0
4,5,-1
0,0,0
6,0,6
0,0,0
1,2,-1
2,0,2
10,0,10
9,28,-19
2,0,2
6,2,4
10,2,8
1,0,1
26,1,25
1,0,1
24,5,19
0,0,0
7,2,5
7,6,1
5,0,5
16,0,16
20,6,14
5,18,-13
28,10,18
11,0,11
31,6,25
1,0,1
0,0,0
4,1,3
12,1,11
0,5,-5
0,1,-1
2,1,1
11,9,2
1,0,1
3,2,1
2,2,0
0,0,0
0,0,0
1,27,-26
0,3,-3
4,0,4
5,0,5
0,4,-4
3,0,3
2,1,1
0,0,0
4,1,3
1,1,0
19,7,12
2,4,-2
9,2,7
0,0,0
0,11,-11
16,2,14
0,0,0
1,0,1
2,0,2
16,13,3
9,0,9
0,0,0
2,2,0
0,1,-1
0,0,0
0,0,0
5,1,4
9,9,0
8,0,8
0,0,0
18,32,-14
24,0,24
2,7,-5
12,0,12
9,4,5
6,2,4
1,0,1
4,2,2
5,4,1
0,7,-7
4,1,3
0,0,0
14,1,13
4,0,4
24,17,7
2,0,2
4,0,4
0,0,0
31,2,29
2,4,-2
9,18,-9
4,2,2
1,0,1
0,0,0
20,2,18
0,0,0
12,6,6
2,3,-1
7,33,-26
0,0,0
0,2,-2
4,0,4
2,0,2
11,1,10
3,5,-2
2,0,2
1,2,-1
2,2,0
0,0,0
10,1,9
0,0,0
0,2,-2
7,1,6
2,0,2
9,6,3
0,3,-3
3,3,0
30,7,23
3,3,0
1,8,-7
2,0,2
23,2,21
1,1,0
5,10,-5
6,0,6
18,0,18
2,2,0
3,4,-1
0,0,0
3,0,3
7,2,5
0,0,0
2,7,-5
2,0,2
4,3,1
3,1,2
3,7,-4
0,2,-2
14,3,11
1,2,-1
0,0,0
46,3,43
3,0,3
11,0,11
8,14,-6
0,0,0
1,5,-4
0,9,-9
2,0,2
0,0,0
8,1,7
3,1,2
1,0,1
11,1,10
6,0,6
1,0,1
0,0,0
6,0,6
25,25,0
1,0,1
1,3,-2
0,0,0
1,0,1
5,14,-9
0,0,0
21,14,7
5,0,5
0,0,0
0,0,0
4,1,3
7,1,6
2,0,2
10,1,9
33,0,33
0,0,0
2,25,-23
4,0,4
1,0,1
7,7,0
0,0,0
0,0,0
2,0,2
3,6,-3
0,0,0
28,5,23
0,0,0
2,2,0
7,7,0
0,0,0
0,0,0
6,1,5
0,7,-7
7,2,5
0,0,0
5,0,5
1,0,1
7,3,4
4,0,4
0,0,0
7,1,6
1,2,-1
0,0,0
5,0,5
0,0,0
2,2,0
5,32,-27
0,0,0
0,0,0
2,2,0
3,4,-1
6,3,3
10,0,10
3,2,1
2,5,-3
1,15,-14
0,0,0
5,1,4
3,2,1
8,0,8
5,0,5
0,1,-1
0,1,-1
0,34,-34
12,3,9
18,7,11
2,0,2
2,0,2
2,0,2
41,2,39
12,4,8
1,0,1
1,0,1
1,1,0
4,1,3
0,0,0
41,19,22
2,0,2
0,0,0
5,0,5
3,2,1
0,0,0
7,0,7
12,0,12
0,1,-1
3,0,3
18,12,6
6,0,6
0,3,-3
1,0,1
0,0,0
0,0,0
1,0,1
3,1,2
2,1,1
25,26,-1
20,4,16
0,0,0
9,7,2
1,0,1
0,1,-1
2,2,0
0,2,-2
18,1,17
9,7,2
6,39,-33
16,0,16
3,2,1
8,2,6
35,5,30
2,0,2
6,0,6
2,2,0
0,0,0
1,1,0
9,3,6
11,17,-6
7,2,5
0,1,-1
8,7,1
3,1,2
3,3,0
18,10,8
4,0,4
7,0,7
1,5,-4
0,0,0
9,1,8
1,1,0
5,1,4
0,5,-5
1,1,0
11,5,6
3,13,-10
8,1,7
3,0,3
1,0,1
1,0,1
6,5,1
2,0,2
7,0,7
0,2,-2
0,0,0
0,0,0
0,0,0
5,2,3
27,0,27
1,1,0
1,6,-5
14,1,13
11,4,7
45,3,42
0,2,-2
0,1,-1
1,1,0
12,9,3
1,2,-1
1,1,0
0,0,0
1,0,1
0,2,-2
0,0,0
0,0,0
12,0,12
5,0,5
12,7,5
0,3,-3
11,0,11
3,1,2
27,7,20
4,0,4
12,6,6
0,30,-30
6,4,2
24,15,9
2,4,-2
0,0,0
22,3,19
1,0,1
9,4,5
0,0,0
4,0,4
22,14,8
0,2,-2
14,5,9
11,0,11
3,0,3
6,9,-3
12,3,9
0,0,0
18,2,16
5,0,5
3,6,-3
2,4,-2
3,0,3
0,1,-1
2,2,0
0,0,0
3,0,3
2,2,0
19,8,11
20,51,-31
0,0,0
10,27,-17
9,0,9
15,15,0
2,3,-1
9,3,6
0,1,-1
16,1,15
13,7,6
24,0,24
0,0,0
6,3,3
2,5,-3
3,2,1
2,0,2
0,0,0
3,0,3
0,0,0
1,0,1
0,0,0
9,17,-8
53,0,53
4,0,4
9,0,9
6,0,6
0,1,-1
0,1,-1
1,1,0
2,0,2
5,0,5
10,8,2
17,0,17
4,0,4
16,2,14
4,5,-1
1,2,-1
3,0,3
0,1,-1
58,24,34
3,10,-7
0,0,0
1,0,1
0,14,-14
0,0,0
4,5,-1
1,1,0
1,0,1
0,6,-6
0,2,-2
8,2,6
0,0,0
1,6,-5
5,27,-22
3,0,3
23,17,6
2,1,1
1,0,1
0,1,-1
2,0,2
10,0,10
1,20,-19
11,6,5
3,0,3
13,7,6
1,0,1
11,2,9
1,0,1
1,0,1
11,1,10
0,3,-3
2,1,1
2,0,2
7,5,2
2,0,2
13,1,12
15,5,10
15,11,4
21,3,18
1,7,-6
0,0,0
6,0,6
2,1,1
0,0,0
4,0,4
2,2,0
11,1,10
4,6,-2
14,9,5
12,0,12
0,1,-1
0,0,0
0,1,-1
22,1,21
33,5,28
4,12,-8
8,3,5
2,2,0
2,0,2
9,15,-6
1,6,-5
0,0,0
0,1,-1
10,3,7
5,4,1
1,1,0
2,0,2
2,0,2
5,0,5
0,0,0
13,37,-24
1,0,1
20,4,16
15,1,14
10,12,-2
10,0,10
1,5,-4
0,0,0
0,1,-1
0,0,0
4,0,4
2,3,-1
10,8,2
0,0,0
3,1,2
4,0,4
0,0,0
0,0,0
2,2,0
3,0,3
20,4,16
0,48,-48
5,1,4
6,20,-14
11,1,10
0,0,0
0,0,0
2,6,-4
0,0,0
39,3,36
12,7,5
26,17,9
2,2,0
33,7,26
0,1,-1
1,0,1
4,2,2
1,1,0
3,3,0
0,1,-1
6,25,-19
2,0,2
10,10,0
0,0,0
4,2,2
17,17,0
8,2,6
3,0,3
5,1,4
0,2,-2
4,2,2
7,13,-6
8,2,6
10,3,7
1,0,1
0,0,0
8,24,-16
12,5,7
13,13,0
1,0,1
19,0,19
8,0,8
6,1,5
13,9,4
0,0,0
5,4,1
2,3,-1
3,0,3
0,2,-2
0,0,0
5,28,-23
4,0,4
2,0,2
9,0,9
1,0,1
8,18,-10
3,0,3
5,2,3
7,4,3
4,4,0
0,0,0
27,5,22
0,0,0
0,0,0
13,6,7
1,0,1
4,0,4
6,0,6
0,0,0
7,2,5
1,3,-2
14,14,0
3,3,0
0,2,-2
0,1,-1
4,4,0
3,0,3
3,5,-2
0,2,-2
52,0,52
4,5,-1
63,51,12
2,0,2
9,0,9
21,0,21
2,1,1
3,0,3
48,1,47
4,4,0
0,2,-2
15,10,5
10,8,2
16,8,8
11,2,9
1,1,0
13,22,-9
28,26,2
23,6,17
2,6,-4
0,56,-56
0,0,0
11,0,11
13,10,3
10,5,5
21,0,21
11,2,9
6,4,2
1,2,-1
10,0,10
3,1,2
28,2,26
19,6,13
6,0,6
7,2,5
1,0,1
1,0,1
9,1,8
1,5,-4
1,1,0
8,2,6
0,0,0
7,9,-2
8,0,8
0,0,0
1,0,1
5,1,4
5,0,5
1,0,1
37,11,26
0,0,0
1,10,-9
0,5,-5
7,2,5
1,1,0
11,1,10
8,0,8
1,11,-10
2,0,2
10,2,8
7,0,7
6,8,-2
33,33,0
3,18,-15
5,1,4
23,11,12
0,0,0
3,1,2
0,5,-5
4,0,4
3,2,1
0,0,0
0,0,0
33,20,13
10,1,9
1,0,1
1,0,1
0,3,-3
4,0,4
0,0,0
7,6,1
0,0,0
1,0,1
1,0,1
8,1,7
5,0,5
3,0,3
7,1,6
2,2,0
36,0,36
62,21,41
3,0,3
13,5,8
10,5,5
0,0,0
0,0,0
50,50,0
14,9,5
17,9,8
2,0,2
2,0,2
3,3,0
2,2,0
28,0,28
3,2,1
2,0,2
5,7,-2
0,2,-2
0,5,-5
6,0,6
2,3,-1
1,0,1
14,2,12
2,11,-9
2,4,-2
0,0,0
0,7,-7
5,4,1
0,0,0
2,2,0
19,2,17
1,5,-4
19,0,19
6,0,6
4,3,1
7,1,6
3,4,-1
6,7,-1
22,28,-6
7,2,5
1,0,1
12,1,11
15,7,8
30,28,2
9,10,-1
11,8,3
4,0,4
7,7,0
7,7,0
0,0,0
1,0,1
0,1,-1
0,0,0
11,22,-11
1,0,1
0,1,-1
0,4,-4
2,0,2
0,1,-1
2,4,-2
1,0,1
9,9,0
3,25,-22
0,3,-3
2,17,-15
2,1,1
19,13,6
1,1,0
10,8,2
5,9,-4
5,1,4
3,0,3
0,0,0
14,39,-25
0,0,0
22,14,8
9,0,9
17,0,17
7,1,6
5,10,-5
23,5,18
55,50,5
17,0,17
8,0,8
1,7,-6
14,6,8
3,18,-15
12,0,12
0,1,-1
9,2,7
0,0,0
11,0,11
31,21,10
34,34,0
2,1,1
1,1,0
2,5,-3
5,0,5
9,2,7
12,5,7
2,3,-1
9,1,8
3,2,1
2,1,1
0,0,0
7,7,0
2,1,1
0,0,0
3,0,3
5,0,5
6,0,6
2,8,-6
34,19,15
16,0,16
12,14,-2
2,0,2
20,9,11
5,0,5
2,2,0
6,8,-2
12,1,11
1,0,1
0,0,0
5,5,0
2,1,1
5,30,-25
2,0,2
2,0,2
0,0,0
12,3,9
1,0,1
6,0,6
15,2,13
3,6,-3
0,0,0
6,6,0
6,2,4
11,10,1
35,35,0
6,2,4
12,26,-14
0,0,0
5,2,3
0,1,-1
21,8,13
4,2,2
4,0,4
6,0,6
21,6,15
3,5,-2
0,0,0
15,11,4
1,6,-5
15,1,14
1,2,-1
2,1,1
11,0,11
0,0,0
5,1,4
10,2,8
12,3,9
9,0,9
0,0,0
2,5,-3
1,0,1
8,1,7
2,1,1
21,9,12
1,0,1
1,0,1
3,0,3
19,2,17
3,0,3
0,0,0
35,2,33
7,0,7
0,1,-1
0,7,-7
8,8,0
0,0,0
3,8,-5
3,1,2
0,0,0
11,0,11
3,0,3
2,0,2
1,4,-3
8,6,2
5,0,5
0,0,0
0,0,0
13,0,13
1,28,-27
4,0,4
10,14,-4
14,9,5
2,1,1
3,14,-11
20,76,-56
3,5,-2
2,7,-5
3,3,0
4,0,4
1,0,1
1,0,1
1,1,0
0,0,0
3,1,2
1,0,1
2,0,2
7,0,7
44,44,0
3,3,0
0,11,-11
7,7,0
4,14,-10
6,7,-1
0,0,0
6,0,6
0,0,0
31,0,31
13,24,-11
0,0,0
0,2,-2
69,69,0
6,2,4
0,0,0
0,0,0
5,0,5
1,1,0
12,1,11
2,2,0
5,1,4
4,7,-3
1,6,-5
38,26,12
6,0,6
2,0,2
13,7,6
4,2,2
6,6,0
14,1,13
0,0,0
19,7,12
1,6,-5
1,0,1
1,0,1
5,1,4
0,0,0
3,0,3
3,0,3
0,0,0
4,14,-10
4,1,3
6,3,3
3,0,3
6,1,5
0,0,0
0,3,-3
1,0,1
2,2,0
1,1,0
1,0,1
3,0,3
0,0,0
32,3,29
0,0,0
3,4,-1
1,0,1
2,1,1
3,2,1
7,0,7
16,33,-17
4,0,4
0,3,-3
1,0,1
1,2,-1
0,2,-2
6,0,6
13,2,11
1,15,-14
7,0,7
10,0,10
6,86,-80
9,0,9
1,8,-7
10,7,3
4,0,4
5,1,4
3,4,-1
1,10,-9
0,0,0
32,20,12
4,0,4
6,0,6
30,14,16
10,12,-2
1,0,1
14,0,14
10,5,5
10,10,0
0,0,0
8,4,4
8,0,8
6,1,5
60,7,53
17,0,17
18,10,8
1,18,-17
7,7,0
1,2,-1
12,0,12
7,30,-23
7,2,5
26,0,26
0,0,0
0,3,-3
5,3,2
8,15,-7
3,10,-7
0,0,0
12,1,11
28,5,23
6,0,6
16,0,16
4,4,0
4,1,3
2,2,0
1,0,1
9,1,8
0,0,0
5,2,3
4,4,0
7,0,7
5,4,1
12,12,0
13,0,13
0,0,0
0,1,-1
11,13,-2
16,22,-6
6,0,6
2,2,0
12,1,11
18,15,3
6,6,0
2,2,0
4,0,4
3,5,-2
29,0,29
3,5,-2
11,7,4
0,0,0
0,0,0
2,0,2
0,0,0
8,3,5
5,0,5
14,2,12
3,0,3
3,2,1
1,0,1
1,2,-1
5,0,5
44,4,40
6,2,4
13,1,12
21,6,15
0,0,0
11,6,5
0,0,0
0,4,-4
9,4,5
0,3,-3
3,2,1
0,3,-3
0,0,0
6,6,0
6,7,-1
5,42,-37
0,0,0
0,0,0
7,7,0
16,0,16
0,1,-1
9,5,4
3,19,-16
18,15,3
42,7,35
35,16,19
0,0,0
0,2,-2
0,0,0
0,1,-1
6,5,1
1,0,1
3,9,-6
1,0,1
15,0,15
15,2,13
1,1,0
7,5,2
3,0,3
3,0,3
6,0,6
19,19,0
1,0,1
10,0,10
0,0,0
11,0,11
17,6,11
17,17,0
3,3,0
9,19,-10
0,0,0
1,0,1
4,0,4
0,0,0
7,10,-3
2,3,-1
18,0,18
3,3,0
0,0,0
2,1,1
5,4,1
29,0,29
10,0,10
8,7,1
16,1,15
12,1,11
0,2,-2
21,19,2
2,0,2
9,0,9
1,0,1
11,0,11
0,0,0
4,3,1
14,1,13
1,0,1
0,0,0
14,0,14
6,2,4
7,7,0
6,0,6
0,0,0
1,2,-1
2,0,2
9,2,7
22,6,16
1,0,1
29,15,14
5,4,1
22,1,21
18,15,3
13,5,8
0,1,-1
8,2,6
75,14,61
2,4,-2
0,0,0
3,0,3
11,5,6
9,16,-7
3,0,3
0,0,0
22,5,17
19,0,19
6,1,5
0,12,-12
10,3,7
7,3,4
1,0,1
9,7,2
13,15,-2
5,7,-2
2,0,2
21,5,16
9,3,6
1,10,-9
0,0,0
1,12,-11
2,5,-3
6,0,6
10,5,5
27,10,17
1,0,1
1,0,1
16,7,9
4,1,3
11,0,11
1,4,-3
5,2,3
15,22,-7
1,5,-4
0,0,0
1,0,1
7,3,4
0,0,0
1,3,-2
0,5,-5
1,0,1
0,2,-2
6,0,6
0,0,0
5,10,-5
2,0,2
3,6,-3
1,2,-1
2,0,2
2,15,-13
2,12,-10
4,8,-4
3,1,2
0,0,0
0,0,0
9,25,-16
4,0,4
3,0,3
32,25,7
3,4,-1
9,1,8
2,5,-3
11,5,6
13,6,7
7,7,0
8,1,7
5,5,0
8,2,6
6,3,3
1,4,-3
3,7,-4
0,1,-1
10,1,9
0,0,0
2,15,-13
5,5,0
6,2,4
11,5,6
6,3,3
2,0,2
6,0,6
0,0,0
2,0,2
2,8,-6
13,7,6
0,1,-1
4,1,3
18,0,18
16,75,-59
1,15,-14
7,0,7
8,2,6
2,16,-14
0,1,-1
9,2,7
0,0,0
0,0,0
0,0,0
0,0,0
1,3,-2
4,1,3
2,0,2
3,1,2
14,6,8
4,1,3
21,0,21
8,0,8
38,0,38
6,0,6
25,15,10
27,26,1
17,5,12
9,0,9
1,12,-11
1,1,0
1,4,-3
0,0,0
1,4,-3
38,0,38
3,4,-1
4,6,-2
33,63,-30
36,0,36
0,6,-6
0,0,0
0,0,0
1,2,-1
0,21,-21
8,0,8
0,5,-5
5,5,0
3,0,3
3,1,2
9,7,2
0,56,-56
13,2,11
3,7,-4
2,0,2
1,0,1
7,0,7
0,0,0
10,4,6
0,0,0
23,6,17
0,1,-1
6,9,-3
19,9,10
35,8,27
7,0,7
14,7,7
2,0,2
0,0,0
10,2,8
4,6,-2
1,0,1
1,7,-6
0,7,-7
67,67,0
1,23,-22
0,0,0
0,7,-7
3,3,0
3,0,3
2,1,1
0,1,-1
36,1,35
7,7,0
2,2,0
1,0,1
2,5,-3
5,0,5
22,1,21
2,0,2
1,1,0
3,0,3
5,6,-1
3,4,-1
10,1,9
6,0,6
29,9,20
0,3,-3
0,1,-1
0,0,0
5,2,3
0,0,0
2,0,2
14,2,12
0,2,-2
1,4,-3
14,1,13
2,2,0
45,33,12
0,0,0
5,0,5
5,1,4
4,4,0
5,0,5
0,0,0
8,2,6
0,0,0
18,18,0
0,0,0
9,16,-7
6,0,6
35,22,13
6,0,6
11,1,10
2,0,2
1,0,1
5,3,2
3,0,3
6,0,6
5,5,0
2,2,0
9,0,9
1,0,1
17,3,14
3,4,-1
12,10,2
0,0,0
0,0,0
3,6,-3
13,2,11
9,10,-1
2,3,-1
6,11,-5
0,0,0
0,0,0
26,10,16
9,4,5
7,8,-1
3,7,-4
3,3,0
12,2,10
5,4,1
13,4,9
15,0,15
2,0,2
6,5,1
7,7,0
20,40,-20
1,0,1
6,3,3
1,0,1
1,1,0
0,0,0
1,0,1
3,3,0
3,3,0
27,9,18
0,4,-4
0,0,0
6,2,4
11,5,6
19,3,16
0,1,-1
13,6,7
6,0,6
14,14,0
13,3,10
1,0,1
0,4,-4
2,1,1
1,3,-2
2,0,2
1,6,-5
7,1,6
33,0,33
1,1,0
11,43,-32
9,0,9
58,9,49
28,0,28
1,2,-1
6,0,6
0,3,-3
0,0,0
13,10,3
1,10,-9
0,2,-2
2,1,1
6,7,-1
1,1,0
1,0,1
17,1,16
1,0,1
3,0,3
1,0,1
2,7,-5
2,0,2
23,1,22
14,5,9
10,18,-8
14,8,6
6,0,6
5,3,2
8,0,8
4,0,4
4,4,0
2,2,0
0,0,0
30,4,26
7,0,7
14,15,-1
22,18,4
0,11,-11
9,4,5
0,2,-2
0,0,0
0,1,-1
2,2,0
4,0,4
2,0,2
0,0,0
16,5,11
1,0,1
12,25,-13
0,2,-2
0,0,0
3,1,2
10,1,9
2,2,0
4,0,4
5,0,5
3,10,-7
8,8,0
1,0,1
1,7,-6
4,0,4
0,0,0
5,5,0
2,2,0
3,0,3
1,0,1
0,0,0
1,0,1
7,0,7
24,3,21
27,0,27
12,4,8
3,0,3
1,0,1
7,9,-2
11,6,5
8,3,5
20,4,16
7,37,-30
7,7,0
2,0,2
0,2,-2
26,9,17
3,0,3
6,1,5
3,1,2
2,2,0
0,0,0
1,0,1
6,10,-4
3,0,3
5,0,5
4,1,3
0,0,0
4,4,0
11,20,-9
3,0,3
0,5,-5
27,3,24
16,0,16
0,0,0
17,0,17
10,10,0
0,0,0
1,7,-6
2,1,1
16,1,15
10,0,10
0,3,-3
6,4,2
6,2,4
1,2,-1
9,6,3
3,16,-13
1,6,-5
2,15,-13
0,19,-19
17,11,6
8,22,-14
16,8,8
2,2,0
7,46,-39
0,0,0
8,0,8
2,2,0
8,24,-16
0,2,-2
26,8,18
0,7,-7
8,7,1
0,0,0
1,3,-2
1,0,1
2,15,-13
4,7,-3
3,1,2
0,0,0
11,4,7
0,0,0
6,6,0
21,0,21
0,4,-4
3,2,1
3,0,3
3,4,-1
9,1,8
22,17,5
0,0,0
2,0,2
18,0,18
1,2,-1
1,0,1
1,0,1
0,0,0
1,0,1
3,0,3
0,0,0
0,2,-2
13,0,13
2,0,2
0,0,0
5,2,3
1,2,-1
25,1,24
11,5,6
0,0,0
8,0,8
0,0,0
4,5,-1
13,13,0
5,0,5
2,6,-4
40,14,26
0,0,0
2,0,2
0,3,-3
15,10,5
2,2,0
7,5,2
3,0,3
21,0,21
2,2,0
10,12,-2
9,0,9
0,0,0
6,3,3
2,3,-1
11,3,8
5,2,3
11,2,9
13,0,13
16,2,14
9,2,7
0,0,0
0,0,0
0,1,-1
0,1,-1
0,0,0
0,1,-1
2,2,0
15,1,14
2,0,2
0,1,-1
20,3,17
0,7,-7
15,2,13
13,1,12
0,0,0
2,0,2
3,0,3
8,11,-3
30,2,28
9,7,2
1,3,-2
3,4,-1
0,0,0
12,2,10
0,0,0
7,26,-19
23,0,23
5,4,1
1,11,-10
0,0,0
1,0,1
10,1,9
6,5,1
10,0,10
0,5,-5
5,2,3
0,0,0
2,0,2
8,0,8
2,0,2
1,3,-2
1,28,-27
2,0,2
9,1,8
4,7,-3
1,0,1
0,0,0
24,48,-24
0,1,-1
8,8,0
3,0,3
3,0,3
15,15,0
19,9,10
0,0,0
15,0,15
0,0,0
24,0,24
0,0,0
3,0,3
10,0,10
0,1,-1
0,0,0
14,1,13
2,2,0
13,0,13
4,0,4
1,1,0
10,1,9
17,0,17
5,0,5
4,4,0
1,0,1
2,7,-5
1,0,1
26,14,12
42,42,0
14,0,14
11,1,10
4,7,-3
13,2,11
26,3,23
2,2,0
12,1,11
10,1,9
0,2,-2
8,0,8
6,1,5
0,7,-7
1,1,0
4,4,0
13,0,13
0,0,0
1,0,1
1,0,1
13,1,12
17,36,-19
1,1,0
0,0,0
2,0,2
0,0,0
1,1,0
1,0,1
6,0,6
0,0,0
25,1,24
4,0,4
1,0,1
0,0,0
2,2,0
1,0,1
0,0,0
5,0,5
1,0,1
6,7,-1
0,0,0
0,0,0
2,3,-1
0,0,0
4,6,-2
9,9,0
5,0,5
15,0,15
20,14,6
1,0,1
12,5,7
0,0,0
0,0,0
0,0,0
5,0,5
10,10,0
0,1,-1
16,7,9
0,4,-4
6,2,4
1,1,0
6,3,3
20,28,-8
2,1,1
3,7,-4
4,5,-1
0,8,-8
7,5,2
0,0,0
10,4,6
1,0,1
0,0,0
9,9,0
9,0,9
20,2,18
4,5,-1
0,0,0
5,3,2
8,4,4
12,9,3
0,7,-7
1,0,1
1,1,0
0,2,-2
0,0,0
0,14,-14
13,0,13
9,3,6
1,0,1
0,0,0
16,3,13
4,1,3
0,0,0
1,2,-1
0,2,-2
5,2,3
3,5,-2
16,1,15
19,3,16
0,1,-1
11,0,11
13,5,8
1,2,-1
4,22,-18
10,10,0
0,0,0
17,11,6
9,5,4
5,0,5
10,3,7
2,1,1
4,0,4
1,1,0
7,7,0
8,1,7
10,2,8
9,0,9
0,6,-6
45,14,31
0,0,0
2,0,2
0,0,0
1,0,1
19,27,-8
4,3,1
2,0,2
0,0,0
0,0,0
0,1,-1
9,11,-2
3,3,0
4,5,-1
31,7,24
13,1,12
5,5,0
0,2,-2
9,2,7
3,3,0
0,0,0
4,0,4
9,0,9
0,0,0
7,1,6
6,6,0
0,0,0
3,0,3
0,0,0
4,5,-1
4,0,4
2,2,0
5,0,5
2,9,-7
1,2,-1
2,6,-4
0,0,0
41,58,-17
3,0,3
2,1,1
1,8,-7
0,0,0
3,0,3
1,0,1
0,0,0
0,0,0
7,4,3
2,0,2
0,0,0
1,1,0
10,21,-11
9,9,0
0,0,0
1,7,-6
1,0,1
6,0,6
14,10,4
4,4,0
0,1,-1
9,1,8
14,14,0
0,0,0
16,1,15
1,4,-3
9,9,0
14,1,13
1,0,1
14,1,13
5,10,-5
13,2,11
5,5,0
7,2,5
19,1,18
0,5,-5
0,0,0
28,5,23
0,0,0
19,2,17
3,32,-29
21,27,-6
2,1,1
2,5,-3
7,0,7
0,0,0
11,8,3
1,0,1
0,0,0
15,4,11
4,7,-3
4,0,4
40,0,40
12,4,8
0,0,0
0,0,0
1,10,-9
4,3,1
4,0,4
31,8,23
1,0,1
6,0,6
1,0,1
11,0,11
2,12,-10
8,6,2
13,0,13
21,32,-11
1,0,1
8,1,7
6,1,5
1,3,-2
1,0,1
4,0,4
14,13,1
1,0,1
0,1,-1
10,1,9
15,0,15
1,3,-2
6,5,1
5,1,4
15,0,15
10,1,9
0,10,-10
1,1,0
12,1,11
1,0,1
17,2,15
1,2,-1
0,0,0
4,4,0
7,4,3
0,0,0
1,0,1
32,2,30
5,8,-3
2,0,2
4,5,-1
4,0,4
0,0,0
0,1,-1
2,0,2
5,0,5
15,12,3
0,6,-6
9,0,9
10,0,10
1,4,-3
7,8,-1
9,0,9
0,0,0
1,0,1
1,0,1
0,0,0
8,0,8
1,1,0
5,0,5
2,6,-4
4,27,-23
5,0,5
0,1,-1
2,3,-1
4,4,0
16,9,7
0,0,0
2,2,0
5,0,5
2,0,2
5,2,3
1,11,-10
3,0,3
0,0,0
11,7,4
31,15,16
1,11,-10
9,17,-8
0,0,0
5,0,5
0,0,0
5,2,3
5,0,5
0,0,0
1,0,1
0,0,0
7,5,2
12,10,2
13,2,11
4,13,-9
8,0,8
5,0,5
4,2,2
2,2,0
0,0,0
0,0,0
3,6,-3
8,7,1
3,0,3
5,3,2
12,0,12
1,0,1
9,1,8
0,8,-8
0,0,0
6,0,6
4,2,2
4,0,4
3,6,-3
3,0,3
3,1,2
9,0,9
2,0,2
3,5,-2
5,2,3
1,8,-7
1,0,1
5,0,5
4,0,4
20,0,20
5,2,3
16,1,15
8,5,3
14,14,0
10,3,7
28,5,23
10,4,6
3,4,-1
0,0,0
3,0,3
31,0,31
0,0,0
7,0,7
4,2,2
2,0,2
35,27,8
1,11,-10
2,0,2
3,0,3
22,0,22
5,1,4
0,0,0
6,0,6
12,7,5
0,0,0
1,1,0
2,3,-1
44,0,44
0,3,-3
0,24,-24
8,2,6
2,0,2
45,15,30
5,0,5
1,0,1
6,10,-4
6,0,6
0,0,0
12,0,12
1,2,-1
0,0,0
0,2,-2
13,7,6
2,0,2
3,0,3
0,0,0
4,1,3
0,1,-1
1,1,0
7,1,6
2,2,0
1,0,1
13,1,12
0,0,0
0,0,0
28,6,22
25,1,24
7,2,5
12,10,2
10,8,2
2,2,0
8,0,8
3,0,3
7,7,0
2,2,0
7,16,-9
2,2,0
11,8,3
3,1,2
1,0,1
8,0,8
15,5,10
1,0,1
6,0,6
2,2,0
0,7,-7
0,0,0
0,2,-2
2,0,2
1,3,-2
2,0,2
7,8,-1
2,2,0
31,0,31
9,15,-6
0,0,0
0,0,0
12,1,11
7,0,7
6,6,0
0,0,0
38,14,24
6,9,-3
37,0,37
5,0,5
0,0,0
49,4,45
12,0,12
20,23,-3
7,1,6
0,1,-1
14,10,4
2,5,-3
4,1,3
3,0,3
0,0,0
9,8,1
2,1,1
5,0,5
2,3,-1
7,0,7
2,0,2
2,0,2
4,2,2
1,2,-1
0,0,0
0,0,0
0,0,0
9,7,2
29,0,29
0,0,0
6,0,6
10,2,8
0,0,0
2,4,-2
39,39,0
2,0,2
1,0,1
9,7,2
4,2,2
3,1,2
5,7,-2
3,0,3
0,0,0
1,1,0
2,0,2
2,1,1
4,4,0
0,0,0
7,0,7
1,0,1
8,0,8
4,6,-2
2,3,-1
0,0,0
1,0,1
0,0,0
9,12,-3
2,2,0
1,7,-6
20,0,20
3,0,3
7,3,4
2,3,-1
10,5,5
20,0,20
8,3,5
1,5,-4
2,0,2
0,0,0
7,0,7
1,0,1
1,2,-1
5,9,-4
5,5,0
14,1,13
5,3,2
7,5,2
7,1,6
3,3,0
2,0,2
5,22,-17
11,0,11
2,0,2
25,4,21
3,34,-31
5,1,4
11,0,11
17,17,0
0,4,-4
2,0,2
0,0,0
9,2,7
2,3,-1
12,6,6
2,2,0
1,1,0
0,0,0
0,1,-1
24,0,24
1,1,0
5,2,3
12,5,7
0,1,-1
29,29,0
3,9,-6
8,3,5
0,9,-9
15,26,-11
16,1,15
0,4,-4
3,0,3
2,0,2
9,6,3
0,0,0
13,14,-1
12,0,12
1,0,1
3,4,-1
4,0,4
0,0,0
1,1,0
2,0,2
25,15,10
8,2,6
6,0,6
8,0,8
0,0,0
12,0,12
11,0,11
6,2,4
4,1,3
14,7,7
16,3,13
19,0,19
19,13,6
0,0,0
3,0,3
4,4,0
33,6,27
0,0,0
0,1,-1
8,10,-2
5,1,4
0,2,-2
20,10,10
9,0,9
2,3,-1
5,0,5
3,0,3
11,10,1
0,0,0
25,1,24
10,11,-1
7,0,7
0,7,-7
0,0,0
2,0,2
0,3,-3
1,2,-1
3,1,2
5,3,2
4,0,4
0,8,-8
4,11,-7
18,3,15
3,0,3
44,2,42
3,3,0
0,0,0
0,0,0
0,0,0
5,2,3
1,11,-10
0,6,-6
17,0,17
4,12,-8
3,0,3
3,5,-2
3,2,1
3,3,0
3,3,0
11,5,6
1,0,1
5,2,3
4,1,3
35,5,30
0,0,0
15,15,0
22,1,21
2,4,-2
4,3,1
1,8,-7
2,1,1
10,0,10
0,0,0
1,0,1
0,0,0
4,6,-2
3,0,3
5,0,5
4,0,4
1,0,1
0,2,-2
14,5,9
0,0,0
0,0,0
0,0,0
0,52,-52
1,9,-8
5,0,5
1,2,-1
49,43,6
19,0,19
78,34,44
1,1,0
0,0,0
4,1,3
7,0,7
15,2,13
11,0,11
17,25,-8
5,0,5
5,10,-5
19,7,12
3,7,-4
0,0,0
0,0,0
1,2,-1
1,0,1
4,7,-3
25,1,24
0,0,0
0,5,-5
0,1,-1
0,0,0
0,1,-1
16,4,12
0,0,0
12,5,7
26,7,19
47,9,38
7,0,7
5,0,5
10,1,9
3,2,1
2,1,1
6,5,1
1,0,1
2,0,2
3,1,2
0,1,-1
3,0,3
15,4,11
4,6,-2
16,1,15
3,1,2
48,13,35
8,5,3
7,5,2
3,2,1
6,0,6
1,8,-7
2,0,2
14,11,3
8,0,8
0,0,0
0,9,-9
0,2,-2
1,1,0
40,6,34
24,8,16
7,1,6
0,7,-7
0,0,0
1,0,1
18,5,13
8,2,6
3,0,3
9,3,6
1,10,-9
2,4,-2
11,3,8
2,7,-5
1,5,-4
1,1,0
3,2,1
3,1,2
33,20,13
12,3,9
2,0,2
9,1,8
2,3,-1
2,2,0
17,6,11
2,0,2
5,2,3
1,0,1
1,3,-2
4,1,3
3,7,-4
4,0,4
12,7,5
0,3,-3
1,0,1
0,0,0
57,57,0
47,22,25
51,0,51
0,0,0
4,0,4
6,4,2
1,0,1
7,4,3
0,0,0
16,6,10
2,1,1
3,1,2
13,2,11
5,9,-4
10,6,4
1,0,1
3,0,3
4,3,1
0,1,-1
12,0,12
0,0,0
3,0,3
5,8,-3
2,2,0
15,3,12
6,4,2
2,10,-8
15,6,9
0,0,0
6,3,3
5,6,-1
5,2,3
1,0,1
5,2,3
6,0,6
19,2,17
2,1,1
0,13,-13
1,4,-3
4,5,-1
4,0,4
8,0,8
13,2,11
0,0,0
2,0,2
14,14,0
9,2,7
0,0,0
1,1,0
4,1,3
1,2,-1
7,7,0
7,3,4
3,12,-9
6,2,4
1,1,0
12,4,8
5,0,5
4,0,4
0,0,0
0,1,-1
2,3,-1
3,2,1
15,4,11
1,0,1
1,0,1
10,8,2
0,0,0
21,36,-15
2,8,-6
4,0,4
0,0,0
13,1,12
5,11,-6
6,9,-3
0,0,0
7,6,1
3,2,1
8,0,8
7,0,7
16,16,0
28,15,13
22,0,22
4,0,4
4,0,4
4,5,-1
3,0,3
16,6,10
10,18,-8
0,0,0
8,0,8
5,0,5
9,9,0
4,5,-1
1,2,-1
0,0,0
3,1,2
12,1,11
7,0,7
3,2,1
23,7,16
4,0,4
3,3,0
1,11,-10
0,1,-1
9,9,0
14,0,14
0,0,0
23,1,22
13,7,6
2,2,0
17,0,17
4,5,-1
9,1,8
2,3,-1
3,6,-3
0,0,0
3,2,1
20,8,12
3,0,3
14,1,13
0,0,0
0,0,0
12,3,9
8,7,1
54,11,43
2,0,2
5,9,-4
6,1,5
1,0,1
0,0,0
12,11,1
26,37,-11
3,0,3
10,0,10
2,1,1
10,6,4
3,4,-1
11,0,11
8,0,8
1,0,1
0,0,0
0,0,0
1,0,1
0,26,-26
5,0,5
1,0,1
8,1,7
5,2,3
1,0,1
1,6,-5
3,4,-1
6,8,-2
9,2,7
7,0,7
3,0,3
3,0,3
6,0,6
1,0,1
4,7,-3
11,5,6
8,7,1
5,31,-26
0,1,-1
3,4,-1
59,0,59
11,13,-2
13,0,13
14,0,14
4,0,4
13,2,11
0,0,0
10,3,7
0,1,-1
11,47,-36
4,1,3
5,1,4
1,0,1
4,4,0
11,2,9
0,0,0
0,1,-1
9,10,-1
12,6,6
3,0,3
4,7,-3
0,0,0
0,0,0
42,1,41
3,0,3
5,0,5
2,0,2
0,14,-14
1,5,-4
14,17,-3
2,1,1
1,2,-1
2,3,-1
3,3,0
10,4,6
7,0,7
71,71,0
28,11,17
0,0,0
8,9,-1
1,0,1
6,0,6
3,0,3
6,6,0
8,8,0
0,0,0
3,0,3
5,0,5
0,0,0
1,0,1
12,7,5
19,9,10
0,0,0
18,1,17
5,25,-20
36,2,34
3,0,3
12,0,12
0,0,0
11,5,6
0,0,0
3,0,3
22,1,21
0,0,0
0,0,0
14,0,14
4,10,-6
23,1,22
2,0,2
7,13,-6
3,0,3
6,6,0
21,0,21
1,1,0
9,5,4
3,0,3
1,3,-2
13,62,-49
2,8,-6
4,1,3
15,1,14
0,0,0
35,40,-5
5,0,5
5,2,3
1,2,-1
17,9,8
0,0,0
1,0,1
34,7,27
1,4,-3
19,0,19
7,3,4
24,8,16
0,0,0
8,5,3
2,0,2
0,0,0
8,1,7
12,1,11
13,1,12
23,37,-14
1,2,-1
11,0,11
2,25,-23
39,35,4
8,10,-2
3,0,3
0,0,0
4,0,4
3,3,0
0,5,-5
5,10,-5
7,1,6
5,0,5
0,7,-7
4,3,1
3,7,-4
11,0,11
12,6,6
3,0,3
7,8,-1
0,2,-2
3,0,3
1,1,0
1,7,-6
0,7,-7
0,0,0
2,3,-1
2,1,1
30,2,28
0,0,0
5,5,0
4,0,4
2,2,0
6,0,6
5,7,-2
6,2,4
24,12,12
4,0,4
5,6,-1
2,0,2
2,1,1
27,1,26
2,8,-6
17,9,8
0,1,-1
1,10,-9
7,12,-5
3,0,3
0,0,0
7,2,5
0,0,0
24,15,9
0,0,0
0,0,0
2,2,0
0,2,-2
0,1,-1
2,2,0
1,1,0
0,0,0
1,1,0
14,0,14
9,7,2
6,0,6
0,1,-1
0,2,-2
0,0,0
18,18,0
37,37,0
5,1,4
5,5,0
0,0,0
4,3,1
2,0,2
1,1,0
10,0,10
0,0,0
9,0,9
11,16,-5
3,0,3
20,5,15
7,0,7
6,5,1
2,1,1
0,0,0
1,1,0
26,14,12
21,1,20
2,0,2
8,0,8
0,0,0
3,5,-2
12,0,12
0,0,0
6,0,6
6,10,-4
10,0,10
0,0,0
3,6,-3
11,8,3
0,1,-1
7,6,1
2,8,-6
28,10,18
4,0,4
1,1,0
6,0,6
2,0,2
4,0,4
0,0,0
1,4,-3
0,0,0
1,2,-1
19,9,10
0,0,0
0,0,0
2,2,0
1,1,0
0,0,0
0,0,0
1,2,-1
17,0,17
0,5,-5
8,14,-6
14,14,0
2,0,2
5,1,4
16,7,9
10,2,8
1,6,-5
1,0,1
10,4,6
7,7,0
22,0,22
2,0,2
12,12,0
25,10,15
0,0,0
5,4,1
8,0,8
11,10,1
0,0,0
0,0,0
9,0,9
3,0,3
9,5,4
0,0,0
42,2,40
6,4,2
0,0,0
11,0,11
2,0,2
18,16,2
2,0,2
11,0,11
7,7,0
0,3,-3
8,1,7
5,5,0
0,2,-2
14,2,12
1,0,1
8,9,-1
3,4,-1
0,0,0
12,8,4
9,16,-7
2,0,2
10,0,10
7,5,2
5,0,5
3,0,3
2,0,2
12,38,-26
2,3,-1
0,0,0
1,0,1
3,0,3
2,0,2
6,0,6
1,0,1
0,4,-4
0,0,0
1,2,-1
1,2,-1
0,1,-1
3,2,1
10,0,10
30,9,21
2,1,1
0,0,0
0,0,0
2,0,2
10,1,9
5,0,5
0,1,-1
1,0,1
6,0,6
15,12,3
8,6,2
0,1,-1
3,0,3
4,3,1
2,2,0
16,5,11
1,0,1
0,2,-2
0,0,0
2,14,-12
3,4,-1
1,0,1
9,3,6
15,0,15
6,5,1
3,6,-3
16,4,12
8,0,8
9,14,-5
9,9,0
0,0,0
3,0,3
1,0,1
7,7,0
31,5,26
0,1,-1
3,0,3
15,26,-11
1,3,-2
9,2,7
14,0,14
6,5,1
1,1,0
0,0,0
9,0,9
9,5,4
11,7,4
1,0,1
0,8,-8
15,20,-5
0,0,0
12,3,9
1,2,-1
2,15,-13
1,0,1
3,10,-7
12,0,12
1,0,1
24,0,24
0,0,0
2,0,2
1,9,-8
33,33,0
4,4,0
4,4,0
12,0,12
1,1,0
1,0,1
0,19,-19
2,2,0
1,1,0
10,13,-3
10,15,-5
2,0,2
14,18,-4
7,0,7
6,0,6
0,1,-1
1,1,0
5,0,5
0,0,0
15,1,14
17,0,17
7,7,0
0,1,-1
9,1,8
0,1,-1
7,0,7
6,1,5
8,1,7
5,0,5
0,2,-2
0,2,-2
0,3,-3
2,1,1
4,4,0
2,6,-4
9,0,9
0,2,-2
3,0,3
3,0,3
1,0,1
1,0,1
1,0,1
4,0,4
0,0,0
8,0,8
1,1,0
4,3,1
12,4,8
0,0,0
2,0,2
0,0,0
0,0,0
4,6,-2
24,0,24
0,7,-7
8,0,8
5,4,1
0,5,-5
14,14,0
2,5,-3
0,0,0
3,2,1
1,3,-2
5,5,0
1,4,-3
13,26,-13
1,0,1
6,1,5
16,0,16
4,1,3
4,4,0
1,5,-4
2,1,1
4,7,-3
1,0,1
1,1,0
0,2,-2
0,2,-2
6,6,0
2,3,-1
1,7,-6
17,7,10
1,0,1
2,2,0
5,5,0
16,0,16
5,0,5
1,0,1
0,1,-1
6,6,0
4,3,1
8,2,6
0,0,0
42,0,42
0,1,-1
0,3,-3
31,7,24
0,2,-2
0,6,-6
12,1,11
1,0,1
6,2,4
10,0,10
8,8,0
8,3,5
34,43,-9
0,0,0
13,3,10
11,15,-4
1,0,1
10,0,10
3,6,-3
5,0,5
7,3,4
3,6,-3
0,3,-3
0,0,0
4,9,-5
3,0,3
3,0,3
3,0,3
1,4,-3
2,7,-5
9,7,2
1,3,-2
10,0,10
5,0,5
0,2,-2
11,7,4
5,2,3
0,0,0
12,3,9
6,4,2
1,1,0
8,5,3
3,0,3
7,5,2
1,0,1
0,1,-1
1,3,-2
10,7,3
1,0,1
6,6,0
4,0,4
0,0,0
9,4,5
8,1,7
0,0,0
0,2,-2
2,6,-4
0,0,0
1,0,1
0,0,0
0,0,0
9,0,9
15,10,5
9,5,4
3,3,0
2,0,2
42,5,37
1,0,1
1,3,-2
6,0,6
5,0,5
1,17,-16
3,1,2
1,0,1
0,1,-1
15,6,9
1,0,1
7,1,6
3,0,3
6,2,4
6,0,6
1,1,0
0,0,0
19,23,-4
2,5,-3
4,9,-5
7,0,7
5,9,-4
0,5,-5
6,10,-4
0,0,0
0,0,0
11,6,5
7,5,2
8,3,5
12,0,12
0,0,0
9,0,9
4,12,-8
6,0,6
11,0,11
5,0,5
0,0,0
3,1,2
14,13,1
0,3,-3
3,3,0
0,1,-1
0,0,0
1,1,0
24,7,17
0,1,-1
2,0,2
0,0,0
2,1,1
1,0,1
0,2,-2
5,3,2
3,3,0
5,6,-1
0,2,-2
6,0,6
10,2,8
12,2,10
1,1,0
1,0,1
5,0,5
6,27,-21
1,0,1
2,31,-29
29,17,12
0,0,0
0,0,0
4,0,4
0,0,0
2,0,2
7,0,7
5,8,-3
7,1,6
3,9,-6
2,0,2
1,4,-3
27,3,24
5,1,4
1,48,-47
2,2,0
7,1,6
11,12,-1
10,1,9
1,0,1
18,22,-4
6,7,-1
7,0,7
13,13,0
1,2,-1
0,10,-10
1,0,1
3,1,2
6,7,-1
1,2,-1
9,1,8
1,0,1
5,5,0
12,0,12
0,0,0
4,3,1
1,13,-12
0,1,-1
4,4,0
0,0,0
20,0,20
1,0,1
9,4,5
7,0,7
3,0,3
5,2,3
0,0,0
12,2,10
9,9,0
8,1,7
0,0,0
1,6,-5
4,0,4
1,0,1
8,8,0
2,2,0
15,0,15
4,3,1
10,7,3
2,0,2
21,27,-6
0,0,0
5,7,-2
0,0,0
1,1,0
30,4,26
1,0,1
3,0,3
2,2,0
3,2,1
2,0,2
3,2,1
7,2,5
38,9,29
17,80,-63
5,6,-1
2,0,2
4,4,0
36,31,5
3,13,-10
0,1,-1
3,7,-4
2,7,-5
3,0,3
4,5,-1
2,0,2
8,20,-12
4,0,4
10,4,6
20,0,20
0,0,0
7,0,7
6,1,5
4,0,4
6,0,6
7,4,3
0,0,0
8,0,8
0,0,0
30,8,22
2,0,2
1,1,0
1,0,1
6,0,6
2,0,2
9,2,7
2,1,1
4,0,4
5,2,3
1,0,1
1,0,1
4,1,3
6,2,4
4,2,2
15,1,14
4,28,-24
39,14,25
4,0,4
25,1,24
2,0,2
11,2,9
2,1,1
13,0,13
12,0,12
16,5,11
5,2,3
7,3,4
8,10,-2
1,2,-1
7,3,4
3,1,2
0,0,0
7,17,-10
6,4,2
2,0,2
1,0,1
0,0,0
0,1,-1
14,4,10
4,2,2
24,9,15
0,0,0
5,0,5
0,0,0
0,0,0
11,0,11
6,0,6
15,0,15
3,3,0
5,2,3
5,2,3
7,1,6
13,2,11
3,0,3
13,2,11
3,0,3
0,0,0
5,2,3
4,0,4
8,14,-6
6,9,-3
0,0,0
3,0,3
6,2,4
4,4,0
5,7,-2
1,0,1
0,2,-2
7,10,-3
0,2,-2
4,5,-1
0,0,0
7,7,0
8,0,8
0,0,0
3,0,3
31,21,10
2,7,-5
3,3,0
14,2,12
3,0,3
5,3,2
2,0,2
1,0,1
9,7,2
2,2,0
9,0,9
1,1,0
1,19,-18
0,0,0
3,7,-4
3,0,3
7,7,0
4,2,2
12,4,8
2,1,1
15,0,15
0,0,0
11,3,8
0,1,-1
4,7,-3
3,2,1
10,6,4
12,23,-11
16,1,15
8,1,7
25,10,15
0,0,0
2,0,2
8,0,8
0,0,0
0,5,-5
5,5,0
4,0,4
6,6,0
0,0,0
0,0,0
4,3,1
8,0,8
1,4,-3
1,0,1
6,4,2
3,0,3
17,0,17
36,26,10
3,2,1
0,0,0
5,2,3
1,3,-2
4,0,4
10,0,10
2,6,-4
1,3,-2
2,0,2
13,7,6
58,2,56
11,2,9
30,1,29
6,6,0
9,0,9
13,4,9
1,0,1
3,2,1
11,39,-28
12,1,11
7,9,-2
0,0,0
2,3,-1
0,0,0
15,2,13
2,6,-4
4,0,4
6,5,1
12,18,-6
59,0,59
5,0,5
9,8,1
4,10,-6
2,0,2
0,0,0
1,9,-8
1,0,1
8,0,8
7,18,-11
0,0,0
6,1,5
9,0,9
14,8,6
23,6,17
7,1,6
5,0,5
1,12,-11
4,5,-1
0,0,0
0,0,0
23,32,-9
0,0,0
6,9,-3
0,27,-27
0,0,0
7,2,5
4,11,-7
3,4,-1
15,1,14
21,2,19
0,0,0
1,0,1
1,0,1
3,0,3
13,1,12
8,1,7
5,5,0
2,14,-12
7,1,6
1,0,1
2,0,2
6,1,5
18,0,18
7,1,6
8,3,5
1,0,1
13,11,2
20,0,20
4,1,3
2,0,2
2,0,2
5,0,5
12,7,5
4,3,1
2,0,2
5,3,2
34,26,8
17,0,17
7,0,7
2,0,2
1,4,-3
0,1,-1
5,0,5
13,1,12
8,2,6
7,32,-25
1,0,1
1,1,0
3,2,1
21,10,11
0,3,-3
9,3,6
0,0,0
9,7,2
3,0,3
10,1,9
0,0,0
4,2,2
0,0,0
5,10,-5
18,2,16
3,20,-17
14,1,13
0,3,-3
3,4,-1
1,6,-5
2,7,-5
0,0,0
2,7,-5
0,0,0
63,63,0
12,0,12
5,0,5
5,9,-4
9,7,2
10,1,9
2,4,-2
2,1,1
12,8,4
0,0,0
13,2,11
5,7,-2
1,0,1
27,2,25
12,5,7
0,0,0
2,0,2
10,7,3
5,5,0
1,0,1
2,2,0
20,5,15
0,1,-1
8,7,1
2,1,1
1,0,1
7,2,5
4,2,2
3,0,3
3,0,3
0,0,0
0,0,0
3,3,0
10,0,10
16,8,8
3,7,-4
33,23,10
0,1,-1
2,0,2
1,0,1
3,0,3
0,1,-1
5,1,4
8,1,7
12,1,11
2,2,0
0,0,0
15,4,11
2,0,2
0,0,0
3,0,3
1,0,1
4,2,2
0,0,0
17,15,2
2,2,0
45,27,18
19,1,18
0,0,0
3,0,3
8,3,5
4,0,4
0,0,0
10,0,10
9,0,9
17,3,14
4,1,3
7,0,7
0,1,-1
43,26,17
7,2,5
0,3,-3
8,0,8
1,0,1
45,0,45
7,0,7
1,1,0
18,0,18
26,9,17
13,2,11
7,17,-10
2,0,2
14,28,-14
2,0,2
7,1,6
6,1,5
17,0,17
0,0,0
2,0,2
11,3,8
6,1,5
20,0,20
2,16,-14
0,0,0
0,0,0
2,0,2
2,2,0
3,0,3
0,0,0
3,4,-1
1,3,-2
19,0,19
1,1,0
6,0,6
0,0,0
5,5,0
0,0,0
2,0,2
0,0,0
6,0,6
11,8,3
9,2,7
0,0,0
6,0,6
8,0,8
10,2,8
6,3,3
8,6,2
1,7,-6
6,3,3
2,0,2
7,7,0
2,0,2
6,0,6
15,2,13
38,7,31
2,4,-2
6,4,2
21,0,21
2,0,2
3,1,2
0,13,-13
4,0,4
1,0,1
10,0,10
1,1,0
5,0,5
12,5,7
1,0,1
18,2,16
0,0,0
1,1,0
0,0,0
2,2,0
2,4,-2
4,0,4
2,0,2
1,0,1
1,15,-14
4,0,4
8,3,5
44,4,40
0,1,-1
1,3,-2
1,0,1
36,40,-4
1,0,1
0,1,-1
5,2,3
1,1,0
0,1,-1
5,2,3
9,9,0
0,0,0
5,5,0
1,2,-1
5,9,-4
11,8,3
0,22,-22
8,1,7
0,5,-5
1,0,1
0,2,-2
11,0,11
13,10,3
18,0,18
4,7,-3
1,0,1
3,5,-2
1,1,0
0,1,-1
14,9,5
34,21,13
1,3,-2
3,0,3
0,0,0
25,25,0
4,1,3
3,3,0
1,0,1
0,0,0
0,0,0
10,5,5
21,13,8
22,2,20
0,0,0
26,2,24
29,13,16
24,10,14
1,0,1
3,0,3
4,7,-3
12,8,4
2,3,-1
5,0,5
8,0,8
15,5,10
1,2,-1
27,1,26
13,8,5
27,10,17
2,0,2
3,0,3
12,10,2
12,1,11
11,2,9
2,0,2
3,0,3
3,3,0
1,5,-4
3,1,2
54,1,53
4,67,-63
0,0,0
2,3,-1
1,3,-2
6,7,-1
7,0,7
0,0,0
0,0,0
2,0,2
19,0,19
9,5,4
6,9,-3
21,4,17
0,0,0
6,7,-1
2,0,2
1,0,1
33,0,33
14,1,13
2,1,1
2,0,2
1,0,1
3,3,0
13,2,11
0,0,0
9,0,9
2,4,-2
21,2,19
0,0,0
3,0,3
13,0,13
4,0,4
12,0,12
4,9,-5
0,0,0
8,1,7
2,1,1
1,3,-2
15,0,15
0,2,-2
1,16,-15
4,2,2
1,5,-4
10,2,8
15,9,6
1,0,1
10,3,7
4,8,-4
4,0,4
20,8,12
0,3,-3
10,1,9
2,0,2
10,1,9
11,0,11
0,1,-1
2,4,-2
5,7,-2
14,0,14
3,2,1
2,1,1
7,8,-1
10,5,5
5,2,3
2,4,-2
1,0,1
0,5,-5
22,1,21
3,0,3
8,8,0
1,0,1
5,0,5
11,1,10
0,0,0
0,5,-5
2,4,-2
0,0,0
8,0,8
4,1,3
3,46,-43
6,22,-16
11,0,11
12,1,11
17,2,15
0,0,0
5,0,5
0,0,0
14,7,7
11,0,11
0,7,-7
1,0,1
11,0,11
1,0,1
5,9,-4
3,6,-3
13,7,6
1,0,1
3,2,1
16,0,16
5,3,2
9,0,9
2,1,1
2,2,0
32,25,7
16,15,1
3,10,-7
0,0,0
20,17,3
1,0,1
7,0,7
4,4,0
4,4,0
2,9,-7
8,0,8
0,4,-4
5,5,0
5,3,2
20,1,19
7,0,7
13,10,3
2,9,-7
3,7,-4
8,11,-3
5,1,4
3,0,3
8,4,4
0,0,0
8,0,8
0,0,0
16,10,6
1,0,1
3,9,-6
24,8,16
17,16,1
3,3,0
1,0,1
1,0,1
0,0,0
3,4,-1
2,5,-3
0,1,-1
21,0,21
16,0,16
1,0,1
1,1,0
7,3,4
4,2,2
0,0,0
0,0,0
20,2,18
2,0,2
1,0,1
4,2,2
0,0,0
4,8,-4
6,2,4
2,0,2
0,2,-2
12,0,12
35,13,22
0,0,0
5,13,-8
2,0,2
2,2,0
8,0,8
7,0,7
2,0,2
14,33,-19
1,0,1
6,2,4
2,0,2
7,4,3
4,0,4
1,0,1
9,0,9
3,2,1
12,8,4
2,2,0
0,0,0
3,2,1
1,0,1
0,0,0
32,27,5
2,7,-5
1,0,1
4,0,4
3,2,1
17,6,11
5,0,5
9,4,5
10,6,4
17,2,15
0,9,-9
0,2,-2
2,0,2
6,0,6
0,6,-6
28,0,28
3,0,3
4,0,4
0,1,-1
0,3,-3
7,4,3
22,11,11
11,6,5
10,3,7
19,1,18
1,0,1
0,7,-7
4,7,-3
0,0,0
2,0,2
1,0,1
8,2,6
2,2,0
4,22,-18
0,2,-2
9,2,7
6,1,5
6,2,4
1,0,1
1,0,1
9,3,6
0,0,0
1,1,0
1,0,1
7,8,-1
0,2,-2
0,5,-5
10,1,9
16,6,10
7,0,7
0,0,0
9,4,5
21,10,11
15,11,4
2,0,2
7,0,7
1,0,1
11,2,9
4,0,4
2,2,0
5,3,2
0,0,0
3,0,3
34,9,25
1,1,0
18,6,12
5,28,-23
0,0,0
0,0,0
22,22,0
1,0,1
14,0,14
0,0,0
5,0,5
43,2,41
8,4,4
15,1,14
9,10,-1
2,1,1
1,0,1
12,1,11
3,2,1
8,1,7
0,0,0
3,0,3
3,2,1
0,0,0
6,2,4
5,4,1
0,3,-3
6,2,4
2,0,2
1,0,1
1,0,1
1,5,-4
10,1,9
0,0,0
5,0,5
4,2,2
3,3,0
3,5,-2
3,2,1
0,1,-1
7,5,2
3,0,3
0,0,0
1,0,1
3,3,0
2,0,2
5,10,-5
24,27,-3
6,0,6
3,0,3
2,2,0
0,0,0
0,0,0
10,10,0
1,2,-1
0,0,0
15,15,0
2,2,0
7,6,1
8,9,-1
1,0,1
5,0,5
55,13,42
0,1,-1
1,2,-1
2,0,2
3,0,3
1,4,-3
6,4,2
2,1,1
2,4,-2
4,11,-7
3,1,2
5,3,2
2,0,2
1,5,-4
0,0,0
0,0,0
3,1,2
3,5,-2
0,0,0
5,0,5
0,0,0
9,6,3
5,5,0
1,6,-5
23,5,18
0,0,0
28,7,21
15,0,15
10,9,1
0,0,0
10,7,3
11,14,-3
3,6,-3
3,1,2
7,2,5
7,28,-21
1,0,1
8,0,8
5,0,5
0,0,0
3,2,1
1,1,0
3,2,1
1,0,1
26,7,19
1,5,-4
6,2,4
0,2,-2
2,0,2
8,1,7
1,0,1
4,2,2
4,2,2
4,3,1
7,9,-2
2,7,-5
12,7,5
1,2,-1
3,3,0
20,4,16
0,3,-3
9,6,3
13,6,7
23,27,-4
5,2,3
4,1,3
0,0,0
8,2,6
7,3,4
1,0,1
5,6,-1
11,0,11
4,2,2
4,7,-3
1,0,1
6,0,6
35,29,6
3,0,3
1,6,-5
2,4,-2
51,41,10
0,0,0
6,5,1
2,3,-1
5,0,5
6,0,6
0,0,0
0,3,-3
3,0,3
11,0,11
8,3,5
2,0,2
1,0,1
14,8,6
20,30,-10
0,1,-1
1,0,1
0,0,0
3,1,2
2,2,0
0,0,0
1,2,-1
24,0,24
13,10,3
5,3,2
2,0,2
1,0,1
1,0,1
19,15,4
3,14,-11
0,0,0
4,10,-6
1,0,1
2,2,0
6,1,5
4,1,3
23,7,16
3,5,-2
26,14,12
7,1,6
1,0,1
5,2,3
0,0,0
7,0,7
0,1,-1
1,2,-1
0,1,-1
5,0,5
1,2,-1
0,0,0
5,0,5
4,2,2
8,7,1
1,0,1
4,2,2
9,22,-13
1,0,1
9,2,7
0,58,-58
0,0,0
14,4,10
5,0,5
19,0,19
2,0,2
70,0,70
2,1,1
2,2,0
0,2,-2
2,2,0
15,3,12
5,2,3
0,0,0
7,0,7
0,0,0
2,2,0
6,0,6
18,1,17
3,3,0
3,0,3
12,0,12
4,0,4
10,2,8
6,4,2
0,0,0
0,0,0
1,0,1
4,2,2
19,0,19
10,1,9
8,4,4
14,2,12
17,2,15
3,2,1
4,5,-1
8,1,7
23,8,15
1,0,1
5,0,5
5,4,1
4,0,4
3,0,3
1,0,1
4,7,-3
1,1,0
5,8,-3
2,1,1
5,3,2
9,2,7
18,30,-12
0,2,-2
9,7,2
10,48,-38
1,1,0
5,0,5
9,0,9
1,6,-5
2,0,2
4,1,3
11,6,5
15,11,4
3,3,0
10,0,10
27,13,14
0,0,0
1,0,1
1,0,1
1,6,-5
5,5,0
10,3,7
24,0,24
0,0,0
63,5,58
9,10,-1
53,13,40
1,1,0
1,0,1
14,5,9
8,1,7
0,0,0
4,0,4
3,2,1
4,0,4
1,1,0
0,0,0
5,2,3
1,3,-2
3,8,-5
0,2,-2
35,0,35
3,3,0
0,0,0
1,5,-4
11,4,7
2,2,0
0,0,0
2,2,0
6,15,-9
23,15,8
6,0,6
2,0,2
18,2,16
1,3,-2
11,0,11
31,0,31
0,0,0
4,0,4
1,3,-2
0,0,0
12,1,11
1,0,1
2,3,-1
0,0,0
1,0,1
2,0,2
0,1,-1
5,2,3
9,7,2
20,12,8
23,0,23
14,0,14
10,12,-2
32,25,7
1,3,-2
0,0,0
2,0,2
3,2,1
12,3,9
1,0,1
2,7,-5
15,15,0
47,22,25
5,1,4
3,2,1
4,0,4
3,0,3
0,0,0
18,8,10
4,4,0
0,0,0
15,0,15
18,0,18
7,1,6
16,4,12
0,11,-11
3,5,-2
1,0,1
9,0,9
0,0,0
17,8,9
11,8,3
3,0,3
21,0,21
21,0,21
32,14,18
3,6,-3
2,1,1
2,0,2
0,1,-1
0,0,0
5,6,-1
12,20,-8
0,6,-6
0,0,0
2,1,1
20,8,12
6,0,6
6,11,-5
3,0,3
68,68,0
1,11,-10
2,10,-8
9,1,8
1,0,1
2,0,2
9,2,7
0,0,0
0,0,0
0,0,0
10,39,-29
6,0,6
20,39,-19
1,0,1
1,1,0
1,0,1
7,13,-6
0,1,-1
1,8,-7
42,62,-20
5,7,-2
1,0,1
1,0,1
0,0,0
3,2,1
0,11,-11
1,2,-1
2,3,-1
2,0,2
35,6,29
9,7,2
0,0,0
7,4,3
4,0,4
0,0,0
66,4,62
13,4,9
50,0,50
6,0,6
15,0,15
17,0,17
45,4,41
7,5,2
5,1,4
13,7,6
0,0,0
47,3,44
0,5,-5
1,1,0
7,0,7
35,1,34
5,0,5
99,1,98
2,0,2
3,5,-2
2,2,0
0,6,-6
1,0,1
0,0,0
10,0,10
0,1,-1
4,5,-1
0,50,-50
0,3,-3
0,0,0
0,2,-2
7,0,7
0,0,0
2,2,0
8,0,8
2,2,0
5,5,0
3,3,0
1,0,1
4,0,4
0,0,0
1,1,0
13,7,6
0,1,-1
3,6,-3
1,0,1
26,2,24
0,0,0
0,0,0
1,4,-3
0,0,0
10,17,-7
28,52,-24
24,0,24
4,0,4
1,2,-1
0,4,-4
2,0,2
2,0,2
4,0,4
5,0,5
13,4,9
8,0,8
12,0,12
6,5,1
17,4,13
3,2,1
43,1,42
13,29,-16
28,9,19
6,8,-2
25,4,21
4,1,3
14,12,2
34,5,29
7,1,6
0,0,0
13,14,-1
0,0,0
40,3,37
5,1,4
0,4,-4
3,3,0
0,0,0
0,4,-4
16,2,14
1,5,-4
1,4,-3
5,0,5
26,5,21
5,0,5
0,0,0
0,0,0
0,0,0
3,0,3
3,3,0
4,0,4
7,0,7
9,8,1
17,15,2
8,0,8
13,0,13
9,4,5
1,22,-21
0,5,-5
3,0,3
0,6,-6
14,3,11
3,5,-2
1,2,-1
13,7,6
1,0,1
10,0,10
4,16,-12
12,22,-10
8,17,-9
3,0,3
0,0,0
7,5,2
7,0,7
38,4,34
5,0,5
0,0,0
2,0,2
1,7,-6
4,7,-3
34,18,16
1,2,-1
5,1,4
0,0,0
1,2,-1
1,0,1
4,0,4
0,0,0
0,3,-3
2,0,2
3,3,0
7,0,7
1,25,-24
10,1,9
9,15,-6
2,2,0
14,7,7
13,3,10
24,2,22
0,0,0
0,0,0
0,0,0
5,3,2
9,1,8
1,8,-7
1,2,-1
6,9,-3
17,0,17
2,3,-1
0,0,0
3,0,3
2,0,2
8,0,8
0,1,-1
1,2,-1
2,0,2
14,7,7
14,23,-9
6,1,5
0,0,0
3,8,-5
1,0,1
19,2,17
2,0,2
3,0,3
13,7,6
0,0,0
0,0,0
0,9,-9
5,0,5
0,28,-28
4,0,4
2,1,1
13,5,8
17,0,17
29,12,17
9,1,8
22,0,22
7,1,6
8,12,-4
8,1,7
0,37,-37
28,5,23
0,0,0
6,1,5
0,0,0
2,0,2
1,5,-4
0,0,0
7,5,2
12,0,12
12,0,12
5,1,4
0,7,-7
1,0,1
0,0,0
5,3,2
0,5,-5
18,15,3
4,18,-14
19,12,7
0,0,0
1,0,1
2,13,-11
10,0,10
2,3,-1
2,0,2
12,4,8
3,15,-12
8,5,3
6,7,-1
0,0,0
0,0,0
0,1,-1
9,0,9
1,1,0
6,0,6
6,7,-1
45,2,43
0,0,0
24,0,24
6,10,-4
2,0,2
23,2,21
26,3,23
0,0,0
0,0,0
6,1,5
0,0,0
12,11,1
4,2,2
2,2,0
15,2,13
0,0,0
19,7,12
2,4,-2
7,14,-7
1,2,-1
0,0,0
17,17,0
0,1,-1
9,1,8
7,1,6
2,0,2
5,7,-2
18,4,14
4,0,4
17,0,17
2,0,2
23,9,14
4,0,4
11,55,-44
0,0,0
9,0,9
9,1,8
30,29,1
1,0,1
6,3,3
0,0,0
14,0,14
0,0,0
2,1,1
29,0,29
5,8,-3
11,2,9
2,3,-1
0,4,-4
19,10,9
0,0,0
2,0,2
1,0,1
10,0,10
1,0,1
1,3,-2
3,0,3
6,0,6
1,1,0
7,7,0
1,2,-1
2,0,2
46,4,42
36,12,24
18,9,9
0,0,0
0,0,0
7,5,2
3,4,-1
1,0,1
10,1,9
1,2,-1
30,1,29
11,0,11
3,0,3
3,2,1
16,7,9
0,0,0
0,0,0
5,1,4
30,0,30
4,0,4
2,0,2
26,15,11
8,1,7
2,2,0
12,4,8
2,5,-3
0,0,0
6,0,6
3,0,3
8,0,8
3,2,1
13,10,3
12,19,-7
1,1,0
2,2,0
10,2,8
1,3,-2
0,0,0
0,2,-2
6,2,4
1,3,-2
4,2,2
0,0,0
0,2,-2
24,3,21
0,0,0
1,0,1
2,2,0
4,0,4
9,1,8
2,1,1
5,23,-18
2,0,2
0,0,0
0,0,0
0,9,-9
4,3,1
6,3,3
1,1,0
3,6,-3
4,2,2
9,0,9
11,1,10
0,0,0
13,1,12
2,1,1
0,9,-9
3,1,2
6,1,5
0,7,-7
5,0,5
8,8,0
0,0,0
21,0,21
14,7,7
20,1,19
59,50,9
11,2,9
6,0,6
12,1,11
2,0,2
30,9,21
2,0,2
0,0,0
2,0,2
12,5,7
0,4,-4
0,7,-7
6,5,1
0,0,0
1,5,-4
0,0,0
16,1,15
31,8,23
1,1,0
0,0,0
8,30,-22
3,2,1
2,0,2
10,10,0
24,0,24
10,2,8
1,5,-4
8,2,6
13,0,13
27,20,7
15,11,4
0,0,0
9,4,5
45,14,31
9,0,9
3,0,3
0,0,0
21,10,11
2,32,-30
0,0,0
0,0,0
1,1,0
3,7,-4
15,19,-4
0,0,0
0,7,-7
0,0,0
0,1,-1
9,12,-3
3,1,2
3,1,2
16,1,15
0,0,0
5,1,4
0,0,0
1,3,-2
1,0,1
4,0,4
0,0,0
1,0,1
1,0,1
0,0,0
19,51,-32
19,1,18
5,10,-5
17,31,-14
7,1,6
5,9,-4
9,1,8
10,5,5
2,2,0
8,0,8
5,5,0
12,2,10
10,1,9
30,17,13
2,1,1
1,7,-6
0,0,0
6,7,-1
0,1,-1
3,0,3
2,1,1
1,0,1
0,0,0
0,0,0
1,1,0
1,0,1
5,1,4
4,2,2
5,5,0
0,0,0
20,0,20
3,0,3
8,3,5
0,7,-7
0,1,-1
0,0,0
1,3,-2
1,0,1
7,1,6
16,7,9
26,23,3
1,1,0
6,1,5
3,2,1
0,0,0
11,5,6
1,0,1
0,1,-1
10,2,8
13,2,11
16,7,9
2,8,-6
1,0,1
4,0,4
0,2,-2
9,8,1
19,0,19
6,0,6
5,0,5
14,2,12
5,2,3
8,0,8
16,2,14
1,0,1
22,0,22
4,0,4
3,5,-2
3,1,2
0,0,0
14,2,12
0,10,-10
1,7,-6
1,1,0
0,1,-1
0,1,-1
5,0,5
4,3,1
2,0,2
3,2,1
0,0,0
30,64,-34
0,0,0
2,1,1
8,31,-23
0,0,0
15,2,13
15,0,15
1,1,0
1,11,-10
1,1,0
1,1,0
61,45,16
8,5,3
2,0,2
4,0,4
11,2,9
11,0,11
0,0,0
43,2,41
16,1,15
22,15,7
0,3,-3
13,1,12
8,4,4
7,2,5
0,0,0
33,16,17
5,6,-1
0,0,0
7,0,7
4,0,4
9,3,6
1,14,-13
1,0,1
0,0,0
0,2,-2
10,0,10
0,0,0
7,1,6
0,0,0
11,2,9
4,17,-13
20,3,17
6,8,-2
4,0,4
5,2,3
1,2,-1
12,0,12
0,3,-3
7,6,1
25,1,24
13,0,13
2,2,0
21,9,12
0,3,-3
4,4,0
0,0,0
1,0,1
1,57,-56
2,0,2
5,7,-2
18,15,3
3,0,3
22,1,21
0,0,0
2,1,1
8,5,3
1,0,1
0,0,0
1,1,0
6,4,2
4,0,4
10,2,8
16,17,-1
5,3,2
17,0,17
0,2,-2
3,1,2
0,5,-5
0,2,-2
1,0,1
10,9,1
13,3,10
12,0,12
1,4,-3
3,1,2
0,6,-6
7,7,0
1,0,1
16,7,9
0,0,0
45,25,20
6,5,1
1,3,-2
0,0,0
3,1,2
4,11,-7
12,0,12
0,0,0
0,0,0
1,2,-1
5,0,5
0,3,-3
0,0,0
30,1,29
3,3,0
0,0,0
0,3,-3
1,0,1
3,0,3
6,9,-3
0,0,0
8,0,8
5,0,5
15,1,14
2,2,0
0,0,0
1,0,1
4,1,3
4,4,0
6,0,6
11,0,11
0,0,0
14,1,13
1,0,1
6,0,6
2,0,2
4,0,4
3,1,2
26,6,20
5,7,-2
3,0,3
7,7,0
27,22,5
0,0,0
19,0,19
1,2,-1
10,7,3
15,0,15
5,4,1
5,10,-5
10,4,6
13,3,10
3,0,3
11,6,5
0,2,-2
5,8,-3
2,3,-1
3,1,2
4,0,4
6,22,-16
1,0,1
1,1,0
10,4,6
22,9,13
28,17,11
0,0,0
3,0,3
23,7,16
3,6,-3
5,1,4
3,0,3
71,71,0
5,1,4
0,0,0
1,0,1
27,7,20
1,6,-5
1,6,-5
4,6,-2
0,0,0
3,5,-2
1,0,1
1,0,1
18,0,18
16,2,14
0,0,0
5,1,4
0,0,0
5,5,0
0,3,-3
8,0,8
2,2,0
14,0,14
9,8,1
4,1,3
61,14,47
0,0,0
5,1,4
3,0,3
5,1,4
1,0,1
12,1,11
0,0,0
0,1,-1
6,0,6
3,26,-23
0,0,0
5,3,2
8,1,7
12,0,12
2,2,0
4,13,-9
0,0,0
1,0,1
5,2,3
15,1,14
4,0,4
0,0,0
28,1,27
8,6,2
4,5,-1
7,7,0
6,5,1
9,0,9
4,1,3
29,0,29
0,0,0
10,0,10
0,0,0
3,0,3
26,7,19
3,3,0
0,0,0
7,6,1
14,0,14
11,6,5
5,2,3
19,0,19
9,7,2
27,27,0
3,1,2
0,0,0
0,0,0
2,0,2
1,0,1
5,1,4
7,2,5
1,2,-1
30,1,29
5,1,4
2,5,-3
4,9,-5
11,7,4
19,16,3
4,0,4
8,4,4
6,0,6
0,0,0
3,0,3
3,0,3
19,9,10
12,13,-1
7,0,7
1,2,-1
4,0,4
14,0,14
0,2,-2
0,0,0
4,1,3
17,0,17
1,0,1
6,2,4
7,0,7
0,0,0
2,29,-27
0,0,0
13,2,11
2,4,-2
13,7,6
1,0,1
2,0,2
0,0,0
2,7,-5
3,0,3
5,5,0
13,1,12
21,16,5
0,0,0
0,30,-30
0,0,0
0,0,0
1,7,-6
9,1,8
4,0,4
3,1,2
12,2,10
5,1,4
3,0,3
13,0,13
14,2,12
11,0,11
0,1,-1
16,1,15
1,2,-1
1,0,1
0,0,0
0,0,0
0,0,0
1,0,1
8,2,6
3,0,3
31,20,11
0,2,-2
0,1,-1
31,0,31
2,40,-38
8,0,8
0,0,0
3,15,-12
23,3,20
4,4,0
5,0,5
0,0,0
35,17,18
1,1,0
0,0,0
6,1,5
23,1,22
5,0,5
1,3,-2
9,0,9
12,1,11
7,7,0
1,0,1
0,0,0
3,19,-16
2,1,1
8,1,7
4,4,0
0,0,0
1,0,1
2,8,-6
3,1,2
9,0,9
4,1,3
4,0,4
3,1,2
11,0,11
14,0,14
3,0,3
7,14,-7
46,1,45
6,0,6
10,4,6
7,1,6
0,1,-1
10,0,10
15,5,10
0,0,0
1,1,0
26,2,24
2,0,2
1,2,-1
4,1,3
1,3,-2
11,10,1
2,46,-44
1,3,-2
4,0,4
4,7,-3
2,5,-3
10,0,10
17,13,4
0,0,0
3,0,3
1,0,1
0,0,0
3,0,3
1,0,1
4,0,4
8,8,0
0,1,-1
54,16,38
0,7,-7
0,0,0
7,8,-1
10,6,4
2,3,-1
18,0,18
3,3,0
6,1,5
1,1,0
29,2,27
6,0,6
1,0,1
7,0,7
13,1,12
1,0,1
18,2,16
0,0,0
1,0,1
2,6,-4
0,0,0
0,1,-1
5,0,5
2,0,2
2,1,1
2,0,2
47,16,31
75,3,72
0,0,0
9,2,7
7,0,7
9,0,9
0,0,0
5,0,5
11,0,11
0,0,0
18,1,17
12,4,8
0,0,0
29,1,28
5,9,-4
7,0,7
0,0,0
0,2,-2
12,26,-14
8,9,-1
20,2,18
2,1,1
2,1,1
9,16,-7
0,0,0
4,2,2
1,1,0
13,5,8
2,2,0
9,1,8
5,4,1
1,2,-1
25,0,25
13,1,12
3,0,3
21,3,18
1,8,-7
0,0,0
5,4,1
0,1,-1
0,2,-2
0,0,0
7,0,7
2,2,0
4,0,4
14,0,14
3,3,0
0,0,0
0,0,0
7,1,6
0,5,-5
12,15,-3
37,19,18
0,5,-5
6,0,6
5,7,-2
1,0,1
1,0,1
1,0,1
12,18,-6
17,17,0
0,0,0
0,0,0
0,1,-1
16,2,14
0,0,0
15,5,10
9,3,6
13,3,10
13,0,13
4,1,3
4,2,2
6,0,6
2,5,-3
5,5,0
21,9,12
1,0,1
7,5,2
29,2,27
1,0,1
13,0,13
2,0,2
1,14,-13
6,0,6
5,1,4
1,2,-1
4,11,-7
0,0,0
13,11,2
15,9,6
0,0,0
13,7,6
12,9,3
12,10,2
11,0,11
1,0,1
1,0,1
3,0,3
1,0,1
0,1,-1
1,6,-5
13,1,12
4,0,4
2,0,2
17,0,17
2,0,2
12,7,5
45,0,45
3,7,-4
2,3,-1
11,1,10
3,1,2
10,15,-5
2,2,0
17,0,17
11,0,11
2,3,-1
1,0,1
1,1,0
16,2,14
3,0,3
1,1,0
8,3,5
4,0,4
22,0,22
1,3,-2
23,19,4
2,10,-8
20,1,19
2,2,0
15,1,14
2,0,2
17,31,-14
0,0,0
4,1,3
3,3,0
6,1,5
22,9,13
7,9,-2
1,7,-6
1,0,1
2,0,2
0,1,-1
4,3,1
3,2,1
3,7,-4
3,3,0
0,2,-2
0,7,-7
6,0,6
18,5,13
0,0,0
8,5,3
4,0,4
0,0,0
2,40,-38
0,0,0
0,6,-6
5,0,5
5,0,5
4,21,-17
13,11,2
5,4,1
0,0,0
0,0,0
17,2,15
22,51,-29
3,0,3
2,3,-1
15,1,14
5,1,4
0,1,-1
21,11,10
1,7,-6
3,4,-1
13,13,0
3,4,-1
2,2,0
1,2,-1
0,0,0
1,1,0
16,7,9
0,0,0
11,6,5
5,2,3
0,0,0
8,1,7
6,8,-2
5,6,-1
1,0,1
3,0,3
4,3,1
0,0,0
10,0,10
0,2,-2
8,34,-26
3,0,3
5,1,4
16,0,16
5,0,5
21,17,4
26,8,18
3,0,3
7,11,-4
33,48,-15
8,0,8
3,5,-2
21,0,21
17,1,16
2,0,2
1,0,1
4,0,4
0,0,0
19,0,19
4,0,4
5,0,5
2,0,2
4,5,-1
15,3,12
3,2,1
6,0,6
1,1,0
1,0,1
3,0,3
6,0,6
5,0,5
5,2,3
0,0,0
8,2,6
9,1,8
1,0,1
23,0,23
1,0,1
3,1,2
37,5,32
0,0,0
0,1,-1
22,1,21
9,16,-7
3,0,3
8,0,8
0,0,0
9,2,7
2,1,1
2,1,1
0,0,0
1,4,-3
0,0,0
0,11,-11
0,0,0
48,0,48
9,0,9
0,0,0
0,0,0
0,3,-3
5,7,-2
27,2,25
3,0,3
6,0,6
0,0,0
20,1,19
3,0,3
31,0,31
6,1,5
5,7,-2
0,0,0
0,0,0
2,2,0
0,4,-4
2,0,2
0,0,0
5,1,4
1,9,-8
11,1,10
0,0,0
22,11,11
9,0,9
2,0,2
3,2,1
10,1,9
1,0,1
1,1,0
1,0,1
3,3,0
1,1,0
0,0,0
12,7,5
0,0,0
1,0,1
3,0,3
11,13,-2
41,0,41
10,9,1
0,3,-3
4,0,4
3,0,3
9,4,5
1,3,-2
4,4,0
6,7,-1
0,0,0
2,0,2
1,1,0
50,22,28
6,17,-11
6,6,0
14,1,13
1,1,0
1,0,1
32,11,21
4,10,-6
2,2,0
7,0,7
2,1,1
0,0,0
11,0,11
5,0,5
2,0,2
2,0,2
1,3,-2
5,13,-8
2,0,2
1,0,1
14,5,9
4,5,-1
14,7,7
1,0,1
0,0,0
1,5,-4
14,0,14
2,0,2
0,0,0
8,3,5
10,16,-6
2,0,2
0,0,0
7,2,5
2,0,2
0,0,0
9,0,9
2,2,0
3,0,3
5,2,3
13,7,6
6,0,6
2,6,-4
3,1,2
8,7,1
3,0,3
0,0,0
5,3,2
2,4,-2
10,4,6
6,0,6
11,1,10
0,7,-7
9,5,4
2,0,2
1,0,1
3,2,1
11,7,4
16,0,16
4,0,4
6,0,6
5,0,5
0,0,0
0,0,0
0,0,0
9,0,9
3,11,-8
0,1,-1
2,0,2
13,8,5
14,0,14
4,3,1
3,7,-4
6,1,5
2,2,0
1,0,1
21,8,13
1,0,1
4,1,3
1,0,1
1,3,-2
15,5,10
1,5,-4
5,3,2
0,0,0
6,4,2
2,0,2
13,1,12
14,3,11
1,0,1
0,0,0
1,0,1
0,0,0
0,0,0
11,5,6
2,0,2
14,0,14
36,0,36
33,0,33
0,0,0
37,41,-4
8,4,4
7,10,-3
0,0,0
1,0,1
7,1,6
16,4,12
15,7,8
4,0,4
1,1,0
0,0,0
0,0,0
68,7,61
19,10,9
1,1,0
10,6,4
10,0,10
16,13,3
4,0,4
2,2,0
4,0,4
0,0,0
0,0,0
1,3,-2
5,5,0
2,0,2
1,0,1
0,0,0
4,1,3
0,0,0
26,0,26
8,0,8
12,0,12
0,0,0
1,0,1
1,4,-3
3,8,-5
2,5,-3
17,16,1
3,13,-10
12,4,8
4,0,4
2,7,-5
1,3,-2
7,4,3
19,7,12
12,0,12
3,0,3
1,3,-2
3,1,2
15,12,3
0,1,-1
0,10,-10
6,2,4
3,0,3
5,1,4
8,0,8
21,23,-2
2,1,1
6,0,6
10,2,8
0,0,0
8,7,1
0,0,0
8,2,6
1,8,-7
0,9,-9
0,0,0
24,5,19
4,2,2
3,0,3
3,11,-8
18,7,11
4,2,2
3,3,0
4,0,4
0,2,-2
9,0,9
23,11,12
0,2,-2
0,0,0
0,1,-1
14,2,12
0,0,0
1,3,-2
11,0,11
8,1,7
1,2,-1
4,2,2
0,2,-2
0,1,-1
0,0,0
18,38,-20
0,0,0
28,23,5
3,1,2
5,19,-14
5,14,-9
9,0,9
5,0,5
3,0,3
21,21,0
1,1,0
2,6,-4
20,1,19
0,0,0
1,0,1
4,0,4
0,1,-1
1,0,1
12,52,-40
3,0,3
0,0,0
7,2,5
2,7,-5
2,1,1
47,19,28
7,1,6
12,5,7
3,0,3
3,0,3
4,7,-3
4,0,4
0,2,-2
5,0,5
10,0,10
0,0,0
0,0,0
10,0,10
12,1,11
4,1,3
1,7,-6
2,6,-4
2,0,2
6,8,-2
3,0,3
6,0,6
2,19,-17
13,3,10
4,1,3
13,0,13
0,0,0
6,0,6
0,0,0
19,2,17
3,9,-6
3,5,-2
4,1,3
34,63,-29
10,5,5
8,1,7
2,4,-2
0,1,-1
17,5,12
3,6,-3
10,6,4
9,4,5
1,1,0
3,1,2
4,0,4
0,0,0
0,0,0
6,0,6
2,0,2
3,0,3
1,3,-2
4,2,2
2,2,0
16,9,7
2,3,-1
0,0,0
2,0,2
9,2,7
6,2,4
0,8,-8
6,3,3
12,9,3
2,0,2
2,0,2
1,2,-1
4,0,4
3,2,1
2,7,-5
2,0,2
7,5,2
1,0,1
2,27,-25
29,8,21
14,0,14
0,0,0
0,0,0
1,0,1
1,1,0
1,3,-2
2,4,-2
10,10,0
1,1,0
0,1,-1
4,0,4
2,0,2
0,0,0
13,0,13
0,0,0
10,3,7
11,38,-27
8,0,8
28,1,27
2,2,0
3,31,-28
4,3,1
11,0,11
39,1,38
5,11,-6
4,4,0
5,5,0
8,3,5
0,4,-4
8,4,4
2,10,-8
0,0,0
0,3,-3
1,0,1
2,2,0
8,1,7
0,9,-9
0,0,0
3,2,1
2,0,2
6,5,1
4,2,2
2,0,2
4,37,-33
1,0,1
1,3,-2
21,21,0
0,2,-2
9,6,3
18,0,18
0,2,-2
7,0,7
13,1,12
6,7,-1
0,0,0
4,0,4
2,0,2
3,4,-1
3,0,3
0,0,0
16,11,5
8,0,8
5,1,4
34,0,34
8,22,-14
11,4,7
1,3,-2
4,0,4
3,3,0
84,23,61
6,0,6
24,24,0
0,0,0
1,4,-3
20,2,18
1,0,1
0,0,0
7,0,7
2,3,-1
14,0,14
11,28,-17
1,0,1
7,1,6
1,2,-1
21,19,2
3,4,-1
15,3,12
17,5,12
1,1,0
13,13,0
13,10,3
10,1,9
12,8,4
5,0,5
0,0,0
7,46,-39
0,0,0
10,0,10
0,1,-1
5,0,5
2,1,1
16,5,11
3,0,3
6,0,6
5,0,5
10,0,10
7,7,0
2,4,-2
2,1,1
0,0,0
1,1,0
3,0,3
0,0,0
20,3,17
4,4,0
2,11,-9
0,1,-1
0,0,0
13,0,13
33,7,26
3,0,3
20,2,18
5,0,5
5,1,4
12,10,2
1,4,-3
6,5,1
4,1,3
5,0,5
3,2,1
26,0,26
3,0,3
54,32,22
13,0,13
4,4,0
1,2,-1
19,0,19
2,26,-24
9,7,2
4,1,3
13,10,3
5,5,0
15,15,0
0,25,-25
13,14,-1
3,1,2
3,7,-4
1,0,1
1,0,1
45,40,5
13,0,13
0,1,-1
11,0,11
2,0,2
8,1,7
5,0,5
5,3,2
0,0,0
0,0,0
4,2,2
3,1,2
3,3,0
0,0,0
3,0,3
6,18,-12
4,12,-8
0,3,-3
2,0,2
8,7,1
5,7,-2
2,0,2
3,0,3
12,8,4
2,40,-38
10,1,9
10,3,7
6,6,0
3,0,3
30,0,30
1,0,1
10,2,8
4,0,4
0,0,0
3,2,1
3,1,2
0,2,-2
8,8,0
1,0,1
0,0,0
1,5,-4
1,0,1
11,3,8
3,6,-3
0,0,0
4,0,4
13,7,6
10,0,10
2,0,2
1,0,1
0,0,0
0,1,-1
12,14,-2
2,8,-6
3,0,3
15,0,15
6,1,5
2,0,2
21,6,15
1,1,0
5,0,5
9,9,0
12,9,3
12,3,9
0,0,0
3,9,-6
5,0,5
0,0,0
0,0,0
14,17,-3
0,9,-9
29,16,13
0,0,0
0,2,-2
17,13,4
1,3,-2
5,0,5
0,1,-1
0,4,-4
0,2,-2
2,1,1
8,3,5
4,4,0
13,72,-59
0,0,0
7,13,-6
3,0,3
0,0,0
6,0,6
2,0,2
1,0,1
2,0,2
0,0,0
14,63,-49
1,0,1
26,25,1
4,0,4
14,0,14
5,4,1
3,9,-6
1,6,-5
3,0,3
13,2,11
5,11,-6
0,4,-4
10,2,8
7,4,3
7,1,6
14,8,6
0,9,-9
1,1,0
6,3,3
2,9,-7
1,2,-1
0,0,0
4,0,4
1,0,1
44,15,29
3,2,1
0,0,0
0,0,0
20,0,20
9,2,7
18,17,1
6,9,-3
0,0,0
2,0,2
5,0,5
7,0,7
6,0,6
5,5,0
18,1,17
1,0,1
0,0,0
17,13,4
39,0,39
0,0,0
15,4,11
48,0,48
4,3,1
3,4,-1
5,1,4
8,7,1
11,1,10
8,1,7
20,1,19
8,9,-1
10,3,7
60,13,47
2,12,-10
0,0,0
7,25,-18
6,1,5
0,0,0
2,4,-2
1,10,-9
10,5,5
5,9,-4
1,4,-3
5,4,1
0,0,0
6,11,-5
7,18,-11
2,0,2
31,7,24
0,0,0
14,15,-1
23,1,22
10,3,7
1,3,-2
2,0,2
2,2,0
2,0,2
0,0,0
0,23,-23
1,0,1
1,1,0
12,7,5
8,0,8
6,5,1
5,0,5
0,0,0
16,7,9
2,1,1
0,0,0
4,2,2
2,0,2
9,9,0
1,1,0
73,15,58
4,10,-6
5,0,5
6,2,4
0,0,0
0,0,0
16,7,9
13,6,7
27,14,13
17,6,11
0,0,0
12,2,10
0,0,0
13,2,11
12,1,11
2,0,2
1,40,-39
0,0,0
0,1,-1
2,40,-38
3,0,3
9,3,6
0,0,0
0,0,0
2,2,0
1,2,-1
3,0,3
6,9,-3
2,0,2
2,0,2
0,0,0
14,0,14
25,19,6
5,0,5
2,0,2
21,2,19
51,25,26
0,0,0
38,0,38
0,0,0
0,0,0
11,0,11
0,0,0
1,0,1
0,0,0
26,9,17
58,2,56
0,1,-1
36,6,30
17,0,17
5,2,3
15,0,15
4,2,2
43,27,16
4,2,2
10,3,7
3,4,-1
10,7,3
9,8,1
10,0,10
4,1,3
1,1,0
1,2,-1
4,5,-1
37,0,37
1,0,1
2,0,2
8,0,8
0,0,0
0,0,0
27,9,18
29,1,28
2,0,2
4,0,4
0,0,0
0,0,0
2,2,0
7,41,-34
2,2,0
9,15,-6
47,25,22
1,0,1
6,0,6
0,0,0
4,0,4
1,4,-3
8,9,-1
0,5,-5
5,0,5
4,4,0
1,1,0
1,0,1
7,5,2
14,6,8
3,3,0
12,0,12
44,25,19
2,7,-5
2,1,1
0,0,0
3,3,0
3,1,2
1,0,1
3,2,1
2,0,2
5,0,5
7,7,0
5,0,5
29,1,28
4,0,4
3,5,-2
17,3,14
3,0,3
0,0,0
0,0,0
13,29,-16
4,0,4
13,13,0
0,0,0
2,2,0
9,0,9
6,0,6
5,2,3
12,10,2
0,0,0
3,0,3
4,0,4
0,1,-1
1,0,1
2,0,2
2,1,1
0,0,0
1,4,-3
1,6,-5
7,2,5
0,0,0
4,0,4
0,0,0
3,0,3
0,1,-1
0,0,0
33,0,33
0,0,0
16,0,16
5,2,3
3,27,-24
0,5,-5
1,0,1
1,2,-1
0,0,0
1,4,-3
10,0,10
0,0,0
3,1,2
6,1,5
2,1,1
0,0,0
3,2,1
51,0,51
10,0,10
2,0,2
11,2,9
9,7,2
0,69,-69
7,7,0
1,1,0
21,16,5
0,10,-10
0,0,0
10,6,4
4,4,0
20,43,-23
1,9,-8
15,2,13
0,0,0
4,2,2
2,2,0
6,0,6
17,3,14
1,10,-9
8,5,3
19,0,19
16,0,16
0,0,0
15,10,5
0,0,0
4,0,4
0,0,0
0,0,0
3,0,3
59,0,59
11,1,10
0,0,0
4,1,3
1,1,0
0,0,0
0,1,-1
0,7,-7
1,0,1
1,39,-38
2,7,-5
0,6,-6
8,31,-23
0,0,0
34,0,34
3,1,2
3,8,-5
0,0,0
0,0,0
4,0,4
6,4,2
9,0,9
0,3,-3
1,7,-6
9,10,-1
9,6,3
9,0,9
8,1,7
3,9,-6
5,1,4
3,1,2
31,30,1
2,2,0
2,0,2
22,13,9
6,1,5
0,0,0
7,1,6
25,25,0
6,0,6
8,6,2
0,3,-3
7,1,6
2,4,-2
9,9,0
0,0,0
11,3,8
0,0,0
5,1,4
18,1,17
1,1,0
16,16,0
4,4,0
3,0,3
0,0,0
15,3,12
5,11,-6
19,5,14
1,2,-1
12,0,12
3,0,3
0,2,-2
11,8,3
0,1,-1
0,0,0
1,0,1
2,0,2
38,1,37
12,9,3
7,3,4
1,4,-3
6,0,6
3,1,2
10,0,10
2,0,2
32,8,24
2,0,2
8,21,-13
18,4,14
1,24,-23
5,0,5
11,3,8
0,17,-17
10,0,10
6,1,5
22,1,21
6,1,5
8,0,8
5,30,-25
15,7,8
8,5,3
0,6,-6
17,17,0
0,2,-2
0,0,0
5,4,1
1,2,-1
16,2,14
3,3,0
1,1,0
2,0,2
20,7,13
3,5,-2
7,7,0
0,2,-2
0,0,0
4,15,-11
7,7,0
0,3,-3
4,7,-3
5,0,5
4,0,4
0,0,0
0,0,0
25,16,9
4,6,-2
8,0,8
16,38,-22
15,3,12
4,0,4
5,3,2
9,0,9
6,0,6
0,0,0
0,0,0
46,0,46
3,3,0
0,0,0
3,0,3
9,14,-5
2,8,-6
1,0,1
1,0,1
4,1,3
3,0,3
0,0,0
0,11,-11
3,0,3
0,0,0
1,7,-6
7,0,7
4,1,3
10,3,7
4,11,-7
15,5,10
0,1,-1
34,40,-6
20,2,18
0,2,-2
23,1,22
0,1,-1
4,21,-17
5,0,5
17,0,17
6,7,-1
0,1,-1
2,0,2
1,0,1
0,2,-2
0,0,0
1,0,1
2,5,-3
1,0,1
4,2,2
2,0,2
18,12,6
10,0,10
11,10,1
6,2,4
1,1,0
0,0,0
12,1,11
9,2,7
5,4,1
0,0,0
14,1,13
6,10,-4
3,1,2
0,26,-26
13,2,11
16,11,5
1,7,-6
1,0,1
2,2,0
8,0,8
6,0,6
42,0,42
3,0,3
8,3,5
7,2,5
7,1,6
4,0,4
5,9,-4
7,17,-10
0,3,-3
3,3,0
14,8,6
6,0,6
1,2,-1
0,2,-2
8,1,7
13,0,13
0,7,-7
4,1,3
27,1,26
3,3,0
35,1,34
25,3,22
15,4,11
4,3,1
8,3,5
1,3,-2
2,0,2
5,0,5
5,7,-2
1,1,0
0,3,-3
17,5,12
6,0,6
0,0,0
1,0,1
1,5,-4
0,0,0
5,1,4
2,1,1
0,4,-4
0,3,-3
6,0,6
5,1,4
3,5,-2
7,4,3
22,5,17
0,0,0
32,1,31
1,0,1
0,0,0
6,11,-5
0,1,-1
14,1,13
5,2,3
0,0,0
0,0,0
1,0,1
9,21,-12
3,0,3
2,7,-5
1,6,-5
13,1,12
2,0,2
24,9,15
0,0,0
1,0,1
0,0,0
9,0,9
11,0,11
0,0,0
17,0,17
2,3,-1
2,3,-1
37,0,37
17,2,15
7,8,-1
14,2,12
2,1,1
5,12,-7
0,0,0
1,2,-1
13,0,13
9,2,7
4,0,4
1,0,1
0,0,0
9,0,9
44,2,42
2,3,-1
4,0,4
0,0,0
0,0,0
3,0,3
6,5,1
9,2,7
3,0,3
5,2,3
11,2,9
0,1,-1
0,3,-3
4,2,2
1,7,-6
2,0,2
10,2,8
2,0,2
2,0,2
22,22,0
4,4,0
2,1,1
6,1,5
25,0,25
2,1,1
0,0,0
0,0,0
14,3,11
2,5,-3
0,0,0
5,2,3
0,4,-4
13,10,3
11,0,11
2,0,2
6,5,1
1,0,1
0,0,0
8,1,7
7,1,6
14,5,9
1,1,0
4,0,4
0,42,-42
2,1,1
1,0,1
0,0,0
1,0,1
0,0,0
0,1,-1
0,0,0
4,1,3
17,0,17
1,2,-1
0,0,0
1,0,1
0,1,-1
1,0,1
1,1,0
3,6,-3
6,1,5
29,1,28
0,0,0
4,0,4
11,0,11
0,0,0
0,0,0
0,0,0
8,0,8
18,35,-17
1,3,-2
17,1,16
2,0,2
7,2,5
1,0,1
2,7,-5
0,0,0
4,5,-1
4,0,4
10,0,10
8,10,-2
8,0,8
0,2,-2
13,0,13
27,5,22
5,10,-5
6,5,1
1,0,1
0,4,-4
25,12,13
2,14,-12
11,1,10
4,0,4
5,2,3
6,2,4
7,6,1
8,1,7
7,9,-2
32,3,29
4,0,4
11,1,10
16,2,14
14,10,4
20,0,20
1,0,1
2,0,2
2,0,2
0,0,0
17,6,11
0,1,-1
9,0,9
2,0,2
5,6,-1
4,2,2
0,0,0
2,0,2
3,1,2
6,4,2
0,0,0
1,0,1
13,6,7
3,0,3
4,0,4
2,1,1
11,2,9
23,15,8
14,0,14
3,9,-6
0,5,-5
0,0,0
18,2,16
3,3,0
0,0,0
0,0,0
2,4,-2
7,0,7
3,0,3
1,17,-16
0,0,0
3,3,0
4,4,0
7,9,-2
10,4,6
13,13,0
0,0,0
2,0,2
6,2,4
8,3,5
6,6,0
7,0,7
9,9,0
16,0,16
1,5,-4
0,1,-1
6,1,5
13,1,12
0,0,0
4,8,-4
6,0,6
0,0,0
13,0,13
1,1,0
12,10,2
5,5,0
28,22,6
6,10,-4
25,25,0
34,17,17
3,0,3
0,0,0
0,0,0
16,11,5
4,0,4
8,0,8
11,16,-5
0,0,0
3,0,3
10,25,-15
16,2,14
2,7,-5
1,7,-6
9,6,3
4,1,3
20,8,12
1,2,-1
3,0,3
0,0,0
0,0,0
0,0,0
2,2,0
9,0,9
5,1,4
0,14,-14
3,4,-1
1,0,1
7,1,6
1,0,1
2,0,2
0,9,-9
31,0,31
1,6,-5
19,5,14
2,0,2
0,12,-12
2,0,2
3,0,3
0,42,-42
4,4,0
0,0,0
0,2,-2
1,0,1
3,2,1
1,1,0
16,0,16
8,14,-6
4,0,4
1,1,0
0,0,0
9,7,2
0,0,0
8,0,8
23,1,22
0,0,0
19,0,19
10,0,10
3,0,3
27,0,27
0,33,-33
11,1,10
6,3,3
0,0,0
1,0,1
11,1,10
0,0,0
22,19,3
1,2,-1
0,0,0
2,4,-2
1,1,0
20,6,14
1,1,0
0,0,0
6,4,2
6,1,5
8,0,8
9,2,7
43,18,25
7,1,6
0,0,0
10,2,8
16,2,14
2,1,1
0,2,-2
0,0,0
6,2,4
18,0,18
0,0,0
18,23,-5
4,0,4
4,1,3
0,0,0
4,1,3
3,1,2
15,2,13
13,0,13
0,0,0
16,1,15
0,3,-3
0,0,0
0,0,0
6,6,0
2,0,2
11,0,11
5,0,5
0,1,-1
0,0,0
16,19,-3
2,0,2
5,4,1
13,24,-11
10,0,10
7,3,4
32,5,27
3,1,2
1,3,-2
3,7,-4
4,7,-3
1,2,-1
3,1,2
4,0,4
0,0,0
3,0,3
2,2,0
23,0,23
0,0,0
21,2,19
5,1,4
8,9,-1
12,7,5
5,0,5
12,0,12
0,0,0
3,3,0
11,8,3
0,0,0
22,1,21
2,0,2
0,1,-1
21,6,15
6,11,-5
9,3,6
10,0,10
11,45,-34
5,0,5
1,0,1
0,1,-1
1,15,-14
21,3,18
0,0,0
0,0,0
11,5,6
1,0,1
36,7,29
3,6,-3
21,1,20
14,19,-5
0,2,-2
9,0,9
3,2,1
2,1,1
5,1,4
0,0,0
14,0,14
16,5,11
6,2,4
0,1,-1
2,2,0
2,3,-1
32,5,27
0,5,-5
3,7,-4
7,0,7
13,0,13
15,1,14
1,5,-4
31,13,18
5,8,-3
7,1,6
0,3,-3
18,15,3
2,1,1
2,0,2
4,33,-29
1,4,-3
3,0,3
4,0,4
10,0,10
2,7,-5
7,6,1
7,1,6
0,3,-3
6,0,6
5,7,-2
15,26,-11
0,1,-1
0,0,0
7,2,5
65,65,0
7,1,6
24,0,24
6,1,5
3,1,2
22,22,0
3,1,2
0,1,-1
2,2,0
14,0,14
3,8,-5
12,3,9
5,3,2
2,0,2
1,0,1
5,0,5
5,0,5
7,0,7
1,0,1
3,9,-6
0,0,0
4,4,0
4,8,-4
1,1,0
9,38,-29
0,0,0
37,6,31
0,0,0
17,0,17
0,0,0
3,1,2
5,5,0
0,0,0
2,1,1
12,1,11
4,4,0
19,0,19
1,0,1
8,9,-1
0,0,0
3,0,3
0,5,-5
0,2,-2
13,0,13
6,2,4
2,8,-6
2,0,2
1,0,1
0,0,0
0,0,0
5,0,5
16,0,16
6,0,6
4,2,2
7,0,7
9,16,-7
10,6,4
8,1,7
6,2,4
3,7,-4
3,3,0
2,0,2
22,7,15
0,0,0
6,4,2
2,0,2
18,1,17
10,0,10
2,0,2
3,0,3
62,62,0
5,0,5
3,1,2
15,1,14
2,0,2
0,3,-3
6,0,6
4,6,-2
3,7,-4
1,2,-1
20,7,13
4,6,-2
5,3,2
13,2,11
0,1,-1
2,1,1
8,0,8
0,0,0
7,0,7
0,0,0
6,2,4
1,21,-20
3,2,1
1,4,-3
0,0,0
4,0,4
6,0,6
5,0,5
2,0,2
2,1,1
0,0,0
5,3,2
5,1,4
0,7,-7
0,0,0
1,0,1
4,1,3
2,0,2
12,9,3
10,2,8
11,5,6
0,0,0
2,0,2
0,0,0
3,0,3
5,1,4
1,0,1
2,3,-1
2,0,2
23,0,23
8,11,-3
1,0,1
2,0,2
3,0,3
3,0,3
2,0,2
8,0,8
10,14,-4
2,2,0
9,2,7
1,2,-1
6,2,4
0,0,0
6,3,3
8,4,4
1,0,1
2,0,2
3,3,0
2,0,2
0,0,0
0,0,0
4,7,-3
21,0,21
17,7,10
10,1,9
3,0,3
1,1,0
2,14,-12
6,0,6
5,1,4
0,1,-1
0,0,0
19,10,9
12,10,2
11,7,4
4,9,-5
18,1,17
0,0,0
5,5,0
12,0,12
0,0,0
25,22,3
4,4,0
6,0,6
0,0,0
9,5,4
5,2,3
12,1,11
15,0,15
0,0,0
6,0,6
3,6,-3
2,0,2
90,3,87
4,2,2
0,0,0
15,2,13
0,0,0
8,2,6
5,10,-5
5,0,5
0,0,0
2,2,0
5,3,2
11,0,11
6,0,6
0,0,0
1,1,0
0,0,0
1,3,-2
0,0,0
1,0,1
5,7,-2
2,0,2
7,1,6
13,46,-33
5,2,3
9,0,9
4,12,-8
4,1,3
4,2,2
9,11,-2
0,0,0
7,0,7
2,1,1
2,0,2
1,5,-4
7,3,4
37,3,34
0,0,0
9,1,8
11,1,10
2,2,0
2,0,2
14,0,14
1,0,1
3,2,1
2,0,2
8,1,7
1,34,-33
2,2,0
5,5,0
14,9,5
0,0,0
9,1,8
2,4,-2
3,0,3
19,19,0
0,1,-1
4,0,4
5,0,5
0,2,-2
0,0,0
18,2,16
11,15,-4
4,0,4
23,0,23
1,0,1
0,0,0
4,0,4
18,10,8
14,6,8
3,11,-8
5,2,3
1,0,1
2,1,1
0,3,-3
13,0,13
9,5,4
4,3,1
74,74,0
6,0,6
24,24,0
0,0,0
11,11,0
25,1,24
37,3,34
5,3,2
12,0,12
0,1,-1
0,1,-1
1,4,-3
0,0,0
1,0,1
1,6,-5
21,10,11
0,0,0
4,2,2
1,5,-4
6,6,0
0,0,0
0,1,-1
6,1,5
4,1,3
16,18,-2
5,0,5
8,0,8
0,0,0
32,0,32
0,0,0
7,0,7
11,7,4
3,2,1
0,0,0
11,0,11
1,0,1
0,1,-1
14,16,-2
10,1,9
5,0,5
5,0,5
4,5,-1
0,0,0
3,0,3
8,2,6
14,15,-1
32,0,32
48,6,42
7,7,0
2,0,2
18,4,14
8,0,8
19,0,19
6,10,-4
0,0,0
13,5,8
0,0,0
8,0,8
1,7,-6
0,1,-1
3,25,-22
4,17,-13
14,7,7
6,10,-4
0,0,0
2,4,-2
12,0,12
1,1,0
5,10,-5
0,0,0
9,1,8
0,0,0
7,0,7
24,26,-2
0,0,0
0,4,-4
16,3,13
1,0,1
38,2,36
0,3,-3
0,0,0
9,1,8
6,1,5
2,0,2
3,6,-3
0,0,0
3,0,3
1,1,0
2,2,0
5,3,2
2,0,2
7,6,1
3,1,2
19,5,14
0,0,0
1,4,-3
13,9,4
1,0,1
4,7,-3
16,2,14
6,1,5
11,2,9
14,3,11
0,0,0
2,4,-2
10,3,7
9,6,3
5,0,5
0,63,-63
6,3,3
0,6,-6
2,0,2
14,1,13
19,7,12
74,74,0
1,0,1
2,2,0
3,0,3
3,1,2
2,4,-2
9,0,9
0,2,-2
0,7,-7
5,0,5
3,0,3
4,0,4
5,9,-4
0,0,0
6,1,5
9,3,6
4,0,4
4,2,2
0,0,0
1,2,-1
1,1,0
0,5,-5
3,23,-20
1,22,-21
1,0,1
1,3,-2
2,0,2
12,26,-14
14,0,14
2,0,2
10,6,4
0,0,0
3,0,3
3,2,1
6,0,6
0,1,-1
5,0,5
3,0,3
0,0,0
1,3,-2
7,1,6
1,0,1
4,0,4
6,3,3
7,3,4
0,7,-7
0,0,0
0,0,0
44,13,31
1,2,-1
14,0,14
4,0,4
3,0,3
5,2,3
7,2,5
6,8,-2
3,0,3
3,1,2
7,0,7
32,0,32
1,1,0
16,1,15
0,2,-2
5,5,0
2,2,0
0,0,0
5,7,-2
2,0,2
6,0,6
4,6,-2
4,7,-3
8,23,-15
6,11,-5
3,0,3
1,3,-2
12,1,11
1,0,1
5,0,5
35,0,35
1,0,1
7,5,2
1,0,1
1,12,-11
1,0,1
4,0,4
0,0,0
1,0,1
1,0,1
9,1,8
7,0,7
9,1,8
0,2,-2
4,1,3
0,0,0
0,0,0
14,0,14
2,2,0
9,0,9
70,0,70
10,5,5
11,7,4
2,0,2
4,0,4
8,7,1
1,3,-2
9,6,3
0,0,0
16,2,14
1,0,1
5,6,-1
0,0,0
1,0,1
34,43,-9
15,1,14
4,3,1
21,5,16
0,0,0
4,0,4
16,6,10
12,23,-11
20,6,14
1,0,1
2,0,2
3,0,3
9,0,9
3,0,3
32,0,32
5,0,5
27,9,18
12,0,12
0,2,-2
1,5,-4
0,0,0
5,0,5
1,5,-4
0,38,-38
24,28,-4
2,3,-1
1,2,-1
0,0,0
1,2,-1
3,3,0
5,8,-3
6,7,-1
15,16,-1
6,0,6
1,2,-1
4,3,1
1,0,1
1,2,-1
6,31,-25
4,1,3
3,2,1
39,1,38
1,0,1
0,0,0
5,0,5
2,0,2
7,1,6
0,0,0
3,0,3
3,3,0
1,3,-2
1,1,0
1,0,1
16,3,13
0,0,0
6,7,-1
3,38,-35
10,2,8
0,0,0
2,2,0
5,2,3
0,0,0
0,7,-7
13,0,13
0,4,-4
2,0,2
4,2,2
2,0,2
0,0,0
0,1,-1
0,0,0
5,9,-4
2,3,-1
11,0,11
0,0,0
0,1,-1
0,0,0
13,5,8
1,2,-1
1,0,1
0,0,0
1,0,1
3,0,3
32,1,31
8,4,4
5,1,4
16,5,11
0,1,-1
1,0,1
5,0,5
20,0,20
4,3,1
2,0,2
0,0,0
1,0,1
1,2,-1
6,10,-4
3,2,1
2,0,2
0,0,0
7,3,4
0,0,0
0,4,-4
8,0,8
12,3,9
2,5,-3
0,0,0
56,2,54
9,4,5
3,0,3
9,4,5
0,1,-1
1,0,1
2,2,0
1,1,0
0,0,0
1,0,1
1,11,-10
3,0,3
4,7,-3
2,1,1
1,0,1
15,9,6
8,6,2
0,4,-4
9,44,-35
2,2,0
2,1,1
2,0,2
10,8,2
21,16,5
20,3,17
9,2,7
2,0,2
5,0,5
31,0,31
14,4,10
15,2,13
6,0,6
3,9,-6
10,46,-36
8,0,8
1,0,1
14,0,14
28,2,26
7,3,4
2,2,0
1,5,-4
0,0,0
2,5,-3
31,25,6
0,12,-12
12,2,10
1,0,1
0,0,0
0,0,0
6,6,0
0,0,0
14,0,14
1,0,1
2,1,1
7,3,4
5,3,2
1,0,1
1,2,-1
6,1,5
0,0,0
0,2,-2
14,4,10
24,5,19
0,2,-2
0,0,0
7,5,2
11,2,9
0,0,0
15,2,13
3,0,3
23,3,20
10,10,0
0,0,0
64,1,63
2,2,0
5,5,0
28,36,-8
6,0,6
4,0,4
13,5,8
1,0,1
5,5,0
1,0,1
7,5,2
1,0,1
