Actual,Predicted,Residuals
4,28,-24
2,29,-27
2,0,2
0,0,0
2,19,-17
9,6,3
23,23,0
0,2,-2
15,8,7
8,9,-1
0,11,-11
3,1,2
6,14,-8
5,3,2
2,2,0
2,2,0
3,0,3
1,1,0
2,1,1
10,10,0
1,1,0
1,0,1
1,0,1
1,0,1
2,0,2
22,15,7
10,6,4
10,10,0
6,22,-16
8,16,-8
5,10,-5
7,6,1
0,0,0
0,0,0
3,0,3
5,11,-6
8,2,6
0,0,0
2,0,2
11,19,-8
3,1,2
1,0,1
4,4,0
0,0,0
8,1,7
3,5,-2
0,5,-5
6,7,-1
0,0,0
31,0,31
1,0,1
2,0,2
8,0,8
0,2,-2
0,0,0
0,0,0
7,18,-11
1,0,1
4,12,-8
1,1,0
2,0,2
6,2,4
1,1,0
4,25,-21
7,8,-1
8,8,0
5,5,0
0,2,-2
2,2,0
2,10,-8
5,1,4
3,4,-1
15,15,0
29,29,0
14,3,11
4,2,2
0,0,0
6,6,0
5,4,1
3,2,1
17,3,14
3,0,3
0,0,0
5,5,0
0,0,0
2,7,-5
1,1,0
8,11,-3
0,1,-1
2,0,2
20,4,16
0,0,0
2,0,2
0,0,0
15,2,13
2,7,-5
0,8,-8
0,3,-3
1,0,1
6,0,6
10,22,-12
20,5,15
10,10,0
22,22,0
0,0,0
9,25,-16
0,9,-9
2,0,2
4,4,0
1,6,-5
3,3,0
3,0,3
0,9,-9
9,19,-10
1,12,-11
5,18,-13
1,1,0
3,0,3
10,12,-2
7,96,-89
1,0,1
2,1,1
2,0,2
3,6,-3
37,37,0
0,0,0
12,7,5
9,7,2
0,14,-14
0,3,-3
47,47,0
3,2,1
11,18,-7
0,0,0
40,7,33
36,36,0
6,7,-1
20,20,0
8,8,0
6,8,-2
6,0,6
9,0,9
1,1,0
5,15,-10
28,13,15
2,0,2
1,10,-9
4,12,-8
23,23,0
1,0,1
8,6,2
21,6,15
12,4,8
2,3,-1
4,0,4
0,5,-5
4,4,0
2,9,-7
5,5,0
5,0,5
6,24,-18
11,11,0
2,2,0
3,3,0
7,0,7
12,14,-2
3,0,3
1,1,0
4,0,4
2,2,0
11,2,9
19,10,9
2,16,-14
12,0,12
20,5,15
0,1,-1
8,9,-1
0,0,0
5,5,0
2,1,1
2,0,2
3,0,3
2,10,-8
15,14,1
1,1,0
0,0,0
6,10,-4
5,0,5
5,2,3
5,3,2
5,5,0
1,2,-1
2,5,-3
5,5,0
6,3,3
9,2,7
41,36,5
13,0,13
1,28,-27
0,1,-1
1,0,1
17,11,6
6,0,6
0,0,0
15,8,7
6,6,0
14,35,-21
0,0,0
2,2,0
0,2,-2
12,0,12
6,7,-1
8,8,0
0,2,-2
1,0,1
3,0,3
16,16,0
0,0,0
6,9,-3
21,21,0
4,0,4
1,1,0
58,51,7
13,13,0
4,5,-1
31,11,20
3,15,-12
2,26,-24
0,0,0
7,6,1
3,2,1
4,4,0
3,2,1
9,23,-14
1,1,0
17,12,5
3,0,3
4,11,-7
13,13,0
0,16,-16
0,1,-1
2,6,-4
6,1,5
8,9,-1
9,9,0
0,0,0
1,0,1
3,11,-8
36,4,32
13,1,12
7,2,5
8,9,-1
8,13,-5
0,0,0
2,1,1
3,0,3
2,2,0
3,3,0
8,19,-11
4,1,3
16,11,5
19,19,0
0,0,0
3,7,-4
6,6,0
4,4,0
0,0,0
4,1,3
1,3,-2
11,11,0
10,0,10
1,0,1
6,13,-7
13,13,0
4,11,-7
17,6,11
5,9,-4
8,8,0
2,25,-23
0,0,0
7,2,5
26,2,24
1,7,-6
11,9,2
9,33,-24
0,1,-1
21,11,10
0,3,-3
0,4,-4
8,1,7
2,3,-1
0,1,-1
6,13,-7
1,9,-8
4,4,0
7,0,7
6,4,2
0,0,0
0,0,0
3,7,-4
0,1,-1
1,1,0
29,32,-3
3,3,0
4,6,-2
0,0,0
2,0,2
9,18,-9
0,2,-2
0,8,-8
11,16,-5
2,0,2
4,7,-3
6,23,-17
13,0,13
1,0,1
35,1,34
6,10,-4
9,8,1
4,1,3
2,11,-9
3,10,-7
11,11,0
1,1,0
3,6,-3
1,1,0
0,0,0
2,0,2
17,58,-41
15,17,-2
1,0,1
0,31,-31
8,19,-11
3,0,3
6,0,6
19,19,0
5,0,5
5,35,-30
23,7,16
7,13,-6
0,20,-20
15,0,15
4,19,-15
12,0,12
1,16,-15
10,10,0
2,0,2
3,3,0
19,0,19
5,14,-9
9,19,-10
1,0,1
7,12,-5
9,1,8
1,5,-4
1,0,1
8,12,-4
0,0,0
4,4,0
0,0,0
0,0,0
3,27,-24
3,26,-23
0,0,0
0,11,-11
1,1,0
9,3,6
9,7,2
11,16,-5
3,3,0
3,21,-18
8,8,0
16,16,0
31,11,20
2,2,0
1,1,0
10,10,0
0,4,-4
7,12,-5
2,1,1
0,0,0
4,4,0
11,7,4
2,2,0
2,2,0
0,13,-13
1,8,-7
3,3,0
5,6,-1
18,4,14
1,1,0
3,1,2
3,0,3
7,7,0
9,9,0
0,0,0
7,12,-5
7,0,7
90,1,89
0,7,-7
8,2,6
6,19,-13
3,15,-12
20,13,7
3,4,-1
1,0,1
0,0,0
1,2,-1
2,0,2
0,11,-11
32,20,12
4,0,4
5,0,5
13,10,3
0,1,-1
3,5,-2
4,4,0
3,5,-2
3,0,3
0,0,0
2,2,0
3,0,3
1,16,-15
12,0,12
0,1,-1
3,3,0
15,16,-1
0,17,-17
2,3,-1
2,4,-2
15,0,15
34,16,18
22,22,0
5,7,-2
0,0,0
2,2,0
6,8,-2
1,3,-2
2,0,2
5,5,0
4,1,3
0,0,0
3,21,-18
0,0,0
9,9,0
0,7,-7
4,22,-18
2,2,0
2,26,-24
0,3,-3
4,4,0
3,3,0
0,0,0
1,2,-1
1,5,-4
3,0,3
6,8,-2
0,0,0
3,3,0
0,0,0
12,18,-6
1,0,1
12,5,7
0,11,-11
0,0,0
8,1,7
7,7,0
2,0,2
12,1,11
9,15,-6
3,0,3
2,0,2
2,13,-11
33,43,-10
11,6,5
13,7,6
0,0,0
19,19,0
3,3,0
7,11,-4
28,8,20
2,0,2
23,5,18
6,6,0
1,0,1
0,0,0
3,0,3
0,0,0
2,21,-19
3,0,3
1,0,1
3,3,0
7,0,7
0,0,0
1,0,1
0,2,-2
15,2,13
1,1,0
1,0,1
6,6,0
0,1,-1
3,3,0
0,10,-10
5,2,3
18,12,6
0,0,0
3,3,0
5,0,5
6,14,-8
2,2,0
1,0,1
0,0,0
4,0,4
1,0,1
17,17,0
6,24,-18
0,22,-22
8,61,-53
4,4,0
24,1,23
29,1,28
0,0,0
4,36,-32
9,0,9
19,12,7
1,3,-2
9,8,1
1,1,0
0,0,0
43,43,0
5,0,5
3,2,1
11,14,-3
5,16,-11
8,9,-1
4,5,-1
8,8,0
27,26,1
2,12,-10
11,1,10
0,2,-2
1,2,-1
9,9,0
0,0,0
6,2,4
4,20,-16
0,13,-13
10,10,0
6,0,6
0,0,0
5,8,-3
0,16,-16
5,10,-5
2,1,1
2,0,2
4,4,0
2,17,-15
9,5,4
0,20,-20
1,5,-4
0,3,-3
9,33,-24
0,0,0
5,5,0
5,4,1
0,1,-1
2,46,-44
2,2,0
3,6,-3
10,0,10
18,24,-6
0,1,-1
1,1,0
13,13,0
0,0,0
3,0,3
25,38,-13
11,38,-27
0,0,0
3,0,3
7,14,-7
4,26,-22
1,0,1
0,1,-1
1,1,0
58,15,43
6,10,-4
19,16,3
1,24,-23
5,1,4
11,11,0
3,21,-18
25,17,8
18,4,14
7,0,7
2,0,2
10,0,10
5,5,0
1,1,0
3,5,-2
9,38,-29
0,29,-29
0,0,0
3,0,3
0,0,0
2,0,2
0,1,-1
1,5,-4
9,27,-18
3,5,-2
3,0,3
10,1,9
2,2,0
1,0,1
1,0,1
0,12,-12
9,9,0
6,1,5
1,6,-5
2,4,-2
0,0,0
0,0,0
7,7,0
1,16,-15
12,0,12
2,3,-1
0,0,0
2,2,0
9,0,9
4,15,-11
8,3,5
0,0,0
0,0,0
6,7,-1
9,6,3
1,4,-3
11,11,0
2,0,2
21,21,0
0,0,0
10,4,6
3,5,-2
2,2,0
3,3,0
33,27,6
4,4,0
0,2,-2
6,6,0
0,1,-1
8,6,2
6,6,0
0,0,0
2,2,0
6,2,4
9,2,7
5,1,4
2,13,-11
4,4,0
1,3,-2
2,4,-2
3,0,3
3,5,-2
5,0,5
1,0,1
0,1,-1
1,13,-12
15,42,-27
8,10,-2
10,7,3
7,0,7
2,1,1
0,26,-26
32,32,0
6,30,-24
12,14,-2
6,6,0
23,23,0
2,15,-13
10,5,5
43,10,33
0,0,0
2,6,-4
2,8,-6
6,20,-14
3,8,-5
17,1,16
15,12,3
5,1,4
18,18,0
5,5,0
2,6,-4
3,27,-24
9,10,-1
2,8,-6
0,0,0
3,3,0
8,16,-8
8,0,8
0,0,0
0,0,0
5,1,4
3,0,3
5,4,1
0,0,0
4,8,-4
18,18,0
1,11,-10
1,0,1
0,0,0
1,0,1
0,0,0
1,1,0
0,0,0
5,6,-1
105,22,83
0,25,-25
12,32,-20
7,3,4
0,7,-7
0,25,-25
2,0,2
8,0,8
5,4,1
1,27,-26
2,2,0
1,4,-3
4,1,3
2,2,0
35,10,25
1,11,-10
1,26,-25
11,18,-7
47,22,25
4,0,4
16,16,0
7,0,7
6,7,-1
5,16,-11
20,0,20
0,0,0
0,10,-10
0,1,-1
10,20,-10
25,25,0
2,2,0
7,7,0
24,8,16
36,1,35
45,45,0
6,31,-25
4,0,4
2,2,0
5,0,5
31,0,31
4,4,0
3,10,-7
16,3,13
1,0,1
12,32,-20
0,0,0
0,0,0
7,7,0
0,0,0
0,1,-1
0,2,-2
0,0,0
15,1,14
0,0,0
0,16,-16
9,13,-4
2,5,-3
4,0,4
4,0,4
17,3,14
0,2,-2
2,1,1
4,2,2
7,19,-12
10,10,0
3,3,0
0,0,0
3,0,3
0,0,0
0,0,0
17,24,-7
0,0,0
0,0,0
15,28,-13
1,1,0
6,6,0
15,15,0
0,0,0
9,8,1
5,2,3
6,7,-1
0,0,0
11,10,1
16,2,14
1,1,0
1,6,-5
1,1,0
2,38,-36
1,2,-1
2,4,-2
4,4,0
5,6,-1
24,5,19
6,0,6
2,14,-12
1,9,-8
3,24,-21
4,12,-8
3,15,-12
0,0,0
1,14,-13
5,5,0
0,0,0
0,3,-3
13,23,-10
0,0,0
10,1,9
0,13,-13
2,2,0
7,7,0
2,14,-12
0,0,0
1,1,0
5,2,3
0,0,0
11,7,4
0,1,-1
14,14,0
0,0,0
29,29,0
3,0,3
7,7,0
6,11,-5
1,0,1
2,2,0
15,1,14
7,4,3
1,27,-26
0,0,0
1,1,0
0,12,-12
2,2,0
1,1,0
1,0,1
5,9,-4
2,2,0
18,13,5
1,0,1
5,7,-2
2,0,2
6,7,-1
0,6,-6
4,0,4
2,11,-9
0,0,0
28,28,0
1,1,0
4,3,1
3,4,-1
4,1,3
5,14,-9
6,4,2
5,13,-8
0,0,0
0,0,0
25,4,21
3,7,-4
8,8,0
1,2,-1
0,1,-1
0,2,-2
18,20,-2
0,3,-3
2,2,0
4,15,-11
6,6,0
1,0,1
1,26,-25
3,3,0
1,1,0
0,0,0
0,0,0
4,0,4
27,27,0
3,0,3
14,9,5
8,18,-10
5,10,-5
25,12,13
2,11,-9
10,4,6
1,2,-1
11,11,0
6,6,0
1,0,1
10,44,-34
0,0,0
4,1,3
8,8,0
0,2,-2
1,0,1
6,6,0
1,35,-34
9,46,-37
2,23,-21
2,6,-4
7,7,0
12,2,10
12,9,3
13,13,0
27,27,0
2,14,-12
0,4,-4
2,1,1
7,2,5
8,12,-4
2,0,2
7,4,3
5,5,0
7,0,7
6,22,-16
0,0,0
2,0,2
6,9,-3
3,3,0
4,1,3
16,5,11
7,15,-8
10,22,-12
7,7,0
4,18,-14
64,1,63
2,0,2
7,7,0
3,11,-8
1,1,0
1,4,-3
2,2,0
0,0,0
0,9,-9
19,0,19
1,0,1
0,0,0
4,4,0
3,0,3
10,10,0
0,0,0
3,0,3
7,0,7
10,10,0
47,47,0
0,16,-16
4,17,-13
3,1,2
0,2,-2
1,0,1
22,15,7
5,5,0
0,0,0
2,1,1
0,0,0
21,0,21
32,21,11
5,5,0
19,6,13
8,5,3
3,3,0
13,13,0
6,3,3
11,5,6
22,16,6
5,0,5
3,12,-9
6,11,-5
11,10,1
2,1,1
2,11,-9
1,0,1
23,2,21
9,4,5
1,7,-6
0,7,-7
10,0,10
20,20,0
0,0,0
45,1,44
2,10,-8
0,0,0
29,29,0
0,0,0
0,8,-8
11,11,0
0,4,-4
21,2,19
15,0,15
0,5,-5
8,8,0
1,18,-17
4,0,4
12,0,12
0,0,0
8,63,-55
0,6,-6
1,0,1
2,2,0
4,0,4
0,0,0
11,11,0
3,3,0
35,15,20
2,0,2
0,26,-26
10,8,2
6,13,-7
2,0,2
3,27,-24
1,1,0
1,1,0
5,5,0
1,1,0
11,15,-4
1,10,-9
33,3,30
25,25,0
0,0,0
0,0,0
0,1,-1
5,4,1
4,4,0
1,0,1
13,1,12
4,1,3
4,25,-21
6,4,2
32,32,0
2,2,0
1,1,0
3,6,-3
1,1,0
12,0,12
0,4,-4
19,12,7
3,0,3
8,8,0
8,8,0
0,0,0
16,5,11
0,0,0
7,7,0
4,29,-25
7,26,-19
1,1,0
11,12,-1
19,19,0
6,16,-10
32,18,14
3,3,0
8,9,-1
4,4,0
20,12,8
1,0,1
1,0,1
16,16,0
3,6,-3
5,1,4
6,4,2
3,0,3
3,0,3
19,14,5
2,3,-1
1,3,-2
1,14,-13
1,2,-1
8,8,0
1,0,1
6,2,4
12,0,12
7,7,0
13,13,0
10,0,10
12,5,7
0,5,-5
22,26,-4
0,0,0
23,0,23
2,2,0
10,5,5
6,6,0
9,10,-1
4,3,1
14,4,10
0,0,0
10,10,0
16,2,14
4,20,-16
0,2,-2
5,13,-8
7,11,-4
0,2,-2
1,1,0
8,8,0
0,2,-2
0,0,0
0,0,0
12,12,0
1,0,1
0,0,0
13,10,3
6,6,0
9,8,1
0,2,-2
1,1,0
2,31,-29
29,29,0
5,7,-2
10,4,6
0,1,-1
17,2,15
7,2,5
6,4,2
4,4,0
0,11,-11
0,0,0
4,4,0
7,7,0
6,33,-27
7,2,5
19,1,18
6,6,0
3,3,0
0,0,0
9,9,0
0,0,0
3,9,-6
5,9,-4
0,32,-32
16,16,0
0,4,-4
29,8,21
1,0,1
1,1,0
4,4,0
0,4,-4
2,0,2
3,21,-18
5,0,5
2,30,-28
6,4,2
3,1,2
6,1,5
0,0,0
2,13,-11
11,1,10
3,11,-8
0,0,0
4,2,2
2,2,0
13,4,9
0,0,0
0,11,-11
0,0,0
0,0,0
4,0,4
1,2,-1
2,2,0
5,0,5
3,2,1
0,1,-1
1,0,1
5,11,-6
1,5,-4
6,0,6
2,5,-3
6,3,3
1,0,1
0,13,-13
5,0,5
1,2,-1
2,0,2
0,0,0
7,1,6
7,7,0
44,5,39
2,0,2
0,0,0
5,16,-11
1,0,1
11,11,0
19,14,5
0,0,0
0,1,-1
1,1,0
25,34,-9
0,0,0
0,0,0
5,18,-13
1,3,-2
1,1,0
4,19,-15
21,4,17
8,3,5
2,6,-4
8,9,-1
1,0,1
13,2,11
0,0,0
0,0,0
2,9,-7
9,0,9
5,5,0
16,7,9
0,2,-2
5,5,0
4,10,-6
3,0,3
7,5,2
2,0,2
1,9,-8
8,0,8
5,15,-10
80,80,0
58,7,51
1,1,0
4,4,0
5,5,0
3,0,3
9,1,8
2,10,-8
5,0,5
1,1,0
21,7,14
8,8,0
1,3,-2
8,8,0
13,13,0
13,13,0
10,10,0
1,0,1
8,12,-4
0,2,-2
7,4,3
0,1,-1
1,14,-13
3,0,3
3,1,2
15,6,9
0,3,-3
7,0,7
2,2,0
1,46,-45
1,26,-25
23,31,-8
0,0,0
1,1,0
6,6,0
5,5,0
9,9,0
0,11,-11
10,2,8
6,6,0
4,1,3
25,5,20
1,0,1
1,9,-8
0,0,0
0,8,-8
5,6,-1
10,10,0
27,5,22
10,10,0
7,7,0
0,0,0
12,12,0
3,0,3
2,3,-1
5,7,-2
12,2,10
12,4,8
0,0,0
29,29,0
1,7,-6
6,6,0
5,17,-12
2,2,0
1,0,1
2,0,2
3,0,3
6,0,6
3,5,-2
19,0,19
9,12,-3
3,2,1
0,0,0
0,2,-2
5,1,4
1,16,-15
8,13,-5
17,17,0
0,1,-1
2,0,2
0,2,-2
7,7,0
9,2,7
13,13,0
7,1,6
1,0,1
2,0,2
2,13,-11
7,7,0
55,55,0
2,0,2
34,1,33
13,13,0
3,8,-5
0,1,-1
4,22,-18
0,6,-6
0,0,0
1,1,0
11,11,0
6,0,6
1,0,1
10,5,5
0,4,-4
0,0,0
11,11,0
8,0,8
16,12,4
4,4,0
12,12,0
0,22,-22
0,0,0
1,0,1
2,3,-1
1,6,-5
87,33,54
3,0,3
5,0,5
0,0,0
3,3,0
6,1,5
51,4,47
5,0,5
3,0,3
1,8,-7
3,3,0
0,29,-29
0,5,-5
1,0,1
0,12,-12
2,2,0
0,3,-3
6,6,0
19,2,17
6,6,0
13,13,0
7,5,2
3,3,0
7,0,7
4,0,4
6,0,6
0,0,0
3,37,-34
4,3,1
8,8,0
27,17,10
34,25,9
0,0,0
12,1,11
14,14,0
3,7,-4
1,1,0
1,0,1
0,0,0
5,5,0
10,16,-6
17,1,16
6,9,-3
2,6,-4
7,33,-26
6,0,6
25,16,9
8,3,5
0,0,0
0,2,-2
0,0,0
11,6,5
2,6,-4
1,6,-5
12,0,12
18,2,16
2,12,-10
0,1,-1
10,29,-19
2,2,0
1,1,0
17,8,9
3,2,1
9,0,9
27,14,13
5,5,0
5,6,-1
1,4,-3
0,8,-8
6,0,6
2,2,0
31,10,21
0,33,-33
6,20,-14
5,3,2
0,0,0
5,3,2
0,4,-4
3,18,-15
0,0,0
0,0,0
0,5,-5
5,0,5
9,8,1
5,4,1
1,1,0
19,11,8
1,9,-8
13,29,-16
0,0,0
0,11,-11
5,10,-5
12,12,0
1,1,0
3,3,0
1,6,-5
38,1,37
7,9,-2
12,11,1
10,10,0
2,0,2
2,14,-12
0,1,-1
12,0,12
1,0,1
4,5,-1
0,2,-2
4,0,4
3,0,3
17,17,0
4,3,1
20,18,2
0,0,0
6,1,5
0,2,-2
57,28,29
8,8,0
5,0,5
7,8,-1
3,7,-4
9,46,-37
8,28,-20
1,1,0
0,3,-3
14,6,8
5,5,0
10,2,8
3,1,2
3,0,3
2,3,-1
2,2,0
10,15,-5
0,3,-3
14,14,0
5,5,0
9,14,-5
1,1,0
16,33,-17
3,10,-7
5,0,5
7,7,0
4,7,-3
1,0,1
1,0,1
0,0,0
6,6,0
2,0,2
1,0,1
12,12,0
2,0,2
0,2,-2
1,0,1
3,23,-20
17,17,0
0,1,-1
4,4,0
15,9,6
3,2,1
0,0,0
2,1,1
24,24,0
20,5,15
6,8,-2
0,0,0
8,9,-1
2,0,2
0,0,0
8,8,0
6,0,6
0,0,0
20,0,20
0,0,0
4,1,3
6,0,6
8,2,6
6,13,-7
1,1,0
2,2,0
6,12,-6
49,1,48
0,0,0
5,1,4
1,25,-24
8,11,-3
20,20,0
13,13,0
0,13,-13
18,5,13
11,11,0
2,7,-5
1,0,1
0,0,0
0,2,-2
9,4,5
1,0,1
9,15,-6
9,9,0
0,0,0
7,12,-5
5,5,0
1,1,0
7,7,0
9,9,0
3,6,-3
18,15,3
18,6,12
15,15,0
12,12,0
13,13,0
4,0,4
0,10,-10
5,5,0
8,8,0
12,6,6
1,11,-10
5,7,-2
0,0,0
2,0,2
0,11,-11
1,19,-18
8,0,8
29,29,0
27,27,0
0,8,-8
12,5,7
0,16,-16
2,0,2
0,28,-28
3,2,1
7,1,6
7,7,0
7,7,0
0,0,0
1,6,-5
5,3,2
0,0,0
0,0,0
0,6,-6
7,12,-5
1,0,1
8,8,0
2,1,1
2,0,2
33,1,32
12,28,-16
0,3,-3
10,10,0
4,4,0
2,2,0
11,11,0
8,9,-1
11,2,9
0,7,-7
0,0,0
9,0,9
29,12,17
0,2,-2
0,0,0
4,0,4
9,8,1
3,0,3
3,5,-2
9,0,9
23,18,5
0,0,0
0,0,0
10,10,0
11,0,11
5,1,4
2,4,-2
2,0,2
1,0,1
0,0,0
0,11,-11
4,6,-2
0,0,0
1,0,1
24,47,-23
0,0,0
3,0,3
7,7,0
36,36,0
1,0,1
6,0,6
3,37,-34
5,0,5
0,4,-4
34,3,31
10,14,-4
13,4,9
26,3,23
33,14,19
5,6,-1
6,0,6
2,4,-2
14,2,12
3,15,-12
14,2,12
1,0,1
4,4,0
5,27,-22
16,10,6
39,9,30
3,0,3
2,3,-1
0,12,-12
0,25,-25
0,0,0
8,52,-44
1,5,-4
5,15,-10
0,6,-6
25,19,6
1,0,1
30,7,23
7,7,0
9,8,1
3,3,0
8,8,0
0,0,0
0,0,0
4,7,-3
9,31,-22
2,33,-31
1,0,1
1,1,0
3,7,-4
0,11,-11
14,40,-26
3,11,-8
0,0,0
6,9,-3
0,4,-4
4,1,3
2,7,-5
3,0,3
9,1,8
0,0,0
1,1,0
1,2,-1
5,15,-10
18,3,15
0,5,-5
6,0,6
17,17,0
2,0,2
34,23,11
4,27,-23
10,10,0
1,2,-1
1,0,1
3,2,1
23,0,23
4,11,-7
1,11,-10
0,0,0
0,2,-2
2,1,1
9,8,1
2,0,2
1,5,-4
4,4,0
2,1,1
1,10,-9
0,0,0
7,4,3
7,10,-3
1,0,1
0,0,0
2,27,-25
2,33,-31
4,7,-3
1,22,-21
12,12,0
6,6,0
3,2,1
0,0,0
2,9,-7
0,3,-3
1,0,1
19,29,-10
10,1,9
11,0,11
0,0,0
4,4,0
1,3,-2
2,2,0
9,9,0
3,27,-24
3,3,0
1,1,0
2,11,-9
0,0,0
0,0,0
0,0,0
2,2,0
2,7,-5
0,0,0
72,10,62
2,39,-37
4,0,4
13,16,-3
0,0,0
0,0,0
7,11,-4
1,3,-2
11,3,8
8,8,0
5,3,2
1,1,0
1,42,-41
14,14,0
2,8,-6
10,10,0
19,21,-2
1,0,1
0,2,-2
14,1,13
3,3,0
10,14,-4
3,3,0
22,0,22
4,6,-2
1,1,0
2,28,-26
9,42,-33
31,36,-5
6,2,4
31,27,4
0,0,0
1,1,0
3,13,-10
2,0,2
0,3,-3
4,54,-50
0,0,0
8,0,8
3,3,0
2,12,-10
3,13,-10
2,0,2
5,0,5
1,1,0
7,10,-3
0,15,-15
2,0,2
1,1,0
6,6,0
18,12,6
6,6,0
3,3,0
6,0,6
1,1,0
8,0,8
29,0,29
1,26,-25
4,6,-2
3,3,0
3,5,-2
2,28,-26
3,1,2
3,3,0
0,19,-19
2,2,0
0,0,0
2,2,0
18,2,16
0,0,0
4,1,3
2,2,0
10,10,0
1,1,0
2,19,-17
11,11,0
1,5,-4
3,0,3
23,16,7
17,3,14
3,4,-1
4,3,1
0,8,-8
1,0,1
1,0,1
2,3,-1
0,0,0
40,40,0
0,0,0
2,0,2
0,0,0
1,0,1
4,4,0
30,16,14
0,0,0
0,0,0
5,2,3
10,0,10
24,24,0
24,1,23
1,16,-15
6,5,1
10,5,5
6,15,-9
1,0,1
8,0,8
17,8,9
2,16,-14
12,3,9
7,8,-1
0,0,0
3,0,3
5,4,1
32,32,0
18,12,6
41,22,19
0,0,0
0,17,-17
2,2,0
11,2,9
6,24,-18
0,0,0
7,1,6
0,0,0
15,3,12
1,13,-12
16,2,14
0,5,-5
6,2,4
36,1,35
5,5,0
2,1,1
15,0,15
13,14,-1
2,2,0
5,2,3
5,11,-6
1,0,1
4,21,-17
9,2,7
3,0,3
0,0,0
0,0,0
6,0,6
0,0,0
2,2,0
2,2,0
15,2,13
0,0,0
4,11,-7
15,9,6
1,1,0
18,2,16
6,1,5
14,14,0
6,5,1
3,3,0
1,1,0
0,3,-3
0,0,0
2,2,0
0,0,0
4,4,0
2,0,2
8,8,0
3,0,3
0,28,-28
0,21,-21
13,13,0
9,9,0
3,3,0
47,22,25
0,0,0
5,4,1
0,0,0
2,1,1
9,9,0
0,9,-9
34,31,3
4,5,-1
2,5,-3
0,0,0
0,3,-3
11,2,9
5,8,-3
1,0,1
2,0,2
20,1,19
3,0,3
0,4,-4
13,2,11
1,9,-8
10,1,9
1,10,-9
12,0,12
0,0,0
0,0,0
6,62,-56
25,25,0
11,1,10
18,18,0
5,5,0
7,0,7
0,14,-14
2,2,0
23,23,0
5,1,4
0,0,0
2,1,1
0,4,-4
11,13,-2
0,2,-2
14,2,12
4,3,1
7,7,0
14,7,7
2,0,2
1,0,1
6,6,0
8,8,0
4,0,4
0,46,-46
0,0,0
5,6,-1
5,7,-2
0,0,0
4,2,2
5,5,0
4,1,3
13,1,12
0,4,-4
1,0,1
21,23,-2
25,25,0
1,0,1
0,0,0
2,0,2
45,1,44
8,0,8
1,1,0
0,2,-2
0,0,0
0,0,0
39,4,35
9,0,9
75,75,0
1,1,0
1,4,-3
1,0,1
8,14,-6
1,0,1
0,7,-7
21,7,14
7,14,-7
0,0,0
4,13,-9
9,4,5
0,25,-25
3,5,-2
23,12,11
18,18,0
3,0,3
5,5,0
4,0,4
0,0,0
3,3,0
0,5,-5
0,0,0
5,0,5
3,0,3
1,0,1
12,12,0
0,19,-19
4,1,3
8,2,6
5,0,5
7,7,0
3,3,0
6,6,0
0,0,0
16,13,3
3,3,0
6,0,6
2,6,-4
7,4,3
11,17,-6
0,0,0
3,1,2
39,13,26
1,3,-2
4,4,0
13,26,-13
0,3,-3
0,0,0
0,0,0
7,7,0
5,10,-5
3,3,0
19,15,4
0,3,-3
0,0,0
2,2,0
3,3,0
31,13,18
6,19,-13
3,0,3
0,0,0
0,4,-4
35,0,35
0,0,0
1,1,0
2,8,-6
17,17,0
3,1,2
0,0,0
3,7,-4
10,10,0
7,7,0
9,4,5
4,2,2
46,16,30
6,15,-9
2,2,0
0,0,0
1,16,-15
1,19,-18
2,2,0
3,25,-22
2,10,-8
0,0,0
0,0,0
1,23,-22
20,20,0
0,0,0
10,2,8
12,0,12
0,0,0
8,0,8
6,6,0
2,1,1
4,4,0
2,2,0
1,9,-8
2,20,-18
1,4,-3
6,4,2
2,0,2
12,11,1
0,0,0
20,9,11
14,14,0
0,0,0
16,16,0
4,0,4
4,8,-4
1,2,-1
0,0,0
2,4,-2
3,3,0
4,2,2
20,20,0
1,0,1
0,0,0
1,1,0
16,0,16
0,13,-13
4,2,2
7,5,2
1,1,0
0,10,-10
37,37,0
3,3,0
3,10,-7
4,10,-6
2,5,-3
1,1,0
11,15,-4
11,1,10
8,8,0
6,6,0
0,0,0
1,8,-7
3,0,3
0,3,-3
1,0,1
10,0,10
7,11,-4
2,2,0
0,5,-5
17,17,0
1,4,-3
6,6,0
0,0,0
2,0,2
8,0,8
0,13,-13
3,2,1
2,2,0
1,0,1
1,5,-4
6,15,-9
23,6,17
7,7,0
46,18,28
1,0,1
3,0,3
0,0,0
2,5,-3
0,9,-9
3,9,-6
4,4,0
7,1,6
28,4,24
0,25,-25
42,1,41
2,8,-6
4,0,4
11,6,5
1,8,-7
0,0,0
1,10,-9
22,11,11
0,0,0
0,0,0
12,27,-15
6,2,4
22,2,20
5,2,3
1,0,1
2,0,2
6,1,5
6,19,-13
0,0,0
11,5,6
4,4,0
7,37,-30
10,0,10
0,0,0
6,0,6
6,32,-26
17,2,15
2,0,2
60,60,0
24,24,0
0,0,0
6,1,5
0,0,0
5,6,-1
1,0,1
3,0,3
31,11,20
7,11,-4
0,0,0
1,0,1
3,11,-8
11,10,1
24,13,11
0,17,-17
1,0,1
0,0,0
0,0,0
9,0,9
0,0,0
0,0,0
2,14,-12
3,3,0
2,3,-1
1,1,0
0,0,0
1,1,0
2,0,2
11,0,11
3,1,2
2,4,-2
17,13,4
9,9,0
14,14,0
2,6,-4
0,3,-3
3,11,-8
5,9,-4
1,0,1
1,0,1
2,3,-1
0,2,-2
22,22,0
6,22,-16
1,0,1
15,15,0
2,0,2
18,20,-2
0,0,0
2,2,0
23,8,15
0,0,0
2,38,-36
6,6,0
0,0,0
8,4,4
22,22,0
0,5,-5
11,11,0
23,23,0
2,28,-26
4,27,-23
10,10,0
5,0,5
18,4,14
1,2,-1
29,29,0
4,10,-6
4,2,2
7,0,7
3,3,0
9,0,9
2,10,-8
10,1,9
0,0,0
7,0,7
3,10,-7
2,20,-18
20,27,-7
2,0,2
2,13,-11
4,5,-1
1,0,1
0,0,0
12,0,12
2,2,0
3,5,-2
11,1,10
10,10,0
0,0,0
0,7,-7
1,2,-1
2,2,0
0,5,-5
8,0,8
0,0,0
0,19,-19
1,15,-14
2,0,2
1,1,0
2,11,-9
7,5,2
0,0,0
3,5,-2
1,9,-8
0,0,0
0,0,0
6,20,-14
0,0,0
16,16,0
10,10,0
12,21,-9
7,1,6
6,3,3
13,13,0
1,0,1
12,12,0
0,53,-53
1,4,-3
5,1,4
25,35,-10
0,0,0
0,0,0
7,7,0
0,6,-6
8,5,3
4,7,-3
1,0,1
1,1,0
3,6,-3
0,0,0
3,1,2
2,5,-3
0,0,0
2,24,-22
5,0,5
0,0,0
0,4,-4
12,12,0
1,8,-7
0,1,-1
0,0,0
2,2,0
35,2,33
0,3,-3
0,2,-2
1,1,0
13,5,8
8,0,8
8,8,0
4,4,0
1,47,-46
4,11,-7
0,22,-22
35,8,27
9,9,0
0,0,0
3,27,-24
7,3,4
3,3,0
2,2,0
10,15,-5
5,5,0
0,15,-15
5,4,1
0,3,-3
0,0,0
1,0,1
4,3,1
11,11,0
20,3,17
6,3,3
2,1,1
24,24,0
14,0,14
3,30,-27
13,13,0
2,13,-11
9,9,0
4,4,0
24,24,0
0,0,0
1,1,0
0,0,0
4,0,4
1,2,-1
4,2,2
5,5,0
14,10,4
2,11,-9
4,4,0
15,2,13
28,1,27
0,22,-22
3,5,-2
2,0,2
43,43,0
1,1,0
12,12,0
0,6,-6
18,0,18
19,32,-13
11,11,0
9,3,6
10,13,-3
32,1,31
0,0,0
4,6,-2
3,8,-5
3,10,-7
5,4,1
4,1,3
39,39,0
2,0,2
3,0,3
7,34,-27
0,0,0
6,7,-1
32,4,28
1,7,-6
7,9,-2
3,1,2
2,2,0
0,1,-1
3,0,3
10,1,9
1,0,1
0,1,-1
20,9,11
0,8,-8
5,0,5
0,0,0
6,6,0
5,5,0
7,0,7
9,9,0
2,4,-2
7,7,0
9,2,7
0,16,-16
9,0,9
5,1,4
0,0,0
0,0,0
9,13,-4
7,12,-5
1,0,1
1,12,-11
0,0,0
7,5,2
10,18,-8
3,24,-21
1,1,0
9,0,9
1,26,-25
2,0,2
2,8,-6
1,0,1
3,6,-3
0,10,-10
3,35,-32
0,0,0
10,24,-14
0,1,-1
5,6,-1
4,1,3
18,17,1
4,0,4
3,3,0
0,0,0
4,4,0
11,19,-8
1,3,-2
5,20,-15
3,4,-1
8,8,0
8,36,-28
1,1,0
1,2,-1
7,7,0
6,6,0
8,5,3
3,2,1
35,2,33
1,18,-17
0,0,0
1,1,0
0,0,0
0,18,-18
9,28,-19
2,2,0
3,2,1
2,0,2
0,0,0
1,0,1
9,17,-8
48,4,44
1,1,0
3,1,2
10,10,0
2,0,2
0,0,0
11,1,10
17,4,13
0,0,0
20,20,0
0,11,-11
17,17,0
12,12,0
0,0,0
33,70,-37
5,5,0
5,0,5
2,0,2
1,0,1
1,0,1
6,1,5
13,13,0
1,1,0
21,1,20
1,14,-13
4,0,4
3,0,3
12,31,-19
3,0,3
20,20,0
1,44,-43
0,0,0
4,3,1
24,20,4
5,5,0
6,2,4
15,1,14
4,1,3
5,37,-32
24,9,15
4,4,0
3,13,-10
0,0,0
20,42,-22
1,1,0
2,3,-1
7,3,4
1,0,1
3,0,3
0,0,0
2,17,-15
1,1,0
2,2,0
3,11,-8
29,21,8
24,0,24
7,9,-2
1,2,-1
1,0,1
3,3,0
0,0,0
6,5,1
23,23,0
2,2,0
0,0,0
0,3,-3
5,1,4
18,19,-1
5,5,0
3,0,3
0,0,0
1,1,0
8,9,-1
6,11,-5
1,2,-1
8,39,-31
0,0,0
5,6,-1
2,0,2
2,17,-15
4,4,0
3,4,-1
2,2,0
0,1,-1
7,7,0
1,1,0
1,14,-13
0,3,-3
0,0,0
0,3,-3
11,7,4
12,12,0
16,11,5
31,20,11
0,0,0
0,29,-29
2,3,-1
5,6,-1
3,2,1
6,9,-3
1,0,1
6,25,-19
0,0,0
0,0,0
5,21,-16
10,10,0
2,17,-15
2,25,-23
0,0,0
5,6,-1
4,0,4
6,11,-5
5,5,0
5,3,2
12,12,0
1,1,0
2,7,-5
12,21,-9
1,1,0
4,27,-23
1,0,1
3,0,3
0,0,0
10,1,9
22,22,0
5,0,5
0,0,0
4,16,-12
4,4,0
12,2,10
6,0,6
6,6,0
2,2,0
6,6,0
0,1,-1
0,16,-16
5,13,-8
1,5,-4
0,0,0
6,6,0
6,6,0
11,11,0
4,4,0
15,35,-20
4,1,3
0,0,0
2,2,0
14,11,3
2,23,-21
2,2,0
0,0,0
0,0,0
0,13,-13
3,3,0
23,23,0
3,5,-2
1,1,0
5,1,4
1,2,-1
1,1,0
3,3,0
9,13,-4
2,17,-15
1,0,1
1,1,0
11,11,0
1,16,-15
0,0,0
15,15,0
17,0,17
7,9,-2
2,2,0
4,1,3
7,4,3
40,7,33
0,0,0
0,0,0
0,1,-1
4,1,3
8,8,0
35,31,4
3,11,-8
11,5,6
2,2,0
11,8,3
7,7,0
4,6,-2
0,0,0
0,0,0
2,4,-2
10,8,2
17,13,4
3,5,-2
0,3,-3
5,0,5
0,9,-9
1,1,0
0,11,-11
1,1,0
2,11,-9
4,3,1
19,19,0
36,0,36
1,1,0
5,5,0
18,20,-2
2,0,2
8,8,0
4,4,0
2,18,-16
5,0,5
0,0,0
1,1,0
3,6,-3
0,6,-6
2,3,-1
3,3,0
3,3,0
0,0,0
4,0,4
0,0,0
0,0,0
1,0,1
4,6,-2
1,1,0
0,19,-19
3,13,-10
0,75,-75
6,0,6
10,2,8
0,1,-1
0,8,-8
7,4,3
8,0,8
4,4,0
4,15,-11
2,6,-4
1,0,1
2,0,2
9,7,2
23,22,1
2,0,2
8,8,0
7,3,4
0,8,-8
10,0,10
11,13,-2
8,8,0
0,6,-6
21,27,-6
3,0,3
3,8,-5
14,13,1
14,14,0
16,1,15
4,4,0
1,1,0
3,0,3
8,8,0
19,4,15
11,11,0
5,5,0
3,3,0
0,19,-19
18,3,15
9,1,8
2,2,0
0,0,0
7,16,-9
15,0,15
2,2,0
1,1,0
19,19,0
0,0,0
15,2,13
21,21,0
0,0,0
8,0,8
7,1,6
38,0,38
3,0,3
2,9,-7
3,3,0
8,31,-23
2,2,0
14,3,11
3,1,2
8,8,0
16,4,12
1,0,1
9,18,-9
1,0,1
5,9,-4
0,0,0
7,2,5
4,0,4
4,4,0
7,2,5
0,4,-4
0,0,0
2,20,-18
2,4,-2
2,4,-2
1,1,0
0,0,0
7,1,6
1,0,1
0,16,-16
2,2,0
3,3,0
0,0,0
3,1,2
0,0,0
18,7,11
2,0,2
12,12,0
2,4,-2
0,38,-38
1,5,-4
3,0,3
1,1,0
38,15,23
7,18,-11
0,0,0
6,6,0
54,1,53
0,10,-10
4,0,4
4,7,-3
3,12,-9
0,10,-10
0,0,0
6,7,-1
2,2,0
3,0,3
1,2,-1
1,10,-9
9,3,6
7,7,0
11,1,10
0,0,0
0,4,-4
1,0,1
10,0,10
9,9,0
8,12,-4
23,11,12
0,2,-2
4,0,4
1,0,1
0,5,-5
18,18,0
19,2,17
0,0,0
1,4,-3
1,1,0
9,10,-1
5,13,-8
24,16,8
7,10,-3
4,4,0
12,21,-9
13,13,0
1,12,-11
1,3,-2
1,4,-3
2,0,2
0,0,0
14,0,14
5,0,5
44,5,39
9,11,-2
3,0,3
3,3,0
7,4,3
0,0,0
2,2,0
1,1,0
0,0,0
3,1,2
1,0,1
2,2,0
5,6,-1
2,3,-1
1,22,-21
21,6,15
11,5,6
15,19,-4
2,0,2
3,3,0
18,0,18
0,14,-14
3,0,3
0,3,-3
4,4,0
1,1,0
3,21,-18
6,0,6
6,7,-1
0,1,-1
0,2,-2
3,3,0
1,9,-8
7,2,5
0,1,-1
1,2,-1
8,8,0
0,0,0
4,0,4
24,24,0
4,0,4
2,2,0
0,0,0
0,6,-6
16,2,14
0,2,-2
0,0,0
1,0,1
3,0,3
8,8,0
8,6,2
8,1,7
21,21,0
18,8,10
18,0,18
10,2,8
2,58,-56
5,6,-1
0,0,0
1,25,-24
0,0,0
6,5,1
0,26,-26
17,3,14
58,0,58
2,0,2
15,3,12
9,2,7
1,5,-4
0,0,0
6,4,2
0,56,-56
5,5,0
0,0,0
0,10,-10
22,31,-9
0,0,0
14,7,7
11,0,11
4,2,2
0,3,-3
11,11,0
0,0,0
0,0,0
11,0,11
1,0,1
0,0,0
2,0,2
12,2,10
1,2,-1
9,9,0
37,37,0
12,22,-10
0,13,-13
3,0,3
15,15,0
35,35,0
2,6,-4
9,9,0
9,13,-4
1,1,0
1,0,1
2,2,0
7,3,4
12,12,0
22,30,-8
10,2,8
4,4,0
2,9,-7
0,3,-3
1,6,-5
5,5,0
0,0,0
9,9,0
1,0,1
8,19,-11
1,1,0
15,0,15
3,2,1
3,3,0
5,0,5
17,17,0
2,2,0
3,2,1
3,4,-1
9,9,0
2,9,-7
0,0,0
1,3,-2
2,3,-1
6,1,5
29,29,0
7,7,0
15,15,0
0,0,0
0,3,-3
3,3,0
5,17,-12
10,3,7
0,0,0
6,20,-14
5,5,0
0,0,0
13,3,10
6,3,3
10,13,-3
1,1,0
30,30,0
0,3,-3
0,7,-7
6,3,3
25,38,-13
0,0,0
1,1,0
2,5,-3
14,14,0
2,2,0
10,10,0
3,0,3
8,13,-5
1,1,0
0,11,-11
2,2,0
6,0,6
5,5,0
1,1,0
1,0,1
0,0,0
11,11,0
0,8,-8
5,0,5
1,11,-10
6,4,2
5,0,5
4,3,1
3,3,0
1,1,0
0,8,-8
3,7,-4
0,0,0
14,14,0
26,11,15
9,9,0
22,5,17
5,6,-1
0,0,0
6,6,0
0,0,0
1,37,-36
1,10,-9
11,0,11
6,21,-15
19,13,6
0,0,0
1,0,1
5,4,1
1,0,1
0,0,0
7,2,5
2,4,-2
24,31,-7
1,1,0
7,30,-23
2,1,1
4,0,4
11,37,-26
2,2,0
16,16,0
7,7,0
1,3,-2
4,0,4
0,0,0
0,0,0
11,11,0
1,7,-6
0,12,-12
4,0,4
1,10,-9
3,3,0
20,1,19
10,10,0
1,1,0
1,1,0
11,2,9
6,2,4
14,4,10
2,0,2
0,0,0
6,6,0
7,2,5
1,18,-17
0,16,-16
0,0,0
20,1,19
3,3,0
1,0,1
0,1,-1
3,22,-19
0,0,0
6,6,0
1,3,-2
1,17,-16
11,26,-15
0,28,-28
0,0,0
6,6,0
1,9,-8
4,1,3
1,1,0
5,14,-9
17,13,4
5,28,-23
0,0,0
0,1,-1
0,0,0
2,13,-11
25,25,0
4,5,-1
2,1,1
28,36,-8
4,4,0
25,29,-4
11,11,0
0,0,0
1,1,0
1,1,0
3,0,3
1,0,1
6,8,-2
1,1,0
9,6,3
5,1,4
5,1,4
3,0,3
2,8,-6
4,0,4
0,6,-6
29,8,21
0,3,-3
6,34,-28
0,0,0
0,0,0
1,4,-3
0,0,0
1,3,-2
10,14,-4
4,4,0
1,17,-16
3,1,2
2,5,-3
1,0,1
3,6,-3
1,0,1
4,4,0
51,29,22
5,6,-1
12,22,-10
9,35,-26
0,0,0
7,0,7
0,0,0
10,7,3
0,0,0
5,17,-12
8,6,2
0,43,-43
0,12,-12
1,2,-1
0,21,-21
5,0,5
2,0,2
1,0,1
0,0,0
7,21,-14
2,11,-9
0,0,0
1,1,0
8,4,4
14,1,13
17,7,10
49,5,44
4,1,3
1,1,0
0,1,-1
12,0,12
9,11,-2
3,3,0
2,2,0
27,27,0
9,21,-12
2,0,2
0,0,0
5,5,0
6,33,-27
2,2,0
0,11,-11
0,0,0
10,7,3
0,1,-1
8,1,7
0,22,-22
2,0,2
10,6,4
0,0,0
0,0,0
13,4,9
5,0,5
1,1,0
0,0,0
0,7,-7
0,0,0
0,2,-2
14,11,3
13,12,1
2,6,-4
5,5,0
4,2,2
38,7,31
0,1,-1
0,13,-13
4,2,2
0,8,-8
6,8,-2
3,0,3
2,0,2
7,14,-7
5,4,1
16,2,14
0,0,0
8,3,5
0,0,0
1,1,0
0,0,0
1,1,0
1,1,0
3,6,-3
27,27,0
7,7,0
6,12,-6
2,2,0
5,0,5
0,6,-6
2,3,-1
21,11,10
1,7,-6
11,0,11
10,4,6
3,7,-4
8,7,1
9,9,0
4,15,-11
4,4,0
1,4,-3
4,0,4
1,1,0
2,20,-18
1,0,1
4,3,1
0,0,0
0,0,0
16,16,0
7,1,6
4,19,-15
5,11,-6
17,0,17
0,2,-2
6,4,2
0,19,-19
1,0,1
22,10,12
2,0,2
5,0,5
1,0,1
3,4,-1
1,0,1
0,0,0
8,2,6
0,0,0
14,14,0
3,2,1
1,1,0
7,7,0
4,6,-2
6,21,-15
4,0,4
18,11,7
0,3,-3
4,4,0
0,0,0
6,4,2
3,3,0
0,0,0
1,3,-2
1,1,0
1,0,1
3,3,0
14,14,0
10,10,0
0,0,0
1,2,-1
3,3,0
20,65,-45
10,10,0
17,8,9
34,16,18
1,0,1
0,1,-1
11,31,-20
0,0,0
4,2,2
0,0,0
1,1,0
2,6,-4
1,5,-4
4,0,4
19,12,7
0,0,0
3,3,0
4,37,-33
2,0,2
1,7,-6
7,7,0
0,1,-1
4,10,-6
1,6,-5
0,0,0
2,51,-49
1,1,0
0,28,-28
31,1,30
5,5,0
1,21,-20
26,5,21
10,4,6
11,11,0
8,8,0
7,19,-12
0,0,0
3,0,3
20,20,0
0,7,-7
1,1,0
7,7,0
15,1,14
20,5,15
9,9,0
2,2,0
3,0,3
0,0,0
19,36,-17
0,0,0
16,2,14
10,10,0
14,14,0
0,1,-1
1,2,-1
2,4,-2
7,7,0
30,30,0
1,6,-5
1,2,-1
18,24,-6
0,0,0
3,3,0
3,16,-13
2,2,0
28,28,0
7,11,-4
2,2,0
3,0,3
4,1,3
4,2,2
3,1,2
0,9,-9
2,2,0
2,5,-3
18,8,10
4,5,-1
1,0,1
20,6,14
0,0,0
10,0,10
11,26,-15
0,12,-12
0,12,-12
10,5,5
8,3,5
2,28,-26
55,55,0
3,6,-3
25,6,19
11,2,9
0,0,0
5,5,0
2,0,2
38,7,31
17,3,14
3,3,0
0,8,-8
11,32,-21
2,0,2
2,0,2
13,4,9
3,2,1
10,10,0
28,33,-5
3,3,0
1,0,1
8,8,0
6,0,6
25,0,25
3,3,0
1,10,-9
0,2,-2
2,2,0
6,10,-4
0,0,0
29,12,17
2,1,1
2,7,-5
11,6,5
4,26,-22
8,5,3
7,0,7
0,0,0
0,0,0
0,0,0
0,40,-40
3,5,-2
1,1,0
2,8,-6
1,12,-11
1,1,0
10,10,0
13,9,4
0,0,0
7,7,0
4,4,0
2,0,2
2,2,0
9,9,0
0,0,0
0,0,0
0,0,0
14,14,0
0,0,0
1,4,-3
3,3,0
0,0,0
2,8,-6
0,0,0
4,1,3
25,9,16
2,2,0
4,8,-4
0,0,0
1,0,1
6,2,4
6,6,0
5,24,-19
8,8,0
1,0,1
2,0,2
3,2,1
18,19,-1
0,0,0
0,0,0
3,15,-12
8,8,0
0,0,0
7,0,7
2,10,-8
8,3,5
2,2,0
0,0,0
0,7,-7
0,0,0
1,1,0
0,0,0
3,11,-8
4,16,-12
11,11,0
15,15,0
22,33,-11
8,8,0
2,0,2
10,31,-21
2,2,0
2,2,0
19,19,0
2,13,-11
0,0,0
2,0,2
16,8,8
0,0,0
15,5,10
0,0,0
4,0,4
4,9,-5
2,0,2
0,0,0
20,20,0
10,5,5
6,0,6
4,4,0
4,2,2
5,1,4
1,1,0
4,22,-18
3,0,3
12,17,-5
0,0,0
23,23,0
2,8,-6
1,0,1
0,0,0
1,2,-1
28,16,12
1,1,0
3,3,0
1,1,0
4,12,-8
3,16,-13
0,3,-3
0,0,0
7,0,7
2,2,0
45,39,6
5,5,0
2,2,0
32,32,0
0,0,0
28,5,23
21,22,-1
5,0,5
35,16,19
0,29,-29
0,0,0
0,0,0
3,3,0
10,6,4
3,6,-3
4,4,0
5,2,3
2,2,0
1,0,1
1,0,1
0,0,0
11,27,-16
23,23,0
17,17,0
5,1,4
1,1,0
0,0,0
16,2,14
5,23,-18
20,20,0
33,0,33
19,9,10
2,1,1
6,5,1
17,17,0
8,4,4
3,3,0
0,0,0
3,13,-10
5,5,0
7,6,1
0,0,0
2,2,0
9,9,0
0,0,0
14,8,6
0,0,0
17,17,0
3,5,-2
2,11,-9
6,11,-5
7,7,0
0,0,0
2,0,2
1,0,1
0,4,-4
1,8,-7
28,17,11
40,40,0
2,0,2
3,14,-11
2,37,-35
0,0,0
5,2,3
16,16,0
3,12,-9
5,5,0
1,0,1
12,0,12
15,15,0
0,0,0
0,3,-3
2,0,2
1,0,1
1,0,1
14,4,10
8,8,0
5,17,-12
2,2,0
0,17,-17
4,11,-7
19,9,10
1,1,0
0,0,0
1,0,1
21,21,0
3,3,0
3,8,-5
13,5,8
1,1,0
69,69,0
7,16,-9
2,0,2
3,2,1
0,0,0
27,36,-9
0,0,0
1,0,1
11,24,-13
3,0,3
1,1,0
4,4,0
0,28,-28
15,15,0
0,8,-8
7,7,0
66,1,65
3,0,3
9,9,0
22,0,22
0,0,0
3,1,2
5,1,4
26,26,0
11,11,0
0,12,-12
26,20,6
54,54,0
1,13,-12
0,1,-1
5,5,0
3,21,-18
62,34,28
1,2,-1
20,0,20
9,1,8
1,1,0
3,3,0
9,4,5
0,0,0
4,4,0
1,0,1
0,4,-4
4,0,4
0,0,0
1,1,0
4,4,0
8,8,0
4,4,0
0,0,0
13,13,0
3,7,-4
3,3,0
6,20,-14
4,3,1
3,1,2
16,20,-4
2,27,-25
1,15,-14
0,19,-19
2,0,2
6,6,0
15,15,0
7,4,3
1,0,1
6,9,-3
1,12,-11
6,17,-11
6,8,-2
1,0,1
1,0,1
1,0,1
11,11,0
1,32,-31
2,3,-1
0,0,0
0,2,-2
10,3,7
5,5,0
6,2,4
8,8,0
4,4,0
3,3,0
10,10,0
18,15,3
4,4,0
0,1,-1
7,7,0
9,9,0
6,6,0
7,3,4
11,0,11
1,1,0
0,0,0
0,0,0
14,14,0
2,19,-17
1,1,0
19,19,0
12,11,1
3,2,1
2,2,0
3,0,3
30,14,16
4,4,0
18,11,7
8,8,0
2,5,-3
1,0,1
0,7,-7
0,0,0
22,5,17
12,5,7
0,26,-26
0,1,-1
16,16,0
2,0,2
0,4,-4
0,0,0
3,7,-4
14,17,-3
17,4,13
0,0,0
1,4,-3
0,0,0
3,3,0
1,3,-2
11,11,0
5,5,0
8,4,4
2,4,-2
0,7,-7
12,0,12
8,8,0
16,20,-4
12,12,0
15,20,-5
1,1,0
4,5,-1
2,4,-2
2,2,0
0,0,0
3,3,0
8,2,6
1,0,1
1,1,0
2,5,-3
1,1,0
1,3,-2
3,3,0
0,0,0
0,0,0
4,0,4
6,3,3
11,31,-20
7,0,7
0,0,0
0,2,-2
6,10,-4
9,27,-18
4,0,4
4,0,4
2,2,0
8,5,3
2,4,-2
49,10,39
3,3,0
0,16,-16
2,2,0
6,12,-6
27,8,19
0,0,0
0,0,0
6,6,0
11,1,10
0,1,-1
18,18,0
0,0,0
1,1,0
47,3,44
0,2,-2
5,0,5
6,0,6
19,21,-2
11,2,9
6,6,0
7,7,0
5,5,0
0,0,0
2,0,2
6,6,0
2,0,2
0,0,0
23,0,23
13,6,7
1,0,1
0,0,0
42,0,42
3,3,0
4,20,-16
1,1,0
4,2,2
9,0,9
2,2,0
2,2,0
5,4,1
12,13,-1
5,1,4
12,7,5
8,8,0
0,13,-13
9,0,9
27,2,25
11,11,0
1,1,0
0,0,0
44,44,0
0,1,-1
7,1,6
9,10,-1
4,8,-4
0,0,0
2,49,-47
1,6,-5
4,0,4
1,17,-16
0,0,0
5,17,-12
7,8,-1
5,0,5
10,0,10
2,17,-15
0,0,0
0,0,0
1,0,1
3,1,2
6,6,0
21,6,15
6,6,0
0,0,0
8,6,2
3,5,-2
10,3,7
1,14,-13
5,5,0
0,5,-5
10,4,6
8,1,7
2,1,1
4,16,-12
7,7,0
1,0,1
2,8,-6
11,0,11
16,16,0
1,1,0
10,24,-14
0,15,-15
1,0,1
3,3,0
7,7,0
10,16,-6
0,7,-7
4,0,4
13,11,2
4,0,4
0,10,-10
15,1,14
53,2,51
0,0,0
1,1,0
2,2,0
1,9,-8
4,4,0
35,35,0
15,13,2
1,2,-1
31,31,0
3,3,0
48,2,46
10,21,-11
17,17,0
0,0,0
5,5,0
18,11,7
3,3,0
3,0,3
11,17,-6
9,2,7
10,10,0
0,0,0
1,8,-7
13,0,13
6,0,6
0,7,-7
12,12,0
0,5,-5
0,6,-6
8,8,0
5,3,2
7,6,1
6,4,2
0,1,-1
1,1,0
10,8,2
10,13,-3
8,15,-7
6,13,-7
2,0,2
0,0,0
5,22,-17
16,25,-9
8,4,4
19,19,0
0,30,-30
21,21,0
16,4,12
5,27,-22
12,12,0
3,5,-2
2,2,0
0,0,0
7,31,-24
18,18,0
3,9,-6
3,3,0
1,0,1
0,0,0
8,6,2
5,0,5
1,1,0
6,3,3
3,5,-2
15,0,15
24,24,0
7,7,0
13,1,12
0,8,-8
0,7,-7
0,0,0
0,0,0
14,0,14
6,6,0
8,0,8
12,12,0
1,1,0
1,2,-1
7,7,0
0,0,0
9,31,-22
2,2,0
0,0,0
15,7,8
1,0,1
5,3,2
0,0,0
17,17,0
6,14,-8
1,4,-3
2,2,0
14,6,8
0,8,-8
8,2,6
20,0,20
36,0,36
9,6,3
4,5,-1
6,4,2
8,6,2
3,6,-3
19,15,4
1,1,0
7,26,-19
6,6,0
5,22,-17
3,0,3
3,24,-21
22,6,16
5,5,0
2,9,-7
23,2,21
12,12,0
6,7,-1
0,8,-8
6,4,2
26,10,16
4,2,2
2,3,-1
16,3,13
39,39,0
0,6,-6
0,0,0
0,0,0
18,0,18
1,0,1
3,0,3
1,1,0
7,1,6
8,2,6
4,4,0
0,1,-1
7,1,6
3,3,0
11,6,5
7,4,3
2,9,-7
7,6,1
2,0,2
7,7,0
5,0,5
2,0,2
4,16,-12
7,6,1
0,4,-4
24,19,5
3,3,0
3,0,3
8,6,2
6,7,-1
26,17,9
9,7,2
0,4,-4
4,0,4
0,22,-22
2,1,1
34,31,3
1,0,1
2,4,-2
16,17,-1
1,3,-2
20,20,0
11,1,10
11,0,11
13,7,6
57,57,0
3,10,-7
4,4,0
5,14,-9
2,0,2
25,2,23
0,0,0
0,0,0
1,1,0
4,4,0
0,0,0
3,0,3
4,4,0
7,7,0
6,2,4
1,0,1
10,10,0
1,1,0
4,18,-14
20,20,0
0,0,0
5,5,0
30,18,12
5,23,-18
0,17,-17
31,0,31
0,0,0
3,0,3
1,0,1
3,1,2
8,8,0
0,2,-2
0,2,-2
9,9,0
8,4,4
2,0,2
3,3,0
4,4,0
1,3,-2
2,1,1
7,7,0
1,0,1
0,0,0
5,0,5
67,7,60
16,9,7
7,0,7
5,0,5
2,0,2
11,4,7
13,7,6
7,4,3
15,0,15
1,1,0
0,29,-29
15,4,11
5,0,5
10,0,10
17,2,15
2,9,-7
0,0,0
0,0,0
0,3,-3
1,1,0
0,0,0
10,4,6
13,13,0
0,0,0
1,7,-6
29,29,0
1,1,0
0,0,0
4,2,2
2,1,1
0,0,0
14,8,6
0,0,0
6,9,-3
4,4,0
9,3,6
1,1,0
1,29,-28
7,8,-1
13,3,10
6,6,0
25,15,10
9,9,0
1,1,0
1,7,-6
2,2,0
3,8,-5
15,15,0
9,0,9
0,0,0
1,5,-4
0,0,0
1,0,1
4,9,-5
3,7,-4
0,0,0
8,1,7
6,6,0
1,1,0
3,3,0
3,1,2
15,15,0
1,26,-25
3,3,0
2,4,-2
11,11,0
36,5,31
2,2,0
4,4,0
9,8,1
12,7,5
2,7,-5
5,5,0
1,1,0
2,0,2
4,1,3
3,0,3
0,0,0
0,11,-11
3,3,0
12,3,9
0,0,0
0,22,-22
0,0,0
0,0,0
1,1,0
0,8,-8
8,8,0
22,10,12
10,1,9
1,0,1
3,3,0
1,1,0
13,0,13
2,8,-6
4,0,4
6,8,-2
13,0,13
1,6,-5
0,0,0
12,3,9
4,0,4
4,0,4
6,6,0
1,17,-16
9,38,-29
39,26,13
4,4,0
0,1,-1
17,5,12
0,21,-21
1,0,1
16,0,16
23,12,11
1,14,-13
0,0,0
3,8,-5
1,3,-2
4,0,4
2,7,-5
1,2,-1
1,4,-3
22,10,12
6,0,6
3,0,3
4,5,-1
19,3,16
0,16,-16
19,22,-3
22,22,0
0,0,0
9,9,0
6,5,1
1,2,-1
18,8,10
9,30,-21
3,1,2
5,12,-7
8,8,0
6,4,2
0,0,0
6,6,0
0,0,0
14,7,7
1,0,1
11,50,-39
3,15,-12
0,0,0
16,1,15
0,0,0
14,1,13
1,27,-26
4,6,-2
29,1,28
2,0,2
7,7,0
10,13,-3
8,1,7
2,7,-5
2,2,0
1,1,0
8,15,-7
16,16,0
9,18,-9
10,2,8
0,6,-6
2,3,-1
0,0,0
12,12,0
2,7,-5
7,7,0
8,8,0
2,0,2
7,6,1
6,0,6
7,7,0
9,2,7
4,4,0
7,7,0
9,28,-19
1,9,-8
11,14,-3
1,2,-1
9,12,-3
0,0,0
5,3,2
13,0,13
0,0,0
14,1,13
0,3,-3
1,13,-12
1,3,-2
14,13,1
11,14,-3
4,7,-3
16,3,13
1,2,-1
1,6,-5
0,0,0
3,2,1
6,19,-13
13,5,8
2,0,2
0,0,0
9,5,4
2,10,-8
11,2,9
8,2,6
2,19,-17
1,15,-14
13,8,5
0,0,0
18,5,13
16,1,15
9,2,7
6,8,-2
4,12,-8
2,18,-16
16,18,-2
5,10,-5
4,7,-3
7,0,7
0,4,-4
81,81,0
2,5,-3
0,6,-6
0,0,0
2,3,-1
6,3,3
2,0,2
27,5,22
3,0,3
6,11,-5
0,4,-4
2,6,-4
14,11,3
14,6,8
1,6,-5
0,3,-3
9,3,6
20,0,20
16,1,15
7,12,-5
0,10,-10
10,1,9
24,2,22
14,0,14
3,13,-10
29,7,22
21,8,13
15,0,15
9,9,0
6,2,4
25,25,0
8,2,6
5,5,0
7,7,0
3,3,0
2,2,0
0,0,0
1,1,0
12,10,2
2,2,0
11,3,8
1,12,-11
15,2,13
19,19,0
5,0,5
1,1,0
4,1,3
9,9,0
8,0,8
20,20,0
5,0,5
20,7,13
2,2,0
6,2,4
8,8,0
0,0,0
3,9,-6
2,0,2
6,0,6
15,15,0
3,1,2
2,2,0
3,3,0
33,0,33
0,0,0
2,0,2
1,7,-6
1,7,-6
17,17,0
1,1,0
2,2,0
26,26,0
8,13,-5
2,2,0
12,2,10
0,2,-2
2,0,2
5,5,0
0,1,-1
9,9,0
12,12,0
1,0,1
0,0,0
5,5,0
4,4,0
9,9,0
2,0,2
5,5,0
4,5,-1
1,0,1
13,21,-8
0,12,-12
10,0,10
1,1,0
1,1,0
2,0,2
8,1,7
0,2,-2
8,3,5
2,2,0
15,0,15
0,7,-7
2,2,0
13,2,11
0,0,0
5,20,-15
20,5,15
7,7,0
2,0,2
15,0,15
3,12,-9
15,2,13
0,0,0
22,2,20
24,24,0
5,25,-20
0,0,0
5,8,-3
0,0,0
0,0,0
0,0,0
2,2,0
4,0,4
9,12,-3
1,0,1
3,3,0
0,0,0
4,4,0
0,0,0
8,8,0
2,2,0
1,6,-5
3,1,2
0,0,0
2,0,2
12,12,0
10,3,7
1,0,1
0,0,0
0,0,0
20,5,15
9,0,9
3,0,3
4,15,-11
0,0,0
23,4,19
0,5,-5
0,0,0
0,0,0
0,0,0
6,8,-2
5,6,-1
2,11,-9
12,12,0
0,16,-16
18,6,12
7,3,4
0,3,-3
0,20,-20
5,9,-4
0,7,-7
7,1,6
10,2,8
3,4,-1
11,1,10
7,7,0
1,0,1
6,0,6
7,7,0
2,11,-9
10,10,0
3,0,3
13,13,0
0,0,0
10,7,3
38,28,10
0,1,-1
0,0,0
0,0,0
0,0,0
4,4,0
0,0,0
0,2,-2
3,3,0
7,7,0
3,11,-8
3,2,1
6,6,0
10,1,9
0,0,0
5,5,0
3,0,3
14,14,0
0,24,-24
0,24,-24
4,0,4
4,12,-8
5,2,3
4,4,0
10,10,0
2,5,-3
1,0,1
3,3,0
0,0,0
4,15,-11
2,21,-19
2,39,-37
0,0,0
15,0,15
0,3,-3
5,2,3
2,2,0
0,0,0
0,2,-2
15,5,10
5,10,-5
2,61,-59
1,11,-10
11,9,2
1,1,0
2,0,2
0,0,0
1,40,-39
0,2,-2
1,26,-25
9,9,0
9,28,-19
1,0,1
0,0,0
12,12,0
22,3,19
1,1,0
3,4,-1
15,7,8
3,2,1
15,2,13
4,18,-14
0,0,0
2,0,2
1,1,0
2,0,2
25,25,0
0,0,0
6,4,2
17,20,-3
28,28,0
11,11,0
2,8,-6
0,2,-2
2,2,0
1,3,-2
5,6,-1
0,0,0
1,0,1
6,0,6
3,49,-46
0,0,0
1,0,1
1,1,0
7,7,0
2,2,0
0,0,0
1,0,1
3,9,-6
7,7,0
2,2,0
4,6,-2
5,1,4
7,1,6
28,28,0
0,8,-8
29,37,-8
7,12,-5
9,8,1
0,10,-10
20,0,20
5,0,5
1,0,1
8,0,8
4,4,0
0,1,-1
2,0,2
39,39,0
1,1,0
10,10,0
3,0,3
11,9,2
0,0,0
6,1,5
1,0,1
3,3,0
0,0,0
5,6,-1
7,0,7
1,0,1
6,3,3
3,2,1
7,1,6
1,1,0
3,3,0
0,0,0
0,0,0
7,0,7
0,0,0
16,3,13
5,5,0
1,0,1
44,2,42
12,18,-6
2,5,-3
1,1,0
0,0,0
0,3,-3
0,0,0
2,0,2
0,0,0
1,1,0
30,1,29
2,5,-3
0,16,-16
3,1,2
17,17,0
34,9,25
1,0,1
34,0,34
0,2,-2
46,46,0
6,8,-2
14,10,4
13,13,0
0,7,-7
0,0,0
6,6,0
9,5,4
0,0,0
2,2,0
3,7,-4
7,2,5
0,0,0
6,6,0
3,0,3
7,6,1
3,0,3
0,28,-28
7,7,0
9,9,0
1,9,-8
11,3,8
6,6,0
1,0,1
6,6,0
8,18,-10
3,3,0
10,8,2
1,12,-11
2,2,0
2,3,-1
3,0,3
5,3,2
1,3,-2
16,1,15
10,10,0
35,26,9
5,0,5
1,1,0
3,3,0
6,1,5
0,0,0
1,1,0
19,19,0
1,2,-1
0,0,0
18,5,13
9,24,-15
14,21,-7
2,1,1
4,4,0
0,0,0
13,13,0
6,5,1
3,0,3
0,0,0
10,5,5
0,22,-22
0,0,0
15,15,0
4,7,-3
21,36,-15
19,4,15
9,8,1
2,4,-2
6,0,6
2,26,-24
4,14,-10
1,0,1
86,0,86
2,55,-53
6,5,1
0,0,0
2,0,2
128,0,128
6,1,5
2,0,2
1,20,-19
1,11,-10
6,6,0
6,0,6
0,0,0
4,0,4
8,10,-2
4,4,0
13,13,0
0,0,0
12,12,0
0,0,0
20,7,13
8,28,-20
5,2,3
1,1,0
3,3,0
4,4,0
0,0,0
16,12,4
9,0,9
0,3,-3
0,0,0
6,6,0
9,9,0
19,0,19
8,8,0
1,7,-6
1,0,1
5,15,-10
24,6,18
13,0,13
18,1,17
15,15,0
0,0,0
29,0,29
22,22,0
11,1,10
0,0,0
0,0,0
0,4,-4
5,0,5
8,3,5
9,2,7
0,0,0
12,10,2
19,25,-6
16,30,-14
5,11,-6
1,7,-6
1,0,1
3,0,3
2,0,2
16,16,0
1,1,0
0,0,0
19,3,16
12,0,12
2,0,2
10,10,0
0,6,-6
19,19,0
0,0,0
1,5,-4
2,10,-8
3,0,3
38,38,0
3,3,0
0,24,-24
1,1,0
3,0,3
70,23,47
12,10,2
1,1,0
13,13,0
7,7,0
0,0,0
2,11,-9
1,1,0
3,3,0
17,21,-4
0,35,-35
3,14,-11
6,0,6
4,5,-1
5,19,-14
0,0,0
7,1,6
4,4,0
9,2,7
11,5,6
0,10,-10
1,17,-16
1,1,0
0,0,0
37,37,0
0,0,0
1,1,0
26,13,13
0,0,0
2,2,0
0,0,0
0,0,0
5,5,0
7,7,0
30,0,30
1,0,1
4,0,4
9,4,5
1,1,0
5,9,-4
6,4,2
0,0,0
3,10,-7
4,0,4
41,0,41
9,9,0
0,0,0
9,36,-27
2,5,-3
0,0,0
7,5,2
4,11,-7
1,0,1
1,6,-5
8,2,6
17,2,15
9,8,1
2,32,-30
3,3,0
0,0,0
0,5,-5
1,0,1
1,18,-17
3,3,0
7,2,5
0,0,0
4,0,4
8,8,0
1,0,1
4,8,-4
10,0,10
16,16,0
5,8,-3
37,37,0
7,0,7
5,5,0
7,2,5
0,0,0
11,5,6
5,0,5
3,0,3
15,15,0
0,1,-1
41,1,40
51,7,44
0,0,0
48,2,46
10,27,-17
1,6,-5
6,6,0
11,0,11
4,4,0
19,11,8
6,13,-7
1,3,-2
0,0,0
7,20,-13
6,5,1
2,0,2
5,1,4
2,4,-2
14,2,12
0,0,0
4,4,0
0,0,0
6,6,0
0,3,-3
1,7,-6
0,0,0
1,5,-4
19,1,18
4,0,4
1,1,0
5,5,0
0,11,-11
5,14,-9
0,6,-6
1,8,-7
10,8,2
0,0,0
1,0,1
15,2,13
6,6,0
0,7,-7
24,0,24
6,38,-32
0,4,-4
17,3,14
1,0,1
8,9,-1
2,0,2
1,0,1
18,20,-2
3,0,3
0,1,-1
10,3,7
16,16,0
2,2,0
4,3,1
4,4,0
4,4,0
16,3,13
9,4,5
4,0,4
2,0,2
1,4,-3
0,1,-1
24,5,19
1,1,0
5,0,5
2,20,-18
0,0,0
0,0,0
0,0,0
18,0,18
7,0,7
9,7,2
3,1,2
17,9,8
0,0,0
5,0,5
2,1,1
3,0,3
9,10,-1
8,8,0
10,11,-1
7,10,-3
0,2,-2
1,2,-1
1,10,-9
1,1,0
2,2,0
0,0,0
2,0,2
12,0,12
2,0,2
4,28,-24
16,41,-25
7,2,5
7,2,5
0,0,0
3,6,-3
5,5,0
0,2,-2
6,6,0
35,16,19
5,7,-2
7,7,0
5,1,4
2,4,-2
1,0,1
2,8,-6
7,4,3
9,9,0
9,8,1
3,0,3
11,11,0
1,4,-3
1,0,1
14,14,0
0,1,-1
3,1,2
16,16,0
9,9,0
0,0,0
2,17,-15
0,11,-11
14,1,13
3,21,-18
6,6,0
24,31,-7
8,5,3
6,0,6
4,2,2
9,23,-14
3,1,2
0,0,0
0,0,0
32,0,32
9,0,9
5,3,2
1,0,1
0,7,-7
3,10,-7
3,2,1
1,0,1
1,6,-5
0,2,-2
27,13,14
28,28,0
1,0,1
6,6,0
8,8,0
3,7,-4
1,0,1
6,2,4
0,0,0
5,3,2
23,23,0
0,13,-13
13,11,2
6,31,-25
3,14,-11
11,36,-25
8,0,8
12,8,4
0,0,0
3,0,3
19,0,19
5,0,5
0,0,0
1,0,1
0,0,0
2,0,2
0,7,-7
21,6,15
2,2,0
11,32,-21
0,0,0
3,0,3
3,0,3
5,32,-27
7,2,5
2,17,-15
0,0,0
1,1,0
2,2,0
7,7,0
4,6,-2
1,3,-2
3,1,2
6,6,0
0,1,-1
0,0,0
2,1,1
17,8,9
5,4,1
12,27,-15
1,5,-4
9,34,-25
3,6,-3
3,18,-15
22,4,18
6,5,1
0,1,-1
2,7,-5
1,0,1
4,2,2
6,1,5
0,0,0
1,2,-1
8,8,0
2,1,1
0,0,0
10,10,0
0,0,0
11,16,-5
0,0,0
22,52,-30
2,2,0
11,0,11
17,17,0
0,0,0
0,8,-8
0,1,-1
19,8,11
1,12,-11
5,4,1
0,1,-1
0,3,-3
7,0,7
4,18,-14
3,2,1
12,0,12
3,26,-23
0,4,-4
11,37,-26
7,12,-5
0,6,-6
6,7,-1
0,0,0
4,0,4
5,4,1
1,0,1
11,0,11
6,6,0
12,10,2
0,16,-16
5,5,0
1,1,0
9,9,0
19,36,-17
4,11,-7
8,8,0
2,3,-1
0,0,0
0,0,0
14,0,14
2,2,0
1,1,0
2,2,0
2,2,0
36,1,35
4,7,-3
5,0,5
0,0,0
3,3,0
4,14,-10
5,2,3
2,27,-25
0,4,-4
12,8,4
5,11,-6
2,0,2
0,0,0
14,14,0
0,1,-1
7,2,5
2,6,-4
12,0,12
2,1,1
0,0,0
7,0,7
3,0,3
0,6,-6
5,6,-1
2,0,2
2,0,2
13,0,13
1,9,-8
27,27,0
97,97,0
2,19,-17
7,0,7
7,17,-10
12,22,-10
13,13,0
22,22,0
0,2,-2
4,0,4
0,0,0
11,11,0
1,1,0
19,19,0
4,3,1
0,13,-13
2,2,0
3,25,-22
0,0,0
10,4,6
8,4,4
2,0,2
0,1,-1
0,3,-3
5,19,-14
11,11,0
3,0,3
0,1,-1
4,39,-35
3,3,0
6,12,-6
1,4,-3
14,10,4
3,1,2
0,0,0
5,5,0
0,12,-12
9,17,-8
0,0,0
0,15,-15
1,18,-17
37,31,6
0,44,-44
1,8,-7
2,0,2
1,34,-33
3,3,0
2,2,0
3,6,-3
2,0,2
0,0,0
6,2,4
0,10,-10
9,9,0
7,19,-12
17,1,16
12,7,5
0,0,0
1,0,1
6,2,4
4,3,1
0,0,0
4,7,-3
2,0,2
1,8,-7
0,4,-4
1,1,0
0,0,0
7,0,7
5,4,1
0,0,0
4,0,4
26,3,23
1,2,-1
6,20,-14
0,0,0
10,10,0
2,0,2
2,8,-6
13,0,13
0,0,0
6,3,3
10,10,0
0,0,0
15,19,-4
30,10,20
3,12,-9
11,11,0
15,21,-6
13,13,0
15,0,15
0,0,0
9,1,8
2,0,2
14,4,10
1,1,0
3,2,1
1,1,0
0,6,-6
6,7,-1
0,0,0
4,8,-4
0,0,0
3,6,-3
0,0,0
13,1,12
0,0,0
2,7,-5
30,28,2
1,9,-8
46,46,0
28,28,0
0,36,-36
8,21,-13
0,2,-2
12,12,0
0,0,0
3,3,0
5,1,4
2,2,0
7,13,-6
3,1,2
2,0,2
13,2,11
6,33,-27
5,13,-8
2,2,0
4,2,2
12,2,10
0,0,0
3,4,-1
30,9,21
10,17,-7
21,9,12
0,0,0
2,7,-5
8,12,-4
6,6,0
0,0,0
38,8,30
9,27,-18
2,0,2
3,2,1
2,0,2
25,8,17
1,2,-1
0,0,0
2,2,0
7,7,0
1,3,-2
2,4,-2
0,1,-1
7,0,7
13,3,10
8,0,8
18,18,0
10,10,0
9,5,4
2,2,0
15,15,0
6,4,2
2,8,-6
0,4,-4
22,0,22
18,12,6
0,1,-1
1,17,-16
22,5,17
2,2,0
1,1,0
7,0,7
1,0,1
0,33,-33
13,13,0
5,0,5
21,21,0
2,11,-9
7,0,7
0,0,0
1,0,1
26,5,21
7,29,-22
0,3,-3
0,0,0
0,33,-33
1,1,0
13,13,0
1,7,-6
6,6,0
13,4,9
6,7,-1
9,38,-29
0,2,-2
6,6,0
10,6,4
0,0,0
4,3,1
2,29,-27
45,45,0
3,62,-59
1,21,-20
9,16,-7
14,28,-14
18,7,11
1,2,-1
2,0,2
3,0,3
4,0,4
24,9,15
0,0,0
9,9,0
17,17,0
6,6,0
0,5,-5
7,7,0
7,7,0
8,35,-27
7,0,7
1,0,1
2,14,-12
13,13,0
1,0,1
0,0,0
15,15,0
3,0,3
34,11,23
3,0,3
0,0,0
5,5,0
12,7,5
11,15,-4
12,25,-13
14,21,-7
3,3,0
20,9,11
0,12,-12
3,7,-4
6,1,5
5,8,-3
0,0,0
2,0,2
7,7,0
0,0,0
5,6,-1
0,18,-18
2,1,1
0,12,-12
14,1,13
0,0,0
2,0,2
1,1,0
5,3,2
0,0,0
5,5,0
12,16,-4
1,1,0
13,0,13
4,7,-3
6,5,1
7,7,0
62,3,59
4,25,-21
20,0,20
2,2,0
12,12,0
4,2,2
20,17,3
1,0,1
52,52,0
9,2,7
0,0,0
2,0,2
0,0,0
1,0,1
3,8,-5
0,11,-11
4,0,4
2,2,0
8,11,-3
11,15,-4
2,0,2
0,0,0
3,4,-1
7,12,-5
18,9,9
11,11,0
4,28,-24
6,5,1
5,17,-12
0,2,-2
1,6,-5
8,4,4
5,2,3
0,0,0
4,0,4
5,5,0
0,2,-2
2,0,2
2,12,-10
9,9,0
8,3,5
0,0,0
6,3,3
3,3,0
12,16,-4
0,25,-25
6,6,0
14,8,6
0,0,0
20,3,17
10,7,3
6,11,-5
3,1,2
24,11,13
2,2,0
13,1,12
5,5,0
1,39,-38
7,7,0
4,4,0
4,4,0
2,2,0
0,2,-2
3,4,-1
9,0,9
0,0,0
19,19,0
1,25,-24
1,0,1
4,0,4
0,0,0
0,0,0
2,2,0
8,0,8
6,10,-4
0,0,0
2,1,1
27,27,0
0,5,-5
4,4,0
0,0,0
0,1,-1
3,1,2
1,2,-1
20,19,1
2,4,-2
7,23,-16
2,0,2
6,6,0
2,1,1
0,12,-12
0,0,0
11,1,10
2,0,2
11,3,8
4,20,-16
10,10,0
1,1,0
1,1,0
2,3,-1
0,1,-1
14,14,0
2,1,1
1,13,-12
13,4,9
10,10,0
8,1,7
3,3,0
0,0,0
1,0,1
6,6,0
2,11,-9
0,0,0
10,18,-8
5,0,5
25,8,17
6,4,2
66,0,66
0,0,0
0,0,0
8,0,8
2,17,-15
3,3,0
21,6,15
35,1,34
7,25,-18
0,0,0
1,4,-3
3,0,3
10,4,6
2,2,0
0,0,0
0,0,0
19,2,17
3,7,-4
1,1,0
10,3,7
5,18,-13
6,19,-13
1,1,0
14,0,14
10,0,10
10,21,-11
29,29,0
0,14,-14
4,0,4
2,0,2
0,0,0
8,1,7
1,29,-28
19,0,19
0,0,0
2,1,1
0,12,-12
0,0,0
8,8,0
11,10,1
0,1,-1
0,2,-2
3,2,1
0,0,0
20,0,20
2,3,-1
3,3,0
0,0,0
25,25,0
0,0,0
6,6,0
1,1,0
0,3,-3
9,10,-1
0,0,0
0,0,0
0,0,0
0,0,0
1,2,-1
13,10,3
1,0,1
2,5,-3
3,1,2
13,12,1
0,0,0
4,39,-35
18,25,-7
0,2,-2
1,9,-8
22,10,12
3,1,2
3,2,1
1,1,0
1,1,0
3,0,3
0,0,0
16,9,7
2,35,-33
44,27,17
36,12,24
12,3,9
40,40,0
3,0,3
13,8,5
5,5,0
7,6,1
2,2,0
59,43,16
0,0,0
11,11,0
17,3,14
12,1,11
3,3,0
1,0,1
1,11,-10
0,0,0
1,2,-1
11,3,8
10,10,0
3,2,1
8,8,0
2,1,1
20,14,6
10,2,8
5,5,0
8,1,7
4,0,4
3,3,0
6,11,-5
1,1,0
6,6,0
1,23,-22
11,11,0
15,15,0
0,14,-14
1,0,1
55,1,54
5,11,-6
3,9,-6
1,1,0
18,18,0
10,10,0
37,37,0
13,3,10
1,0,1
9,13,-4
2,16,-14
5,7,-2
10,7,3
3,2,1
5,11,-6
0,0,0
4,4,0
3,1,2
1,1,0
4,4,0
2,32,-30
9,9,0
3,7,-4
0,7,-7
3,3,0
0,5,-5
5,16,-11
0,1,-1
1,18,-17
0,0,0
3,4,-1
1,0,1
0,0,0
2,3,-1
1,1,0
2,6,-4
7,1,6
6,7,-1
6,6,0
10,2,8
3,0,3
19,12,7
22,1,21
0,0,0
2,3,-1
13,4,9
0,1,-1
9,20,-11
1,4,-3
1,1,0
2,9,-7
13,4,9
2,3,-1
3,1,2
1,5,-4
1,0,1
2,11,-9
2,9,-7
3,2,1
17,0,17
66,36,30
1,0,1
24,12,12
1,0,1
3,22,-19
0,0,0
7,7,0
1,1,0
5,5,0
7,21,-14
13,0,13
2,6,-4
0,36,-36
1,2,-1
6,4,2
1,1,0
0,0,0
0,0,0
6,4,2
21,4,17
0,0,0
0,2,-2
3,0,3
13,13,0
8,8,0
0,0,0
0,0,0
36,0,36
1,0,1
0,0,0
8,8,0
0,0,0
9,9,0
0,9,-9
3,1,2
1,0,1
6,6,0
0,9,-9
0,0,0
7,10,-3
6,15,-9
10,2,8
5,9,-4
11,2,9
1,0,1
0,2,-2
4,10,-6
1,1,0
4,3,1
5,5,0
9,12,-3
5,0,5
23,23,0
8,34,-26
1,0,1
2,2,0
0,2,-2
1,0,1
20,4,16
0,0,0
5,3,2
19,7,12
12,8,4
9,7,2
9,13,-4
3,20,-17
1,0,1
8,0,8
0,0,0
1,6,-5
8,1,7
1,0,1
6,6,0
10,5,5
1,0,1
4,0,4
6,21,-15
1,0,1
3,3,0
23,19,4
12,8,4
4,0,4
4,0,4
7,2,5
26,4,22
1,0,1
0,24,-24
11,11,0
8,14,-6
0,0,0
19,17,2
0,17,-17
24,24,0
0,0,0
9,33,-24
1,2,-1
6,6,0
1,13,-12
6,6,0
3,6,-3
11,5,6
1,5,-4
2,0,2
12,0,12
1,0,1
2,10,-8
1,1,0
9,9,0
5,0,5
0,0,0
5,5,0
1,0,1
8,8,0
2,1,1
0,23,-23
7,0,7
0,8,-8
21,1,20
3,11,-8
0,0,0
57,57,0
0,0,0
16,16,0
1,16,-15
0,0,0
4,7,-3
0,0,0
2,2,0
0,1,-1
22,17,5
3,0,3
3,0,3
25,25,0
2,0,2
1,1,0
1,0,1
8,4,4
0,0,0
9,9,0
2,2,0
5,49,-44
6,6,0
1,1,0
1,1,0
2,2,0
3,8,-5
0,19,-19
4,4,0
9,9,0
9,9,0
8,1,7
0,0,0
11,2,9
1,2,-1
5,5,0
15,1,14
0,0,0
21,20,1
6,6,0
11,28,-17
34,34,0
5,0,5
0,0,0
8,1,7
6,35,-29
1,13,-12
30,23,7
1,16,-15
2,23,-21
13,7,6
9,9,0
18,2,16
1,0,1
0,2,-2
0,0,0
0,0,0
7,0,7
0,0,0
5,5,0
0,0,0
3,0,3
1,1,0
2,0,2
2,7,-5
4,4,0
6,5,1
0,0,0
0,3,-3
25,1,24
0,4,-4
1,1,0
5,39,-34
7,20,-13
0,0,0
0,1,-1
11,11,0
0,0,0
4,0,4
6,2,4
4,0,4
1,0,1
5,0,5
2,0,2
5,11,-6
0,0,0
5,5,0
6,0,6
0,0,0
0,0,0
14,0,14
5,0,5
18,25,-7
3,3,0
14,8,6
16,13,3
6,6,0
8,13,-5
7,0,7
2,1,1
32,8,24
0,0,0
4,7,-3
1,0,1
0,0,0
12,11,1
7,18,-11
23,3,20
5,8,-3
28,28,0
4,7,-3
2,5,-3
0,0,0
2,0,2
6,0,6
6,6,0
0,0,0
5,10,-5
2,42,-40
2,10,-8
24,3,21
2,2,0
10,3,7
57,57,0
1,0,1
0,6,-6
19,19,0
1,1,0
5,5,0
1,5,-4
1,37,-36
2,7,-5
0,0,0
0,0,0
13,43,-30
1,0,1
0,0,0
2,2,0
13,1,12
13,2,11
9,9,0
0,1,-1
10,2,8
17,13,4
50,8,42
2,2,0
6,0,6
7,7,0
8,0,8
3,3,0
0,0,0
45,45,0
32,32,0
9,5,4
5,5,0
1,0,1
4,4,0
0,0,0
8,2,6
6,3,3
10,3,7
0,0,0
0,2,-2
0,0,0
1,0,1
8,4,4
4,25,-21
0,0,0
7,7,0
34,1,33
5,5,0
15,4,11
4,4,0
8,6,2
3,12,-9
19,28,-9
1,3,-2
11,8,3
13,21,-8
0,0,0
0,0,0
5,2,3
0,0,0
10,11,-1
1,0,1
0,0,0
13,0,13
0,0,0
1,1,0
5,5,0
5,0,5
10,4,6
9,1,8
6,0,6
12,8,4
0,0,0
7,7,0
44,44,0
3,0,3
10,10,0
6,8,-2
7,7,0
1,35,-34
0,5,-5
0,2,-2
0,0,0
1,34,-33
14,5,9
0,0,0
6,6,0
5,8,-3
42,35,7
42,4,38
0,5,-5
0,0,0
7,7,0
6,23,-17
3,3,0
0,3,-3
3,7,-4
5,25,-20
12,12,0
7,7,0
15,20,-5
5,17,-12
0,0,0
7,7,0
1,1,0
1,1,0
62,20,42
7,7,0
3,3,0
1,2,-1
0,0,0
7,3,4
5,5,0
3,4,-1
3,3,0
11,11,0
5,8,-3
24,12,12
1,0,1
8,7,1
6,6,0
1,0,1
5,4,1
0,1,-1
5,11,-6
29,5,24
0,0,0
1,1,0
0,0,0
0,4,-4
6,6,0
45,17,28
2,5,-3
15,20,-5
4,4,0
11,1,10
20,12,8
2,1,1
3,1,2
1,2,-1
0,0,0
10,8,2
0,0,0
2,2,0
6,6,0
7,8,-1
11,20,-9
1,0,1
10,1,9
35,1,34
19,2,17
2,19,-17
64,23,41
8,2,6
2,0,2
25,13,12
0,0,0
0,0,0
5,1,4
1,35,-34
0,0,0
16,3,13
20,1,19
1,10,-9
8,12,-4
19,7,12
2,0,2
17,17,0
1,7,-6
1,1,0
5,41,-36
1,1,0
13,3,10
10,5,5
28,28,0
0,0,0
2,2,0
1,2,-1
0,0,0
4,4,0
15,1,14
0,4,-4
0,0,0
3,3,0
3,0,3
0,1,-1
9,4,5
0,0,0
0,0,0
1,2,-1
3,24,-21
0,0,0
4,3,1
0,4,-4
1,1,0
2,21,-19
0,0,0
0,0,0
0,0,0
10,10,0
0,12,-12
2,2,0
0,0,0
12,21,-9
0,0,0
33,1,32
10,6,4
1,0,1
11,10,1
3,3,0
3,12,-9
6,0,6
0,5,-5
4,4,0
1,0,1
23,19,4
7,15,-8
2,16,-14
10,10,0
5,5,0
8,8,0
0,0,0
2,5,-3
0,1,-1
23,15,8
6,4,2
4,20,-16
51,0,51
1,0,1
3,2,1
8,15,-7
13,9,4
3,3,0
0,0,0
0,6,-6
1,0,1
0,0,0
3,3,0
1,1,0
0,9,-9
7,1,6
6,4,2
1,16,-15
9,18,-9
0,0,0
4,1,3
21,2,19
2,0,2
26,20,6
3,12,-9
1,13,-12
0,0,0
3,4,-1
7,0,7
8,7,1
0,0,0
2,2,0
1,1,0
5,5,0
8,3,5
0,1,-1
8,29,-21
2,0,2
7,7,0
11,11,0
7,7,0
3,3,0
22,34,-12
5,5,0
4,4,0
16,16,0
0,0,0
0,0,0
3,8,-5
1,6,-5
0,2,-2
1,12,-11
9,9,0
7,7,0
6,43,-37
6,12,-6
6,6,0
0,1,-1
2,12,-10
15,15,0
12,12,0
3,3,0
4,1,3
6,11,-5
2,27,-25
0,0,0
30,43,-13
1,6,-5
15,15,0
0,9,-9
25,25,0
0,0,0
4,0,4
5,3,2
2,0,2
9,0,9
1,0,1
3,18,-15
5,5,0
18,8,10
28,12,16
0,0,0
5,6,-1
0,18,-18
2,2,0
2,3,-1
25,25,0
0,0,0
2,2,0
12,9,3
11,14,-3
2,0,2
5,5,0
0,2,-2
1,0,1
0,0,0
8,8,0
0,2,-2
0,1,-1
3,3,0
36,10,26
1,1,0
4,0,4
35,27,8
6,6,0
0,0,0
0,0,0
4,0,4
5,23,-18
1,1,0
27,26,1
22,7,15
4,7,-3
26,10,16
4,1,3
5,0,5
22,0,22
5,9,-4
8,8,0
1,1,0
10,11,-1
0,0,0
4,0,4
0,2,-2
0,0,0
8,0,8
0,0,0
2,0,2
4,2,2
3,3,0
9,9,0
11,3,8
0,0,0
9,42,-33
3,0,3
14,14,0
4,9,-5
19,2,17
2,2,0
0,0,0
0,5,-5
4,15,-11
5,15,-10
4,0,4
4,20,-16
12,0,12
0,19,-19
3,3,0
6,0,6
17,17,0
3,0,3
15,15,0
2,2,0
23,4,19
2,2,0
0,2,-2
12,12,0
30,30,0
19,19,0
0,14,-14
1,1,0
28,2,26
4,1,3
6,1,5
2,7,-5
28,28,0
0,0,0
18,20,-2
1,8,-7
11,8,3
2,0,2
0,0,0
1,5,-4
0,0,0
49,49,0
0,3,-3
9,9,0
4,3,1
3,9,-6
5,17,-12
1,0,1
5,13,-8
6,10,-4
5,5,0
5,12,-7
7,13,-6
0,0,0
4,4,0
1,2,-1
0,6,-6
1,5,-4
19,11,8
6,4,2
2,17,-15
4,4,0
7,3,4
46,20,26
3,0,3
1,5,-4
9,7,2
6,3,3
17,3,14
40,35,5
36,17,19
10,19,-9
7,4,3
3,6,-3
0,2,-2
1,1,0
38,13,25
7,7,0
5,5,0
7,0,7
20,25,-5
0,15,-15
30,30,0
4,0,4
5,5,0
0,2,-2
2,0,2
16,1,15
1,8,-7
3,8,-5
4,2,2
2,0,2
15,7,8
0,0,0
12,5,7
25,0,25
0,0,0
0,0,0
3,4,-1
7,9,-2
17,17,0
4,4,0
35,35,0
7,0,7
16,7,9
0,0,0
0,0,0
15,18,-3
2,5,-3
0,2,-2
17,17,0
4,2,2
5,5,0
7,7,0
0,0,0
20,3,17
31,23,8
13,7,6
0,0,0
0,1,-1
1,0,1
3,0,3
3,2,1
17,6,11
8,15,-7
3,3,0
1,1,0
14,5,9
4,4,0
2,3,-1
1,0,1
0,0,0
10,18,-8
25,6,19
13,13,0
0,0,0
6,12,-6
5,5,0
0,6,-6
0,0,0
0,5,-5
0,0,0
4,4,0
11,30,-19
10,0,10
0,0,0
5,54,-49
12,0,12
6,0,6
11,13,-2
1,1,0
29,0,29
13,15,-2
1,5,-4
2,2,0
0,4,-4
6,47,-41
33,33,0
0,6,-6
6,24,-18
2,0,2
13,13,0
2,2,0
0,2,-2
7,7,0
22,22,0
2,21,-19
17,17,0
2,2,0
0,12,-12
1,1,0
2,0,2
8,8,0
2,2,0
12,12,0
17,15,2
1,5,-4
6,0,6
3,3,0
17,0,17
4,4,0
3,0,3
12,13,-1
2,42,-40
12,4,8
7,23,-16
5,5,0
13,3,10
22,22,0
0,0,0
5,10,-5
11,0,11
0,0,0
3,13,-10
3,9,-6
12,6,6
46,0,46
12,11,1
4,4,0
0,0,0
4,5,-1
35,35,0
3,3,0
11,11,0
0,19,-19
6,12,-6
9,5,4
9,9,0
5,0,5
11,11,0
6,2,4
13,13,0
5,4,1
0,0,0
22,2,20
1,4,-3
2,10,-8
1,1,0
0,0,0
5,1,4
3,2,1
2,0,2
13,13,0
4,17,-13
17,2,15
0,0,0
19,2,17
10,10,0
22,22,0
9,2,7
1,2,-1
28,0,28
0,14,-14
8,0,8
1,1,0
2,0,2
1,1,0
3,2,1
1,0,1
3,19,-16
3,6,-3
7,7,0
11,4,7
16,10,6
1,8,-7
12,12,0
1,0,1
10,10,0
3,3,0
0,3,-3
5,1,4
0,0,0
3,0,3
0,0,0
1,1,0
12,11,1
6,6,0
0,12,-12
6,0,6
2,2,0
2,2,0
7,6,1
1,1,0
9,1,8
2,2,0
13,0,13
8,0,8
0,0,0
5,2,3
7,19,-12
1,27,-26
1,0,1
10,4,6
9,10,-1
5,5,0
4,4,0
0,0,0
13,7,6
10,0,10
17,11,6
6,6,0
15,15,0
11,2,9
2,9,-7
1,4,-3
0,11,-11
2,2,0
2,0,2
12,12,0
9,7,2
2,2,0
1,4,-3
0,0,0
7,8,-1
0,0,0
1,21,-20
0,5,-5
0,19,-19
9,13,-4
10,1,9
4,2,2
3,2,1
1,0,1
7,16,-9
0,2,-2
4,4,0
8,8,0
1,3,-2
7,1,6
0,7,-7
4,4,0
2,3,-1
0,0,0
3,1,2
0,0,0
2,18,-16
0,0,0
0,7,-7
1,9,-8
28,28,0
1,11,-10
1,0,1
11,20,-9
8,8,0
7,7,0
0,2,-2
27,27,0
2,2,0
9,9,0
7,5,2
0,9,-9
8,1,7
15,4,11
20,4,16
3,5,-2
7,13,-6
1,0,1
0,2,-2
29,2,27
9,28,-19
1,1,0
2,3,-1
24,24,0
2,1,1
11,0,11
2,0,2
2,0,2
0,3,-3
2,7,-5
7,0,7
5,8,-3
5,4,1
2,11,-9
10,10,0
2,8,-6
4,29,-25
2,36,-34
0,0,0
6,6,0
5,2,3
0,0,0
18,24,-6
4,5,-1
44,8,36
1,12,-11
28,3,25
5,0,5
3,0,3
1,1,0
18,1,17
2,2,0
1,1,0
6,6,0
3,3,0
15,2,13
6,6,0
18,8,10
1,1,0
5,6,-1
68,19,49
4,7,-3
1,2,-1
6,12,-6
0,0,0
0,0,0
1,3,-2
5,0,5
31,31,0
20,52,-32
6,0,6
0,0,0
1,0,1
10,0,10
0,0,0
13,1,12
3,3,0
0,0,0
0,0,0
0,0,0
15,5,10
2,2,0
20,1,19
0,0,0
1,10,-9
2,3,-1
12,8,4
1,1,0
0,5,-5
1,4,-3
6,0,6
16,16,0
29,5,24
1,2,-1
3,2,1
2,5,-3
5,5,0
10,0,10
8,0,8
1,0,1
15,6,9
1,1,0
5,6,-1
3,26,-23
1,0,1
1,0,1
0,0,0
3,1,2
0,11,-11
5,5,0
5,5,0
1,0,1
15,15,0
4,4,0
2,8,-6
0,0,0
0,3,-3
1,1,0
1,1,0
14,5,9
0,0,0
3,3,0
4,3,1
10,10,0
1,10,-9
0,0,0
10,1,9
7,7,0
0,0,0
1,1,0
3,18,-15
0,16,-16
29,5,24
3,3,0
9,9,0
2,2,0
3,7,-4
34,34,0
0,5,-5
2,0,2
6,14,-8
4,4,0
5,7,-2
0,0,0
11,15,-4
3,0,3
3,2,1
7,6,1
10,0,10
2,0,2
17,13,4
3,4,-1
1,2,-1
0,0,0
0,13,-13
1,0,1
1,4,-3
5,5,0
0,12,-12
5,12,-7
5,0,5
2,2,0
3,21,-18
1,12,-11
11,9,2
3,1,2
9,0,9
0,0,0
2,8,-6
0,2,-2
1,3,-2
39,6,33
3,29,-26
9,20,-11
21,26,-5
5,3,2
0,4,-4
1,0,1
0,8,-8
9,1,8
4,0,4
12,0,12
20,0,20
0,0,0
2,7,-5
0,0,0
0,13,-13
3,5,-2
0,0,0
0,0,0
5,5,0
0,0,0
3,1,2
24,24,0
14,6,8
1,0,1
5,23,-18
0,12,-12
4,1,3
5,6,-1
4,2,2
0,11,-11
7,1,6
9,9,0
8,0,8
17,5,12
2,2,0
15,15,0
17,10,7
2,2,0
0,4,-4
0,0,0
0,0,0
3,2,1
1,0,1
0,4,-4
1,3,-2
12,3,9
3,8,-5
4,0,4
11,39,-28
8,0,8
3,0,3
0,0,0
2,0,2
12,7,5
0,0,0
0,0,0
0,0,0
1,5,-4
4,5,-1
3,3,0
28,19,9
0,12,-12
6,8,-2
12,0,12
3,8,-5
0,0,0
18,24,-6
1,4,-3
2,0,2
6,36,-30
5,0,5
2,0,2
1,1,0
0,8,-8
0,0,0
0,0,0
1,1,0
5,2,3
1,11,-10
0,0,0
16,1,15
9,1,8
0,0,0
20,15,5
4,4,0
17,0,17
3,14,-11
5,5,0
1,0,1
3,2,1
4,4,0
9,0,9
13,8,5
1,10,-9
14,34,-20
2,2,0
17,17,0
1,15,-14
5,5,0
0,7,-7
14,14,0
2,5,-3
0,1,-1
0,0,0
2,15,-13
2,2,0
1,3,-2
0,0,0
5,7,-2
20,17,3
0,0,0
6,1,5
4,4,0
53,4,49
6,4,2
1,6,-5
0,4,-4
12,0,12
8,13,-5
23,23,0
1,12,-11
2,20,-18
6,6,0
24,8,16
1,1,0
6,6,0
0,0,0
0,12,-12
1,1,0
9,2,7
10,6,4
3,0,3
0,0,0
29,29,0
15,22,-7
0,9,-9
4,1,3
5,1,4
2,20,-18
0,3,-3
2,2,0
0,0,0
3,0,3
0,1,-1
1,0,1
5,6,-1
1,16,-15
0,0,0
2,2,0
14,0,14
25,25,0
0,2,-2
4,4,0
26,10,16
0,18,-18
0,0,0
0,0,0
0,0,0
4,36,-32
3,3,0
7,13,-6
0,0,0
3,3,0
0,0,0
9,6,3
6,6,0
0,16,-16
8,0,8
6,6,0
7,5,2
1,0,1
53,53,0
0,5,-5
8,0,8
0,0,0
0,0,0
1,0,1
2,0,2
23,28,-5
3,14,-11
3,4,-1
0,1,-1
0,0,0
2,4,-2
11,15,-4
1,10,-9
27,9,18
29,4,25
4,2,2
12,1,11
0,3,-3
7,25,-18
0,0,0
1,0,1
2,0,2
13,13,0
7,7,0
0,9,-9
6,6,0
4,2,2
0,49,-49
1,1,0
13,13,0
2,0,2
3,0,3
1,5,-4
1,7,-6
1,2,-1
1,0,1
37,37,0
5,5,0
0,1,-1
15,8,7
9,0,9
15,20,-5
19,19,0
0,0,0
0,0,0
43,35,8
6,17,-11
10,10,0
4,2,2
4,4,0
34,51,-17
1,1,0
18,18,0
8,4,4
2,8,-6
24,24,0
2,2,0
14,8,6
1,2,-1
0,2,-2
5,0,5
8,0,8
33,4,29
14,13,1
3,5,-2
10,16,-6
0,10,-10
0,5,-5
1,1,0
1,10,-9
2,0,2
11,1,10
6,17,-11
0,0,0
0,0,0
19,19,0
1,0,1
6,15,-9
1,1,0
13,13,0
3,3,0
15,24,-9
4,4,0
2,2,0
21,21,0
32,4,28
1,20,-19
1,1,0
0,25,-25
0,0,0
0,1,-1
10,10,0
4,2,2
4,4,0
11,19,-8
3,0,3
21,21,0
0,8,-8
9,0,9
0,0,0
1,5,-4
18,18,0
15,15,0
14,0,14
1,0,1
0,4,-4
17,8,9
1,0,1
5,7,-2
13,13,0
2,1,1
4,9,-5
6,5,1
27,4,23
1,4,-3
4,2,2
4,9,-5
3,17,-14
0,9,-9
9,0,9
2,2,0
13,13,0
0,1,-1
7,7,0
21,8,13
7,0,7
18,16,2
24,13,11
7,0,7
0,39,-39
20,20,0
8,45,-37
5,10,-5
0,0,0
2,0,2
20,7,13
2,18,-16
5,5,0
6,6,0
16,9,7
0,32,-32
3,2,1
4,6,-2
26,26,0
14,14,0
0,0,0
0,2,-2
8,8,0
0,0,0
2,0,2
10,10,0
1,8,-7
11,35,-24
4,2,2
2,10,-8
0,0,0
2,2,0
2,24,-22
7,6,1
8,4,4
61,33,28
1,0,1
1,0,1
9,5,4
2,7,-5
4,2,2
3,2,1
0,0,0
1,1,0
1,2,-1
8,1,7
3,0,3
15,0,15
0,0,0
6,14,-8
3,35,-32
1,0,1
1,10,-9
6,6,0
8,20,-12
0,0,0
3,17,-14
12,12,0
5,0,5
0,12,-12
1,6,-5
6,6,0
1,5,-4
1,0,1
1,13,-12
0,0,0
14,0,14
11,14,-3
2,3,-1
0,0,0
5,1,4
27,6,21
4,11,-7
9,9,0
0,1,-1
27,12,15
6,8,-2
0,9,-9
1,0,1
7,3,4
5,17,-12
12,9,3
1,3,-2
11,7,4
0,9,-9
11,12,-1
3,0,3
28,2,26
0,0,0
1,1,0
1,1,0
28,9,19
25,17,8
3,3,0
3,3,0
2,2,0
1,0,1
0,8,-8
0,4,-4
4,0,4
4,16,-12
35,35,0
5,5,0
7,4,3
0,0,0
1,2,-1
0,0,0
58,5,53
4,21,-17
19,14,5
3,0,3
1,0,1
0,5,-5
29,17,12
0,0,0
10,15,-5
0,8,-8
20,20,0
9,9,0
5,16,-11
20,20,0
6,12,-6
0,0,0
0,0,0
13,1,12
1,1,0
1,1,0
2,34,-32
14,14,0
0,0,0
29,29,0
6,0,6
7,5,2
0,0,0
0,3,-3
1,1,0
3,4,-1
0,2,-2
0,0,0
9,9,0
1,0,1
18,22,-4
8,0,8
5,0,5
5,18,-13
4,0,4
4,2,2
2,7,-5
7,9,-2
8,0,8
3,13,-10
0,0,0
43,18,25
6,7,-1
0,0,0
1,8,-7
0,0,0
11,18,-7
6,32,-26
6,15,-9
4,9,-5
5,6,-1
1,0,1
7,11,-4
9,26,-17
3,9,-6
12,2,10
0,0,0
4,11,-7
15,2,13
6,1,5
11,11,0
3,20,-17
2,4,-2
0,0,0
19,14,5
22,19,3
3,3,0
2,2,0
3,6,-3
2,34,-32
2,4,-2
3,0,3
3,1,2
4,2,2
5,5,0
11,11,0
29,19,10
4,4,0
5,5,0
1,0,1
14,0,14
119,119,0
2,1,1
3,3,0
2,30,-28
3,0,3
2,2,0
1,1,0
12,12,0
0,0,0
6,5,1
6,7,-1
3,1,2
1,1,0
1,15,-14
2,2,0
20,20,0
10,14,-4
0,0,0
9,4,5
3,0,3
0,0,0
0,11,-11
8,24,-16
1,1,0
2,2,0
0,0,0
4,7,-3
7,7,0
1,1,0
23,0,23
1,33,-32
47,37,10
2,41,-39
3,3,0
15,4,11
4,5,-1
0,0,0
7,12,-5
3,8,-5
1,0,1
0,0,0
1,1,0
9,5,4
3,0,3
8,8,0
2,0,2
0,0,0
6,3,3
1,6,-5
9,42,-33
5,1,4
3,3,0
0,0,0
0,13,-13
2,8,-6
5,5,0
20,7,13
44,5,39
17,10,7
4,8,-4
4,4,0
2,2,0
1,7,-6
64,1,63
18,7,11
2,2,0
2,2,0
2,2,0
15,0,15
24,2,22
9,2,7
1,1,0
0,0,0
9,9,0
45,45,0
6,4,2
0,0,0
2,1,1
1,7,-6
1,1,0
1,1,0
6,2,4
4,4,0
12,12,0
3,0,3
0,0,0
1,0,1
1,1,0
7,7,0
1,1,0
2,0,2
3,25,-22
1,3,-2
0,0,0
3,0,3
1,0,1
5,10,-5
3,9,-6
2,0,2
15,15,0
2,2,0
2,1,1
3,3,0
1,5,-4
2,0,2
4,20,-16
2,0,2
0,3,-3
12,4,8
0,0,0
6,0,6
7,0,7
3,0,3
9,5,4
6,0,6
3,9,-6
0,21,-21
12,2,10
2,45,-43
1,0,1
0,5,-5
5,2,3
10,11,-1
6,10,-4
2,10,-8
0,0,0
9,13,-4
9,6,3
3,7,-4
1,1,0
1,23,-22
10,30,-20
24,10,14
1,1,0
0,0,0
15,2,13
11,3,8
3,3,0
14,14,0
0,0,0
0,8,-8
7,2,5
3,1,2
14,10,4
0,0,0
8,9,-1
0,0,0
3,1,2
7,7,0
2,5,-3
9,9,0
7,1,6
1,1,0
0,1,-1
3,0,3
0,0,0
15,15,0
28,30,-2
3,2,1
17,2,15
22,17,5
7,3,4
29,29,0
4,4,0
10,10,0
19,6,13
5,18,-13
3,2,1
12,4,8
2,2,0
7,24,-17
1,1,0
0,0,0
0,0,0
0,0,0
4,4,0
16,34,-18
50,50,0
27,6,21
13,13,0
3,2,1
27,27,0
2,24,-22
13,0,13
1,2,-1
3,0,3
1,0,1
9,9,0
0,0,0
1,2,-1
1,1,0
3,3,0
0,0,0
0,0,0
12,6,6
0,2,-2
2,5,-3
0,0,0
0,0,0
5,1,4
0,0,0
0,0,0
12,12,0
0,33,-33
11,10,1
10,7,3
4,18,-14
3,3,0
3,6,-3
3,3,0
1,0,1
0,0,0
12,12,0
0,0,0
6,0,6
1,1,0
8,4,4
11,0,11
26,26,0
0,3,-3
4,0,4
12,35,-23
2,0,2
5,5,0
3,0,3
7,3,4
1,7,-6
0,0,0
8,1,7
42,70,-28
5,5,0
9,7,2
7,13,-6
2,2,0
0,9,-9
14,3,11
0,0,0
3,5,-2
2,0,2
0,0,0
12,2,10
4,19,-15
20,11,9
1,12,-11
9,6,3
8,8,0
4,2,2
6,1,5
0,20,-20
15,15,0
12,12,0
0,0,0
9,30,-21
0,0,0
1,0,1
4,12,-8
4,4,0
5,5,0
1,18,-17
14,14,0
2,9,-7
2,2,0
8,5,3
15,17,-2
2,2,0
2,6,-4
10,33,-23
0,0,0
6,15,-9
3,24,-21
2,9,-7
0,0,0
17,12,5
3,3,0
0,0,0
30,30,0
0,0,0
6,0,6
8,26,-18
0,0,0
26,2,24
16,1,15
1,2,-1
2,1,1
8,8,0
8,8,0
1,21,-20
1,2,-1
1,0,1
0,0,0
0,0,0
2,47,-45
4,5,-1
1,1,0
8,0,8
2,0,2
9,2,7
12,0,12
8,3,5
0,0,0
1,2,-1
11,11,0
9,3,6
19,7,12
0,0,0
4,11,-7
8,0,8
9,2,7
1,1,0
0,0,0
12,13,-1
13,1,12
1,18,-17
10,1,9
0,0,0
2,0,2
0,0,0
6,3,3
4,5,-1
9,9,0
18,1,17
2,12,-10
10,2,8
1,7,-6
8,8,0
0,9,-9
0,0,0
1,2,-1
0,0,0
2,0,2
0,0,0
9,8,1
0,4,-4
1,1,0
3,0,3
5,25,-20
1,1,0
4,8,-4
11,11,0
17,1,16
5,4,1
0,0,0
12,0,12
3,3,0
1,2,-1
5,1,4
5,2,3
0,4,-4
6,14,-8
0,2,-2
1,0,1
9,9,0
1,0,1
2,2,0
0,0,0
1,2,-1
0,6,-6
0,0,0
2,2,0
1,1,0
4,7,-3
25,5,20
1,19,-18
26,19,7
8,8,0
15,5,10
21,21,0
1,7,-6
5,5,0
0,0,0
0,0,0
7,0,7
1,0,1
21,31,-10
1,4,-3
0,1,-1
0,5,-5
5,8,-3
3,8,-5
6,13,-7
6,3,3
0,0,0
6,6,0
1,1,0
16,2,14
58,3,55
21,5,16
10,1,9
4,4,0
16,0,16
6,0,6
7,10,-3
3,3,0
13,12,1
7,3,4
3,0,3
2,0,2
2,0,2
10,7,3
2,7,-5
1,1,0
0,0,0
1,1,0
1,18,-17
2,0,2
0,0,0
1,1,0
9,18,-9
13,12,1
11,0,11
1,0,1
18,33,-15
6,6,0
5,19,-14
6,9,-3
6,56,-50
2,2,0
0,11,-11
1,0,1
0,4,-4
5,6,-1
1,1,0
14,2,12
1,0,1
1,12,-11
5,4,1
4,17,-13
12,25,-13
11,0,11
2,2,0
12,12,0
11,0,11
9,9,0
0,6,-6
15,3,12
6,6,0
26,26,0
2,2,0
9,5,4
6,17,-11
3,5,-2
0,0,0
1,2,-1
6,6,0
3,2,1
0,0,0
4,0,4
14,14,0
3,4,-1
2,2,0
4,5,-1
10,3,7
1,0,1
1,12,-11
11,14,-3
0,0,0
1,0,1
1,1,0
5,5,0
5,5,0
35,35,0
20,0,20
0,0,0
16,16,0
1,7,-6
0,0,0
6,5,1
0,2,-2
4,12,-8
25,3,22
56,46,10
12,1,11
3,1,2
1,32,-31
4,4,0
3,0,3
11,0,11
7,7,0
0,1,-1
0,0,0
0,0,0
4,9,-5
0,0,0
2,21,-19
2,19,-17
6,0,6
8,0,8
15,15,0
8,3,5
11,13,-2
16,16,0
0,0,0
18,47,-29
38,0,38
1,0,1
1,1,0
5,8,-3
30,30,0
3,0,3
0,0,0
0,2,-2
8,1,7
13,0,13
0,1,-1
11,5,6
0,6,-6
10,16,-6
10,53,-43
3,3,0
3,6,-3
36,36,0
0,1,-1
0,0,0
11,0,11
0,0,0
8,0,8
0,0,0
0,5,-5
0,0,0
16,10,6
3,27,-24
0,52,-52
11,2,9
35,35,0
1,1,0
0,5,-5
1,0,1
2,0,2
7,31,-24
1,12,-11
12,34,-22
4,4,0
1,1,0
15,0,15
0,14,-14
0,0,0
34,17,17
1,1,0
6,10,-4
22,1,21
35,4,31
188,7,181
0,0,0
0,0,0
17,17,0
18,0,18
0,0,0
1,12,-11
1,2,-1
0,0,0
6,6,0
5,6,-1
4,7,-3
22,22,0
6,4,2
9,9,0
5,11,-6
3,3,0
0,2,-2
17,11,6
0,4,-4
3,0,3
2,0,2
3,0,3
1,0,1
8,8,0
9,4,5
5,5,0
0,0,0
1,0,1
9,18,-9
8,8,0
2,14,-12
6,6,0
18,17,1
30,30,0
4,17,-13
0,4,-4
43,43,0
0,0,0
0,6,-6
1,1,0
9,9,0
2,32,-30
7,7,0
28,28,0
5,5,0
2,16,-14
20,2,18
4,0,4
9,9,0
10,10,0
0,7,-7
13,0,13
0,35,-35
0,2,-2
5,16,-11
16,16,0
0,0,0
2,2,0
4,3,1
4,4,0
20,20,0
9,9,0
28,28,0
1,11,-10
0,0,0
8,4,4
6,6,0
12,9,3
33,33,0
0,8,-8
0,0,0
1,0,1
24,13,11
3,0,3
2,2,0
2,5,-3
5,2,3
5,5,0
2,0,2
0,0,0
17,11,6
4,4,0
17,9,8
5,22,-17
4,0,4
5,5,0
0,6,-6
22,10,12
15,1,14
2,13,-11
43,8,35
3,3,0
1,40,-39
4,6,-2
0,1,-1
4,0,4
3,29,-26
0,29,-29
1,17,-16
0,0,0
6,8,-2
3,3,0
11,11,0
3,0,3
3,2,1
0,0,0
6,6,0
6,0,6
2,11,-9
0,5,-5
2,40,-38
1,13,-12
0,6,-6
24,27,-3
7,7,0
9,4,5
3,3,0
1,0,1
3,2,1
6,1,5
16,13,3
5,0,5
2,0,2
8,1,7
4,1,3
0,13,-13
17,8,9
2,2,0
0,0,0
11,10,1
0,0,0
26,26,0
3,12,-9
3,2,1
8,12,-4
1,8,-7
1,0,1
18,16,2
1,1,0
1,0,1
0,0,0
4,1,3
0,0,0
7,7,0
8,5,3
1,0,1
14,6,8
1,1,0
2,2,0
3,7,-4
3,17,-14
11,0,11
32,32,0
3,3,0
6,6,0
7,7,0
9,6,3
1,0,1
13,1,12
2,7,-5
0,4,-4
18,9,9
2,0,2
5,1,4
6,2,4
3,5,-2
9,34,-25
2,12,-10
0,0,0
1,17,-16
0,0,0
3,0,3
4,4,0
2,0,2
0,0,0
30,33,-3
11,8,3
1,1,0
4,2,2
5,6,-1
6,5,1
11,11,0
7,7,0
31,8,23
0,0,0
4,4,0
3,3,0
0,1,-1
3,30,-27
2,2,0
5,1,4
7,15,-8
1,1,0
0,0,0
6,4,2
6,6,0
5,0,5
2,2,0
11,34,-23
4,0,4
11,2,9
10,1,9
0,3,-3
12,0,12
0,5,-5
11,11,0
6,6,0
3,14,-11
3,13,-10
19,0,19
0,12,-12
9,16,-7
13,13,0
12,28,-16
0,42,-42
0,0,0
5,5,0
11,6,5
10,15,-5
12,50,-38
0,47,-47
0,0,0
0,0,0
3,0,3
1,1,0
2,2,0
1,0,1
2,0,2
0,0,0
17,6,11
2,2,0
2,2,0
0,0,0
15,1,14
0,21,-21
50,50,0
3,0,3
1,0,1
4,0,4
2,0,2
2,5,-3
12,20,-8
8,7,1
2,0,2
6,6,0
1,0,1
6,0,6
4,6,-2
4,1,3
6,9,-3
46,16,30
9,0,9
0,0,0
2,7,-5
10,1,9
2,3,-1
9,13,-4
0,0,0
65,3,62
20,2,18
14,1,13
15,19,-4
25,0,25
1,1,0
3,0,3
5,14,-9
4,19,-15
13,0,13
13,6,7
1,0,1
1,0,1
0,4,-4
5,5,0
0,0,0
13,47,-34
1,1,0
2,3,-1
19,6,13
22,5,17
8,8,0
1,0,1
1,4,-3
1,7,-6
2,2,0
7,17,-10
0,0,0
6,0,6
11,1,10
0,8,-8
4,4,0
3,3,0
29,29,0
50,0,50
7,8,-1
14,1,13
4,4,0
0,0,0
1,1,0
8,8,0
7,7,0
1,0,1
0,6,-6
19,4,15
1,9,-8
0,0,0
8,4,4
4,13,-9
8,0,8
12,8,4
4,0,4
1,21,-20
7,17,-10
22,16,6
0,0,0
9,17,-8
3,1,2
2,2,0
31,28,3
4,4,0
1,31,-30
5,0,5
2,8,-6
2,11,-9
2,2,0
18,18,0
3,7,-4
0,0,0
0,0,0
1,0,1
22,5,17
7,7,0
3,0,3
17,27,-10
2,1,1
6,17,-11
3,2,1
1,0,1
3,0,3
0,0,0
5,8,-3
12,12,0
0,2,-2
2,0,2
13,13,0
4,0,4
5,37,-32
19,19,0
3,1,2
8,1,7
4,7,-3
3,14,-11
6,0,6
1,2,-1
27,27,0
13,2,11
19,16,3
1,2,-1
7,8,-1
1,1,0
20,3,17
0,1,-1
17,32,-15
3,18,-15
1,1,0
6,4,2
10,13,-3
17,17,0
1,0,1
0,0,0
16,26,-10
8,2,6
8,8,0
17,0,17
0,2,-2
9,1,8
0,0,0
16,15,1
5,5,0
3,3,0
3,5,-2
8,8,0
7,7,0
7,1,6
5,15,-10
10,0,10
5,0,5
9,1,8
12,5,7
5,5,0
7,1,6
20,10,10
2,11,-9
0,0,0
5,25,-20
2,2,0
4,0,4
0,2,-2
4,1,3
0,0,0
0,21,-21
13,13,0
1,0,1
0,0,0
11,11,0
2,3,-1
0,0,0
0,0,0
0,1,-1
4,1,3
6,0,6
8,8,0
30,19,11
3,3,0
5,1,4
0,0,0
0,6,-6
1,12,-11
0,0,0
0,2,-2
14,14,0
4,5,-1
8,6,2
0,0,0
2,14,-12
12,0,12
2,0,2
0,0,0
7,3,4
0,0,0
0,0,0
6,4,2
13,13,0
3,44,-41
1,1,0
4,4,0
0,0,0
0,0,0
3,50,-47
33,22,11
11,11,0
0,0,0
14,28,-14
5,8,-3
11,11,0
3,3,0
12,45,-33
5,5,0
3,2,1
11,1,10
12,12,0
4,0,4
0,5,-5
0,0,0
25,0,25
7,15,-8
4,4,0
0,1,-1
1,17,-16
2,5,-3
2,2,0
6,6,0
3,15,-12
13,13,0
5,5,0
1,2,-1
2,9,-7
13,18,-5
37,15,22
18,1,17
11,11,0
2,2,0
4,1,3
8,0,8
3,8,-5
2,2,0
17,4,13
3,2,1
4,14,-10
7,0,7
6,27,-21
6,6,0
5,3,2
5,2,3
10,3,7
0,2,-2
41,13,28
22,0,22
25,25,0
3,16,-13
4,43,-39
32,32,0
12,8,4
5,5,0
17,8,9
1,7,-6
71,23,48
6,6,0
2,1,1
7,6,1
3,2,1
0,0,0
1,6,-5
0,0,0
0,9,-9
4,0,4
0,0,0
14,15,-1
33,33,0
8,0,8
6,0,6
1,5,-4
0,27,-27
13,5,8
1,25,-24
2,0,2
5,12,-7
13,11,2
5,17,-12
3,0,3
3,3,0
4,15,-11
16,12,4
0,0,0
4,1,3
1,2,-1
6,6,0
1,0,1
8,8,0
7,2,5
1,1,0
11,2,9
9,5,4
10,2,8
1,2,-1
0,4,-4
0,0,0
1,1,0
2,2,0
0,0,0
0,6,-6
4,1,3
8,0,8
0,0,0
0,0,0
3,0,3
3,1,2
0,0,0
9,9,0
3,0,3
0,2,-2
27,12,15
8,8,0
0,0,0
9,9,0
8,8,0
20,31,-11
7,7,0
26,26,0
1,4,-3
0,0,0
0,0,0
7,2,5
14,14,0
7,1,6
4,10,-6
1,11,-10
0,0,0
17,20,-3
5,5,0
0,0,0
13,35,-22
4,0,4
0,20,-20
9,9,0
0,0,0
7,25,-18
1,1,0
0,24,-24
6,6,0
5,19,-14
51,3,48
7,7,0
16,30,-14
17,4,13
4,0,4
39,22,17
2,6,-4
0,11,-11
0,9,-9
5,6,-1
2,25,-23
15,1,14
1,0,1
2,12,-10
9,1,8
0,0,0
0,1,-1
2,0,2
10,0,10
20,6,14
2,0,2
1,0,1
3,1,2
4,1,3
3,3,0
3,8,-5
6,0,6
0,31,-31
4,0,4
0,0,0
1,0,1
0,4,-4
7,3,4
3,0,3
0,1,-1
12,0,12
21,52,-31
2,5,-3
25,0,25
1,0,1
1,24,-23
39,19,20
2,17,-15
0,0,0
3,2,1
0,6,-6
1,0,1
10,5,5
0,1,-1
4,13,-9
1,27,-26
7,7,0
1,1,0
2,8,-6
3,1,2
1,3,-2
16,17,-1
44,18,26
7,7,0
0,0,0
1,1,0
5,5,0
12,6,6
0,0,0
6,6,0
1,14,-13
0,11,-11
3,2,1
0,0,0
2,2,0
14,14,0
3,4,-1
1,1,0
6,9,-3
36,1,35
3,0,3
7,24,-17
3,24,-21
0,0,0
1,0,1
3,0,3
0,0,0
5,5,0
2,2,0
0,0,0
7,7,0
1,1,0
1,3,-2
0,0,0
3,2,1
7,25,-18
0,10,-10
22,22,0
4,1,3
4,6,-2
2,1,1
21,3,18
8,3,5
0,0,0
19,5,14
3,13,-10
3,0,3
0,11,-11
8,3,5
0,3,-3
17,17,0
4,21,-17
0,2,-2
5,12,-7
24,24,0
27,13,14
11,11,0
1,1,0
9,0,9
4,0,4
5,7,-2
11,4,7
0,7,-7
12,6,6
15,19,-4
1,18,-17
0,0,0
1,1,0
24,1,23
0,0,0
16,6,10
2,2,0
1,8,-7
4,12,-8
7,7,0
42,42,0
8,8,0
5,6,-1
4,0,4
2,0,2
22,3,19
2,0,2
1,5,-4
7,1,6
2,7,-5
0,18,-18
1,1,0
4,2,2
1,1,0
1,1,0
0,0,0
2,2,0
0,9,-9
0,0,0
13,5,8
1,19,-18
11,5,6
8,3,5
0,36,-36
13,13,0
7,7,0
2,3,-1
7,6,1
0,1,-1
17,17,0
0,0,0
3,4,-1
10,21,-11
0,0,0
14,43,-29
10,21,-11
0,7,-7
3,3,0
0,25,-25
6,5,1
1,2,-1
3,3,0
2,2,0
0,0,0
10,10,0
0,0,0
10,10,0
15,5,10
0,17,-17
2,7,-5
8,1,7
4,4,0
6,3,3
1,0,1
5,7,-2
2,0,2
3,0,3
19,2,17
1,3,-2
1,19,-18
8,1,7
24,5,19
0,0,0
4,1,3
16,16,0
4,8,-4
14,9,5
5,0,5
1,0,1
1,0,1
18,7,11
1,1,0
2,4,-2
8,0,8
4,4,0
3,21,-18
3,0,3
14,24,-10
30,9,21
0,0,0
14,14,0
19,3,16
4,4,0
12,12,0
20,7,13
1,1,0
10,10,0
4,0,4
26,17,9
1,4,-3
1,2,-1
4,4,0
3,4,-1
0,0,0
11,11,0
5,5,0
11,22,-11
6,6,0
7,3,4
1,1,0
20,8,12
1,1,0
3,3,0
6,6,0
7,2,5
24,24,0
6,6,0
5,5,0
0,0,0
3,3,0
3,1,2
14,22,-8
3,5,-2
1,1,0
5,5,0
12,0,12
3,3,0
7,7,0
0,11,-11
11,9,2
7,7,0
3,0,3
1,4,-3
0,0,0
5,0,5
0,0,0
12,1,11
1,0,1
6,6,0
6,6,0
0,6,-6
24,24,0
1,3,-2
3,12,-9
0,0,0
2,4,-2
8,33,-25
1,1,0
12,11,1
4,0,4
4,4,0
5,5,0
0,0,0
2,4,-2
1,0,1
15,15,0
1,0,1
12,0,12
12,10,2
2,6,-4
24,24,0
0,0,0
0,21,-21
8,16,-8
3,3,0
3,1,2
0,0,0
3,3,0
6,2,4
17,17,0
5,1,4
16,5,11
0,1,-1
7,5,2
11,5,6
0,6,-6
22,22,0
2,2,0
0,4,-4
6,0,6
23,0,23
4,0,4
10,15,-5
1,15,-14
0,0,0
7,7,0
5,10,-5
5,0,5
8,10,-2
0,0,0
6,6,0
0,0,0
1,8,-7
5,1,4
3,3,0
9,1,8
2,2,0
18,3,15
22,8,14
3,29,-26
4,7,-3
10,0,10
2,2,0
3,3,0
7,5,2
3,3,0
9,4,5
1,19,-18
4,6,-2
5,5,0
16,16,0
7,7,0
0,0,0
17,0,17
11,2,9
0,2,-2
11,0,11
0,2,-2
0,0,0
0,0,0
0,2,-2
18,18,0
3,2,1
20,15,5
8,2,6
6,6,0
6,6,0
1,4,-3
0,0,0
0,0,0
55,1,54
4,6,-2
0,5,-5
5,4,1
2,0,2
1,3,-2
36,3,33
15,5,10
8,8,0
5,5,0
10,10,0
5,5,0
3,3,0
19,0,19
3,8,-5
4,4,0
6,8,-2
5,17,-12
10,10,0
0,1,-1
4,4,0
3,6,-3
1,1,0
1,0,1
0,0,0
1,1,0
1,5,-4
10,11,-1
0,0,0
0,16,-16
1,1,0
45,1,44
3,3,0
3,0,3
2,0,2
8,3,5
0,0,0
0,0,0
29,1,28
0,3,-3
4,4,0
19,0,19
0,0,0
0,0,0
0,0,0
34,5,29
1,1,0
0,0,0
4,21,-17
2,9,-7
1,2,-1
2,2,0
2,0,2
8,5,3
17,30,-13
6,6,0
0,5,-5
5,5,0
4,10,-6
5,6,-1
1,0,1
5,1,4
4,1,3
9,9,0
2,2,0
16,0,16
0,0,0
29,15,14
10,10,0
101,58,43
4,19,-15
0,2,-2
1,9,-8
2,2,0
7,2,5
0,0,0
7,7,0
11,1,10
0,0,0
2,0,2
27,12,15
20,8,12
10,10,0
6,2,4
12,20,-8
5,4,1
0,1,-1
22,22,0
1,0,1
5,3,2
1,9,-8
1,0,1
0,0,0
5,0,5
0,0,0
14,29,-15
6,1,5
5,0,5
9,8,1
13,3,10
5,9,-4
4,30,-26
12,0,12
29,5,24
0,0,0
4,47,-43
16,16,0
3,3,0
17,4,13
3,3,0
29,29,0
25,25,0
0,4,-4
0,0,0
3,6,-3
26,10,16
5,2,3
10,43,-33
0,21,-21
7,7,0
20,21,-1
7,7,0
13,1,12
1,0,1
37,37,0
37,13,24
1,0,1
11,3,8
1,2,-1
2,0,2
2,0,2
18,5,13
9,0,9
3,28,-25
5,5,0
1,7,-6
0,0,0
2,0,2
0,0,0
1,1,0
1,0,1
6,0,6
5,5,0
1,4,-3
2,5,-3
31,5,26
0,1,-1
1,10,-9
1,5,-4
3,11,-8
2,0,2
2,2,0
0,0,0
0,0,0
3,0,3
11,11,0
4,0,4
1,1,0
20,20,0
3,0,3
6,4,2
0,1,-1
24,7,17
0,25,-25
0,0,0
6,7,-1
1,1,0
12,12,0
3,11,-8
0,0,0
2,0,2
1,13,-12
7,4,3
0,3,-3
1,3,-2
8,2,6
0,18,-18
5,17,-12
1,3,-2
0,0,0
0,0,0
1,1,0
2,1,1
0,12,-12
9,2,7
1,1,0
4,3,1
6,2,4
28,0,28
5,5,0
1,0,1
21,10,11
0,0,0
3,2,1
30,30,0
2,5,-3
2,2,0
4,7,-3
30,30,0
1,5,-4
4,19,-15
12,8,4
14,2,12
1,1,0
2,2,0
16,16,0
3,8,-5
2,4,-2
6,13,-7
13,4,9
1,0,1
2,3,-1
3,0,3
8,8,0
1,13,-12
0,1,-1
3,1,2
24,24,0
4,4,0
20,9,11
10,22,-12
8,10,-2
2,0,2
9,6,3
6,6,0
5,2,3
2,8,-6
2,16,-14
10,10,0
2,0,2
1,0,1
4,4,0
24,24,0
8,2,6
50,7,43
2,2,0
7,3,4
5,8,-3
8,8,0
2,0,2
3,10,-7
1,1,0
0,0,0
1,8,-7
0,5,-5
2,14,-12
0,10,-10
1,20,-19
7,10,-3
0,16,-16
13,13,0
8,1,7
2,2,0
1,3,-2
2,5,-3
42,28,14
2,8,-6
1,0,1
6,0,6
0,0,0
7,0,7
0,0,0
3,0,3
7,7,0
20,4,16
3,0,3
4,17,-13
0,0,0
2,7,-5
23,0,23
0,0,0
7,7,0
3,1,2
0,0,0
7,8,-1
0,0,0
17,1,16
13,16,-3
3,0,3
0,0,0
24,67,-43
11,11,0
0,0,0
2,2,0
0,0,0
0,18,-18
20,5,15
2,0,2
4,4,0
4,0,4
14,8,6
26,26,0
6,1,5
1,5,-4
9,5,4
9,0,9
0,1,-1
6,7,-1
7,1,6
25,15,10
0,7,-7
12,18,-6
1,0,1
3,0,3
3,0,3
54,29,25
0,0,0
2,2,0
0,17,-17
0,1,-1
0,0,0
3,2,1
0,0,0
1,11,-10
13,7,6
6,77,-71
0,0,0
0,0,0
0,0,0
20,0,20
6,6,0
7,2,5
0,12,-12
2,2,0
5,2,3
0,14,-14
14,14,0
1,1,0
25,9,16
8,15,-7
8,8,0
3,3,0
15,15,0
5,5,0
20,37,-17
3,3,0
12,0,12
2,2,0
0,0,0
4,14,-10
1,1,0
2,2,0
3,0,3
9,8,1
21,13,8
0,0,0
8,3,5
5,29,-24
9,20,-11
2,0,2
0,3,-3
9,9,0
0,3,-3
14,8,6
8,7,1
1,1,0
0,0,0
0,0,0
15,15,0
1,12,-11
19,19,0
1,5,-4
10,10,0
0,0,0
0,0,0
8,2,6
20,0,20
10,14,-4
0,0,0
8,10,-2
0,0,0
0,0,0
6,16,-10
4,0,4
8,12,-4
9,5,4
4,0,4
1,4,-3
14,2,12
13,15,-2
10,10,0
7,7,0
1,2,-1
10,12,-2
2,3,-1
6,6,0
30,30,0
0,0,0
1,46,-45
7,7,0
0,0,0
3,3,0
6,36,-30
8,6,2
38,3,35
1,1,0
7,0,7
1,6,-5
4,4,0
6,12,-6
14,14,0
4,0,4
0,14,-14
4,0,4
3,9,-6
2,6,-4
14,4,10
10,2,8
0,6,-6
2,2,0
11,13,-2
15,15,0
0,0,0
10,3,7
0,0,0
0,1,-1
2,5,-3
10,17,-7
0,0,0
22,6,16
17,27,-10
0,0,0
0,0,0
11,11,0
0,0,0
1,0,1
3,9,-6
0,2,-2
24,5,19
18,18,0
6,6,0
10,10,0
17,5,12
14,29,-15
2,20,-18
15,19,-4
3,0,3
2,8,-6
0,7,-7
6,6,0
1,2,-1
16,16,0
1,0,1
18,26,-8
19,19,0
6,3,3
2,0,2
0,2,-2
0,2,-2
8,7,1
4,4,0
1,1,0
1,1,0
0,1,-1
3,2,1
13,13,0
27,1,26
2,6,-4
3,1,2
4,4,0
6,0,6
11,1,10
5,10,-5
19,19,0
36,36,0
11,11,0
6,1,5
15,10,5
7,7,0
10,25,-15
32,32,0
8,8,0
4,4,0
21,5,16
8,8,0
9,2,7
5,43,-38
0,7,-7
14,5,9
0,0,0
33,0,33
2,0,2
6,4,2
1,0,1
0,0,0
12,31,-19
0,0,0
1,5,-4
3,4,-1
8,8,0
10,5,5
5,9,-4
0,0,0
2,2,0
17,17,0
2,1,1
12,4,8
0,0,0
5,5,0
5,12,-7
2,2,0
0,0,0
1,1,0
1,1,0
0,0,0
28,1,27
12,0,12
5,5,0
4,12,-8
6,11,-5
4,0,4
0,0,0
1,0,1
2,7,-5
9,7,2
6,31,-25
4,4,0
9,3,6
0,0,0
0,10,-10
8,0,8
1,1,0
0,0,0
0,2,-2
5,7,-2
3,0,3
10,10,0
30,12,18
0,0,0
11,13,-2
2,10,-8
7,7,0
7,2,5
4,0,4
3,0,3
2,1,1
14,14,0
8,30,-22
1,0,1
2,2,0
1,4,-3
0,0,0
20,17,3
5,5,0
2,5,-3
0,0,0
18,17,1
0,0,0
4,10,-6
8,12,-4
19,19,0
9,19,-10
2,4,-2
1,1,0
8,8,0
9,9,0
2,2,0
82,22,60
8,1,7
4,4,0
3,15,-12
1,1,0
0,0,0
3,0,3
1,12,-11
2,2,0
5,9,-4
4,18,-14
0,1,-1
3,0,3
0,8,-8
13,12,1
12,12,0
9,20,-11
2,2,0
1,1,0
3,3,0
7,19,-12
12,25,-13
0,3,-3
10,18,-8
0,52,-52
11,6,5
3,3,0
8,18,-10
22,5,17
9,6,3
10,9,1
3,9,-6
9,29,-20
2,0,2
1,0,1
10,5,5
12,8,4
0,0,0
0,1,-1
6,5,1
7,36,-29
10,10,0
8,0,8
48,0,48
3,26,-23
1,13,-12
22,4,18
16,48,-32
0,20,-20
2,26,-24
2,2,0
1,0,1
3,7,-4
4,4,0
4,0,4
1,1,0
2,11,-9
13,3,10
20,25,-5
3,3,0
3,3,0
19,8,11
7,7,0
0,0,0
12,23,-11
5,5,0
24,24,0
5,0,5
5,5,0
6,6,0
0,0,0
30,8,22
1,11,-10
10,1,9
8,21,-13
0,1,-1
2,0,2
3,7,-4
1,1,0
5,17,-12
0,3,-3
2,3,-1
4,11,-7
0,7,-7
7,7,0
1,1,0
3,2,1
15,15,0
0,0,0
8,0,8
2,2,0
0,0,0
2,1,1
0,0,0
0,0,0
21,28,-7
14,14,0
4,24,-20
1,0,1
2,9,-7
4,2,2
4,2,2
9,1,8
0,0,0
9,8,1
1,1,0
4,7,-3
4,4,0
1,5,-4
2,2,0
0,0,0
5,4,1
1,0,1
0,0,0
10,16,-6
33,25,8
1,3,-2
3,15,-12
2,0,2
0,0,0
6,6,0
17,17,0
12,2,10
3,12,-9
4,4,0
0,0,0
1,1,0
10,10,0
1,0,1
0,0,0
1,0,1
20,0,20
1,1,0
2,17,-15
29,14,15
2,24,-22
18,18,0
0,2,-2
5,5,0
4,4,0
7,13,-6
0,2,-2
17,8,9
2,5,-3
1,0,1
7,1,6
15,15,0
15,15,0
15,15,0
13,27,-14
1,0,1
1,0,1
14,8,6
8,8,0
7,1,6
18,16,2
1,1,0
3,17,-14
3,14,-11
3,3,0
4,5,-1
6,6,0
0,35,-35
3,8,-5
25,6,19
0,2,-2
0,0,0
3,36,-33
0,11,-11
6,7,-1
84,84,0
14,3,11
0,5,-5
0,2,-2
2,2,0
17,24,-7
10,0,10
0,6,-6
5,5,0
1,6,-5
0,0,0
7,8,-1
8,8,0
1,2,-1
15,7,8
0,1,-1
4,2,2
1,1,0
4,4,0
0,6,-6
10,12,-2
1,6,-5
2,2,0
0,0,0
13,0,13
5,5,0
9,13,-4
3,2,1
2,2,0
3,8,-5
8,8,0
4,2,2
9,11,-2
4,6,-2
2,6,-4
5,3,2
23,11,12
7,0,7
3,30,-27
22,22,0
23,6,17
10,7,3
6,9,-3
9,9,0
2,2,0
9,9,0
3,3,0
21,5,16
3,3,0
3,3,0
2,2,0
6,6,0
2,0,2
0,0,0
9,33,-24
4,4,0
17,5,12
4,4,0
4,4,0
1,0,1
7,10,-3
9,6,3
2,1,1
36,33,3
8,2,6
0,1,-1
1,3,-2
14,13,1
10,10,0
1,6,-5
5,5,0
4,5,-1
2,2,0
0,4,-4
2,0,2
26,0,26
0,0,0
5,5,0
4,5,-1
2,0,2
3,0,3
5,13,-8
0,0,0
6,3,3
5,0,5
6,10,-4
4,4,0
7,7,0
1,0,1
40,3,37
0,0,0
12,16,-4
7,15,-8
1,1,0
6,1,5
0,0,0
2,8,-6
0,0,0
1,2,-1
4,21,-17
0,0,0
2,1,1
3,25,-22
8,4,4
23,23,0
13,19,-6
3,3,0
5,8,-3
0,0,0
7,1,6
0,10,-10
1,5,-4
2,0,2
0,4,-4
6,6,0
32,18,14
0,0,0
6,6,0
2,0,2
9,5,4
0,0,0
1,7,-6
6,3,3
13,3,10
8,0,8
8,5,3
6,6,0
5,2,3
7,7,0
1,1,0
3,25,-22
10,3,7
11,2,9
20,8,12
13,9,4
3,2,1
2,6,-4
5,6,-1
1,0,1
16,35,-19
25,16,9
12,12,0
7,3,4
0,0,0
2,2,0
26,24,2
4,18,-14
8,8,0
0,0,0
2,0,2
1,27,-26
1,0,1
0,0,0
18,18,0
1,7,-6
4,4,0
12,6,6
7,17,-10
99,7,92
7,10,-3
1,15,-14
3,0,3
16,10,6
6,19,-13
1,0,1
2,8,-6
8,1,7
0,0,0
0,7,-7
25,4,21
6,6,0
8,12,-4
0,0,0
0,1,-1
0,0,0
2,0,2
2,11,-9
1,21,-20
12,5,7
0,0,0
8,26,-18
4,4,0
19,3,16
0,0,0
2,2,0
2,13,-11
2,20,-18
10,10,0
1,0,1
2,2,0
2,27,-25
0,0,0
1,1,0
0,0,0
14,44,-30
4,4,0
27,27,0
6,2,4
0,0,0
6,6,0
0,0,0
12,12,0
0,0,0
28,25,3
5,5,0
5,4,1
9,9,0
3,6,-3
1,1,0
5,14,-9
1,15,-14
22,22,0
7,9,-2
2,23,-21
0,0,0
3,3,0
3,0,3
30,30,0
6,6,0
3,3,0
8,12,-4
6,2,4
25,1,24
6,0,6
0,0,0
8,8,0
9,1,8
12,13,-1
9,16,-7
5,1,4
0,0,0
16,0,16
2,2,0
2,0,2
11,11,0
0,0,0
2,4,-2
2,0,2
30,37,-7
14,14,0
0,0,0
1,3,-2
21,9,12
15,4,11
0,2,-2
2,2,0
0,12,-12
4,1,3
8,0,8
25,0,25
2,5,-3
24,2,22
13,4,9
3,6,-3
9,15,-6
30,30,0
0,0,0
9,3,6
22,22,0
0,13,-13
4,0,4
0,4,-4
8,15,-7
8,3,5
0,0,0
13,13,0
4,28,-24
0,1,-1
20,20,0
13,23,-10
0,0,0
2,3,-1
7,2,5
0,12,-12
4,1,3
1,1,0
5,6,-1
14,30,-16
7,7,0
7,16,-9
1,0,1
0,1,-1
0,3,-3
2,3,-1
20,24,-4
14,14,0
1,1,0
2,0,2
7,2,5
2,2,0
13,21,-8
12,12,0
16,1,15
0,0,0
4,3,1
1,2,-1
0,11,-11
8,0,8
0,0,0
10,10,0
1,25,-24
0,7,-7
21,21,0
17,17,0
62,22,40
3,3,0
6,9,-3
1,0,1
1,1,0
1,0,1
9,11,-2
0,0,0
0,0,0
0,0,0
0,1,-1
1,1,0
10,7,3
2,2,0
1,1,0
3,13,-10
1,3,-2
7,0,7
3,0,3
2,1,1
10,1,9
1,16,-15
0,0,0
3,0,3
3,2,1
10,10,0
5,5,0
1,1,0
5,11,-6
8,2,6
10,6,4
0,0,0
0,0,0
1,0,1
10,30,-20
2,7,-5
1,0,1
3,3,0
12,4,8
12,0,12
7,3,4
6,0,6
9,4,5
4,0,4
3,7,-4
8,8,0
1,19,-18
12,12,0
0,0,0
1,0,1
8,10,-2
1,1,0
1,0,1
4,5,-1
0,0,0
0,4,-4
1,2,-1
0,4,-4
2,0,2
10,10,0
3,7,-4
0,0,0
9,9,0
3,3,0
15,5,10
12,0,12
0,0,0
0,0,0
6,6,0
9,0,9
6,4,2
2,2,0
14,6,8
2,3,-1
1,5,-4
3,0,3
0,0,0
27,24,3
3,18,-15
2,2,0
5,13,-8
11,0,11
0,0,0
16,16,0
8,8,0
1,1,0
5,5,0
24,24,0
7,9,-2
0,2,-2
10,14,-4
0,0,0
5,9,-4
20,1,19
2,2,0
1,27,-26
11,2,9
17,0,17
2,2,0
5,5,0
3,3,0
1,2,-1
0,0,0
0,0,0
10,9,1
11,19,-8
10,6,4
0,0,0
22,22,0
0,0,0
2,6,-4
3,0,3
2,2,0
2,7,-5
8,13,-5
0,8,-8
13,1,12
0,8,-8
1,0,1
1,0,1
3,3,0
13,0,13
2,11,-9
3,3,0
4,4,0
0,0,0
20,2,18
0,0,0
7,21,-14
10,25,-15
9,0,9
8,0,8
31,6,25
3,24,-21
0,9,-9
68,42,26
12,12,0
3,0,3
2,0,2
15,6,9
16,16,0
4,4,0
1,7,-6
5,18,-13
25,25,0
6,0,6
4,4,0
8,7,1
4,4,0
46,53,-7
7,18,-11
3,6,-3
6,4,2
9,4,5
4,4,0
6,20,-14
9,9,0
1,11,-10
2,2,0
3,3,0
5,1,4
7,13,-6
84,14,70
2,35,-33
1,2,-1
0,0,0
1,1,0
0,0,0
5,15,-10
5,0,5
0,27,-27
1,1,0
0,8,-8
3,3,0
1,0,1
3,0,3
11,0,11
1,4,-3
0,0,0
9,8,1
0,2,-2
17,7,10
0,15,-15
1,1,0
2,1,1
6,1,5
35,17,18
1,29,-28
15,1,14
0,0,0
5,5,0
12,6,6
1,29,-28
4,4,0
1,1,0
16,7,9
0,0,0
8,10,-2
7,7,0
31,0,31
7,0,7
3,3,0
3,2,1
1,5,-4
24,14,10
2,18,-16
0,4,-4
11,11,0
1,0,1
12,0,12
13,8,5
0,2,-2
13,12,1
10,0,10
8,44,-36
12,3,9
0,0,0
3,3,0
10,10,0
0,0,0
3,0,3
10,2,8
3,3,0
3,3,0
3,3,0
4,6,-2
1,0,1
2,0,2
8,10,-2
2,15,-13
2,0,2
1,0,1
7,11,-4
0,0,0
13,10,3
7,5,2
0,0,0
2,0,2
2,13,-11
5,5,0
0,2,-2
2,2,0
0,2,-2
4,3,1
1,11,-10
16,16,0
3,9,-6
3,3,0
19,19,0
4,2,2
2,14,-12
6,5,1
7,9,-2
1,0,1
5,4,1
0,2,-2
0,0,0
8,9,-1
1,1,0
2,2,0
7,0,7
20,24,-4
8,1,7
2,21,-19
3,10,-7
0,5,-5
0,1,-1
14,14,0
3,3,0
18,7,11
1,0,1
0,0,0
12,14,-2
0,0,0
6,8,-2
3,2,1
2,10,-8
7,7,0
2,0,2
20,20,0
0,2,-2
16,5,11
8,6,2
5,1,4
3,13,-10
0,0,0
4,1,3
8,19,-11
3,4,-1
4,4,0
6,0,6
5,2,3
1,2,-1
2,0,2
2,14,-12
0,0,0
4,2,2
5,0,5
12,1,11
0,8,-8
1,4,-3
3,0,3
1,1,0
15,35,-20
5,3,2
13,14,-1
6,35,-29
2,0,2
0,2,-2
4,1,3
4,4,0
9,9,0
5,8,-3
0,0,0
4,0,4
1,1,0
4,2,2
2,2,0
12,0,12
8,0,8
1,3,-2
0,0,0
6,15,-9
11,24,-13
3,3,0
6,5,1
25,15,10
0,1,-1
0,0,0
9,5,4
3,3,0
4,0,4
1,1,0
6,6,0
5,10,-5
1,3,-2
1,1,0
1,2,-1
9,0,9
3,1,2
1,0,1
2,27,-25
8,4,4
6,6,0
0,0,0
9,11,-2
5,1,4
0,0,0
0,2,-2
6,6,0
8,8,0
0,9,-9
0,0,0
0,0,0
14,10,4
14,15,-1
1,3,-2
4,1,3
9,6,3
2,2,0
0,6,-6
25,2,23
1,1,0
1,0,1
2,1,1
15,1,14
0,10,-10
0,1,-1
9,11,-2
2,0,2
2,1,1
25,10,15
8,8,0
15,15,0
6,6,0
0,0,0
0,0,0
3,0,3
6,10,-4
0,0,0
12,7,5
4,2,2
11,9,2
0,7,-7
0,0,0
3,31,-28
4,6,-2
0,18,-18
6,6,0
9,11,-2
1,1,0
0,0,0
11,23,-12
2,2,0
5,0,5
5,0,5
1,0,1
9,2,7
23,1,22
1,4,-3
7,11,-4
0,0,0
10,8,2
4,4,0
8,8,0
1,1,0
20,20,0
14,20,-6
5,8,-3
3,1,2
1,0,1
4,4,0
5,1,4
1,0,1
16,8,8
19,16,3
2,2,0
2,2,0
12,2,10
18,18,0
3,3,0
14,14,0
25,1,24
4,0,4
3,24,-21
1,0,1
4,0,4
0,0,0
2,1,1
2,2,0
4,9,-5
4,0,4
7,1,6
0,0,0
1,28,-27
1,1,0
10,4,6
0,9,-9
1,1,0
28,18,10
0,9,-9
25,25,0
1,0,1
20,2,18
5,18,-13
7,7,0
2,4,-2
23,42,-19
9,17,-8
15,4,11
0,0,0
0,0,0
25,0,25
1,35,-34
39,8,31
2,0,2
0,0,0
3,56,-53
2,2,0
7,0,7
11,23,-12
4,4,0
6,2,4
2,5,-3
15,1,14
1,6,-5
56,27,29
66,36,30
15,4,11
2,18,-16
15,6,9
20,7,13
4,20,-16
1,0,1
10,10,0
2,1,1
0,0,0
2,1,1
8,2,6
27,27,0
6,6,0
0,23,-23
9,9,0
2,1,1
0,0,0
0,1,-1
2,10,-8
2,2,0
5,15,-10
13,8,5
2,2,0
1,1,0
15,30,-15
3,0,3
4,0,4
24,16,8
0,6,-6
8,4,4
1,1,0
8,9,-1
2,11,-9
0,0,0
9,9,0
11,3,8
4,4,0
0,0,0
13,22,-9
27,27,0
1,0,1
1,0,1
3,3,0
9,4,5
2,0,2
7,12,-5
21,21,0
7,5,2
5,7,-2
29,12,17
7,25,-18
13,13,0
4,17,-13
12,11,1
0,0,0
7,7,0
3,21,-18
3,6,-3
6,6,0
5,0,5
6,0,6
1,3,-2
5,0,5
0,2,-2
8,8,0
1,0,1
8,0,8
2,2,0
7,7,0
1,2,-1
1,1,0
7,7,0
2,2,0
2,11,-9
4,11,-7
7,7,0
13,13,0
8,7,1
28,28,0
1,1,0
0,0,0
1,3,-2
16,16,0
0,21,-21
8,5,3
2,0,2
0,0,0
8,0,8
0,0,0
4,2,2
9,6,3
27,28,-1
0,1,-1
0,4,-4
2,2,0
2,12,-10
2,2,0
4,12,-8
0,8,-8
13,4,9
12,2,10
9,9,0
0,2,-2
0,4,-4
8,0,8
0,0,0
5,28,-23
0,0,0
2,3,-1
1,9,-8
10,10,0
0,6,-6
2,7,-5
23,10,13
1,1,0
0,0,0
1,0,1
10,32,-22
5,0,5
1,14,-13
0,0,0
10,10,0
5,5,0
21,21,0
4,9,-5
8,11,-3
2,2,0
19,12,7
13,11,2
1,0,1
19,19,0
0,0,0
4,0,4
2,7,-5
5,1,4
32,32,0
14,0,14
0,0,0
10,0,10
4,0,4
1,1,0
0,0,0
3,0,3
34,4,30
3,1,2
2,8,-6
1,12,-11
8,23,-15
7,20,-13
19,2,17
0,0,0
0,0,0
0,1,-1
1,0,1
10,10,0
0,4,-4
4,13,-9
5,2,3
13,3,10
4,30,-26
0,6,-6
2,2,0
0,1,-1
2,6,-4
0,20,-20
4,3,1
7,7,0
5,0,5
16,15,1
6,0,6
6,7,-1
2,8,-6
1,1,0
1,2,-1
0,0,0
2,2,0
2,2,0
15,15,0
27,28,-1
8,8,0
2,2,0
10,5,5
0,7,-7
8,30,-22
2,18,-16
7,4,3
2,7,-5
7,0,7
3,1,2
5,23,-18
8,1,7
1,1,0
7,28,-21
3,9,-6
7,5,2
1,2,-1
15,15,0
12,15,-3
4,6,-2
7,9,-2
4,6,-2
1,30,-29
0,1,-1
15,16,-1
17,17,0
0,1,-1
16,16,0
0,0,0
2,2,0
10,5,5
0,4,-4
2,2,0
1,1,0
2,5,-3
27,27,0
0,0,0
6,5,1
22,1,21
1,1,0
6,0,6
0,0,0
5,28,-23
8,5,3
16,8,8
2,6,-4
7,7,0
0,4,-4
121,42,79
7,2,5
0,0,0
9,9,0
1,1,0
10,11,-1
0,0,0
22,0,22
3,2,1
13,21,-8
3,15,-12
8,8,0
0,2,-2
2,2,0
2,0,2
0,10,-10
16,3,13
4,0,4
3,0,3
2,2,0
6,6,0
6,5,1
15,15,0
16,12,4
4,4,0
3,2,1
2,4,-2
21,7,14
4,15,-11
1,3,-2
2,2,0
0,0,0
12,7,5
0,0,0
10,10,0
6,6,0
13,13,0
20,19,1
11,8,3
8,10,-2
0,1,-1
23,23,0
2,1,1
28,0,28
0,0,0
16,11,5
5,0,5
3,25,-22
0,0,0
0,0,0
7,1,6
5,39,-34
13,18,-5
1,0,1
9,9,0
7,2,5
29,6,23
0,0,0
8,7,1
4,6,-2
20,7,13
7,7,0
10,9,1
5,8,-3
5,5,0
2,3,-1
23,12,11
60,29,31
1,1,0
45,3,42
17,8,9
6,6,0
21,21,0
5,20,-15
0,1,-1
2,42,-40
9,2,7
20,0,20
1,0,1
11,0,11
10,1,9
6,1,5
2,0,2
17,8,9
0,0,0
10,13,-3
2,6,-4
1,1,0
6,9,-3
7,7,0
2,0,2
16,16,0
13,1,12
8,8,0
7,8,-1
5,4,1
0,36,-36
6,2,4
1,1,0
1,1,0
3,3,0
2,2,0
1,2,-1
1,0,1
0,0,0
7,0,7
7,12,-5
0,1,-1
1,1,0
3,4,-1
3,6,-3
4,2,2
19,0,19
3,8,-5
0,1,-1
1,1,0
0,0,0
0,5,-5
10,10,0
0,0,0
2,2,0
33,33,0
3,0,3
4,13,-9
3,3,0
12,0,12
0,0,0
4,0,4
4,7,-3
0,0,0
2,0,2
3,3,0
1,2,-1
0,0,0
4,8,-4
13,1,12
0,0,0
21,21,0
21,14,7
6,6,0
16,8,8
6,0,6
27,3,24
0,0,0
4,4,0
0,0,0
3,8,-5
0,22,-22
6,1,5
23,2,21
27,24,3
0,3,-3
17,0,17
5,5,0
1,1,0
0,0,0
1,9,-8
2,2,0
11,32,-21
0,12,-12
9,9,0
2,2,0
2,2,0
38,10,28
13,4,9
13,37,-24
0,0,0
8,8,0
2,2,0
1,1,0
0,0,0
2,2,0
3,8,-5
3,0,3
0,0,0
4,4,0
1,0,1
4,0,4
2,0,2
2,2,0
2,0,2
12,35,-23
6,6,0
11,12,-1
1,15,-14
0,0,0
4,0,4
6,6,0
15,15,0
7,19,-12
2,0,2
1,0,1
0,1,-1
1,5,-4
0,0,0
11,11,0
5,0,5
11,11,0
1,1,0
3,1,2
3,3,0
39,39,0
3,2,1
7,7,0
4,1,3
6,0,6
12,0,12
2,3,-1
10,15,-5
8,8,0
0,0,0
1,0,1
0,0,0
3,0,3
5,4,1
1,0,1
1,1,0
0,10,-10
10,2,8
3,3,0
13,13,0
10,5,5
0,4,-4
3,10,-7
1,0,1
10,10,0
4,1,3
3,3,0
2,15,-13
5,5,0
5,0,5
0,5,-5
4,6,-2
3,2,1
16,33,-17
2,0,2
5,0,5
16,0,16
7,7,0
13,13,0
1,7,-6
33,27,6
1,7,-6
13,1,12
6,6,0
9,2,7
0,0,0
5,1,4
3,15,-12
3,1,2
3,7,-4
0,0,0
1,0,1
4,0,4
1,0,1
4,6,-2
9,3,6
0,0,0
34,34,0
3,0,3
6,91,-85
0,0,0
0,8,-8
0,1,-1
2,14,-12
10,11,-1
1,7,-6
9,13,-4
7,7,0
5,8,-3
1,1,0
11,8,3
2,2,0
0,1,-1
1,0,1
8,8,0
0,11,-11
13,13,0
14,2,12
13,1,12
7,5,2
1,2,-1
4,4,0
13,6,7
9,2,7
0,0,0
9,3,6
0,17,-17
9,3,6
2,0,2
5,11,-6
0,0,0
13,13,0
0,10,-10
6,5,1
2,9,-7
6,1,5
50,1,49
0,1,-1
10,16,-6
2,0,2
0,0,0
3,26,-23
5,5,0
12,8,4
7,15,-8
23,1,22
39,39,0
2,0,2
0,8,-8
19,19,0
0,0,0
6,10,-4
0,11,-11
0,0,0
0,1,-1
5,5,0
1,4,-3
8,2,6
11,10,1
4,0,4
9,23,-14
0,0,0
22,21,1
1,0,1
0,0,0
8,30,-22
8,2,6
7,3,4
0,0,0
1,19,-18
13,13,0
2,2,0
11,11,0
12,20,-8
2,0,2
3,18,-15
10,10,0
9,9,0
10,5,5
9,16,-7
3,2,1
2,3,-1
0,3,-3
1,1,0
0,0,0
15,4,11
27,27,0
10,4,6
5,3,2
3,6,-3
26,5,21
1,3,-2
15,15,0
9,9,0
10,14,-4
3,3,0
13,13,0
1,1,0
0,0,0
6,9,-3
5,6,-1
14,9,5
10,1,9
4,4,0
4,0,4
0,0,0
0,7,-7
8,3,5
2,2,0
0,0,0
0,0,0
9,15,-6
17,0,17
2,0,2
0,40,-40
2,2,0
0,2,-2
3,3,0
1,1,0
0,5,-5
4,3,1
10,10,0
0,0,0
0,1,-1
17,16,1
3,37,-34
6,8,-2
0,0,0
7,5,2
1,0,1
2,24,-22
0,0,0
10,16,-6
9,5,4
8,1,7
1,5,-4
8,2,6
8,11,-3
42,18,24
0,8,-8
22,49,-27
0,0,0
0,2,-2
4,2,2
1,1,0
0,3,-3
1,1,0
4,3,1
4,2,2
10,7,3
0,0,0
2,2,0
2,13,-11
0,1,-1
1,6,-5
10,11,-1
0,0,0
0,21,-21
0,0,0
2,3,-1
6,0,6
8,0,8
6,4,2
11,11,0
6,6,0
0,0,0
0,1,-1
6,8,-2
0,1,-1
1,0,1
0,7,-7
1,14,-13
2,31,-29
4,0,4
7,7,0
32,5,27
1,0,1
22,8,14
1,5,-4
2,2,0
1,1,0
4,1,3
1,19,-18
0,0,0
4,4,0
1,1,0
8,2,6
2,0,2
4,15,-11
13,4,9
1,4,-3
8,11,-3
2,15,-13
6,7,-1
4,3,1
6,25,-19
4,5,-1
0,0,0
4,0,4
1,0,1
17,16,1
4,9,-5
2,1,1
10,3,7
0,1,-1
4,2,2
10,23,-13
17,3,14
0,0,0
7,10,-3
1,1,0
5,5,0
24,30,-6
14,10,4
8,10,-2
3,3,0
0,11,-11
38,13,25
6,6,0
7,12,-5
2,0,2
4,4,0
7,0,7
0,2,-2
0,8,-8
0,5,-5
22,0,22
39,1,38
9,3,6
18,0,18
13,13,0
0,0,0
1,7,-6
0,25,-25
13,6,7
4,4,0
0,0,0
10,10,0
5,1,4
1,0,1
0,0,0
1,0,1
19,43,-24
5,5,0
0,0,0
19,4,15
1,1,0
2,17,-15
11,0,11
6,0,6
3,23,-20
2,2,0
0,0,0
3,22,-19
0,2,-2
0,0,0
11,5,6
0,1,-1
21,21,0
3,7,-4
0,4,-4
1,9,-8
8,8,0
2,2,0
1,1,0
0,0,0
4,2,2
2,2,0
15,15,0
2,16,-14
22,22,0
19,19,0
1,0,1
21,26,-5
4,4,0
0,0,0
3,9,-6
24,3,21
3,0,3
3,14,-11
4,11,-7
2,2,0
14,14,0
3,28,-25
11,11,0
6,1,5
1,15,-14
0,0,0
1,1,0
4,4,0
2,4,-2
33,11,22
6,0,6
7,16,-9
5,8,-3
4,4,0
0,0,0
0,0,0
1,0,1
8,18,-10
5,0,5
1,5,-4
5,5,0
0,0,0
4,47,-43
2,2,0
3,16,-13
0,4,-4
10,28,-18
3,4,-1
2,8,-6
7,1,6
0,19,-19
7,0,7
2,2,0
6,6,0
0,17,-17
28,18,10
2,2,0
16,0,16
3,6,-3
3,2,1
1,1,0
1,5,-4
0,13,-13
11,5,6
3,0,3
24,11,13
13,19,-6
4,0,4
6,6,0
2,0,2
4,12,-8
0,0,0
0,0,0
1,5,-4
20,20,0
0,0,0
11,12,-1
0,90,-90
5,9,-4
9,18,-9
4,14,-10
0,2,-2
0,32,-32
2,3,-1
0,0,0
1,1,0
0,0,0
4,4,0
0,0,0
0,8,-8
6,2,4
2,0,2
2,2,0
5,3,2
7,5,2
14,19,-5
0,0,0
2,0,2
1,0,1
10,5,5
0,5,-5
4,3,1
11,1,10
0,1,-1
4,12,-8
0,0,0
31,6,25
10,10,0
1,1,0
0,1,-1
7,7,0
12,12,0
4,2,2
2,20,-18
2,0,2
0,0,0
14,3,11
3,3,0
3,10,-7
1,0,1
4,8,-4
1,0,1
1,2,-1
4,2,2
17,17,0
2,0,2
2,10,-8
0,0,0
4,0,4
0,7,-7
2,2,0
7,2,5
2,2,0
0,54,-54
0,0,0
7,7,0
41,5,36
16,15,1
15,0,15
9,9,0
0,1,-1
7,5,2
1,0,1
1,0,1
0,0,0
5,0,5
3,10,-7
15,18,-3
2,2,0
6,7,-1
13,13,0
0,3,-3
11,11,0
4,4,0
2,2,0
2,0,2
4,7,-3
0,5,-5
13,15,-2
0,0,0
0,5,-5
16,12,4
6,7,-1
0,6,-6
57,3,54
9,7,2
24,2,22
1,0,1
0,0,0
13,0,13
20,20,0
2,0,2
3,16,-13
0,0,0
0,21,-21
2,7,-5
0,3,-3
7,2,5
1,0,1
6,6,0
6,6,0
8,16,-8
3,3,0
2,0,2
0,0,0
9,4,5
0,1,-1
0,0,0
8,15,-7
1,1,0
6,6,0
17,11,6
10,10,0
4,4,0
1,0,1
4,14,-10
2,1,1
1,0,1
0,0,0
3,0,3
9,9,0
0,0,0
5,4,1
0,0,0
39,1,38
8,12,-4
0,0,0
1,2,-1
1,6,-5
8,2,6
8,14,-6
0,0,0
2,2,0
1,1,0
0,0,0
0,0,0
0,2,-2
0,0,0
0,0,0
0,25,-25
1,7,-6
0,0,0
0,0,0
0,0,0
4,2,2
0,0,0
1,1,0
0,0,0
2,17,-15
2,2,0
5,2,3
5,5,0
27,27,0
10,9,1
40,18,22
1,0,1
15,15,0
27,5,22
0,0,0
1,1,0
1,1,0
0,0,0
0,0,0
11,17,-6
0,0,0
14,20,-6
14,14,0
2,2,0
15,1,14
0,0,0
8,1,7
10,10,0
0,3,-3
36,3,33
2,2,0
0,0,0
1,0,1
2,0,2
12,0,12
2,0,2
17,0,17
8,1,7
13,13,0
8,2,6
5,2,3
0,14,-14
2,2,0
1,0,1
11,0,11
4,4,0
0,6,-6
0,4,-4
22,5,17
21,21,0
11,11,0
1,1,0
24,6,18
4,12,-8
19,19,0
12,14,-2
0,0,0
3,2,1
17,20,-3
0,11,-11
2,2,0
13,13,0
1,1,0
26,20,6
4,0,4
14,21,-7
9,3,6
20,14,6
1,0,1
6,12,-6
2,0,2
4,1,3
9,12,-3
1,0,1
1,1,0
6,10,-4
19,1,18
0,2,-2
5,1,4
8,8,0
6,6,0
0,0,0
0,0,0
16,16,0
2,0,2
0,0,0
0,0,0
10,6,4
0,4,-4
1,1,0
7,7,0
6,13,-7
35,12,23
0,5,-5
10,15,-5
15,6,9
3,7,-4
6,10,-4
7,3,4
0,0,0
18,32,-14
13,32,-19
5,5,0
0,0,0
18,0,18
4,7,-3
4,16,-12
10,10,0
2,5,-3
5,0,5
10,14,-4
3,0,3
6,9,-3
6,6,0
0,0,0
8,24,-16
5,0,5
4,4,0
4,1,3
1,3,-2
8,8,0
6,5,1
21,21,0
7,7,0
14,5,9
8,4,4
2,5,-3
4,10,-6
0,0,0
0,0,0
1,1,0
8,0,8
10,10,0
3,3,0
2,0,2
3,7,-4
1,0,1
18,18,0
0,0,0
1,0,1
9,9,0
0,0,0
28,24,4
1,10,-9
16,16,0
17,17,0
3,3,0
7,15,-8
2,0,2
11,8,3
13,3,10
4,14,-10
1,73,-72
1,0,1
1,1,0
16,5,11
6,15,-9
4,13,-9
3,0,3
1,3,-2
2,2,0
0,0,0
0,17,-17
22,41,-19
7,1,6
21,8,13
7,10,-3
5,5,0
0,0,0
13,37,-24
0,0,0
1,7,-6
0,5,-5
8,8,0
0,0,0
4,4,0
2,16,-14
21,40,-19
4,4,0
8,4,4
11,17,-6
6,8,-2
1,1,0
8,2,6
1,1,0
0,0,0
6,6,0
1,6,-5
16,7,9
0,0,0
3,11,-8
0,0,0
10,10,0
2,0,2
0,0,0
7,7,0
28,1,27
21,17,4
17,17,0
7,1,6
0,2,-2
1,0,1
2,0,2
1,1,0
2,20,-18
4,4,0
8,13,-5
0,1,-1
0,1,-1
13,1,12
0,0,0
2,5,-3
6,6,0
0,0,0
16,7,9
0,0,0
0,1,-1
59,23,36
9,1,8
6,21,-15
0,0,0
3,12,-9
12,18,-6
3,0,3
8,2,6
7,7,0
10,10,0
8,1,7
5,5,0
0,0,0
3,3,0
13,3,10
21,0,21
10,17,-7
5,5,0
0,0,0
15,9,6
4,4,0
12,2,10
20,44,-24
4,1,3
0,0,0
0,0,0
7,7,0
12,17,-5
2,0,2
5,8,-3
7,7,0
3,6,-3
4,2,2
11,11,0
0,0,0
3,0,3
1,1,0
15,2,13
0,0,0
2,8,-6
0,0,0
1,0,1
1,1,0
2,1,1
3,2,1
1,1,0
0,0,0
8,1,7
0,0,0
6,5,1
17,17,0
6,2,4
3,3,0
4,12,-8
0,0,0
5,5,0
25,50,-25
25,14,11
0,14,-14
3,3,0
2,3,-1
2,0,2
2,2,0
6,6,0
6,0,6
27,27,0
0,0,0
5,3,2
13,1,12
4,4,0
3,3,0
6,6,0
5,35,-30
1,0,1
2,0,2
8,9,-1
3,0,3
6,0,6
21,25,-4
4,0,4
2,2,0
12,12,0
0,0,0
0,0,0
2,2,0
0,5,-5
44,44,0
1,15,-14
16,9,7
9,2,7
13,12,1
1,2,-1
4,4,0
4,4,0
1,0,1
22,6,16
2,0,2
2,0,2
3,0,3
0,0,0
27,27,0
32,27,5
0,1,-1
7,0,7
2,26,-24
12,12,0
12,4,8
4,7,-3
0,0,0
1,1,0
0,0,0
0,5,-5
16,13,3
1,0,1
1,16,-15
0,34,-34
9,9,0
6,0,6
9,31,-22
8,0,8
0,0,0
0,0,0
30,11,19
5,4,1
15,15,0
1,4,-3
5,5,0
5,60,-55
8,8,0
8,11,-3
8,8,0
28,13,15
0,6,-6
8,34,-26
1,5,-4
5,5,0
6,6,0
5,5,0
6,31,-25
8,10,-2
0,0,0
3,0,3
0,0,0
2,2,0
2,5,-3
4,21,-17
0,0,0
0,0,0
12,6,6
4,7,-3
2,2,0
8,0,8
4,21,-17
2,2,0
34,5,29
0,0,0
0,0,0
1,1,0
2,7,-5
5,5,0
3,3,0
2,4,-2
3,3,0
5,11,-6
1,14,-13
1,1,0
1,0,1
19,11,8
8,5,3
14,14,0
1,0,1
0,0,0
12,5,7
16,16,0
3,3,0
5,5,0
22,5,17
2,2,0
4,0,4
8,7,1
1,1,0
2,0,2
8,8,0
9,5,4
10,7,3
6,1,5
0,1,-1
10,2,8
1,2,-1
3,3,0
5,5,0
29,29,0
1,17,-16
13,0,13
6,27,-21
4,9,-5
8,34,-26
1,1,0
0,0,0
3,10,-7
1,1,0
7,0,7
8,11,-3
10,23,-13
13,0,13
11,11,0
1,6,-5
38,38,0
2,14,-12
13,10,3
26,26,0
11,12,-1
15,5,10
21,0,21
7,2,5
0,1,-1
5,13,-8
1,0,1
9,16,-7
2,0,2
0,7,-7
5,10,-5
0,0,0
0,0,0
2,5,-3
0,0,0
8,10,-2
0,4,-4
3,5,-2
0,0,0
2,2,0
2,2,0
10,10,0
4,4,0
8,33,-25
14,2,12
0,2,-2
2,25,-23
4,0,4
0,14,-14
0,0,0
0,0,0
5,19,-14
3,0,3
5,0,5
3,3,0
0,55,-55
26,11,15
3,0,3
5,19,-14
3,10,-7
4,2,2
3,7,-4
24,24,0
3,0,3
8,8,0
1,1,0
0,0,0
3,3,0
2,9,-7
6,6,0
2,2,0
3,0,3
17,23,-6
19,19,0
0,0,0
4,4,0
6,6,0
0,0,0
10,10,0
3,0,3
9,2,7
2,2,0
12,37,-25
10,1,9
0,0,0
7,7,0
0,0,0
1,1,0
3,1,2
0,3,-3
0,0,0
3,0,3
5,5,0
0,1,-1
3,3,0
4,11,-7
0,0,0
1,1,0
11,27,-16
0,0,0
2,1,1
2,2,0
7,2,5
3,3,0
7,7,0
5,5,0
0,0,0
0,0,0
3,18,-15
1,1,0
6,0,6
0,3,-3
2,2,0
1,1,0
6,1,5
4,3,1
9,8,1
0,0,0
0,0,0
6,6,0
0,17,-17
3,0,3
2,2,0
1,0,1
21,28,-7
59,24,35
3,0,3
35,23,12
0,0,0
10,10,0
5,12,-7
0,0,0
1,1,0
0,17,-17
7,41,-34
3,0,3
15,0,15
2,0,2
5,5,0
0,0,0
24,24,0
2,2,0
32,16,16
0,22,-22
1,0,1
0,0,0
7,7,0
29,15,14
12,4,8
1,6,-5
3,4,-1
2,2,0
2,2,0
0,0,0
4,4,0
10,10,0
0,0,0
13,25,-12
2,2,0
15,15,0
0,0,0
0,0,0
2,0,2
9,9,0
10,5,5
2,2,0
16,3,13
11,2,9
24,24,0
6,0,6
9,9,0
0,20,-20
16,18,-2
1,1,0
2,0,2
1,2,-1
4,4,0
0,0,0
1,1,0
2,1,1
2,0,2
1,7,-6
2,3,-1
3,3,0
27,4,23
10,3,7
1,1,0
0,0,0
15,15,0
24,24,0
3,0,3
2,2,0
6,4,2
3,0,3
0,0,0
15,4,11
0,4,-4
6,7,-1
23,23,0
2,0,2
2,27,-25
9,1,8
3,4,-1
17,3,14
7,0,7
17,39,-22
13,4,9
3,16,-13
6,15,-9
64,64,0
1,5,-4
6,3,3
3,13,-10
28,28,0
4,3,1
21,10,11
6,6,0
1,0,1
0,0,0
4,5,-1
0,8,-8
7,7,0
4,2,2
2,2,0
2,13,-11
13,10,3
9,24,-15
3,20,-17
1,0,1
17,17,0
2,13,-11
0,31,-31
9,15,-6
16,19,-3
0,0,0
0,0,0
1,0,1
0,0,0
9,13,-4
18,0,18
11,3,8
1,1,0
1,1,0
1,0,1
17,12,5
9,4,5
4,4,0
2,17,-15
2,8,-6
0,0,0
1,2,-1
1,0,1
3,1,2
3,8,-5
0,0,0
3,1,2
0,0,0
7,7,0
6,9,-3
36,0,36
1,0,1
0,3,-3
0,0,0
1,1,0
15,8,7
2,1,1
10,11,-1
0,0,0
6,14,-8
1,22,-21
8,8,0
0,0,0
10,3,7
0,0,0
10,6,4
7,7,0
0,0,0
0,3,-3
4,4,0
4,0,4
7,0,7
2,3,-1
4,4,0
1,0,1
0,0,0
4,0,4
0,0,0
12,43,-31
28,24,4
4,7,-3
9,52,-43
6,0,6
4,0,4
15,15,0
24,1,23
8,1,7
15,12,3
44,44,0
10,10,0
5,0,5
0,0,0
0,1,-1
8,8,0
3,12,-9
0,10,-10
1,5,-4
2,0,2
5,0,5
6,2,4
10,8,2
0,1,-1
0,2,-2
4,8,-4
2,2,0
0,7,-7
0,3,-3
10,1,9
19,5,14
0,0,0
15,15,0
1,2,-1
22,13,9
3,3,0
0,0,0
2,0,2
0,0,0
19,1,18
13,13,0
0,13,-13
1,1,0
2,5,-3
3,5,-2
1,1,0
9,0,9
46,3,43
0,0,0
5,3,2
10,0,10
1,1,0
0,0,0
11,0,11
10,25,-15
10,10,0
3,0,3
0,0,0
19,3,16
5,3,2
0,0,0
27,19,8
4,4,0
11,2,9
35,17,18
1,4,-3
10,0,10
7,7,0
7,15,-8
3,4,-1
16,3,13
3,3,0
2,0,2
9,1,8
5,5,0
7,4,3
7,6,1
3,2,1
18,16,2
3,1,2
1,1,0
6,2,4
3,10,-7
0,0,0
1,1,0
0,1,-1
7,4,3
14,1,13
0,0,0
2,2,0
0,7,-7
8,2,6
5,0,5
14,14,0
20,0,20
17,17,0
1,0,1
1,3,-2
6,6,0
0,0,0
17,19,-2
10,4,6
0,0,0
1,0,1
16,14,2
15,3,12
1,1,0
2,3,-1
5,0,5
0,0,0
16,16,0
1,3,-2
9,10,-1
24,26,-2
29,17,12
0,0,0
4,2,2
6,6,0
17,3,14
0,0,0
0,0,0
31,23,8
37,37,0
2,2,0
2,0,2
7,21,-14
1,0,1
9,9,0
0,0,0
11,0,11
4,4,0
9,6,3
19,3,16
0,0,0
0,12,-12
28,5,23
21,21,0
1,0,1
0,0,0
4,3,1
2,2,0
0,0,0
0,7,-7
6,10,-4
1,1,0
12,16,-4
6,11,-5
49,19,30
3,0,3
0,0,0
9,9,0
1,0,1
10,10,0
23,1,22
5,1,4
3,13,-10
38,25,13
0,0,0
2,14,-12
0,9,-9
4,4,0
0,0,0
5,3,2
18,4,14
0,0,0
9,15,-6
5,0,5
2,0,2
9,9,0
1,1,0
2,14,-12
2,2,0
0,0,0
8,8,0
0,20,-20
5,5,0
23,32,-9
5,4,1
62,2,60
20,20,0
3,31,-28
6,7,-1
8,1,7
8,12,-4
2,0,2
6,11,-5
10,7,3
2,0,2
7,12,-5
6,6,0
1,0,1
12,29,-17
1,0,1
1,15,-14
0,43,-43
1,5,-4
11,3,8
1,27,-26
3,0,3
3,0,3
2,0,2
6,1,5
0,0,0
0,0,0
17,0,17
4,0,4
13,0,13
16,0,16
15,15,0
2,0,2
4,4,0
30,30,0
4,0,4
20,20,0
0,7,-7
15,8,7
7,3,4
13,16,-3
10,9,1
7,7,0
1,10,-9
5,7,-2
0,0,0
11,2,9
10,31,-21
23,8,15
14,0,14
3,20,-17
4,0,4
7,9,-2
6,11,-5
0,0,0
0,1,-1
1,0,1
16,16,0
4,0,4
0,3,-3
3,3,0
8,6,2
13,52,-39
1,24,-23
8,1,7
8,0,8
17,10,7
21,21,0
3,7,-4
9,1,8
15,15,0
0,0,0
6,16,-10
13,5,8
0,1,-1
9,9,0
1,1,0
4,4,0
7,7,0
0,2,-2
17,11,6
22,27,-5
3,1,2
0,24,-24
1,4,-3
13,13,0
2,2,0
3,0,3
0,1,-1
11,17,-6
9,40,-31
8,7,1
0,5,-5
11,11,0
15,0,15
2,12,-10
10,20,-10
14,3,11
0,10,-10
0,0,0
10,0,10
12,4,8
0,0,0
3,2,1
2,10,-8
34,1,33
12,3,9
9,0,9
2,0,2
5,46,-41
0,0,0
8,4,4
17,17,0
0,0,0
1,2,-1
3,5,-2
0,1,-1
0,1,-1
15,17,-2
2,2,0
1,0,1
1,2,-1
8,10,-2
1,3,-2
2,2,0
4,4,0
14,12,2
2,1,1
0,4,-4
1,16,-15
1,4,-3
8,8,0
0,0,0
3,0,3
1,0,1
2,0,2
3,0,3
4,1,3
0,5,-5
36,56,-20
2,40,-38
0,2,-2
8,8,0
14,8,6
7,5,2
0,0,0
5,8,-3
0,7,-7
0,0,0
4,4,0
0,0,0
11,49,-38
2,0,2
1,0,1
16,20,-4
1,1,0
3,1,2
2,2,0
14,14,0
13,13,0
27,18,9
3,12,-9
5,0,5
3,13,-10
4,4,0
1,0,1
4,0,4
1,0,1
2,3,-1
3,3,0
0,0,0
1,0,1
2,0,2
0,0,0
2,3,-1
2,6,-4
7,8,-1
0,0,0
14,11,3
8,8,0
8,3,5
8,3,5
1,1,0
0,0,0
5,2,3
0,0,0
2,2,0
0,0,0
2,0,2
14,10,4
3,6,-3
3,5,-2
10,14,-4
26,7,19
1,0,1
0,0,0
4,0,4
3,1,2
6,15,-9
6,5,1
19,19,0
8,4,4
9,7,2
1,0,1
5,5,0
6,2,4
0,0,0
10,6,4
0,0,0
52,1,51
17,6,11
12,12,0
7,0,7
0,0,0
10,0,10
3,23,-20
4,25,-21
28,0,28
15,12,3
1,0,1
1,1,0
0,5,-5
30,14,16
0,3,-3
2,25,-23
10,10,0
6,4,2
6,4,2
9,9,0
0,0,0
0,0,0
3,4,-1
11,14,-3
1,1,0
1,1,0
2,11,-9
4,4,0
1,1,0
0,5,-5
27,24,3
0,0,0
0,0,0
4,9,-5
2,0,2
6,4,2
0,34,-34
109,109,0
3,0,3
21,1,20
16,16,0
6,6,0
13,1,12
0,9,-9
0,0,0
19,19,0
15,15,0
18,4,14
2,17,-15
37,11,26
4,9,-5
5,0,5
1,15,-14
0,0,0
0,0,0
17,4,13
0,11,-11
1,0,1
0,11,-11
1,0,1
14,4,10
0,0,0
2,4,-2
10,10,0
3,9,-6
1,0,1
11,26,-15
11,38,-27
11,11,0
1,1,0
0,0,0
0,4,-4
1,0,1
0,22,-22
0,0,0
3,0,3
0,0,0
21,2,19
9,9,0
0,0,0
12,12,0
3,0,3
3,27,-24
0,0,0
8,24,-16
25,25,0
11,11,0
14,11,3
7,4,3
1,0,1
0,2,-2
2,0,2
8,8,0
1,0,1
9,1,8
0,13,-13
0,6,-6
0,18,-18
2,0,2
0,0,0
0,13,-13
1,4,-3
18,4,14
4,4,0
7,17,-10
0,0,0
1,0,1
16,1,15
12,4,8
0,0,0
12,17,-5
3,12,-9
6,5,1
15,23,-8
25,2,23
7,7,0
1,0,1
8,0,8
1,0,1
1,11,-10
0,0,0
0,0,0
2,2,0
5,23,-18
0,0,0
14,0,14
0,5,-5
11,5,6
6,9,-3
3,0,3
11,11,0
3,0,3
2,0,2
14,14,0
20,20,0
0,1,-1
2,3,-1
11,11,0
2,8,-6
11,0,11
7,23,-16
0,1,-1
1,1,0
8,0,8
1,7,-6
15,15,0
2,0,2
1,0,1
1,8,-7
1,1,0
1,1,0
2,1,1
1,0,1
0,0,0
17,17,0
7,2,5
12,12,0
0,0,0
10,2,8
2,9,-7
5,0,5
7,14,-7
0,0,0
0,8,-8
4,20,-16
3,0,3
7,7,0
0,1,-1
1,0,1
2,0,2
2,1,1
8,6,2
5,5,0
4,5,-1
6,11,-5
0,28,-28
14,6,8
0,0,0
9,4,5
2,26,-24
8,19,-11
1,0,1
0,0,0
2,2,0
0,0,0
0,1,-1
0,1,-1
0,0,0
1,0,1
0,0,0
15,13,2
2,7,-5
5,9,-4
0,0,0
34,7,27
2,2,0
3,1,2
1,1,0
1,0,1
0,0,0
14,14,0
0,0,0
1,15,-14
8,4,4
24,13,11
6,1,5
2,0,2
8,1,7
3,18,-15
12,12,0
0,0,0
1,1,0
1,13,-12
2,2,0
24,24,0
21,12,9
19,4,15
32,24,8
7,0,7
9,9,0
3,24,-21
7,7,0
0,0,0
4,0,4
6,6,0
4,1,3
4,2,2
0,0,0
28,0,28
9,1,8
1,1,0
4,0,4
6,44,-38
3,2,1
4,5,-1
11,16,-5
7,21,-14
23,4,19
2,0,2
5,5,0
0,6,-6
1,0,1
5,16,-11
2,0,2
5,2,3
2,9,-7
2,5,-3
0,0,0
22,0,22
29,29,0
2,0,2
9,6,3
20,0,20
8,12,-4
13,10,3
5,10,-5
3,15,-12
8,6,2
2,2,0
2,2,0
22,22,0
9,0,9
6,6,0
20,20,0
1,1,0
0,4,-4
13,1,12
2,1,1
0,4,-4
1,0,1
12,2,10
5,6,-1
1,1,0
11,1,10
5,1,4
0,15,-15
4,7,-3
0,0,0
47,47,0
7,40,-33
14,7,7
5,5,0
0,0,0
6,16,-10
6,2,4
87,5,82
0,0,0
4,4,0
6,0,6
0,0,0
3,8,-5
1,0,1
23,3,20
1,8,-7
8,4,4
5,2,3
3,3,0
9,9,0
7,0,7
5,2,3
12,12,0
2,2,0
5,5,0
31,0,31
0,0,0
13,1,12
12,12,0
19,7,12
5,5,0
7,7,0
14,4,10
27,27,0
6,3,3
3,0,3
4,4,0
12,4,8
3,6,-3
4,9,-5
0,0,0
2,0,2
6,1,5
0,0,0
12,12,0
2,0,2
1,0,1
11,23,-12
0,0,0
6,0,6
0,0,0
6,5,1
5,6,-1
2,2,0
5,15,-10
0,0,0
1,0,1
0,12,-12
2,0,2
0,0,0
5,6,-1
3,7,-4
3,0,3
1,1,0
0,15,-15
10,5,5
0,0,0
2,16,-14
2,2,0
8,8,0
4,0,4
0,6,-6
1,3,-2
0,0,0
0,1,-1
6,0,6
8,6,2
0,1,-1
4,7,-3
5,5,0
2,0,2
0,3,-3
4,9,-5
6,0,6
3,5,-2
5,5,0
8,10,-2
0,0,0
3,7,-4
11,11,0
6,7,-1
27,6,21
0,0,0
0,0,0
0,0,0
38,6,32
10,34,-24
0,2,-2
9,9,0
2,1,1
2,0,2
0,4,-4
0,0,0
2,1,1
9,8,1
18,14,4
3,0,3
1,0,1
10,24,-14
11,11,0
24,14,10
17,4,13
0,0,0
2,2,0
6,3,3
2,2,0
9,0,9
1,1,0
32,32,0
4,18,-14
11,20,-9
12,16,-4
6,1,5
4,1,3
9,11,-2
1,0,1
4,10,-6
20,21,-1
15,0,15
2,0,2
0,1,-1
0,0,0
2,22,-20
3,8,-5
8,0,8
0,0,0
10,10,0
10,9,1
0,0,0
3,0,3
5,8,-3
1,0,1
3,2,1
15,15,0
3,7,-4
7,5,2
2,0,2
1,0,1
18,18,0
14,11,3
13,11,2
3,0,3
3,0,3
0,0,0
4,1,3
2,16,-14
3,3,0
0,12,-12
4,30,-26
0,0,0
6,6,0
0,3,-3
12,26,-14
0,0,0
11,11,0
3,2,1
33,7,26
24,1,23
2,2,0
16,21,-5
2,2,0
0,0,0
11,38,-27
0,0,0
0,19,-19
4,5,-1
3,0,3
2,7,-5
2,2,0
2,2,0
4,0,4
0,0,0
0,6,-6
3,42,-39
24,0,24
2,2,0
10,6,4
3,3,0
12,9,3
0,0,0
3,3,0
2,1,1
0,0,0
1,1,0
14,0,14
1,2,-1
6,1,5
0,3,-3
1,1,0
2,2,0
24,0,24
9,16,-7
0,4,-4
0,7,-7
6,0,6
9,0,9
1,0,1
0,0,0
1,0,1
3,3,0
19,0,19
15,15,0
16,20,-4
3,3,0
6,6,0
2,2,0
3,0,3
17,22,-5
3,13,-10
5,0,5
0,32,-32
0,0,0
1,0,1
0,0,0
2,2,0
6,8,-2
9,0,9
2,0,2
1,2,-1
0,2,-2
0,6,-6
0,0,0
14,2,12
0,0,0
7,1,6
0,6,-6
11,11,0
4,4,0
4,6,-2
0,2,-2
21,21,0
20,20,0
6,4,2
1,1,0
1,1,0
1,0,1
0,0,0
8,15,-7
1,2,-1
7,7,0
5,14,-9
0,2,-2
7,40,-33
0,6,-6
0,5,-5
0,0,0
12,8,4
1,3,-2
10,10,0
13,0,13
10,10,0
4,4,0
6,6,0
0,0,0
10,1,9
0,0,0
12,8,4
3,5,-2
2,2,0
0,0,0
0,0,0
0,0,0
10,5,5
16,0,16
2,6,-4
0,2,-2
2,2,0
0,0,0
25,6,19
17,17,0
1,0,1
16,18,-2
0,0,0
3,4,-1
9,27,-18
6,3,3
41,12,29
7,33,-26
18,14,4
0,10,-10
1,7,-6
5,5,0
27,27,0
14,5,9
3,0,3
2,5,-3
0,0,0
3,3,0
11,11,0
0,0,0
4,4,0
0,0,0
21,23,-2
6,48,-42
8,8,0
0,0,0
1,0,1
4,3,1
0,0,0
7,7,0
27,1,26
0,0,0
1,0,1
11,11,0
5,5,0
109,109,0
20,19,1
3,2,1
5,5,0
14,1,13
11,7,4
0,0,0
2,0,2
0,0,0
0,7,-7
0,0,0
0,0,0
1,5,-4
1,0,1
3,6,-3
1,6,-5
7,7,0
2,24,-22
8,5,3
6,0,6
7,7,0
7,1,6
0,8,-8
0,0,0
13,19,-6
1,3,-2
11,11,0
9,9,0
3,1,2
3,2,1
12,0,12
0,0,0
0,3,-3
6,2,4
3,0,3
8,8,0
6,6,0
0,0,0
23,4,19
5,5,0
1,4,-3
8,8,0
0,0,0
2,0,2
1,5,-4
10,0,10
18,18,0
0,0,0
19,5,14
19,3,16
0,0,0
0,0,0
30,16,14
5,0,5
0,3,-3
6,6,0
1,1,0
3,3,0
14,8,6
3,5,-2
16,16,0
6,6,0
0,1,-1
10,24,-14
6,3,3
0,1,-1
2,2,0
2,2,0
13,2,11
19,2,17
0,4,-4
11,11,0
5,11,-6
1,12,-11
0,0,0
9,0,9
2,2,0
0,0,0
2,4,-2
9,1,8
3,5,-2
22,1,21
40,8,32
0,0,0
0,0,0
1,4,-3
3,12,-9
0,0,0
0,0,0
16,16,0
2,2,0
16,14,2
0,0,0
1,0,1
10,7,3
19,16,3
7,0,7
0,12,-12
16,0,16
0,0,0
0,0,0
2,0,2
7,7,0
3,2,1
84,2,82
1,0,1
6,0,6
0,1,-1
0,16,-16
3,0,3
0,0,0
5,1,4
43,19,24
1,0,1
7,3,4
3,1,2
5,40,-35
7,4,3
3,14,-11
1,1,0
15,15,0
0,0,0
14,14,0
12,12,0
0,0,0
4,15,-11
10,10,0
7,6,1
4,6,-2
8,9,-1
0,0,0
13,4,9
36,13,23
9,13,-4
1,8,-7
1,1,0
13,43,-30
30,0,30
5,3,2
0,0,0
19,19,0
11,46,-35
2,2,0
2,15,-13
4,7,-3
14,4,10
18,18,0
2,7,-5
4,8,-4
9,9,0
10,4,6
7,7,0
9,24,-15
8,8,0
6,1,5
1,6,-5
26,4,22
0,2,-2
6,2,4
3,0,3
1,0,1
10,7,3
0,8,-8
8,5,3
0,0,0
1,0,1
3,3,0
4,3,1
48,37,11
6,15,-9
4,0,4
0,1,-1
3,14,-11
8,30,-22
29,22,7
8,8,0
1,9,-8
1,1,0
3,0,3
0,0,0
3,15,-12
13,36,-23
7,18,-11
4,1,3
15,13,2
2,9,-7
13,13,0
0,0,0
19,19,0
6,3,3
14,11,3
6,0,6
6,6,0
11,11,0
3,0,3
10,34,-24
3,0,3
1,1,0
1,0,1
8,0,8
7,2,5
5,4,1
4,0,4
9,11,-2
0,5,-5
2,6,-4
20,22,-2
8,4,4
13,3,10
0,0,0
4,0,4
2,2,0
1,0,1
19,1,18
13,11,2
3,0,3
3,0,3
1,0,1
65,19,46
1,2,-1
2,8,-6
0,13,-13
11,20,-9
2,36,-34
3,20,-17
2,0,2
0,10,-10
0,0,0
18,32,-14
7,11,-4
17,17,0
2,8,-6
0,0,0
5,14,-9
0,15,-15
9,0,9
2,1,1
1,1,0
14,14,0
0,0,0
5,9,-4
0,0,0
7,7,0
4,4,0
1,1,0
0,2,-2
3,8,-5
63,11,52
4,0,4
3,0,3
2,0,2
7,0,7
1,1,0
1,0,1
0,0,0
0,0,0
0,0,0
0,0,0
7,6,1
8,1,7
15,15,0
5,5,0
10,10,0
2,0,2
9,4,5
0,0,0
13,1,12
21,9,12
45,45,0
22,6,16
24,24,0
14,18,-4
7,0,7
5,5,0
0,0,0
6,0,6
0,10,-10
4,2,2
0,25,-25
4,7,-3
36,36,0
1,3,-2
8,5,3
5,15,-10
22,4,18
37,3,34
3,0,3
21,39,-18
0,0,0
11,0,11
1,1,0
1,1,0
2,5,-3
0,0,0
2,2,0
9,9,0
5,5,0
0,0,0
4,0,4
8,14,-6
0,3,-3
14,10,4
3,1,2
9,2,7
15,30,-15
0,13,-13
4,0,4
17,0,17
2,2,0
3,14,-11
2,0,2
0,0,0
9,9,0
28,5,23
6,6,0
0,3,-3
0,0,0
1,1,0
1,2,-1
14,14,0
0,3,-3
5,12,-7
4,4,0
11,11,0
3,3,0
19,19,0
12,9,3
21,21,0
5,17,-12
5,8,-3
7,2,5
0,0,0
0,3,-3
8,8,0
1,0,1
7,1,6
9,4,5
2,7,-5
1,0,1
2,21,-19
4,21,-17
4,8,-4
4,4,0
19,4,15
19,2,17
4,17,-13
16,21,-5
15,0,15
4,4,0
7,5,2
2,17,-15
0,1,-1
1,0,1
0,0,0
46,24,22
5,0,5
1,0,1
2,0,2
4,0,4
10,10,0
0,0,0
3,6,-3
5,5,0
12,17,-5
2,0,2
6,6,0
3,3,0
1,5,-4
1,1,0
16,16,0
0,1,-1
2,2,0
45,13,32
12,2,10
6,1,5
10,7,3
1,0,1
3,3,0
14,8,6
0,0,0
4,17,-13
8,25,-17
35,35,0
2,2,0
3,1,2
18,18,0
1,0,1
3,0,3
0,3,-3
3,3,0
5,27,-22
13,3,10
0,1,-1
2,19,-17
39,11,28
29,29,0
27,27,0
20,20,0
3,9,-6
2,7,-5
1,1,0
13,13,0
0,4,-4
2,2,0
14,17,-3
9,1,8
0,0,0
11,11,0
0,0,0
1,6,-5
8,8,0
5,1,4
21,21,0
1,0,1
5,5,0
6,6,0
32,29,3
4,18,-14
3,1,2
1,0,1
13,6,7
16,5,11
2,8,-6
1,5,-4
6,11,-5
0,11,-11
0,0,0
10,13,-3
0,11,-11
1,0,1
0,0,0
4,4,0
2,2,0
17,17,0
1,3,-2
9,9,0
4,4,0
0,0,0
0,3,-3
15,2,13
2,0,2
2,0,2
0,0,0
1,0,1
5,3,2
2,2,0
5,6,-1
0,0,0
5,0,5
6,0,6
4,9,-5
10,24,-14
5,5,0
37,37,0
41,6,35
0,0,0
2,0,2
5,0,5
0,0,0
8,0,8
0,1,-1
16,38,-22
10,1,9
1,1,0
0,0,0
0,5,-5
0,25,-25
0,0,0
0,5,-5
37,2,35
13,13,0
12,12,0
1,0,1
0,0,0
1,9,-8
1,9,-8
6,6,0
7,1,6
8,7,1
15,15,0
12,0,12
0,0,0
13,8,5
1,0,1
0,3,-3
2,6,-4
2,9,-7
5,2,3
10,5,5
2,32,-30
9,3,6
1,0,1
4,25,-21
1,0,1
1,0,1
0,0,0
0,0,0
4,4,0
0,2,-2
20,2,18
9,2,7
1,0,1
17,17,0
0,9,-9
4,1,3
2,2,0
7,12,-5
0,0,0
7,7,0
15,15,0
1,14,-13
2,5,-3
24,23,1
4,0,4
0,0,0
0,0,0
4,8,-4
1,18,-17
1,5,-4
10,2,8
11,6,5
10,10,0
6,4,2
0,50,-50
6,6,0
1,4,-3
7,7,0
0,6,-6
1,0,1
52,9,43
13,2,11
0,0,0
11,7,4
6,4,2
9,9,0
1,0,1
21,7,14
6,2,4
4,0,4
1,4,-3
1,6,-5
0,0,0
27,15,12
0,15,-15
1,0,1
18,1,17
1,0,1
3,13,-10
6,9,-3
7,52,-45
4,4,0
2,0,2
0,0,0
11,17,-6
1,0,1
0,0,0
18,0,18
13,8,5
1,7,-6
15,0,15
0,0,0
2,2,0
2,0,2
4,4,0
13,13,0
5,18,-13
3,3,0
6,13,-7
7,27,-20
1,25,-24
0,0,0
9,0,9
7,1,6
2,2,0
12,10,2
0,0,0
1,1,0
8,2,6
6,10,-4
1,9,-8
3,25,-22
1,31,-30
2,0,2
4,4,0
2,3,-1
2,1,1
1,1,0
7,8,-1
35,8,27
0,0,0
3,5,-2
7,4,3
9,16,-7
19,4,15
0,3,-3
7,7,0
0,7,-7
2,0,2
17,17,0
0,0,0
0,0,0
7,2,5
9,1,8
9,5,4
1,0,1
1,1,0
15,8,7
1,2,-1
3,3,0
3,3,0
4,0,4
12,1,11
9,0,9
5,0,5
4,8,-4
55,15,40
9,0,9
6,0,6
0,17,-17
5,11,-6
3,11,-8
7,7,0
3,12,-9
8,8,0
0,9,-9
18,23,-5
1,1,0
5,3,2
7,7,0
0,21,-21
2,0,2
0,16,-16
13,0,13
5,8,-3
3,35,-32
14,2,12
1,9,-8
2,4,-2
4,2,2
1,2,-1
7,7,0
5,35,-30
10,10,0
1,18,-17
2,2,0
2,1,1
2,1,1
1,16,-15
15,15,0
8,8,0
2,20,-18
5,5,0
43,9,34
0,0,0
9,0,9
1,0,1
0,4,-4
0,0,0
1,1,0
7,11,-4
2,2,0
26,23,3
3,9,-6
29,29,0
19,4,15
1,1,0
9,3,6
10,0,10
1,0,1
8,0,8
5,3,2
9,6,3
1,0,1
0,9,-9
6,0,6
9,3,6
11,0,11
2,0,2
0,0,0
0,0,0
8,13,-5
0,1,-1
3,2,1
11,11,0
1,1,0
3,3,0
2,20,-18
1,0,1
0,0,0
0,17,-17
1,1,0
6,2,4
1,0,1
1,1,0
4,4,0
4,24,-20
1,0,1
6,0,6
7,13,-6
0,1,-1
12,0,12
6,12,-6
7,0,7
1,0,1
5,5,0
24,24,0
0,2,-2
4,4,0
5,2,3
10,4,6
0,0,0
5,10,-5
6,14,-8
10,10,0
12,8,4
50,2,48
2,6,-4
2,1,1
13,35,-22
2,2,0
2,2,0
2,0,2
1,0,1
3,3,0
1,0,1
0,0,0
1,0,1
3,0,3
0,0,0
5,2,3
24,24,0
4,3,1
18,9,9
8,0,8
43,43,0
3,1,2
4,4,0
0,0,0
8,0,8
5,0,5
5,4,1
1,0,1
5,1,4
0,0,0
3,3,0
50,13,37
6,6,0
13,13,0
2,2,0
2,2,0
5,1,4
6,0,6
7,7,0
10,22,-12
2,3,-1
4,1,3
39,8,31
3,1,2
1,1,0
2,9,-7
25,25,0
3,3,0
4,2,2
14,14,0
0,0,0
2,2,0
6,2,4
6,6,0
14,2,12
2,4,-2
0,0,0
0,0,0
4,4,0
1,0,1
13,7,6
9,9,0
9,9,0
0,0,0
16,3,13
1,6,-5
0,0,0
1,0,1
1,1,0
13,13,0
5,9,-4
0,1,-1
0,0,0
2,0,2
1,1,0
74,8,66
4,0,4
2,3,-1
16,10,6
2,1,1
28,1,27
1,3,-2
0,0,0
6,7,-1
17,1,16
1,4,-3
14,18,-4
2,2,0
2,8,-6
3,3,0
4,4,0
9,12,-3
16,1,15
0,2,-2
0,0,0
1,0,1
1,19,-18
6,14,-8
3,14,-11
6,6,0
6,16,-10
0,1,-1
14,3,11
8,23,-15
0,0,0
6,10,-4
2,11,-9
8,17,-9
11,0,11
49,49,0
0,0,0
23,12,11
12,4,8
1,1,0
9,4,5
1,2,-1
2,15,-13
1,1,0
19,32,-13
54,54,0
3,3,0
7,4,3
2,0,2
2,10,-8
37,37,0
4,12,-8
3,3,0
5,5,0
4,32,-28
14,24,-10
15,15,0
1,7,-6
5,0,5
3,2,1
5,4,1
8,8,0
29,1,28
1,0,1
2,1,1
0,3,-3
6,6,0
27,0,27
5,5,0
2,2,0
1,0,1
1,28,-27
9,3,6
0,1,-1
5,8,-3
7,6,1
4,4,0
1,0,1
14,24,-10
0,1,-1
6,3,3
36,1,35
3,3,0
11,8,3
3,2,1
0,1,-1
17,17,0
1,4,-3
0,0,0
15,11,4
3,0,3
12,31,-19
0,26,-26
0,0,0
0,0,0
7,22,-15
21,33,-12
27,38,-11
7,0,7
2,8,-6
0,0,0
4,9,-5
3,0,3
10,46,-36
2,0,2
1,0,1
8,23,-15
8,8,0
2,0,2
0,3,-3
1,1,0
38,0,38
2,2,0
24,18,6
6,0,6
2,2,0
14,1,13
3,23,-20
0,6,-6
0,0,0
8,5,3
6,43,-37
2,11,-9
17,6,11
2,11,-9
3,0,3
8,8,0
2,0,2
9,9,0
0,0,0
0,0,0
5,0,5
6,3,3
2,8,-6
0,2,-2
0,0,0
0,0,0
17,16,1
32,32,0
7,9,-2
5,12,-7
4,7,-3
10,10,0
16,37,-21
11,11,0
15,10,5
7,16,-9
4,4,0
3,3,0
7,7,0
0,24,-24
22,22,0
13,13,0
0,4,-4
12,12,0
11,11,0
2,15,-13
16,16,0
8,0,8
16,16,0
1,1,0
1,1,0
17,39,-22
7,3,4
11,9,2
21,1,20
0,16,-16
1,0,1
7,30,-23
5,18,-13
14,2,12
4,0,4
8,0,8
8,8,0
12,12,0
0,0,0
4,6,-2
0,0,0
2,2,0
0,0,0
4,7,-3
0,11,-11
2,11,-9
0,5,-5
2,0,2
5,0,5
6,2,4
3,3,0
14,3,11
5,12,-7
20,0,20
13,9,4
15,15,0
3,2,1
0,0,0
3,0,3
1,11,-10
3,4,-1
1,1,0
4,4,0
1,0,1
18,18,0
6,0,6
12,0,12
8,3,5
6,0,6
6,6,0
1,0,1
4,0,4
0,0,0
0,0,0
10,4,6
0,16,-16
2,0,2
5,11,-6
6,6,0
7,3,4
0,34,-34
1,1,0
2,0,2
9,4,5
7,7,0
2,2,0
3,45,-42
12,12,0
14,14,0
1,7,-6
14,3,11
1,7,-6
2,2,0
1,3,-2
1,0,1
12,22,-10
0,22,-22
4,1,3
2,9,-7
3,3,0
20,7,13
3,3,0
12,9,3
2,22,-20
1,0,1
22,18,4
3,0,3
1,31,-30
2,22,-20
0,0,0
2,26,-24
22,11,11
1,19,-18
6,6,0
1,28,-27
6,0,6
0,0,0
26,13,13
17,3,14
7,14,-7
0,6,-6
4,4,0
6,0,6
26,3,23
0,0,0
0,9,-9
1,1,0
11,11,0
4,0,4
6,1,5
0,2,-2
5,5,0
13,6,7
16,3,13
1,1,0
9,1,8
2,2,0
12,0,12
1,12,-11
12,6,6
1,0,1
4,10,-6
5,0,5
9,9,0
3,2,1
72,72,0
3,0,3
9,9,0
7,20,-13
0,1,-1
20,28,-8
0,0,0
15,13,2
17,0,17
3,0,3
5,0,5
10,8,2
0,3,-3
17,1,16
0,0,0
5,5,0
14,14,0
0,2,-2
4,14,-10
0,22,-22
1,0,1
33,9,24
3,3,0
19,3,16
9,5,4
14,2,12
18,18,0
1,1,0
21,2,19
1,7,-6
0,0,0
0,0,0
1,5,-4
5,0,5
16,21,-5
3,3,0
0,20,-20
0,0,0
2,2,0
25,14,11
1,4,-3
1,1,0
5,2,3
1,17,-16
8,0,8
0,0,0
3,6,-3
4,5,-1
5,16,-11
0,7,-7
21,6,15
4,0,4
26,26,0
12,12,0
3,0,3
9,0,9
2,6,-4
53,4,49
4,4,0
0,4,-4
45,29,16
1,0,1
7,7,0
56,26,30
9,9,0
22,20,2
4,10,-6
8,2,6
21,21,0
8,0,8
0,2,-2
5,2,3
4,2,2
2,63,-61
13,1,12
7,7,0
24,24,0
1,10,-9
8,2,6
7,10,-3
6,5,1
5,7,-2
23,15,8
4,2,2
6,3,3
1,1,0
12,25,-13
1,1,0
3,5,-2
0,0,0
7,18,-11
0,6,-6
10,1,9
3,0,3
9,9,0
7,7,0
3,0,3
4,0,4
3,3,0
15,15,0
2,3,-1
10,35,-25
0,0,0
6,27,-21
0,0,0
2,0,2
3,0,3
26,2,24
6,4,2
0,0,0
8,8,0
5,15,-10
5,0,5
1,0,1
0,2,-2
1,4,-3
17,19,-2
11,2,9
9,4,5
37,14,23
9,4,5
0,0,0
38,0,38
34,23,11
7,6,1
6,6,0
1,5,-4
1,0,1
8,36,-28
4,3,1
2,2,0
4,7,-3
2,0,2
19,4,15
12,1,11
0,2,-2
6,1,5
2,0,2
1,0,1
6,0,6
6,6,0
33,17,16
23,10,13
0,2,-2
0,0,0
3,3,0
1,7,-6
0,0,0
14,5,9
1,0,1
2,8,-6
2,16,-14
10,1,9
27,3,24
7,9,-2
1,8,-7
0,0,0
5,6,-1
7,13,-6
1,0,1
0,0,0
13,5,8
8,0,8
6,10,-4
5,24,-19
2,11,-9
1,0,1
40,40,0
27,10,17
9,5,4
3,2,1
17,4,13
9,18,-9
0,0,0
2,39,-37
22,12,10
1,1,0
6,18,-12
3,3,0
1,1,0
5,5,0
26,26,0
10,6,4
0,0,0
0,1,-1
3,4,-1
1,0,1
0,0,0
3,0,3
0,0,0
6,4,2
2,0,2
9,1,8
23,11,12
19,20,-1
1,0,1
0,0,0
1,0,1
1,0,1
0,1,-1
1,0,1
13,13,0
0,0,0
18,18,0
1,1,0
3,3,0
0,0,0
0,0,0
0,3,-3
0,0,0
1,2,-1
0,0,0
20,20,0
3,3,0
1,1,0
0,0,0
5,5,0
0,5,-5
3,11,-8
5,23,-18
10,10,0
1,8,-7
3,0,3
0,9,-9
8,0,8
1,4,-3
3,16,-13
18,19,-1
10,1,9
1,27,-26
2,0,2
3,10,-7
9,13,-4
2,0,2
1,0,1
3,14,-11
0,0,0
0,0,0
2,2,0
1,0,1
2,2,0
27,30,-3
13,0,13
8,14,-6
0,0,0
0,0,0
0,4,-4
0,0,0
3,10,-7
0,0,0
23,2,21
3,8,-5
14,2,12
9,13,-4
0,0,0
1,0,1
2,2,0
27,27,0
0,0,0
17,17,0
2,1,1
0,0,0
2,2,0
3,29,-26
1,1,0
1,0,1
17,16,1
8,3,5
0,0,0
0,4,-4
4,4,0
14,6,8
0,0,0
7,3,4
36,36,0
14,4,10
26,8,18
5,5,0
0,7,-7
1,20,-19
0,0,0
5,5,0
1,0,1
1,1,0
0,5,-5
1,0,1
15,4,11
30,6,24
1,6,-5
0,0,0
2,1,1
1,1,0
0,0,0
2,0,2
17,21,-4
7,7,0
0,6,-6
1,1,0
3,3,0
6,23,-17
6,6,0
1,4,-3
1,14,-13
3,0,3
10,2,8
3,7,-4
7,1,6
0,9,-9
15,3,12
14,11,3
1,4,-3
11,11,0
3,4,-1
2,0,2
4,0,4
70,70,0
32,5,27
17,17,0
0,0,0
6,5,1
2,1,1
0,0,0
1,0,1
10,10,0
2,2,0
9,9,0
10,3,7
5,0,5
4,0,4
6,7,-1
9,3,6
0,13,-13
0,0,0
0,6,-6
2,4,-2
0,0,0
9,9,0
4,3,1
3,0,3
11,8,3
4,1,3
5,6,-1
8,8,0
1,1,0
2,3,-1
5,7,-2
2,1,1
1,1,0
3,3,0
28,16,12
35,35,0
3,1,2
19,4,15
1,1,0
0,0,0
7,1,6
2,2,0
0,0,0
1,0,1
6,2,4
12,0,12
1,1,0
17,15,2
5,9,-4
2,2,0
26,7,19
51,41,10
7,6,1
2,10,-8
4,4,0
4,8,-4
1,1,0
2,0,2
0,0,0
0,0,0
1,3,-2
9,2,7
1,1,0
1,0,1
2,1,1
0,0,0
13,27,-14
10,6,4
1,0,1
14,14,0
22,6,16
32,17,15
66,36,30
14,14,0
5,4,1
4,5,-1
0,6,-6
9,9,0
8,8,0
9,1,8
6,1,5
55,0,55
8,0,8
6,2,4
31,31,0
1,11,-10
18,2,16
1,5,-4
7,7,0
0,14,-14
4,2,2
1,2,-1
11,2,9
5,5,0
4,4,0
17,6,11
6,6,0
0,0,0
4,1,3
27,5,22
7,0,7
29,10,19
5,0,5
2,2,0
11,11,0
12,11,1
0,10,-10
2,5,-3
4,0,4
19,6,13
0,4,-4
0,0,0
11,11,0
2,1,1
3,22,-19
14,5,9
1,1,0
1,1,0
9,26,-17
1,0,1
0,0,0
20,0,20
8,1,7
0,0,0
4,0,4
9,3,6
7,1,6
9,9,0
5,2,3
0,9,-9
5,0,5
26,12,14
1,1,0
1,1,0
13,13,0
13,34,-21
7,7,0
8,12,-4
0,0,0
6,6,0
1,0,1
9,10,-1
0,0,0
11,10,1
1,0,1
11,11,0
1,12,-11
3,17,-14
15,11,4
5,0,5
0,0,0
1,8,-7
7,7,0
9,2,7
13,14,-1
10,0,10
3,3,0
0,1,-1
3,0,3
11,2,9
7,2,5
1,7,-6
0,3,-3
14,0,14
0,3,-3
0,0,0
6,6,0
8,20,-12
11,15,-4
2,2,0
0,0,0
2,0,2
4,6,-2
3,26,-23
25,2,23
12,20,-8
7,17,-10
3,0,3
10,1,9
6,6,0
6,16,-10
4,5,-1
1,0,1
3,0,3
3,0,3
8,0,8
1,8,-7
10,56,-46
9,9,0
1,1,0
0,0,0
2,4,-2
3,3,0
2,0,2
8,3,5
1,1,0
25,25,0
0,0,0
19,0,19
27,22,5
31,31,0
14,12,2
0,0,0
1,8,-7
6,6,0
19,0,19
5,2,3
1,14,-13
0,0,0
16,16,0
21,26,-5
2,0,2
1,3,-2
11,16,-5
0,0,0
6,16,-10
0,0,0
6,6,0
2,3,-1
16,26,-10
0,0,0
0,5,-5
1,3,-2
5,8,-3
22,0,22
1,0,1
57,57,0
4,4,0
1,1,0
7,7,0
20,20,0
3,11,-8
3,3,0
4,4,0
14,11,3
3,0,3
4,4,0
10,10,0
3,0,3
1,4,-3
7,2,5
1,0,1
0,0,0
8,0,8
23,23,0
1,1,0
14,12,2
0,17,-17
2,14,-12
3,3,0
1,1,0
0,0,0
9,15,-6
3,5,-2
2,2,0
2,2,0
0,0,0
0,0,0
44,6,38
2,4,-2
0,3,-3
5,4,1
3,3,0
7,42,-35
16,0,16
1,3,-2
6,27,-21
4,0,4
16,16,0
6,3,3
3,3,0
17,0,17
6,2,4
5,5,0
0,0,0
2,2,0
5,2,3
5,6,-1
1,0,1
2,2,0
1,8,-7
3,3,0
10,1,9
7,4,3
0,2,-2
0,0,0
11,11,0
2,2,0
16,17,-1
0,4,-4
22,2,20
1,10,-9
0,0,0
1,0,1
4,0,4
4,4,0
4,4,0
0,0,0
15,9,6
32,19,13
0,0,0
0,0,0
10,1,9
0,0,0
0,0,0
3,3,0
53,33,20
6,6,0
1,2,-1
9,3,6
13,0,13
4,4,0
6,24,-18
4,0,4
10,10,0
8,8,0
0,3,-3
1,1,0
13,12,1
0,0,0
7,7,0
4,0,4
0,0,0
0,0,0
1,0,1
0,0,0
1,0,1
1,29,-28
1,1,0
0,0,0
3,3,0
15,11,4
1,2,-1
1,0,1
2,28,-26
2,11,-9
4,0,4
10,17,-7
2,0,2
30,16,14
2,6,-4
0,0,0
11,1,10
16,10,6
3,7,-4
2,2,0
4,4,0
12,12,0
2,2,0
0,0,0
1,0,1
11,3,8
9,6,3
2,1,1
9,10,-1
18,18,0
4,4,0
6,6,0
1,0,1
0,0,0
0,0,0
0,2,-2
13,22,-9
0,0,0
76,76,0
0,5,-5
28,28,0
1,1,0
3,6,-3
0,0,0
1,0,1
5,13,-8
0,7,-7
9,4,5
8,5,3
2,14,-12
1,6,-5
55,55,0
3,0,3
12,15,-3
0,0,0
6,5,1
4,29,-25
2,2,0
5,35,-30
19,19,0
3,3,0
13,5,8
0,0,0
3,0,3
0,0,0
6,2,4
0,0,0
25,25,0
0,0,0
3,3,0
12,2,10
0,12,-12
17,25,-8
0,4,-4
1,1,0
1,1,0
2,1,1
5,26,-21
0,0,0
21,7,14
9,4,5
9,15,-6
4,0,4
4,29,-25
6,13,-7
6,9,-3
1,8,-7
28,2,26
5,6,-1
13,13,0
0,0,0
14,0,14
0,0,0
1,0,1
0,0,0
1,8,-7
6,13,-7
0,0,0
13,8,5
21,21,0
9,3,6
2,2,0
2,2,0
2,5,-3
4,0,4
4,4,0
1,1,0
0,2,-2
14,0,14
4,4,0
14,14,0
0,3,-3
0,7,-7
8,0,8
8,14,-6
0,0,0
8,43,-35
0,1,-1
1,1,0
1,1,0
6,6,0
5,15,-10
0,0,0
18,16,2
2,15,-13
8,0,8
7,7,0
1,16,-15
5,7,-2
7,7,0
5,2,3
1,0,1
9,8,1
2,0,2
20,6,14
0,0,0
3,3,0
3,0,3
1,0,1
0,0,0
1,1,0
6,6,0
0,0,0
0,8,-8
0,0,0
3,5,-2
0,17,-17
1,1,0
0,0,0
3,3,0
9,3,6
9,11,-2
10,2,8
10,12,-2
4,16,-12
3,10,-7
1,0,1
0,0,0
3,3,0
5,4,1
1,0,1
1,2,-1
2,2,0
1,0,1
9,0,9
0,15,-15
8,2,6
7,0,7
1,0,1
2,3,-1
0,0,0
12,8,4
17,6,11
2,2,0
0,4,-4
5,12,-7
0,3,-3
8,8,0
5,5,0
1,0,1
29,1,28
0,0,0
0,0,0
29,4,25
0,1,-1
1,1,0
1,10,-9
7,4,3
22,10,12
0,0,0
23,23,0
6,6,0
6,1,5
5,1,4
3,13,-10
5,9,-4
0,1,-1
0,0,0
6,0,6
8,6,2
0,0,0
0,0,0
0,3,-3
8,8,0
3,3,0
12,4,8
1,6,-5
2,2,0
3,12,-9
9,19,-10
1,2,-1
2,1,1
0,0,0
32,10,22
4,1,3
12,12,0
1,1,0
1,0,1
0,3,-3
19,7,12
23,8,15
10,10,0
0,0,0
4,4,0
11,2,9
2,4,-2
14,17,-3
0,0,0
0,0,0
10,13,-3
22,22,0
6,6,0
0,18,-18
9,9,0
5,8,-3
10,10,0
26,26,0
9,9,0
6,6,0
1,0,1
2,40,-38
0,0,0
0,0,0
6,11,-5
0,0,0
1,7,-6
1,0,1
5,5,0
41,10,31
5,8,-3
2,8,-6
5,20,-15
17,21,-4
19,19,0
2,2,0
9,7,2
7,7,0
2,2,0
17,20,-3
2,3,-1
3,3,0
28,2,26
0,0,0
21,21,0
26,1,25
10,5,5
4,2,2
51,7,44
15,15,0
4,2,2
4,3,1
30,14,16
10,8,2
13,50,-37
1,1,0
12,8,4
1,0,1
19,9,10
5,0,5
1,1,0
5,9,-4
4,2,2
2,8,-6
70,1,69
27,5,22
0,25,-25
6,10,-4
11,25,-14
19,0,19
0,5,-5
4,9,-5
3,3,0
14,21,-7
13,3,10
21,21,0
2,10,-8
11,7,4
0,0,0
0,0,0
6,30,-24
6,3,3
1,1,0
1,1,0
1,0,1
5,0,5
2,2,0
14,5,9
2,30,-28
2,0,2
11,0,11
19,8,11
1,4,-3
16,7,9
5,0,5
12,16,-4
0,3,-3
7,8,-1
6,5,1
1,0,1
43,9,34
4,0,4
1,1,0
69,25,44
1,0,1
2,55,-53
0,0,0
5,0,5
0,2,-2
1,0,1
2,0,2
0,5,-5
0,0,0
4,1,3
4,0,4
2,0,2
1,4,-3
2,2,0
1,2,-1
32,32,0
0,4,-4
0,0,0
0,21,-21
3,0,3
2,0,2
2,14,-12
3,3,0
4,10,-6
1,0,1
3,0,3
7,0,7
5,19,-14
35,35,0
6,6,0
14,10,4
0,0,0
1,0,1
5,0,5
7,7,0
14,0,14
3,3,0
0,0,0
0,0,0
10,10,0
1,2,-1
0,0,0
22,27,-5
20,16,4
0,0,0
3,3,0
12,21,-9
1,2,-1
0,0,0
27,27,0
1,8,-7
1,0,1
0,0,0
0,1,-1
9,7,2
43,8,35
3,6,-3
1,6,-5
7,8,-1
0,12,-12
25,24,1
0,16,-16
18,16,2
9,11,-2
0,0,0
10,5,5
0,0,0
6,0,6
17,15,2
0,0,0
0,0,0
0,0,0
0,0,0
8,1,7
0,1,-1
0,0,0
2,18,-16
2,5,-3
3,2,1
1,0,1
0,2,-2
8,9,-1
0,0,0
0,0,0
12,6,6
3,13,-10
5,2,3
3,3,0
10,1,9
1,0,1
0,0,0
3,0,3
40,1,39
4,1,3
3,3,0
0,0,0
0,14,-14
2,3,-1
2,2,0
2,0,2
3,4,-1
3,6,-3
1,0,1
5,9,-4
0,0,0
60,20,40
0,0,0
2,2,0
7,15,-8
10,10,0
12,25,-13
1,3,-2
6,12,-6
5,5,0
6,4,2
0,0,0
11,11,0
7,7,0
2,2,0
22,22,0
3,0,3
4,15,-11
16,5,11
0,45,-45
11,11,0
11,11,0
15,15,0
1,1,0
13,13,0
4,4,0
8,0,8
3,2,1
2,7,-5
0,6,-6
1,10,-9
18,18,0
0,1,-1
4,4,0
1,0,1
5,2,3
0,13,-13
0,9,-9
0,0,0
0,0,0
3,22,-19
1,18,-17
3,1,2
15,15,0
2,0,2
3,0,3
0,0,0
17,5,12
3,0,3
5,3,2
12,27,-15
0,0,0
1,1,0
14,0,14
2,2,0
18,18,0
6,0,6
1,4,-3
12,12,0
0,0,0
1,12,-11
0,0,0
0,0,0
0,0,0
4,15,-11
5,20,-15
0,0,0
5,6,-1
3,10,-7
10,10,0
8,2,6
4,4,0
13,13,0
6,40,-34
4,6,-2
0,0,0
2,1,1
0,0,0
1,0,1
9,3,6
3,0,3
24,5,19
0,0,0
11,6,5
1,0,1
4,0,4
1,0,1
0,0,0
1,3,-2
12,0,12
1,33,-32
17,17,0
20,8,12
1,1,0
2,7,-5
2,2,0
0,17,-17
9,6,3
15,15,0
0,0,0
1,0,1
2,2,0
0,1,-1
12,2,10
8,8,0
1,1,0
14,14,0
2,24,-22
10,1,9
0,0,0
2,2,0
10,1,9
62,62,0
2,2,0
2,3,-1
18,7,11
0,0,0
1,4,-3
14,1,13
3,4,-1
0,0,0
0,1,-1
0,0,0
2,0,2
4,3,1
9,0,9
3,21,-18
9,3,6
1,0,1
0,7,-7
4,4,0
6,8,-2
5,5,0
3,3,0
7,4,3
27,2,25
1,4,-3
0,1,-1
2,20,-18
1,17,-16
3,4,-1
0,0,0
4,4,0
49,49,0
9,10,-1
1,1,0
8,6,2
5,3,2
0,0,0
0,0,0
3,6,-3
1,0,1
9,9,0
8,10,-2
1,0,1
22,6,16
2,2,0
0,9,-9
1,0,1
0,19,-19
29,29,0
1,1,0
27,26,1
1,11,-10
4,1,3
5,0,5
16,40,-24
4,7,-3
9,9,0
1,2,-1
11,11,0
1,0,1
14,1,13
1,0,1
8,8,0
0,0,0
13,13,0
15,6,9
2,2,0
4,4,0
6,7,-1
32,4,28
4,0,4
16,18,-2
6,6,0
4,2,2
2,24,-22
4,21,-17
9,0,9
0,4,-4
9,9,0
3,3,0
7,1,6
9,10,-1
29,17,12
0,0,0
3,15,-12
3,8,-5
5,2,3
3,8,-5
9,9,0
0,0,0
9,9,0
1,2,-1
6,6,0
6,1,5
8,3,5
14,14,0
1,1,0
12,0,12
1,0,1
0,6,-6
8,3,5
1,14,-13
15,15,0
0,0,0
13,3,10
6,0,6
1,1,0
4,0,4
0,0,0
6,6,0
0,16,-16
4,1,3
0,0,0
5,3,2
0,8,-8
5,7,-2
1,0,1
14,14,0
5,5,0
21,12,9
7,7,0
5,8,-3
6,8,-2
5,8,-3
16,0,16
23,16,7
3,0,3
16,15,1
6,0,6
2,6,-4
1,1,0
6,15,-9
2,2,0
8,0,8
2,2,0
8,8,0
0,7,-7
0,0,0
7,4,3
15,18,-3
7,6,1
5,14,-9
3,25,-22
7,7,0
1,0,1
2,5,-3
0,0,0
15,61,-46
9,3,6
2,19,-17
9,24,-15
2,2,0
11,0,11
1,4,-3
0,1,-1
16,3,13
2,5,-3
0,0,0
1,36,-35
11,2,9
10,10,0
1,0,1
7,7,0
24,24,0
5,9,-4
59,59,0
7,7,0
0,9,-9
2,2,0
4,2,2
39,24,15
1,1,0
4,9,-5
0,0,0
13,13,0
13,13,0
2,2,0
1,0,1
8,8,0
0,15,-15
6,6,0
1,8,-7
14,11,3
22,18,4
1,8,-7
9,14,-5
7,5,2
0,10,-10
1,1,0
16,16,0
9,7,2
35,35,0
2,2,0
6,2,4
13,13,0
0,24,-24
0,20,-20
0,0,0
17,10,7
5,4,1
0,12,-12
28,28,0
33,19,14
2,0,2
14,1,13
1,1,0
2,19,-17
16,10,6
0,1,-1
20,4,16
0,9,-9
0,0,0
2,1,1
0,0,0
1,10,-9
1,1,0
2,0,2
13,13,0
1,0,1
0,11,-11
32,32,0
3,3,0
11,4,7
1,3,-2
1,2,-1
0,0,0
0,0,0
2,2,0
7,0,7
4,7,-3
9,21,-12
2,0,2
1,1,0
5,5,0
8,45,-37
9,9,0
7,2,5
24,4,20
6,3,3
4,4,0
1,2,-1
2,2,0
1,0,1
20,20,0
3,3,0
25,18,7
16,2,14
6,10,-4
0,46,-46
3,0,3
1,0,1
1,1,0
0,0,0
2,4,-2
7,0,7
27,21,6
4,0,4
6,1,5
37,15,22
0,0,0
3,3,0
3,1,2
13,4,9
12,30,-18
4,1,3
11,10,1
3,8,-5
16,0,16
6,16,-10
15,0,15
6,7,-1
1,18,-17
6,5,1
10,7,3
2,0,2
3,0,3
1,20,-19
13,4,9
3,15,-12
20,20,0
11,21,-10
0,11,-11
0,0,0
0,0,0
7,0,7
3,3,0
12,1,11
0,1,-1
1,1,0
35,12,23
13,0,13
8,8,0
58,58,0
15,5,10
3,3,0
14,0,14
3,30,-27
0,1,-1
2,0,2
0,2,-2
7,16,-9
26,1,25
4,0,4
21,5,16
5,38,-33
1,0,1
1,3,-2
0,0,0
9,0,9
0,0,0
9,14,-5
6,1,5
10,1,9
1,1,0
4,4,0
12,29,-17
12,33,-21
6,6,0
11,4,7
4,6,-2
17,17,0
4,4,0
5,30,-25
2,21,-19
2,2,0
10,10,0
17,17,0
5,5,0
1,0,1
48,35,13
0,0,0
5,5,0
2,9,-7
3,4,-1
4,36,-32
26,0,26
0,0,0
9,9,0
10,6,4
1,2,-1
0,0,0
0,0,0
0,0,0
2,0,2
9,0,9
5,11,-6
1,3,-2
10,10,0
11,22,-11
19,0,19
1,1,0
10,0,10
8,8,0
3,3,0
0,3,-3
0,0,0
5,2,3
14,18,-4
3,9,-6
1,1,0
6,6,0
0,8,-8
14,11,3
4,25,-21
0,6,-6
19,19,0
0,10,-10
2,4,-2
0,0,0
4,2,2
8,8,0
2,4,-2
0,0,0
3,6,-3
8,3,5
3,0,3
5,5,0
4,6,-2
12,2,10
22,13,9
1,0,1
2,3,-1
1,1,0
0,0,0
11,1,10
0,7,-7
2,2,0
2,0,2
5,5,0
0,0,0
4,3,1
23,22,1
0,0,0
2,2,0
2,18,-16
0,1,-1
0,0,0
1,1,0
0,0,0
3,3,0
1,0,1
0,0,0
0,0,0
1,2,-1
7,28,-21
19,19,0
0,0,0
23,19,4
1,3,-2
6,0,6
3,11,-8
8,0,8
0,0,0
3,32,-29
3,15,-12
0,0,0
4,6,-2
22,22,0
2,2,0
17,8,9
21,35,-14
2,0,2
0,8,-8
6,40,-34
6,6,0
2,12,-10
2,0,2
1,1,0
2,4,-2
3,0,3
0,0,0
4,2,2
1,0,1
6,0,6
0,0,0
0,0,0
38,38,0
4,4,0
0,0,0
0,1,-1
21,21,0
9,9,0
5,2,3
3,0,3
4,27,-23
0,0,0
0,1,-1
30,2,28
91,17,74
4,7,-3
13,0,13
0,0,0
20,2,18
6,12,-6
24,24,0
4,2,2
1,5,-4
13,0,13
1,0,1
1,0,1
6,7,-1
0,0,0
7,10,-3
2,14,-12
0,0,0
0,13,-13
2,1,1
2,5,-3
0,0,0
51,2,49
6,0,6
10,0,10
27,15,12
10,0,10
2,0,2
3,3,0
35,11,24
5,9,-4
29,29,0
24,11,13
0,0,0
6,7,-1
10,2,8
0,0,0
0,0,0
18,0,18
0,0,0
0,2,-2
6,7,-1
11,24,-13
0,0,0
5,2,3
10,0,10
11,11,0
11,34,-23
7,9,-2
26,32,-6
1,2,-1
0,0,0
1,5,-4
13,0,13
3,12,-9
13,8,5
8,6,2
7,0,7
9,9,0
0,0,0
12,12,0
32,6,26
2,8,-6
10,7,3
25,25,0
12,12,0
34,39,-5
22,10,12
0,0,0
4,12,-8
6,11,-5
6,8,-2
4,3,1
2,2,0
15,15,0
3,16,-13
4,4,0
3,2,1
0,4,-4
6,1,5
1,1,0
2,5,-3
7,11,-4
0,0,0
27,7,20
0,0,0
23,1,22
0,1,-1
0,2,-2
3,5,-2
2,0,2
17,17,0
2,12,-10
6,23,-17
3,1,2
1,5,-4
0,2,-2
9,0,9
0,1,-1
8,11,-3
14,18,-4
6,1,5
74,12,62
9,2,7
1,0,1
3,6,-3
7,7,0
4,4,0
15,15,0
5,10,-5
22,11,11
0,0,0
1,2,-1
12,2,10
3,2,1
1,32,-31
9,9,0
31,0,31
6,21,-15
6,6,0
12,8,4
1,1,0
0,0,0
1,8,-7
4,1,3
7,15,-8
0,1,-1
6,5,1
9,11,-2
5,11,-6
10,10,0
0,0,0
20,17,3
0,0,0
15,19,-4
1,7,-6
0,0,0
6,27,-21
11,48,-37
12,0,12
4,1,3
5,4,1
10,18,-8
10,3,7
10,10,0
0,0,0
11,2,9
0,2,-2
13,13,0
1,6,-5
0,0,0
3,0,3
24,20,4
1,1,0
0,0,0
1,0,1
0,0,0
6,0,6
6,12,-6
1,0,1
4,27,-23
2,10,-8
13,13,0
0,0,0
8,4,4
0,2,-2
1,1,0
0,1,-1
4,4,0
6,2,4
6,6,0
22,30,-8
5,12,-7
0,7,-7
0,0,0
6,2,4
0,0,0
4,1,3
4,4,0
0,2,-2
16,3,13
2,0,2
4,4,0
3,14,-11
7,5,2
0,11,-11
3,2,1
1,1,0
3,3,0
2,2,0
8,8,0
8,17,-9
7,7,0
19,1,18
12,29,-17
0,0,0
16,0,16
6,35,-29
9,10,-1
0,0,0
7,4,3
0,15,-15
20,2,18
5,0,5
0,8,-8
29,10,19
35,30,5
2,2,0
1,1,0
3,3,0
7,0,7
4,7,-3
0,0,0
15,6,9
6,6,0
2,0,2
1,1,0
0,0,0
19,19,0
0,0,0
0,0,0
2,2,0
0,20,-20
6,5,1
0,0,0
9,1,8
1,2,-1
11,11,0
12,4,8
14,14,0
4,1,3
12,0,12
4,0,4
10,10,0
0,0,0
1,3,-2
0,0,0
25,25,0
10,10,0
16,16,0
0,0,0
14,14,0
1,0,1
1,0,1
0,0,0
3,3,0
9,6,3
4,0,4
6,6,0
2,10,-8
28,28,0
12,10,2
15,26,-11
16,16,0
23,9,14
6,11,-5
5,5,0
6,2,4
4,4,0
6,0,6
9,9,0
24,3,21
1,11,-10
4,0,4
2,30,-28
0,0,0
6,1,5
11,12,-1
5,8,-3
1,1,0
14,7,7
0,0,0
3,5,-2
5,0,5
7,0,7
0,2,-2
2,3,-1
0,0,0
4,3,1
1,5,-4
9,4,5
8,0,8
7,9,-2
0,6,-6
10,2,8
44,42,2
9,2,7
6,0,6
6,3,3
0,0,0
1,12,-11
2,2,0
3,2,1
0,0,0
3,0,3
0,0,0
0,0,0
3,0,3
0,0,0
2,1,1
0,0,0
35,16,19
1,30,-29
0,0,0
28,15,13
0,7,-7
6,12,-6
8,0,8
8,54,-46
1,3,-2
20,6,14
10,0,10
11,11,0
3,0,3
1,20,-19
7,8,-1
35,6,29
5,5,0
6,6,0
6,0,6
10,4,6
3,0,3
3,6,-3
0,0,0
6,2,4
13,13,0
6,25,-19
2,4,-2
10,6,4
8,8,0
5,2,3
0,0,0
8,8,0
5,32,-27
0,11,-11
3,5,-2
0,0,0
2,0,2
14,14,0
7,9,-2
1,10,-9
12,12,0
0,0,0
2,0,2
3,10,-7
9,9,0
13,13,0
9,3,6
2,2,0
31,24,7
1,3,-2
3,0,3
5,15,-10
1,14,-13
0,2,-2
2,0,2
0,2,-2
0,0,0
4,15,-11
3,3,0
15,15,0
0,0,0
1,0,1
7,7,0
2,1,1
24,2,22
21,0,21
33,33,0
13,8,5
2,6,-4
2,2,0
1,11,-10
9,1,8
2,6,-4
6,6,0
2,5,-3
6,18,-12
5,1,4
3,5,-2
2,1,1
15,60,-45
2,0,2
18,18,0
0,0,0
4,4,0
6,10,-4
9,26,-17
10,4,6
4,42,-38
2,14,-12
5,5,0
12,12,0
6,2,4
4,27,-23
0,0,0
10,9,1
0,4,-4
3,2,1
5,18,-13
1,2,-1
0,32,-32
1,3,-2
0,2,-2
0,0,0
3,7,-4
0,14,-14
12,7,5
0,0,0
0,0,0
0,7,-7
3,0,3
2,1,1
0,0,0
1,2,-1
0,0,0
1,0,1
3,2,1
0,4,-4
1,0,1
13,13,0
5,18,-13
6,2,4
0,6,-6
27,33,-6
2,30,-28
6,3,3
2,14,-12
2,0,2
12,12,0
14,10,4
17,10,7
7,4,3
3,3,0
47,3,44
22,9,13
7,7,0
12,1,11
16,7,9
0,0,0
1,0,1
5,0,5
2,18,-16
11,19,-8
1,0,1
11,5,6
36,24,12
1,1,0
9,7,2
2,2,0
2,5,-3
11,2,9
0,5,-5
6,5,1
0,0,0
2,2,0
0,0,0
1,12,-11
0,0,0
0,0,0
2,0,2
19,14,5
5,7,-2
20,9,11
3,3,0
9,22,-13
2,19,-17
3,3,0
0,4,-4
0,0,0
0,0,0
4,1,3
12,12,0
20,20,0
16,1,15
3,0,3
0,3,-3
0,0,0
1,0,1
1,15,-14
1,0,1
5,0,5
11,0,11
10,10,0
12,22,-10
0,15,-15
1,0,1
8,8,0
10,2,8
3,0,3
13,13,0
5,5,0
7,1,6
2,11,-9
15,45,-30
0,30,-30
0,0,0
1,1,0
6,2,4
1,0,1
6,2,4
2,3,-1
7,7,0
0,8,-8
2,0,2
0,0,0
2,7,-5
4,0,4
3,0,3
1,1,0
2,0,2
4,4,0
3,3,0
6,16,-10
1,0,1
3,6,-3
5,2,3
12,0,12
2,2,0
5,5,0
0,0,0
0,0,0
2,0,2
3,0,3
13,0,13
3,3,0
2,13,-11
2,5,-3
0,0,0
4,4,0
2,8,-6
0,4,-4
0,0,0
0,0,0
0,0,0
5,7,-2
20,20,0
1,7,-6
6,2,4
4,10,-6
1,1,0
0,0,0
12,2,10
4,2,2
1,6,-5
9,9,0
1,0,1
5,8,-3
11,4,7
3,3,0
0,0,0
3,0,3
0,6,-6
0,9,-9
8,8,0
25,42,-17
1,1,0
0,0,0
0,0,0
19,33,-14
2,2,0
12,12,0
1,9,-8
8,8,0
1,1,0
19,19,0
17,17,0
6,21,-15
8,5,3
15,15,0
1,1,0
23,23,0
10,17,-7
6,8,-2
4,9,-5
0,0,0
5,3,2
12,7,5
2,2,0
7,7,0
10,3,7
1,33,-32
21,21,0
5,5,0
11,12,-1
0,0,0
6,6,0
0,8,-8
2,6,-4
6,6,0
1,22,-21
0,0,0
30,0,30
0,0,0
17,0,17
0,0,0
1,1,0
0,0,0
3,8,-5
1,0,1
6,36,-30
5,2,3
5,2,3
9,0,9
12,2,10
18,1,17
0,0,0
2,1,1
7,5,2
0,26,-26
4,0,4
3,0,3
0,0,0
3,0,3
2,1,1
0,2,-2
3,5,-2
17,17,0
5,12,-7
7,7,0
48,16,32
1,0,1
0,0,0
1,12,-11
13,0,13
10,0,10
9,4,5
7,7,0
12,7,5
0,0,0
2,1,1
2,0,2
1,1,0
3,0,3
6,19,-13
0,3,-3
5,16,-11
1,3,-2
3,6,-3
1,7,-6
59,21,38
0,0,0
5,5,0
1,2,-1
31,1,30
5,3,2
2,0,2
0,0,0
5,3,2
3,1,2
5,2,3
15,6,9
3,9,-6
14,1,13
3,5,-2
4,12,-8
1,1,0
1,0,1
4,74,-70
0,0,0
4,29,-25
2,2,0
6,4,2
0,17,-17
3,3,0
3,0,3
1,8,-7
16,16,0
5,5,0
0,0,0
8,0,8
1,5,-4
1,11,-10
3,5,-2
2,2,0
0,0,0
10,0,10
32,32,0
0,0,0
2,5,-3
7,7,0
0,5,-5
1,13,-12
1,0,1
1,0,1
3,2,1
15,0,15
6,0,6
0,21,-21
8,8,0
2,2,0
0,0,0
3,0,3
0,0,0
10,10,0
1,1,0
7,20,-13
0,19,-19
2,2,0
19,19,0
0,0,0
1,1,0
0,0,0
2,0,2
0,0,0
4,0,4
3,3,0
36,3,33
1,16,-15
3,18,-15
8,10,-2
7,9,-2
2,0,2
3,3,0
39,19,20
10,6,4
17,6,11
9,0,9
1,1,0
2,9,-7
5,1,4
3,0,3
3,1,2
6,6,0
2,1,1
1,0,1
1,2,-1
17,1,16
0,0,0
2,3,-1
10,3,7
2,1,1
0,3,-3
3,3,0
10,10,0
1,8,-7
6,8,-2
1,0,1
6,6,0
4,0,4
1,0,1
6,4,2
1,0,1
1,2,-1
0,19,-19
24,0,24
0,0,0
19,19,0
7,7,0
5,2,3
12,12,0
75,19,56
8,15,-7
1,38,-37
5,2,3
17,17,0
2,0,2
1,11,-10
2,2,0
0,0,0
5,28,-23
7,3,4
25,10,15
4,8,-4
1,19,-18
0,0,0
0,0,0
2,0,2
6,3,3
13,0,13
5,5,0
9,0,9
10,25,-15
10,1,9
17,3,14
0,0,0
17,7,10
1,9,-8
7,6,1
15,4,11
22,18,4
45,45,0
0,0,0
10,10,0
0,2,-2
14,0,14
0,1,-1
3,5,-2
6,2,4
16,16,0
2,2,0
0,2,-2
7,1,6
2,3,-1
1,23,-22
14,14,0
0,0,0
32,1,31
0,0,0
1,2,-1
2,9,-7
0,0,0
8,12,-4
0,0,0
8,6,2
11,1,10
0,4,-4
21,3,18
12,32,-20
1,1,0
10,8,2
2,3,-1
6,0,6
7,1,6
10,10,0
4,12,-8
15,2,13
18,18,0
0,0,0
1,0,1
4,4,0
33,33,0
0,0,0
0,0,0
0,1,-1
0,0,0
3,0,3
32,19,13
5,2,3
29,29,0
4,3,1
0,5,-5
0,0,0
40,4,36
12,9,3
9,6,3
1,0,1
0,0,0
4,4,0
0,0,0
1,1,0
2,34,-32
2,6,-4
2,2,0
21,2,19
9,5,4
7,7,0
5,9,-4
3,11,-8
10,14,-4
9,9,0
0,1,-1
1,0,1
3,19,-16
8,5,3
1,31,-30
9,1,8
33,33,0
9,14,-5
11,7,4
0,0,0
3,2,1
9,9,0
0,24,-24
2,2,0
22,7,15
1,2,-1
0,4,-4
20,0,20
1,25,-24
0,13,-13
0,4,-4
5,5,0
2,3,-1
20,9,11
5,0,5
6,6,0
4,13,-9
5,5,0
1,0,1
1,7,-6
5,5,0
29,29,0
1,6,-5
1,20,-19
3,0,3
3,7,-4
7,13,-6
1,1,0
1,0,1
15,4,11
3,6,-3
2,10,-8
1,8,-7
15,1,14
6,12,-6
6,22,-16
6,4,2
0,7,-7
2,0,2
2,0,2
3,0,3
9,4,5
59,59,0
6,0,6
27,27,0
5,6,-1
3,3,0
0,0,0
0,0,0
0,2,-2
1,0,1
23,23,0
32,2,30
14,38,-24
5,0,5
8,1,7
0,0,0
2,0,2
3,7,-4
10,10,0
1,1,0
20,20,0
3,3,0
0,0,0
6,6,0
1,1,0
1,11,-10
7,2,5
0,1,-1
0,0,0
1,1,0
5,14,-9
21,1,20
2,2,0
2,21,-19
2,2,0
12,8,4
1,1,0
1,1,0
4,10,-6
4,2,2
7,12,-5
74,74,0
10,24,-14
0,0,0
1,0,1
0,0,0
22,2,20
0,0,0
1,2,-1
7,7,0
9,0,9
1,2,-1
14,1,13
9,0,9
0,0,0
1,1,0
0,0,0
1,0,1
0,23,-23
0,0,0
6,6,0
15,17,-2
7,5,2
14,14,0
9,9,0
2,2,0
15,9,6
2,4,-2
6,3,3
5,6,-1
4,27,-23
0,0,0
11,8,3
29,29,0
4,18,-14
1,0,1
2,5,-3
15,1,14
0,12,-12
18,5,13
18,18,0
0,0,0
21,1,20
2,3,-1
5,0,5
8,18,-10
2,0,2
2,0,2
15,21,-6
6,6,0
0,8,-8
15,10,5
92,92,0
8,8,0
2,0,2
12,10,2
2,10,-8
1,1,0
2,0,2
1,0,1
3,0,3
0,1,-1
4,3,1
7,6,1
3,3,0
38,4,34
6,9,-3
16,38,-22
0,0,0
9,6,3
7,2,5
5,4,1
5,0,5
9,6,3
3,7,-4
3,1,2
7,7,0
2,25,-23
0,0,0
0,1,-1
0,16,-16
0,0,0
26,21,5
0,0,0
7,7,0
7,7,0
4,6,-2
16,6,10
7,7,0
8,0,8
12,14,-2
1,11,-10
0,0,0
2,2,0
12,2,10
1,0,1
1,2,-1
10,10,0
0,3,-3
3,6,-3
1,1,0
2,0,2
1,0,1
4,2,2
1,28,-27
28,3,25
2,12,-10
0,5,-5
0,2,-2
5,7,-2
24,24,0
8,0,8
0,9,-9
0,3,-3
4,0,4
4,1,3
7,11,-4
2,18,-16
66,12,54
5,1,4
0,0,0
5,1,4
22,7,15
0,1,-1
0,0,0
10,9,1
3,1,2
3,20,-17
0,0,0
5,5,0
5,4,1
1,12,-11
0,0,0
7,0,7
2,4,-2
4,4,0
0,0,0
5,1,4
1,17,-16
13,2,11
1,0,1
4,0,4
18,3,15
6,4,2
15,13,2
0,2,-2
0,1,-1
25,25,0
1,0,1
13,3,10
9,1,8
2,2,0
0,0,0
7,13,-6
8,14,-6
6,0,6
0,0,0
1,10,-9
9,10,-1
1,0,1
1,0,1
0,15,-15
15,27,-12
0,0,0
8,8,0
12,1,11
5,6,-1
3,1,2
1,0,1
0,6,-6
7,11,-4
5,2,3
9,9,0
7,7,0
0,5,-5
3,2,1
13,13,0
32,2,30
4,4,0
15,15,0
1,28,-27
2,0,2
21,21,0
2,2,0
5,17,-12
0,13,-13
17,1,16
8,0,8
0,8,-8
5,2,3
2,0,2
0,0,0
0,0,0
2,1,1
10,10,0
1,1,0
1,0,1
9,9,0
0,0,0
21,27,-6
19,2,17
10,8,2
0,0,0
6,9,-3
8,8,0
0,0,0
17,10,7
2,6,-4
1,0,1
2,0,2
1,0,1
10,11,-1
0,0,0
13,13,0
0,0,0
10,8,2
4,18,-14
0,0,0
3,7,-4
9,8,1
3,3,0
14,0,14
13,13,0
9,9,0
55,45,10
21,21,0
0,11,-11
12,28,-16
12,12,0
5,0,5
1,1,0
31,31,0
2,2,0
9,5,4
19,5,14
0,7,-7
23,23,0
1,4,-3
3,3,0
1,11,-10
17,18,-1
0,2,-2
3,7,-4
6,6,0
0,6,-6
5,5,0
2,5,-3
8,8,0
7,4,3
36,14,22
1,0,1
19,19,0
3,0,3
0,20,-20
10,0,10
10,8,2
57,14,43
5,0,5
0,0,0
27,19,8
52,52,0
1,0,1
10,4,6
4,6,-2
4,7,-3
13,0,13
0,26,-26
2,1,1
2,2,0
51,6,45
4,4,0
8,1,7
4,2,2
3,3,0
6,6,0
0,1,-1
3,0,3
8,4,4
13,4,9
8,2,6
0,0,0
7,1,6
1,3,-2
2,2,0
9,9,0
5,19,-14
1,5,-4
8,8,0
0,0,0
11,11,0
7,2,5
5,20,-15
0,0,0
0,0,0
4,3,1
1,1,0
8,3,5
0,0,0
7,0,7
15,15,0
2,15,-13
0,0,0
6,0,6
1,1,0
10,10,0
0,10,-10
0,0,0
11,11,0
6,1,5
1,1,0
4,5,-1
4,2,2
0,18,-18
2,3,-1
12,12,0
2,2,0
2,9,-7
13,0,13
4,0,4
3,3,0
1,3,-2
2,41,-39
5,9,-4
2,0,2
0,0,0
6,15,-9
11,4,7
1,0,1
0,1,-1
1,1,0
2,17,-15
0,1,-1
27,1,26
6,0,6
0,17,-17
5,3,2
1,1,0
1,1,0
12,1,11
21,2,19
7,0,7
0,8,-8
9,9,0
2,3,-1
8,3,5
0,0,0
3,11,-8
0,0,0
2,5,-3
0,2,-2
1,1,0
14,0,14
26,10,16
0,2,-2
17,21,-4
11,2,9
35,35,0
21,1,20
1,8,-7
0,8,-8
3,0,3
3,0,3
0,15,-15
10,6,4
9,6,3
2,1,1
1,0,1
0,0,0
7,0,7
5,0,5
1,0,1
15,9,6
21,42,-21
2,1,1
0,0,0
16,30,-14
0,0,0
1,0,1
3,2,1
1,0,1
5,2,3
6,2,4
7,7,0
10,11,-1
0,0,0
10,10,0
1,1,0
8,3,5
2,2,0
18,18,0
3,0,3
57,14,43
2,5,-3
4,44,-40
2,6,-4
0,1,-1
15,1,14
2,5,-3
14,22,-8
5,5,0
5,0,5
5,1,4
1,2,-1
9,6,3
4,0,4
42,53,-11
0,0,0
5,2,3
1,4,-3
0,7,-7
0,0,0
0,0,0
1,0,1
1,0,1
22,1,21
2,19,-17
52,52,0
7,10,-3
0,1,-1
0,5,-5
3,3,0
24,24,0
5,7,-2
6,6,0
1,31,-30
9,25,-16
1,1,0
3,0,3
1,0,1
2,4,-2
4,13,-9
0,0,0
3,1,2
4,1,3
3,7,-4
0,0,0
5,5,0
24,6,18
1,2,-1
0,0,0
15,9,6
4,0,4
1,1,0
11,11,0
11,7,4
0,2,-2
0,0,0
1,5,-4
0,3,-3
12,12,0
4,20,-16
3,3,0
3,15,-12
3,0,3
3,2,1
0,22,-22
46,2,44
1,23,-22
0,13,-13
1,3,-2
35,35,0
0,6,-6
8,1,7
6,11,-5
9,3,6
2,32,-30
1,2,-1
1,0,1
0,9,-9
1,1,0
0,0,0
20,8,12
8,33,-25
56,6,50
2,31,-29
8,8,0
6,22,-16
5,5,0
8,2,6
1,7,-6
2,0,2
9,2,7
22,14,8
28,28,0
4,4,0
9,5,4
38,38,0
0,0,0
3,0,3
0,12,-12
31,31,0
0,0,0
0,0,0
11,0,11
4,4,0
4,8,-4
2,25,-23
6,6,0
29,23,6
9,15,-6
0,0,0
1,2,-1
0,28,-28
7,25,-18
29,29,0
1,1,0
11,32,-21
0,3,-3
8,1,7
0,0,0
0,0,0
18,18,0
44,36,8
30,6,24
1,12,-11
13,11,2
4,2,2
0,0,0
2,6,-4
11,5,6
16,10,6
5,1,4
3,7,-4
8,12,-4
12,12,0
3,6,-3
4,1,3
4,27,-23
39,4,35
2,20,-18
26,11,15
0,0,0
9,1,8
5,2,3
11,19,-8
5,14,-9
4,0,4
8,5,3
16,7,9
1,2,-1
5,39,-34
3,8,-5
1,15,-14
1,0,1
3,1,2
20,20,0
6,2,4
0,0,0
2,4,-2
0,1,-1
4,12,-8
3,4,-1
0,0,0
1,0,1
1,2,-1
2,0,2
1,1,0
3,0,3
15,0,15
13,5,8
4,4,0
3,0,3
6,6,0
11,11,0
22,7,15
5,19,-14
0,3,-3
1,0,1
11,1,10
9,6,3
6,6,0
0,0,0
1,0,1
3,1,2
0,0,0
6,6,0
3,0,3
2,2,0
0,2,-2
0,0,0
4,4,0
0,0,0
9,9,0
8,15,-7
13,1,12
5,0,5
6,13,-7
0,0,0
4,0,4
0,0,0
6,20,-14
12,27,-15
7,3,4
2,7,-5
7,7,0
4,5,-1
47,17,30
68,2,66
2,0,2
2,2,0
8,8,0
0,0,0
9,9,0
14,3,11
6,2,4
3,4,-1
2,2,0
6,6,0
1,3,-2
46,12,34
2,0,2
2,0,2
1,18,-17
0,6,-6
7,2,5
11,11,0
21,0,21
2,15,-13
6,15,-9
24,16,8
3,3,0
4,7,-3
2,2,0
17,17,0
5,5,0
19,0,19
21,1,20
2,1,1
3,6,-3
13,13,0
12,12,0
8,10,-2
14,8,6
21,21,0
19,19,0
10,10,0
45,27,18
5,5,0
1,1,0
2,0,2
11,12,-1
4,1,3
3,0,3
0,0,0
1,1,0
0,0,0
2,0,2
1,2,-1
4,7,-3
15,1,14
9,28,-19
4,1,3
7,7,0
6,6,0
8,0,8
20,11,9
0,1,-1
4,4,0
12,13,-1
6,35,-29
2,1,1
4,0,4
2,0,2
2,3,-1
14,7,7
6,2,4
6,0,6
2,2,0
0,10,-10
9,5,4
0,0,0
13,1,12
45,0,45
0,7,-7
2,0,2
0,7,-7
3,1,2
7,1,6
1,0,1
0,7,-7
1,6,-5
2,5,-3
5,6,-1
1,1,0
18,5,13
9,6,3
9,11,-2
0,0,0
5,13,-8
15,15,0
1,0,1
12,22,-10
25,25,0
0,0,0
7,16,-9
4,0,4
0,0,0
4,31,-27
3,0,3
0,5,-5
8,2,6
3,1,2
4,4,0
8,8,0
0,0,0
9,11,-2
7,0,7
5,7,-2
19,16,3
8,14,-6
28,28,0
3,0,3
0,14,-14
19,19,0
39,0,39
5,5,0
0,0,0
0,0,0
5,4,1
16,2,14
12,0,12
41,41,0
7,0,7
1,1,0
1,0,1
8,0,8
4,16,-12
92,28,64
1,2,-1
2,2,0
4,4,0
5,7,-2
1,1,0
6,6,0
112,1,111
3,3,0
2,0,2
1,21,-20
4,4,0
9,9,0
5,8,-3
8,8,0
7,6,1
3,0,3
8,8,0
14,27,-13
3,3,0
2,15,-13
24,8,16
0,29,-29
4,3,1
2,5,-3
4,1,3
0,3,-3
17,9,8
1,3,-2
2,6,-4
0,0,0
3,3,0
11,11,0
0,9,-9
0,0,0
0,0,0
2,2,0
2,0,2
0,4,-4
0,0,0
23,0,23
5,6,-1
16,0,16
1,1,0
2,0,2
20,1,19
0,4,-4
2,2,0
2,8,-6
11,1,10
19,19,0
5,3,2
0,0,0
6,21,-15
0,0,0
1,12,-11
2,15,-13
4,0,4
5,6,-1
0,2,-2
4,0,4
3,5,-2
1,2,-1
6,10,-4
9,16,-7
1,0,1
1,1,0
5,2,3
1,1,0
0,0,0
0,0,0
4,10,-6
26,14,12
6,0,6
0,1,-1
43,43,0
6,11,-5
5,5,0
6,2,4
0,2,-2
1,0,1
5,2,3
2,8,-6
4,0,4
7,7,0
5,3,2
0,1,-1
7,12,-5
9,0,9
3,0,3
6,9,-3
6,6,0
0,1,-1
5,14,-9
0,9,-9
0,0,0
34,1,33
14,0,14
40,0,40
7,14,-7
6,6,0
6,6,0
3,7,-4
7,23,-16
2,0,2
10,10,0
1,4,-3
0,17,-17
3,3,0
1,1,0
2,44,-42
13,3,10
0,0,0
10,10,0
1,7,-6
0,1,-1
3,0,3
5,1,4
6,6,0
6,1,5
2,0,2
7,17,-10
11,12,-1
20,20,0
1,1,0
6,8,-2
8,8,0
4,3,1
8,8,0
2,0,2
10,10,0
0,0,0
2,5,-3
7,7,0
20,20,0
0,3,-3
1,1,0
0,16,-16
0,0,0
0,5,-5
13,11,2
8,8,0
2,8,-6
0,17,-17
0,0,0
11,11,0
25,4,21
35,3,32
7,0,7
6,13,-7
5,5,0
5,13,-8
1,0,1
31,31,0
24,0,24
3,44,-41
6,6,0
1,5,-4
1,1,0
1,0,1
7,2,5
0,0,0
7,5,2
7,7,0
1,0,1
9,2,7
3,3,0
1,1,0
3,3,0
2,0,2
3,3,0
37,1,36
0,11,-11
9,3,6
3,1,2
0,0,0
26,8,18
4,1,3
0,0,0
7,25,-18
3,3,0
3,60,-57
11,2,9
3,3,0
6,6,0
4,4,0
0,0,0
8,0,8
18,5,13
8,2,6
1,1,0
18,2,16
30,1,29
1,5,-4
8,8,0
0,0,0
11,11,0
17,17,0
19,5,14
2,0,2
10,3,7
13,10,3
7,8,-1
0,0,0
1,0,1
7,3,4
7,17,-10
3,21,-18
0,1,-1
1,1,0
4,0,4
4,4,0
2,3,-1
23,10,13
34,2,32
4,4,0
15,4,11
3,30,-27
2,0,2
10,0,10
7,35,-28
1,4,-3
15,0,15
19,10,9
0,0,0
1,0,1
16,16,0
0,0,0
0,13,-13
0,3,-3
0,2,-2
1,9,-8
1,4,-3
7,3,4
3,3,0
16,0,16
0,0,0
12,5,7
24,24,0
0,0,0
5,5,0
0,0,0
7,36,-29
3,5,-2
1,3,-2
0,12,-12
9,11,-2
0,0,0
18,16,2
0,0,0
18,3,15
2,1,1
1,1,0
13,17,-4
4,1,3
8,12,-4
7,10,-3
2,6,-4
1,1,0
20,20,0
0,0,0
2,0,2
9,9,0
27,11,16
2,2,0
0,0,0
9,1,8
6,6,0
0,0,0
4,12,-8
0,0,0
0,3,-3
0,16,-16
27,27,0
8,8,0
6,8,-2
0,0,0
5,5,0
1,0,1
3,6,-3
1,1,0
4,2,2
85,85,0
4,4,0
27,1,26
33,2,31
4,8,-4
3,3,0
37,37,0
18,18,0
6,2,4
0,0,0
43,29,14
29,18,11
4,4,0
3,1,2
14,10,4
0,0,0
0,0,0
27,20,7
3,12,-9
0,2,-2
3,7,-4
0,0,0
7,0,7
4,1,3
29,21,8
2,1,1
4,5,-1
7,7,0
10,10,0
2,12,-10
7,6,1
0,0,0
5,5,0
4,4,0
10,19,-9
0,0,0
2,0,2
2,4,-2
3,0,3
7,7,0
24,6,18
3,1,2
0,1,-1
1,9,-8
1,0,1
25,11,14
14,0,14
8,8,0
6,51,-45
21,5,16
4,4,0
7,19,-12
11,9,2
16,28,-12
9,7,2
16,15,1
1,0,1
1,0,1
25,3,22
8,8,0
1,3,-2
2,0,2
7,18,-11
15,0,15
6,25,-19
5,9,-4
19,1,18
5,0,5
1,5,-4
0,0,0
0,19,-19
0,0,0
1,0,1
0,0,0
11,11,0
4,25,-21
0,29,-29
0,0,0
0,0,0
19,19,0
1,11,-10
5,3,2
12,7,5
0,0,0
7,8,-1
4,0,4
30,24,6
1,9,-8
0,10,-10
7,17,-10
0,2,-2
0,1,-1
1,4,-3
4,0,4
1,1,0
30,3,27
2,4,-2
10,8,2
13,22,-9
2,2,0
10,13,-3
6,6,0
4,0,4
0,0,0
3,1,2
0,0,0
0,0,0
0,0,0
1,0,1
8,6,2
2,2,0
5,14,-9
2,0,2
1,1,0
1,1,0
5,1,4
2,8,-6
2,0,2
5,0,5
15,3,12
5,8,-3
8,6,2
3,21,-18
2,2,0
4,4,0
0,0,0
3,4,-1
0,0,0
8,2,6
28,13,15
2,2,0
1,0,1
1,16,-15
4,5,-1
0,0,0
9,3,6
3,13,-10
4,0,4
0,0,0
1,3,-2
1,1,0
22,2,20
0,0,0
13,13,0
4,0,4
20,2,18
3,7,-4
1,1,0
8,6,2
0,2,-2
3,2,1
7,20,-13
0,2,-2
21,21,0
2,2,0
7,0,7
8,1,7
18,1,17
1,5,-4
2,1,1
0,0,0
1,1,0
12,19,-7
9,9,0
2,2,0
0,1,-1
43,10,33
2,2,0
4,12,-8
8,8,0
1,1,0
4,1,3
2,2,0
5,30,-25
0,0,0
8,28,-20
2,2,0
0,0,0
4,1,3
2,4,-2
1,5,-4
11,20,-9
24,37,-13
47,5,42
10,10,0
4,6,-2
5,4,1
0,0,0
1,1,0
1,0,1
2,2,0
16,5,11
13,2,11
7,8,-1
0,0,0
28,8,20
27,7,20
0,0,0
4,7,-3
10,17,-7
6,2,4
7,3,4
7,7,0
4,4,0
6,5,1
0,0,0
3,1,2
2,2,0
1,6,-5
10,10,0
0,0,0
0,0,0
3,3,0
2,0,2
4,0,4
0,3,-3
0,0,0
2,0,2
6,13,-7
3,3,0
0,6,-6
1,13,-12
16,13,3
4,0,4
0,0,0
7,0,7
2,0,2
10,10,0
3,3,0
45,35,10
8,8,0
20,20,0
1,0,1
4,27,-23
15,15,0
3,3,0
3,11,-8
4,8,-4
9,4,5
7,0,7
1,0,1
13,13,0
11,11,0
0,0,0
5,2,3
2,0,2
0,0,0
10,0,10
6,1,5
12,35,-23
5,8,-3
0,0,0
0,0,0
2,0,2
0,0,0
31,20,11
12,6,6
0,0,0
16,9,7
6,0,6
57,1,56
4,0,4
18,2,16
7,4,3
1,7,-6
1,0,1
2,11,-9
9,12,-3
0,0,0
0,0,0
8,8,0
6,42,-36
0,0,0
11,5,6
5,5,0
8,8,0
13,13,0
2,8,-6
9,1,8
4,0,4
0,0,0
0,4,-4
1,2,-1
6,18,-12
14,0,14
1,21,-20
10,16,-6
9,9,0
4,16,-12
1,1,0
4,8,-4
0,28,-28
11,7,4
2,52,-50
0,0,0
2,2,0
1,1,0
0,1,-1
1,0,1
0,0,0
1,1,0
1,1,0
2,2,0
0,3,-3
2,2,0
7,2,5
4,4,0
7,5,2
2,2,0
1,1,0
8,59,-51
2,0,2
3,2,1
2,2,0
1,1,0
0,6,-6
19,14,5
15,15,0
18,0,18
3,4,-1
1,0,1
3,6,-3
8,35,-27
9,9,0
0,0,0
0,16,-16
1,0,1
12,12,0
0,2,-2
3,6,-3
0,0,0
1,3,-2
5,5,0
7,3,4
10,21,-11
7,0,7
6,9,-3
1,0,1
22,22,0
7,26,-19
5,2,3
0,0,0
8,8,0
2,2,0
0,0,0
0,0,0
1,1,0
0,0,0
0,0,0
13,13,0
16,1,15
9,9,0
2,1,1
3,0,3
0,0,0
5,5,0
4,1,3
0,0,0
0,0,0
0,1,-1
6,15,-9
6,2,4
1,0,1
17,42,-25
13,2,11
20,2,18
4,4,0
3,0,3
0,5,-5
15,3,12
1,1,0
10,15,-5
5,5,0
0,0,0
17,2,15
4,0,4
21,21,0
0,3,-3
0,2,-2
0,21,-21
0,0,0
2,1,1
0,0,0
5,5,0
5,3,2
8,0,8
18,20,-2
4,0,4
4,0,4
0,0,0
12,0,12
10,11,-1
26,15,11
0,0,0
22,0,22
0,27,-27
5,5,0
1,0,1
17,17,0
3,5,-2
9,2,7
8,5,3
0,0,0
0,0,0
0,2,-2
0,15,-15
6,6,0
3,1,2
17,12,5
14,14,0
15,15,0
1,2,-1
14,0,14
19,1,18
0,0,0
4,4,0
2,2,0
5,10,-5
11,10,1
11,7,4
12,12,0
0,20,-20
16,16,0
18,6,12
6,0,6
0,0,0
6,0,6
14,1,13
1,0,1
1,3,-2
0,0,0
5,31,-26
14,15,-1
8,2,6
3,0,3
2,7,-5
0,0,0
2,0,2
3,0,3
0,0,0
6,6,0
0,29,-29
2,2,0
0,0,0
11,11,0
20,3,17
2,0,2
9,0,9
2,0,2
1,1,0
4,4,0
0,2,-2
3,0,3
15,4,11
0,0,0
9,9,0
4,4,0
3,8,-5
3,1,2
0,8,-8
1,2,-1
26,23,3
2,2,0
16,9,7
27,26,1
2,0,2
1,2,-1
4,0,4
2,4,-2
14,4,10
22,3,19
19,7,12
20,1,19
16,3,13
9,23,-14
0,0,0
0,3,-3
5,20,-15
0,0,0
0,0,0
11,2,9
11,19,-8
16,5,11
1,16,-15
11,0,11
10,10,0
5,5,0
0,2,-2
7,7,0
6,2,4
2,2,0
4,0,4
0,3,-3
7,7,0
3,11,-8
2,0,2
4,9,-5
0,22,-22
14,3,11
49,9,40
0,7,-7
2,37,-35
0,0,0
2,6,-4
1,0,1
17,21,-4
1,1,0
8,8,0
9,13,-4
2,0,2
10,7,3
18,18,0
8,2,6
1,5,-4
3,3,0
5,13,-8
18,24,-6
38,19,19
4,4,0
0,0,0
9,9,0
3,3,0
0,5,-5
28,6,22
4,14,-10
0,0,0
0,7,-7
4,4,0
0,3,-3
15,7,8
2,1,1
2,13,-11
6,6,0
1,0,1
10,14,-4
1,6,-5
0,0,0
12,12,0
0,0,0
16,8,8
0,0,0
0,0,0
3,2,1
3,4,-1
13,4,9
0,0,0
8,8,0
8,7,1
14,1,13
0,0,0
1,1,0
0,4,-4
9,10,-1
0,0,0
1,10,-9
0,0,0
16,29,-13
2,0,2
0,7,-7
5,10,-5
3,4,-1
2,2,0
3,5,-2
4,5,-1
13,13,0
0,0,0
50,7,43
13,28,-15
4,3,1
13,18,-5
5,5,0
17,0,17
3,14,-11
5,11,-6
13,13,0
1,18,-17
1,0,1
7,4,3
5,5,0
5,6,-1
0,0,0
6,6,0
7,0,7
1,1,0
0,0,0
1,3,-2
4,0,4
15,15,0
15,0,15
1,1,0
3,5,-2
6,0,6
5,5,0
6,2,4
2,2,0
18,2,16
0,0,0
7,7,0
1,1,0
1,1,0
11,15,-4
5,5,0
2,0,2
1,1,0
3,2,1
4,4,0
39,39,0
0,0,0
8,3,5
0,0,0
0,0,0
0,0,0
12,5,7
1,2,-1
32,0,32
8,8,0
0,4,-4
1,0,1
8,0,8
3,3,0
6,6,0
24,24,0
0,0,0
15,19,-4
17,17,0
12,12,0
0,0,0
0,0,0
0,0,0
0,0,0
4,4,0
6,6,0
3,3,0
0,0,0
0,33,-33
0,0,0
12,2,10
3,1,2
3,6,-3
4,1,3
0,0,0
10,10,0
1,8,-7
0,1,-1
7,1,6
1,1,0
1,0,1
7,7,0
7,12,-5
7,3,4
0,1,-1
6,3,3
14,1,13
0,6,-6
18,9,9
18,18,0
4,1,3
0,2,-2
2,2,0
1,0,1
1,1,0
0,33,-33
0,5,-5
3,0,3
1,7,-6
1,10,-9
8,8,0
6,0,6
33,33,0
40,54,-14
0,0,0
1,1,0
0,0,0
28,5,23
6,6,0
1,27,-26
0,2,-2
1,6,-5
7,19,-12
3,0,3
18,0,18
24,15,9
12,21,-9
5,6,-1
10,10,0
12,12,0
5,4,1
3,0,3
3,2,1
3,0,3
3,30,-27
2,2,0
0,1,-1
4,0,4
3,3,0
0,0,0
13,5,8
2,4,-2
0,2,-2
10,2,8
7,7,0
22,0,22
2,2,0
9,9,0
3,3,0
2,12,-10
0,0,0
17,27,-10
0,0,0
6,1,5
4,6,-2
6,0,6
25,7,18
6,2,4
6,3,3
2,2,0
8,2,6
3,1,2
6,3,3
0,7,-7
25,43,-18
3,0,3
5,17,-12
17,9,8
19,19,0
14,11,3
17,3,14
6,2,4
14,37,-23
5,0,5
6,10,-4
0,0,0
28,28,0
6,9,-3
14,14,0
1,2,-1
6,4,2
1,2,-1
0,0,0
0,0,0
0,0,0
0,0,0
0,0,0
0,18,-18
2,0,2
0,0,0
1,1,0
27,15,12
4,0,4
12,7,5
3,1,2
1,19,-18
0,0,0
0,0,0
0,20,-20
0,1,-1
51,51,0
3,1,2
10,10,0
4,5,-1
1,3,-2
6,6,0
2,0,2
5,3,2
2,0,2
8,3,5
0,0,0
8,10,-2
12,12,0
1,0,1
0,40,-40
13,4,9
3,0,3
1,0,1
0,0,0
0,0,0
0,3,-3
3,2,1
8,0,8
1,12,-11
6,0,6
0,0,0
0,12,-12
7,0,7
5,6,-1
2,2,0
6,6,0
0,0,0
14,8,6
6,4,2
14,14,0
4,4,0
3,3,0
0,0,0
7,0,7
18,18,0
3,3,0
0,0,0
2,6,-4
0,0,0
0,19,-19
1,0,1
10,10,0
1,1,0
0,0,0
6,4,2
13,4,9
40,2,38
0,0,0
0,0,0
7,4,3
4,3,1
8,4,4
4,2,2
7,22,-15
3,11,-8
7,0,7
19,26,-7
0,0,0
1,11,-10
3,0,3
0,0,0
5,7,-2
10,10,0
29,29,0
2,0,2
1,0,1
24,24,0
8,8,0
7,1,6
38,3,35
11,13,-2
2,6,-4
0,0,0
11,6,5
4,3,1
2,3,-1
8,6,2
12,27,-15
3,3,0
0,0,0
4,27,-23
3,2,1
9,9,0
0,0,0
1,1,0
12,12,0
5,6,-1
6,6,0
4,4,0
0,0,0
0,19,-19
2,2,0
2,0,2
4,9,-5
4,18,-14
10,6,4
0,0,0
5,5,0
3,3,0
12,12,0
6,16,-10
0,1,-1
13,27,-14
21,8,13
2,10,-8
7,14,-7
1,0,1
1,0,1
26,4,22
4,0,4
0,0,0
18,22,-4
4,4,0
8,6,2
1,0,1
10,10,0
2,12,-10
7,2,5
3,10,-7
0,20,-20
7,0,7
2,2,0
2,2,0
2,1,1
7,8,-1
6,16,-10
0,7,-7
6,10,-4
4,0,4
6,6,0
5,5,0
1,1,0
5,0,5
7,9,-2
2,2,0
0,1,-1
3,35,-32
0,0,0
0,1,-1
3,0,3
8,8,0
8,44,-36
0,0,0
1,0,1
5,1,4
3,0,3
6,0,6
1,24,-23
13,13,0
1,1,0
3,4,-1
3,3,0
19,0,19
11,19,-8
12,22,-10
0,9,-9
17,17,0
0,4,-4
0,0,0
21,2,19
37,19,18
3,2,1
8,1,7
12,8,4
1,5,-4
7,0,7
0,0,0
0,0,0
1,12,-11
18,2,16
3,4,-1
2,28,-26
9,35,-26
19,7,12
14,7,7
10,10,0
1,1,0
2,29,-27
4,4,0
13,0,13
1,1,0
5,10,-5
25,3,22
2,2,0
1,1,0
3,3,0
3,3,0
18,18,0
0,0,0
13,13,0
10,26,-16
11,5,6
16,4,12
8,9,-1
7,26,-19
4,6,-2
3,4,-1
7,3,4
3,0,3
12,13,-1
13,4,9
18,0,18
1,0,1
0,2,-2
0,1,-1
3,4,-1
0,2,-2
3,2,1
16,25,-9
1,8,-7
1,7,-6
2,2,0
2,10,-8
0,0,0
80,80,0
1,0,1
11,11,0
7,1,6
1,0,1
0,3,-3
3,3,0
26,26,0
13,0,13
5,5,0
5,63,-58
43,3,40
0,0,0
0,0,0
1,4,-3
0,0,0
9,2,7
2,3,-1
8,7,1
3,0,3
18,7,11
0,10,-10
18,21,-3
4,4,0
13,20,-7
27,4,23
6,6,0
8,2,6
6,4,2
23,1,22
1,1,0
44,44,0
31,31,0
4,4,0
0,0,0
6,1,5
11,1,10
4,4,0
1,6,-5
12,0,12
5,1,4
0,0,0
17,3,14
24,7,17
0,0,0
2,0,2
11,0,11
3,3,0
0,1,-1
1,7,-6
2,4,-2
14,14,0
8,1,7
13,6,7
2,2,0
12,5,7
3,3,0
6,7,-1
2,2,0
11,3,8
1,11,-10
5,2,3
6,4,2
4,0,4
2,2,0
8,1,7
4,4,0
11,3,8
3,0,3
11,41,-30
8,0,8
0,0,0
3,3,0
4,4,0
1,17,-16
1,1,0
1,0,1
21,19,2
4,4,0
0,0,0
3,0,3
5,0,5
9,35,-26
0,3,-3
2,2,0
2,2,0
0,0,0
1,2,-1
0,0,0
7,22,-15
3,0,3
3,36,-33
5,28,-23
32,32,0
16,16,0
36,36,0
7,0,7
0,0,0
5,9,-4
0,0,0
24,11,13
3,7,-4
24,0,24
15,15,0
20,0,20
0,0,0
0,5,-5
0,0,0
3,2,1
13,3,10
49,26,23
13,13,0
16,16,0
2,0,2
0,0,0
0,2,-2
6,6,0
2,2,0
1,1,0
1,26,-25
9,0,9
3,39,-36
4,61,-57
2,1,1
9,12,-3
1,0,1
10,10,0
1,10,-9
1,10,-9
2,15,-13
3,3,0
10,10,0
2,23,-21
15,11,4
0,0,0
1,0,1
5,0,5
17,17,0
13,13,0
13,20,-7
9,0,9
7,10,-3
8,0,8
4,6,-2
2,0,2
6,4,2
4,1,3
0,0,0
4,0,4
2,0,2
0,0,0
5,21,-16
1,0,1
0,0,0
18,9,9
5,0,5
0,1,-1
0,7,-7
4,8,-4
8,2,6
0,0,0
5,5,0
4,4,0
0,2,-2
0,0,0
6,3,3
10,1,9
1,1,0
1,6,-5
28,19,9
27,27,0
0,0,0
29,29,0
11,11,0
1,1,0
17,20,-3
1,0,1
10,31,-21
5,4,1
0,0,0
10,4,6
2,2,0
2,4,-2
1,0,1
0,15,-15
11,10,1
0,5,-5
9,2,7
7,0,7
3,12,-9
6,42,-36
31,28,3
4,3,1
7,6,1
6,11,-5
23,1,22
1,0,1
3,7,-4
11,15,-4
18,18,0
6,0,6
8,8,0
0,0,0
1,0,1
4,16,-12
6,1,5
1,1,0
2,3,-1
0,0,0
1,0,1
0,0,0
1,28,-27
4,4,0
26,14,12
0,0,0
5,5,0
3,0,3
0,5,-5
11,0,11
2,4,-2
0,5,-5
3,9,-6
7,0,7
44,5,39
2,4,-2
4,7,-3
0,0,0
2,6,-4
1,0,1
17,17,0
2,0,2
20,1,19
1,14,-13
6,10,-4
6,6,0
1,0,1
0,0,0
1,11,-10
6,6,0
1,0,1
0,2,-2
2,0,2
3,3,0
1,2,-1
1,18,-17
0,0,0
9,8,1
7,1,6
24,24,0
7,3,4
0,0,0
23,1,22
9,1,8
5,0,5
0,7,-7
7,10,-3
9,2,7
0,0,0
1,3,-2
1,1,0
2,0,2
4,0,4
0,10,-10
5,5,0
24,75,-51
1,0,1
11,6,5
13,1,12
3,5,-2
0,0,0
0,1,-1
6,5,1
3,25,-22
15,15,0
0,0,0
3,3,0
12,15,-3
2,2,0
0,0,0
2,4,-2
0,0,0
1,0,1
7,7,0
4,2,2
0,14,-14
7,2,5
1,0,1
5,0,5
3,3,0
3,5,-2
14,6,8
2,9,-7
3,3,0
0,0,0
5,30,-25
1,0,1
15,34,-19
2,6,-4
5,8,-3
3,1,2
0,18,-18
20,6,14
11,11,0
13,3,10
25,1,24
1,1,0
1,31,-30
10,10,0
2,2,0
37,13,24
8,11,-3
7,21,-14
22,21,1
4,9,-5
0,0,0
0,0,0
0,0,0
4,13,-9
1,28,-27
2,5,-3
0,17,-17
1,0,1
0,9,-9
2,10,-8
18,18,0
4,0,4
4,4,0
1,1,0
0,0,0
6,0,6
1,0,1
2,2,0
4,0,4
1,1,0
35,17,18
6,2,4
0,0,0
1,1,0
8,8,0
0,10,-10
1,1,0
0,0,0
0,1,-1
2,2,0
6,2,4
2,1,1
0,9,-9
4,1,3
1,22,-21
1,2,-1
10,15,-5
9,9,0
23,13,10
5,2,3
100,1,99
10,1,9
0,7,-7
2,2,0
2,2,0
0,0,0
14,1,13
32,32,0
10,20,-10
13,0,13
26,26,0
24,40,-16
5,19,-14
9,7,2
1,1,0
12,13,-1
33,21,12
3,8,-5
1,1,0
19,13,6
4,17,-13
1,3,-2
1,20,-19
1,3,-2
5,0,5
6,0,6
0,12,-12
9,9,0
1,1,0
35,35,0
7,18,-11
2,0,2
5,5,0
3,6,-3
4,9,-5
8,12,-4
17,10,7
1,2,-1
28,24,4
0,10,-10
2,8,-6
5,20,-15
1,1,0
9,5,4
24,3,21
1,0,1
1,0,1
18,18,0
0,0,0
0,5,-5
15,8,7
1,1,0
1,0,1
9,63,-54
3,0,3
6,13,-7
5,5,0
6,6,0
0,32,-32
0,0,0
27,1,26
13,13,0
0,0,0
9,0,9
1,14,-13
3,3,0
4,0,4
1,0,1
3,4,-1
0,0,0
1,1,0
0,0,0
2,1,1
0,0,0
19,18,1
5,5,0
0,0,0
7,29,-22
1,1,0
5,0,5
2,5,-3
0,2,-2
0,0,0
7,13,-6
9,24,-15
0,3,-3
0,0,0
6,8,-2
12,7,5
6,18,-12
0,0,0
5,2,3
6,0,6
5,9,-4
0,1,-1
1,0,1
10,10,0
28,24,4
0,0,0
12,9,3
4,16,-12
5,5,0
0,0,0
6,6,0
4,2,2
2,2,0
0,0,0
0,0,0
6,17,-11
29,6,23
12,12,0
63,19,44
6,27,-21
0,0,0
1,0,1
2,0,2
26,25,1
9,9,0
1,4,-3
7,6,1
0,0,0
1,3,-2
22,32,-10
8,3,5
1,0,1
1,8,-7
3,2,1
15,16,-1
3,1,2
25,36,-11
7,5,2
0,0,0
0,0,0
20,0,20
1,3,-2
2,5,-3
2,0,2
36,30,6
34,25,9
0,0,0
2,7,-5
4,7,-3
5,5,0
18,1,17
4,4,0
3,0,3
3,3,0
0,1,-1
0,0,0
10,17,-7
2,8,-6
12,0,12
2,1,1
12,7,5
6,6,0
14,6,8
0,1,-1
15,11,4
2,2,0
1,0,1
0,0,0
8,17,-9
0,11,-11
2,1,1
4,10,-6
5,1,4
2,9,-7
0,0,0
0,0,0
34,5,29
1,1,0
1,2,-1
2,0,2
8,10,-2
9,0,9
18,0,18
0,5,-5
7,35,-28
12,14,-2
4,0,4
2,2,0
2,0,2
1,32,-31
10,10,0
18,0,18
0,0,0
5,5,0
0,0,0
12,12,0
2,2,0
1,7,-6
0,0,0
1,4,-3
0,0,0
5,5,0
33,19,14
0,12,-12
4,16,-12
2,1,1
7,0,7
14,14,0
4,4,0
1,0,1
7,7,0
0,19,-19
36,20,16
2,2,0
10,0,10
1,4,-3
3,0,3
0,0,0
0,0,0
8,8,0
0,0,0
9,7,2
2,6,-4
30,30,0
10,4,6
7,21,-14
1,4,-3
5,5,0
6,7,-1
0,4,-4
8,8,0
9,4,5
11,4,7
20,4,16
17,28,-11
33,7,26
22,3,19
0,1,-1
3,0,3
19,44,-25
5,1,4
0,3,-3
1,0,1
7,0,7
7,19,-12
1,9,-8
0,10,-10
5,1,4
11,11,0
1,1,0
20,20,0
32,32,0
0,2,-2
13,53,-40
12,12,0
1,0,1
23,12,11
7,8,-1
0,12,-12
3,2,1
1,1,0
4,1,3
2,34,-32
2,0,2
0,0,0
1,1,0
4,10,-6
0,0,0
3,0,3
0,0,0
0,0,0
0,0,0
20,4,16
0,0,0
2,3,-1
17,17,0
2,0,2
0,0,0
0,0,0
10,39,-29
2,1,1
1,5,-4
3,3,0
2,35,-33
14,1,13
3,4,-1
18,3,15
6,6,0
4,3,1
14,12,2
5,10,-5
4,5,-1
11,11,0
0,0,0
1,0,1
5,5,0
0,3,-3
7,8,-1
18,15,3
0,0,0
5,5,0
16,32,-16
13,13,0
14,17,-3
0,2,-2
29,16,13
0,0,0
3,3,0
0,15,-15
2,10,-8
25,23,2
5,6,-1
0,0,0
8,8,0
2,3,-1
10,0,10
1,15,-14
2,2,0
2,1,1
18,18,0
1,32,-31
0,0,0
3,5,-2
15,15,0
5,9,-4
14,21,-7
5,0,5
21,3,18
1,2,-1
4,6,-2
6,3,3
11,25,-14
3,0,3
4,2,2
7,11,-4
6,0,6
9,8,1
9,9,0
3,3,0
2,2,0
2,4,-2
2,1,1
0,0,0
4,2,2
13,4,9
0,0,0
0,0,0
8,8,0
5,7,-2
0,0,0
1,1,0
16,0,16
0,0,0
0,11,-11
5,1,4
8,3,5
0,0,0
12,12,0
8,8,0
9,16,-7
13,13,0
1,0,1
7,17,-10
6,4,2
6,11,-5
8,0,8
12,12,0
8,19,-11
14,6,8
0,1,-1
14,14,0
1,13,-12
2,1,1
7,11,-4
2,4,-2
3,3,0
1,36,-35
11,35,-24
15,1,14
1,2,-1
0,0,0
20,15,5
8,0,8
1,8,-7
2,2,0
19,0,19
0,4,-4
0,0,0
9,0,9
0,0,0
8,8,0
0,2,-2
33,0,33
11,12,-1
2,4,-2
16,16,0
18,16,2
5,5,0
1,1,0
4,1,3
22,22,0
1,9,-8
3,8,-5
6,8,-2
26,0,26
7,2,5
3,8,-5
1,4,-3
1,19,-18
2,8,-6
4,4,0
3,3,0
0,27,-27
0,1,-1
1,1,0
6,24,-18
2,2,0
1,26,-25
23,22,1
3,12,-9
3,4,-1
1,1,0
1,0,1
7,16,-9
3,0,3
0,0,0
0,8,-8
0,0,0
11,29,-18
20,12,8
1,5,-4
4,4,0
0,5,-5
8,0,8
14,2,12
0,1,-1
8,15,-7
4,4,0
21,33,-12
12,12,0
0,0,0
5,5,0
25,15,10
9,14,-5
2,6,-4
2,2,0
3,0,3
9,0,9
7,7,0
2,24,-22
7,9,-2
6,21,-15
0,0,0
0,0,0
10,10,0
0,0,0
10,19,-9
2,3,-1
0,0,0
1,0,1
6,6,0
49,2,47
1,5,-4
14,17,-3
2,18,-16
12,13,-1
2,2,0
2,2,0
25,25,0
1,19,-18
1,18,-17
1,2,-1
3,1,2
2,2,0
1,0,1
11,4,7
10,0,10
2,47,-45
2,19,-17
1,0,1
9,1,8
3,47,-44
27,2,25
7,6,1
0,0,0
1,2,-1
14,7,7
12,13,-1
1,3,-2
20,20,0
6,0,6
14,14,0
0,0,0
0,0,0
2,0,2
1,6,-5
14,14,0
5,0,5
0,0,0
0,0,0
15,9,6
0,0,0
30,3,27
0,0,0
5,1,4
0,0,0
0,6,-6
1,1,0
0,0,0
11,3,8
2,0,2
10,8,2
8,20,-12
8,31,-23
0,0,0
11,0,11
4,4,0
3,3,0
0,0,0
8,6,2
13,13,0
3,0,3
1,2,-1
3,5,-2
0,3,-3
0,1,-1
0,0,0
2,0,2
0,9,-9
12,23,-11
0,0,0
2,1,1
2,0,2
33,3,30
3,1,2
1,0,1
5,13,-8
0,0,0
3,0,3
2,11,-9
0,7,-7
0,7,-7
25,25,0
0,0,0
7,2,5
1,0,1
2,0,2
9,3,6
2,1,1
3,1,2
9,15,-6
12,3,9
0,7,-7
2,2,0
1,2,-1
0,0,0
1,1,0
8,8,0
2,4,-2
3,3,0
9,10,-1
0,33,-33
8,3,5
16,33,-17
12,5,7
9,9,0
14,14,0
9,9,0
0,6,-6
6,7,-1
4,6,-2
1,1,0
7,7,0
0,5,-5
2,1,1
11,11,0
0,6,-6
5,5,0
1,0,1
0,0,0
23,3,20
2,8,-6
13,18,-5
8,10,-2
22,13,9
13,29,-16
58,35,23
6,27,-21
0,2,-2
4,5,-1
0,0,0
4,4,0
3,14,-11
1,1,0
1,23,-22
2,14,-12
7,0,7
12,12,0
4,4,0
1,1,0
16,12,4
5,0,5
13,19,-6
6,4,2
10,10,0
3,5,-2
0,11,-11
2,2,0
1,1,0
0,0,0
0,25,-25
0,0,0
16,19,-3
9,3,6
7,20,-13
0,0,0
2,0,2
0,6,-6
15,2,13
1,18,-17
3,18,-15
3,1,2
13,3,10
6,6,0
1,1,0
7,7,0
7,5,2
0,3,-3
0,3,-3
9,9,0
0,6,-6
4,0,4
0,0,0
4,4,0
12,12,0
0,12,-12
1,0,1
16,16,0
13,14,-1
2,36,-34
9,9,0
5,1,4
2,2,0
3,10,-7
1,1,0
3,0,3
5,4,1
0,0,0
11,11,0
0,0,0
0,17,-17
0,0,0
0,2,-2
9,9,0
3,3,0
5,2,3
5,1,4
33,2,31
5,5,0
10,11,-1
0,0,0
7,3,4
1,7,-6
18,14,4
4,35,-31
0,0,0
0,0,0
28,0,28
0,0,0
19,16,3
2,7,-5
6,3,3
1,2,-1
1,4,-3
0,1,-1
1,2,-1
17,0,17
5,5,0
0,0,0
1,4,-3
2,1,1
3,22,-19
15,15,0
0,0,0
17,17,0
0,0,0
2,0,2
4,4,0
5,5,0
11,17,-6
3,19,-16
5,1,4
14,8,6
8,16,-8
4,4,0
19,19,0
4,24,-20
1,13,-12
11,23,-12
0,7,-7
1,1,0
0,3,-3
0,0,0
4,6,-2
10,0,10
13,11,2
0,8,-8
6,0,6
3,4,-1
4,0,4
7,7,0
1,9,-8
1,0,1
16,17,-1
1,1,0
9,0,9
13,5,8
1,4,-3
2,2,0
12,5,7
0,36,-36
11,6,5
29,29,0
0,5,-5
9,2,7
13,9,4
14,28,-14
6,0,6
0,0,0
0,1,-1
2,0,2
0,0,0
0,0,0
1,0,1
14,2,12
8,1,7
21,0,21
75,18,57
3,0,3
3,3,0
39,19,20
9,25,-16
25,25,0
19,16,3
0,0,0
14,6,8
0,1,-1
0,0,0
1,1,0
1,2,-1
13,9,4
15,17,-2
0,6,-6
29,4,25
4,4,0
24,24,0
7,12,-5
0,0,0
5,5,0
3,5,-2
3,6,-3
1,1,0
3,7,-4
6,0,6
23,23,0
7,14,-7
0,5,-5
4,0,4
20,20,0
3,3,0
11,1,10
1,1,0
0,3,-3
6,6,0
3,3,0
2,1,1
4,5,-1
10,10,0
12,24,-12
21,3,18
4,0,4
5,1,4
0,6,-6
45,13,32
1,1,0
10,4,6
3,5,-2
7,5,2
0,0,0
3,3,0
3,0,3
1,18,-17
6,6,0
18,6,12
2,40,-38
4,1,3
1,5,-4
0,18,-18
7,0,7
0,0,0
0,0,0
1,1,0
5,4,1
0,0,0
2,10,-8
3,3,0
1,0,1
11,5,6
0,8,-8
16,16,0
16,16,0
4,0,4
10,10,0
17,3,14
0,1,-1
7,3,4
16,28,-12
7,4,3
18,7,11
9,2,7
4,16,-12
14,28,-14
0,29,-29
0,6,-6
1,3,-2
2,0,2
5,7,-2
10,20,-10
2,18,-16
0,0,0
1,2,-1
3,3,0
1,1,0
2,22,-20
40,14,26
16,3,13
0,0,0
0,0,0
0,8,-8
7,7,0
2,2,0
3,2,1
7,7,0
0,3,-3
14,14,0
24,34,-10
5,15,-10
5,10,-5
1,23,-22
1,1,0
1,0,1
7,11,-4
0,10,-10
9,0,9
0,8,-8
0,11,-11
0,0,0
15,3,12
19,11,8
11,0,11
9,7,2
4,2,2
0,15,-15
4,18,-14
37,37,0
2,0,2
0,0,0
2,3,-1
4,1,3
2,10,-8
13,25,-12
7,0,7
15,12,3
1,1,0
0,0,0
4,0,4
0,0,0
12,10,2
0,0,0
25,7,18
6,0,6
3,5,-2
23,18,5
2,15,-13
0,0,0
8,0,8
8,8,0
1,1,0
1,0,1
0,7,-7
4,0,4
6,6,0
20,14,6
16,16,0
0,52,-52
16,16,0
17,17,0
1,0,1
6,2,4
2,20,-18
0,1,-1
4,5,-1
5,17,-12
10,10,0
0,2,-2
2,8,-6
6,6,0
0,0,0
16,37,-21
4,7,-3
6,6,0
6,22,-16
0,12,-12
1,3,-2
2,2,0
1,18,-17
1,0,1
2,8,-6
0,4,-4
4,0,4
2,2,0
10,5,5
6,6,0
2,0,2
5,0,5
0,21,-21
8,5,3
5,5,0
2,0,2
0,1,-1
0,0,0
0,0,0
2,0,2
6,2,4
3,6,-3
14,13,1
16,7,9
3,3,0
1,10,-9
16,16,0
0,0,0
2,1,1
1,0,1
16,0,16
0,0,0
11,6,5
4,4,0
23,2,21
8,12,-4
8,9,-1
1,3,-2
5,2,3
9,3,6
2,2,0
9,5,4
1,25,-24
1,0,1
4,4,0
3,2,1
10,26,-16
12,16,-4
5,0,5
0,0,0
10,17,-7
2,4,-2
4,12,-8
0,6,-6
0,1,-1
6,28,-22
0,0,0
6,16,-10
22,14,8
0,12,-12
3,26,-23
24,13,11
7,7,0
5,26,-21
1,0,1
0,8,-8
0,2,-2
3,0,3
0,5,-5
22,22,0
21,9,12
2,2,0
4,9,-5
13,24,-11
5,9,-4
3,4,-1
0,29,-29
3,4,-1
0,0,0
4,5,-1
0,0,0
0,0,0
16,17,-1
8,13,-5
5,5,0
0,21,-21
24,10,14
2,19,-17
1,1,0
3,0,3
0,0,0
20,2,18
0,0,0
1,0,1
27,4,23
0,3,-3
2,2,0
15,12,3
2,2,0
0,0,0
2,7,-5
5,5,0
2,2,0
12,12,0
1,0,1
29,0,29
2,1,1
27,8,19
1,22,-21
26,26,0
1,3,-2
63,63,0
0,0,0
6,9,-3
3,6,-3
1,0,1
1,0,1
20,13,7
6,6,0
3,3,0
2,19,-17
1,1,0
4,1,3
35,35,0
4,4,0
7,7,0
4,26,-22
0,0,0
0,2,-2
0,0,0
9,3,6
4,2,2
4,4,0
2,0,2
11,4,7
0,6,-6
1,4,-3
1,0,1
0,0,0
10,10,0
3,24,-21
6,0,6
3,13,-10
16,33,-17
1,1,0
9,1,8
6,6,0
3,6,-3
0,0,0
2,0,2
8,8,0
17,6,11
26,26,0
4,9,-5
1,0,1
8,11,-3
2,15,-13
13,1,12
10,10,0
0,0,0
7,7,0
3,0,3
4,4,0
37,37,0
19,20,-1
29,30,-1
0,1,-1
10,10,0
4,0,4
0,0,0
10,10,0
15,5,10
1,1,0
3,3,0
26,11,15
11,0,11
2,8,-6
1,1,0
1,0,1
1,7,-6
2,2,0
3,3,0
17,2,15
6,0,6
7,0,7
29,47,-18
2,4,-2
0,0,0
2,3,-1
1,0,1
1,0,1
11,11,0
16,9,7
10,8,2
1,2,-1
6,4,2
23,23,0
22,22,0
0,0,0
0,0,0
14,3,11
4,0,4
0,0,0
11,11,0
2,3,-1
0,0,0
4,0,4
4,13,-9
2,15,-13
6,9,-3
9,1,8
1,6,-5
7,7,0
7,3,4
0,26,-26
3,10,-7
1,7,-6
1,1,0
0,0,0
2,2,0
0,0,0
6,6,0
1,0,1
2,2,0
8,8,0
0,0,0
1,1,0
8,10,-2
4,6,-2
1,1,0
0,0,0
6,13,-7
0,7,-7
21,33,-12
55,7,48
4,2,2
0,2,-2
9,12,-3
16,16,0
5,5,0
19,19,0
0,34,-34
2,2,0
0,7,-7
3,5,-2
6,14,-8
2,35,-33
16,1,15
1,1,0
7,2,5
3,9,-6
34,34,0
3,3,0
5,15,-10
0,0,0
2,11,-9
0,0,0
0,0,0
1,11,-10
26,26,0
0,6,-6
0,0,0
13,11,2
2,0,2
5,0,5
3,1,2
0,0,0
6,14,-8
0,7,-7
0,1,-1
3,1,2
0,14,-14
4,0,4
21,21,0
3,17,-14
0,0,0
0,0,0
26,26,0
1,0,1
3,6,-3
8,8,0
1,0,1
0,23,-23
3,3,0
1,0,1
0,0,0
0,0,0
9,0,9
16,16,0
13,0,13
4,4,0
0,0,0
2,2,0
0,0,0
5,1,4
1,0,1
6,6,0
0,10,-10
3,4,-1
15,15,0
0,0,0
1,0,1
40,8,32
0,0,0
0,0,0
5,1,4
5,3,2
1,0,1
5,5,0
21,1,20
0,0,0
4,37,-33
29,19,10
25,25,0
1,0,1
2,0,2
4,0,4
4,8,-4
22,1,21
18,9,9
6,6,0
1,0,1
0,3,-3
33,9,24
2,0,2
0,33,-33
6,3,3
2,7,-5
36,1,35
3,0,3
0,9,-9
3,0,3
2,1,1
0,0,0
1,1,0
4,7,-3
7,7,0
57,13,44
0,0,0
2,2,0
0,1,-1
5,2,3
5,5,0
8,35,-27
9,9,0
1,13,-12
1,0,1
10,1,9
5,25,-20
23,14,9
5,0,5
3,0,3
12,0,12
13,13,0
0,0,0
2,0,2
1,1,0
0,0,0
8,4,4
1,0,1
0,0,0
4,30,-26
0,1,-1
5,12,-7
38,38,0
30,17,13
7,8,-1
6,6,0
8,1,7
12,0,12
0,0,0
9,3,6
4,4,0
1,0,1
28,28,0
1,1,0
6,6,0
1,17,-16
1,6,-5
3,2,1
9,9,0
16,0,16
0,0,0
5,5,0
1,2,-1
0,1,-1
11,15,-4
7,10,-3
0,0,0
11,11,0
8,4,4
33,3,30
4,13,-9
10,7,3
0,13,-13
16,0,16
0,0,0
13,2,11
0,0,0
2,9,-7
1,21,-20
0,0,0
0,0,0
15,20,-5
2,1,1
12,16,-4
1,20,-19
9,1,8
13,30,-17
2,1,1
3,10,-7
0,3,-3
0,8,-8
8,5,3
2,0,2
0,11,-11
1,0,1
2,5,-3
0,0,0
13,13,0
24,14,10
1,2,-1
22,23,-1
2,2,0
1,1,0
27,27,0
15,15,0
4,7,-3
1,0,1
11,5,6
0,0,0
10,3,7
10,0,10
37,33,4
3,8,-5
4,2,2
6,8,-2
20,20,0
2,2,0
2,2,0
0,9,-9
0,6,-6
1,36,-35
0,0,0
19,1,18
1,1,0
8,8,0
24,24,0
47,47,0
0,3,-3
6,5,1
0,0,0
0,6,-6
3,0,3
0,0,0
2,9,-7
0,0,0
3,0,3
5,5,0
7,0,7
5,2,3
1,2,-1
0,10,-10
5,27,-22
0,28,-28
5,3,2
49,3,46
5,1,4
5,14,-9
2,2,0
2,2,0
12,1,11
2,0,2
0,5,-5
0,0,0
5,4,1
9,9,0
3,8,-5
2,0,2
0,0,0
1,0,1
2,0,2
2,0,2
0,1,-1
3,0,3
6,5,1
9,12,-3
3,0,3
0,8,-8
7,21,-14
31,31,0
4,5,-1
5,7,-2
61,40,21
0,0,0
5,5,0
3,0,3
18,4,14
7,18,-11
4,26,-22
13,6,7
0,0,0
11,8,3
29,18,11
0,0,0
1,0,1
1,0,1
33,33,0
3,7,-4
4,5,-1
14,14,0
6,6,0
6,6,0
18,17,1
2,2,0
9,9,0
2,44,-42
9,2,7
0,0,0
1,25,-24
1,0,1
6,2,4
7,7,0
4,18,-14
3,7,-4
3,3,0
9,2,7
8,8,0
4,4,0
4,9,-5
0,1,-1
0,0,0
7,9,-2
2,0,2
7,7,0
16,16,0
12,12,0
4,17,-13
4,0,4
21,2,19
2,0,2
5,0,5
10,10,0
3,0,3
6,23,-17
27,14,13
28,11,17
7,14,-7
1,1,0
17,9,8
8,8,0
17,12,5
6,17,-11
0,0,0
1,0,1
1,38,-37
1,1,0
1,3,-2
16,9,7
0,37,-37
0,2,-2
4,20,-16
1,1,0
1,41,-40
3,3,0
0,2,-2
2,4,-2
7,13,-6
13,0,13
1,1,0
4,8,-4
0,0,0
0,0,0
6,6,0
3,1,2
4,4,0
3,6,-3
0,17,-17
45,45,0
26,20,6
13,13,0
1,0,1
15,6,9
8,4,4
5,12,-7
2,0,2
7,6,1
4,21,-17
22,9,13
2,6,-4
0,6,-6
1,8,-7
9,21,-12
28,10,18
13,13,0
32,17,15
4,1,3
10,30,-20
2,0,2
5,5,0
13,10,3
9,9,0
5,26,-21
0,0,0
0,1,-1
24,42,-18
0,0,0
0,1,-1
0,9,-9
1,1,0
4,4,0
0,0,0
3,11,-8
5,1,4
1,1,0
13,13,0
0,0,0
1,15,-14
12,11,1
11,2,9
0,12,-12
0,0,0
0,0,0
0,0,0
1,0,1
15,2,13
0,1,-1
4,0,4
2,1,1
0,0,0
3,3,0
2,2,0
0,12,-12
1,1,0
7,1,6
9,11,-2
11,11,0
4,0,4
10,2,8
1,0,1
0,0,0
3,9,-6
0,0,0
4,4,0
0,3,-3
0,22,-22
25,2,23
7,35,-28
0,0,0
9,2,7
33,1,32
0,0,0
16,2,14
8,4,4
1,21,-20
4,2,2
3,2,1
0,0,0
11,11,0
12,26,-14
27,26,1
7,25,-18
13,7,6
6,2,4
3,9,-6
7,7,0
17,0,17
13,3,10
32,8,24
29,4,25
3,0,3
9,9,0
10,7,3
5,0,5
14,13,1
0,0,0
8,8,0
4,0,4
21,16,5
11,6,5
2,2,0
9,16,-7
9,9,0
1,13,-12
18,4,14
17,6,11
14,13,1
5,1,4
4,16,-12
1,0,1
1,3,-2
1,1,0
17,17,0
8,8,0
7,2,5
6,6,0
2,28,-26
28,28,0
5,5,0
0,0,0
1,0,1
29,29,0
15,12,3
0,0,0
7,20,-13
41,41,0
4,0,4
21,11,10
0,0,0
7,7,0
9,0,9
5,5,0
2,2,0
0,0,0
9,9,0
2,2,0
3,0,3
0,4,-4
2,5,-3
10,10,0
11,11,0
0,1,-1
0,0,0
0,19,-19
0,0,0
2,2,0
2,0,2
0,16,-16
9,9,0
2,19,-17
9,11,-2
0,0,0
7,7,0
34,34,0
13,18,-5
10,10,0
4,4,0
4,1,3
2,4,-2
0,0,0
3,3,0
4,4,0
5,5,0
1,1,0
4,0,4
1,0,1
0,0,0
11,6,5
5,18,-13
0,4,-4
0,0,0
5,0,5
5,11,-6
7,0,7
13,4,9
0,20,-20
1,15,-14
10,9,1
10,0,10
2,2,0
8,1,7
1,0,1
4,0,4
1,2,-1
4,3,1
15,2,13
8,13,-5
1,0,1
1,7,-6
3,3,0
7,5,2
20,20,0
14,4,10
0,0,0
2,0,2
9,9,0
0,11,-11
0,7,-7
2,5,-3
9,1,8
0,12,-12
4,0,4
18,9,9
9,10,-1
3,0,3
2,4,-2
8,5,3
34,22,12
6,6,0
8,7,1
8,3,5
64,23,41
4,0,4
5,1,4
2,0,2
1,1,0
0,0,0
3,4,-1
26,26,0
0,13,-13
0,0,0
3,0,3
13,0,13
3,2,1
5,3,2
1,0,1
14,10,4
1,0,1
0,9,-9
7,10,-3
22,11,11
4,8,-4
3,22,-19
3,3,0
2,2,0
33,33,0
8,15,-7
9,7,2
0,10,-10
50,1,49
1,3,-2
10,5,5
3,4,-1
2,2,0
7,7,0
4,8,-4
3,0,3
2,7,-5
4,4,0
0,7,-7
2,0,2
10,15,-5
1,0,1
8,8,0
0,0,0
6,21,-15
1,1,0
1,2,-1
26,0,26
6,22,-16
1,1,0
1,26,-25
9,9,0
3,32,-29
4,10,-6
1,0,1
4,2,2
5,1,4
2,4,-2
2,3,-1
1,2,-1
14,23,-9
4,4,0
19,26,-7
1,2,-1
0,6,-6
17,9,8
5,0,5
23,20,3
5,20,-15
24,24,0
2,0,2
2,7,-5
33,21,12
3,3,0
12,9,3
2,0,2
3,0,3
6,0,6
1,0,1
11,11,0
7,7,0
8,8,0
0,2,-2
0,0,0
0,0,0
24,26,-2
3,11,-8
10,10,0
11,11,0
7,0,7
1,1,0
0,0,0
0,0,0
1,0,1
1,4,-3
25,14,11
0,28,-28
0,8,-8
6,6,0
13,0,13
25,12,13
0,51,-51
4,14,-10
2,3,-1
1,2,-1
4,14,-10
5,1,4
5,6,-1
6,0,6
19,12,7
8,32,-24
5,12,-7
0,0,0
7,7,0
37,11,26
0,0,0
0,4,-4
0,4,-4
2,3,-1
9,8,1
14,14,0
0,0,0
6,1,5
17,7,10
0,13,-13
0,5,-5
3,6,-3
4,8,-4
7,7,0
13,13,0
13,6,7
0,0,0
2,0,2
10,11,-1
1,0,1
11,19,-8
6,16,-10
3,3,0
0,0,0
16,16,0
3,22,-19
5,3,2
0,0,0
5,3,2
11,0,11
13,28,-15
0,2,-2
9,0,9
9,9,0
9,7,2
1,1,0
1,1,0
0,4,-4
0,0,0
0,0,0
1,1,0
12,12,0
3,5,-2
2,0,2
13,13,0
8,4,4
6,5,1
14,14,0
8,0,8
1,1,0
4,27,-23
4,5,-1
0,6,-6
1,13,-12
18,18,0
0,0,0
5,1,4
7,2,5
33,27,6
2,0,2
4,4,0
0,0,0
0,0,0
3,0,3
5,5,0
0,1,-1
18,15,3
0,9,-9
1,3,-2
25,11,14
1,1,0
0,1,-1
3,7,-4
1,0,1
27,27,0
3,7,-4
1,1,0
0,20,-20
8,17,-9
4,2,2
7,28,-21
0,0,0
0,5,-5
1,1,0
1,0,1
5,5,0
1,10,-9
3,4,-1
10,16,-6
0,2,-2
11,0,11
4,10,-6
9,2,7
3,3,0
0,4,-4
14,4,10
11,11,0
8,8,0
20,4,16
1,9,-8
1,1,0
3,26,-23
5,5,0
18,18,0
6,3,3
17,17,0
0,0,0
0,0,0
20,1,19
12,2,10
22,3,19
0,0,0
4,21,-17
19,19,0
7,7,0
3,3,0
10,20,-10
2,5,-3
1,1,0
1,0,1
2,4,-2
5,2,3
0,0,0
0,4,-4
0,0,0
17,3,14
25,24,1
12,7,5
0,6,-6
4,0,4
2,10,-8
7,7,0
4,4,0
17,16,1
3,29,-26
0,0,0
6,0,6
1,1,0
0,7,-7
15,19,-4
3,20,-17
1,0,1
5,2,3
1,0,1
1,1,0
0,0,0
0,0,0
0,0,0
3,13,-10
1,0,1
0,0,0
0,0,0
18,24,-6
14,3,11
16,29,-13
2,6,-4
1,1,0
1,1,0
0,14,-14
0,0,0
4,0,4
2,25,-23
1,1,0
7,7,0
3,0,3
12,0,12
0,0,0
11,18,-7
8,19,-11
0,0,0
9,5,4
1,1,0
1,2,-1
35,35,0
5,2,3
2,0,2
9,9,0
0,0,0
0,5,-5
11,3,8
0,0,0
13,0,13
19,0,19
1,5,-4
3,45,-42
2,9,-7
4,2,2
5,2,3
3,2,1
0,8,-8
1,1,0
0,0,0
1,0,1
29,6,23
11,17,-6
2,0,2
27,5,22
3,3,0
0,0,0
7,2,5
6,9,-3
3,0,3
0,0,0
8,8,0
2,0,2
17,8,9
3,3,0
0,0,0
7,4,3
36,7,29
12,6,6
22,3,19
1,6,-5
13,13,0
16,22,-6
0,14,-14
10,10,0
10,6,4
1,0,1
2,6,-4
4,4,0
0,0,0
0,0,0
0,0,0
0,1,-1
10,9,1
1,0,1
21,3,18
3,0,3
26,11,15
0,14,-14
4,4,0
8,8,0
8,1,7
9,3,6
69,69,0
18,18,0
2,1,1
18,3,15
3,9,-6
2,0,2
5,4,1
0,2,-2
3,15,-12
16,16,0
1,1,0
0,0,0
24,31,-7
0,0,0
4,19,-15
0,12,-12
8,1,7
0,0,0
0,0,0
0,9,-9
13,0,13
23,11,12
6,6,0
2,2,0
4,0,4
5,5,0
15,3,12
2,0,2
17,17,0
2,0,2
5,5,0
25,31,-6
7,13,-6
11,11,0
11,31,-20
1,3,-2
1,14,-13
0,0,0
0,0,0
0,0,0
1,18,-17
1,26,-25
2,9,-7
0,19,-19
1,31,-30
25,25,0
0,0,0
8,8,0
4,11,-7
2,8,-6
13,13,0
25,25,0
9,8,1
9,9,0
0,0,0
2,0,2
4,4,0
5,5,0
8,0,8
12,4,8
6,7,-1
2,7,-5
4,17,-13
0,0,0
4,4,0
11,11,0
10,0,10
11,9,2
12,13,-1
2,0,2
19,0,19
9,3,6
7,0,7
2,1,1
3,0,3
17,17,0
13,28,-15
0,1,-1
3,2,1
12,8,4
12,12,0
15,0,15
4,12,-8
0,0,0
4,4,0
0,7,-7
20,16,4
3,0,3
3,14,-11
2,2,0
1,0,1
2,1,1
1,0,1
35,5,30
75,5,70
0,0,0
4,0,4
0,19,-19
2,0,2
9,0,9
1,0,1
23,9,14
8,0,8
17,5,12
1,0,1
2,2,0
2,0,2
3,10,-7
4,0,4
28,6,22
5,5,0
9,9,0
24,24,0
3,1,2
0,4,-4
1,4,-3
0,0,0
4,2,2
6,6,0
18,18,0
25,2,23
13,8,5
0,2,-2
0,15,-15
4,4,0
6,1,5
1,0,1
0,15,-15
9,9,0
2,55,-53
16,5,11
4,4,0
23,10,13
21,3,18
3,1,2
0,0,0
5,2,3
0,0,0
1,10,-9
6,1,5
1,17,-16
4,10,-6
7,1,6
11,8,3
17,2,15
5,5,0
1,0,1
28,0,28
42,42,0
0,0,0
0,0,0
1,1,0
5,1,4
23,1,22
5,2,3
0,5,-5
17,4,13
8,0,8
0,33,-33
1,6,-5
11,11,0
28,6,22
8,24,-16
5,5,0
1,0,1
10,10,0
8,0,8
3,4,-1
9,50,-41
18,0,18
1,0,1
15,4,11
1,0,1
20,4,16
16,16,0
10,6,4
3,36,-33
0,28,-28
19,4,15
4,9,-5
11,22,-11
4,12,-8
13,13,0
14,14,0
0,13,-13
3,3,0
5,3,2
0,0,0
1,1,0
36,36,0
6,3,3
2,0,2
4,3,1
11,10,1
0,4,-4
0,0,0
0,1,-1
2,1,1
0,0,0
4,11,-7
3,5,-2
15,15,0
15,5,10
0,0,0
8,12,-4
2,7,-5
0,0,0
3,16,-13
6,2,4
11,4,7
9,0,9
8,0,8
16,16,0
1,0,1
0,0,0
7,0,7
13,13,0
4,16,-12
1,0,1
0,1,-1
3,3,0
0,14,-14
11,5,6
0,0,0
1,5,-4
1,2,-1
10,7,3
9,12,-3
9,9,0
0,25,-25
2,0,2
2,5,-3
3,12,-9
4,0,4
10,9,1
16,5,11
0,0,0
6,6,0
7,9,-2
0,8,-8
0,7,-7
1,1,0
6,6,0
0,0,0
24,39,-15
1,0,1
0,0,0
3,0,3
0,8,-8
17,13,4
7,1,6
5,8,-3
2,4,-2
2,4,-2
2,2,0
2,4,-2
8,14,-6
7,8,-1
0,0,0
9,0,9
5,0,5
28,18,10
0,0,0
18,18,0
10,10,0
7,10,-3
15,15,0
6,0,6
3,1,2
3,41,-38
3,0,3
0,0,0
4,0,4
7,4,3
11,1,10
12,19,-7
1,1,0
13,18,-5
29,29,0
1,2,-1
6,6,0
0,1,-1
0,0,0
13,13,0
2,7,-5
14,4,10
1,1,0
15,15,0
4,3,1
22,10,12
34,25,9
0,0,0
3,2,1
19,7,12
16,14,2
0,2,-2
9,13,-4
1,3,-2
15,15,0
2,5,-3
16,16,0
18,18,0
23,1,22
4,1,3
0,0,0
5,12,-7
8,8,0
13,2,11
5,0,5
0,0,0
1,0,1
9,3,6
16,6,10
1,4,-3
1,15,-14
2,1,1
9,0,9
0,5,-5
1,1,0
7,18,-11
0,7,-7
1,1,0
12,12,0
4,4,0
4,17,-13
0,0,0
0,0,0
6,6,0
8,2,6
0,0,0
2,9,-7
1,1,0
0,12,-12
16,12,4
0,4,-4
5,10,-5
16,4,12
3,22,-19
7,7,0
1,0,1
4,4,0
0,1,-1
0,16,-16
9,22,-13
2,2,0
7,22,-15
0,0,0
0,1,-1
1,1,0
0,0,0
3,3,0
6,6,0
1,2,-1
1,0,1
0,0,0
5,5,0
14,14,0
2,5,-3
4,4,0
14,4,10
0,0,0
0,0,0
10,7,3
3,0,3
0,1,-1
0,0,0
0,0,0
1,10,-9
18,2,16
7,8,-1
8,1,7
1,10,-9
2,7,-5
0,0,0
6,14,-8
0,19,-19
0,0,0
8,0,8
30,30,0
3,2,1
16,12,4
3,3,0
3,1,2
4,5,-1
10,18,-8
3,15,-12
20,7,13
4,4,0
4,20,-16
6,4,2
0,2,-2
1,0,1
4,6,-2
18,9,9
0,0,0
13,16,-3
0,0,0
8,1,7
20,1,19
7,1,6
9,2,7
3,4,-1
2,1,1
2,2,0
5,0,5
4,22,-18
18,3,15
5,5,0
14,14,0
5,5,0
13,30,-17
2,5,-3
0,2,-2
17,17,0
6,6,0
3,3,0
0,0,0
3,3,0
0,0,0
8,8,0
2,7,-5
0,0,0
7,10,-3
0,0,0
1,1,0
12,12,0
1,1,0
0,1,-1
2,2,0
0,0,0
1,0,1
6,6,0
0,1,-1
0,0,0
1,0,1
0,0,0
7,3,4
0,2,-2
0,0,0
14,2,12
0,0,0
0,16,-16
22,22,0
2,0,2
2,1,1
1,0,1
8,0,8
17,17,0
3,6,-3
2,10,-8
4,4,0
9,0,9
2,0,2
4,2,2
0,0,0
0,16,-16
7,15,-8
2,0,2
5,0,5
11,0,11
5,7,-2
1,1,0
34,4,30
8,8,0
1,1,0
1,1,0
4,7,-3
4,1,3
35,55,-20
11,13,-2
4,11,-7
1,0,1
5,0,5
12,12,0
2,7,-5
0,0,0
0,3,-3
4,9,-5
14,9,5
0,1,-1
1,0,1
0,4,-4
1,17,-16
0,0,0
3,7,-4
1,0,1
22,10,12
1,11,-10
8,10,-2
9,3,6
3,22,-19
5,5,0
0,0,0
22,0,22
0,1,-1
9,6,3
3,4,-1
16,1,15
1,3,-2
19,5,14
0,1,-1
0,0,0
3,1,2
0,13,-13
1,0,1
5,1,4
12,31,-19
2,3,-1
4,4,0
15,0,15
13,0,13
11,11,0
1,0,1
2,0,2
33,34,-1
5,1,4
13,1,12
0,0,0
8,25,-17
1,4,-3
27,19,8
1,1,0
1,3,-2
10,0,10
1,0,1
1,13,-12
25,19,6
0,0,0
37,22,15
10,3,7
3,3,0
0,3,-3
8,27,-19
2,2,0
8,2,6
1,13,-12
2,14,-12
8,14,-6
6,0,6
1,1,0
0,7,-7
6,8,-2
0,8,-8
15,0,15
3,1,2
1,1,0
1,0,1
6,6,0
3,0,3
0,15,-15
14,14,0
7,21,-14
0,8,-8
8,0,8
1,0,1
7,7,0
3,8,-5
0,5,-5
1,2,-1
18,18,0
3,24,-21
9,0,9
0,2,-2
10,10,0
7,0,7
1,30,-29
1,17,-16
13,5,8
21,10,11
0,1,-1
9,5,4
48,48,0
3,2,1
3,3,0
133,133,0
9,0,9
0,0,0
0,0,0
0,10,-10
13,13,0
0,0,0
34,25,9
2,9,-7
3,11,-8
0,0,0
0,0,0
3,3,0
7,7,0
20,24,-4
0,0,0
4,10,-6
10,10,0
10,4,6
13,13,0
23,24,-1
0,1,-1
7,0,7
25,1,24
4,0,4
2,13,-11
1,14,-13
10,10,0
7,1,6
9,25,-16
1,0,1
0,0,0
0,0,0
30,6,24
2,2,0
6,6,0
3,2,1
0,0,0
0,0,0
4,10,-6
3,1,2
1,1,0
4,15,-11
2,4,-2
13,13,0
3,3,0
8,11,-3
4,2,2
9,9,0
0,19,-19
11,2,9
0,0,0
0,5,-5
3,3,0
3,0,3
12,21,-9
1,1,0
4,4,0
17,0,17
8,8,0
0,0,0
1,0,1
4,4,0
0,0,0
1,2,-1
10,13,-3
13,0,13
5,27,-22
0,0,0
3,3,0
3,0,3
11,11,0
12,5,7
24,24,0
0,31,-31
0,0,0
4,4,0
7,7,0
7,0,7
19,8,11
1,1,0
36,0,36
1,22,-21
10,4,6
19,9,10
0,0,0
7,2,5
0,0,0
8,7,1
7,7,0
40,2,38
11,7,4
2,16,-14
3,0,3
1,5,-4
10,26,-16
0,4,-4
1,7,-6
1,1,0
5,2,3
1,1,0
2,2,0
6,0,6
2,60,-58
1,13,-12
34,48,-14
3,0,3
0,0,0
1,1,0
4,4,0
1,0,1
4,4,0
4,2,2
0,2,-2
3,0,3
0,31,-31
6,0,6
17,9,8
1,10,-9
7,0,7
4,5,-1
0,0,0
2,2,0
0,7,-7
2,14,-12
0,5,-5
10,26,-16
5,6,-1
13,13,0
0,1,-1
1,28,-27
4,0,4
18,41,-23
19,19,0
12,12,0
1,5,-4
2,21,-19
26,1,25
9,16,-7
3,0,3
0,1,-1
29,1,28
0,1,-1
0,0,0
0,31,-31
2,4,-2
2,2,0
1,1,0
1,1,0
0,0,0
3,11,-8
9,4,5
13,13,0
17,2,15
1,1,0
20,12,8
5,18,-13
2,0,2
0,19,-19
12,4,8
2,0,2
6,6,0
3,3,0
0,0,0
2,1,1
7,8,-1
0,0,0
6,1,5
11,16,-5
15,15,0
3,3,0
24,1,23
0,2,-2
3,2,1
2,2,0
0,4,-4
8,8,0
17,6,11
2,4,-2
1,1,0
4,2,2
1,29,-28
13,19,-6
11,11,0
33,31,2
3,2,1
2,14,-12
2,2,0
16,16,0
0,0,0
15,7,8
15,9,6
0,0,0
2,0,2
0,0,0
0,0,0
7,0,7
1,1,0
2,2,0
18,10,8
10,11,-1
14,14,0
0,0,0
0,3,-3
1,4,-3
17,5,12
4,0,4
3,1,2
8,8,0
3,3,0
50,50,0
0,0,0
3,1,2
3,22,-19
0,0,0
13,4,9
4,4,0
10,6,4
12,10,2
26,26,0
9,0,9
8,5,3
10,1,9
0,0,0
13,0,13
4,1,3
3,0,3
0,0,0
0,0,0
9,15,-6
1,0,1
1,0,1
14,15,-1
8,4,4
6,0,6
9,10,-1
1,0,1
1,0,1
6,17,-11
1,0,1
9,1,8
6,0,6
4,0,4
16,8,8
3,3,0
6,3,3
1,0,1
11,6,5
4,0,4
4,3,1
2,4,-2
11,11,0
22,15,7
1,1,0
4,0,4
3,26,-23
1,0,1
5,15,-10
4,3,1
2,2,0
8,0,8
8,8,0
0,0,0
1,1,0
3,22,-19
5,5,0
20,0,20
0,0,0
4,10,-6
7,1,6
0,1,-1
16,4,12
1,1,0
12,26,-14
1,0,1
12,0,12
2,14,-12
5,0,5
0,0,0
2,2,0
1,1,0
5,5,0
3,0,3
0,8,-8
2,2,0
4,4,0
12,12,0
3,3,0
5,0,5
0,6,-6
1,0,1
15,15,0
10,10,0
20,9,11
0,0,0
4,3,1
0,22,-22
18,0,18
39,41,-2
8,8,0
9,2,7
11,7,4
0,2,-2
1,0,1
18,3,15
31,29,2
5,1,4
8,8,0
12,23,-11
2,1,1
2,2,0
13,13,0
0,0,0
17,22,-5
31,48,-17
1,1,0
0,0,0
2,2,0
15,16,-1
2,5,-3
0,0,0
6,6,0
3,3,0
7,14,-7
0,3,-3
0,0,0
8,7,1
3,1,2
3,0,3
3,2,1
23,4,19
1,1,0
8,0,8
1,15,-14
0,0,0
0,0,0
1,0,1
2,0,2
1,0,1
7,0,7
17,17,0
2,24,-22
3,2,1
13,1,12
3,3,0
12,28,-16
0,0,0
8,19,-11
8,8,0
13,0,13
7,34,-27
0,18,-18
3,1,2
1,6,-5
3,3,0
11,11,0
2,2,0
3,4,-1
0,4,-4
0,1,-1
7,9,-2
0,0,0
11,11,0
1,0,1
0,5,-5
6,3,3
2,2,0
7,11,-4
0,1,-1
3,3,0
24,24,0
8,8,0
10,16,-6
16,16,0
4,12,-8
4,1,3
3,8,-5
10,5,5
6,7,-1
8,3,5
0,5,-5
0,4,-4
10,5,5
1,32,-31
0,0,0
1,1,0
4,3,1
7,7,0
0,4,-4
3,18,-15
14,13,1
10,18,-8
11,7,4
5,5,0
1,0,1
1,0,1
0,0,0
0,0,0
21,21,0
3,11,-8
10,39,-29
29,29,0
5,12,-7
26,26,0
24,8,16
0,0,0
12,4,8
9,9,0
12,15,-3
0,0,0
2,47,-45
55,55,0
0,0,0
1,0,1
0,1,-1
0,3,-3
2,0,2
13,42,-29
8,8,0
2,0,2
3,2,1
28,5,23
2,4,-2
12,12,0
13,8,5
3,3,0
16,0,16
1,1,0
3,15,-12
3,14,-11
5,16,-11
3,3,0
4,4,0
11,2,9
1,1,0
27,12,15
7,2,5
11,11,0
16,1,15
1,0,1
0,0,0
1,1,0
9,9,0
0,0,0
3,0,3
4,1,3
0,12,-12
3,0,3
0,0,0
0,3,-3
0,0,0
0,0,0
1,1,0
10,10,0
2,0,2
0,0,0
6,0,6
15,2,13
0,6,-6
1,0,1
0,0,0
0,0,0
7,4,3
10,10,0
1,0,1
2,0,2
36,36,0
4,3,1
9,6,3
8,0,8
2,2,0
4,45,-41
15,27,-12
0,0,0
2,2,0
13,13,0
1,3,-2
11,19,-8
2,2,0
16,21,-5
8,3,5
1,0,1
11,21,-10
15,15,0
18,18,0
2,2,0
1,0,1
15,8,7
8,2,6
3,3,0
0,0,0
0,2,-2
1,1,0
15,20,-5
5,5,0
1,26,-25
11,11,0
0,0,0
1,11,-10
0,32,-32
5,17,-12
4,4,0
1,1,0
0,0,0
4,4,0
19,0,19
7,33,-26
0,1,-1
14,14,0
7,8,-1
0,0,0
0,0,0
14,0,14
1,1,0
6,0,6
32,1,31
25,25,0
1,0,1
8,8,0
8,0,8
3,7,-4
9,1,8
21,17,4
4,0,4
3,0,3
12,16,-4
1,0,1
8,2,6
0,0,0
8,8,0
12,19,-7
3,7,-4
1,2,-1
5,16,-11
4,0,4
2,0,2
2,2,0
6,16,-10
0,0,0
6,6,0
1,24,-23
2,6,-4
0,0,0
4,7,-3
3,5,-2
0,0,0
4,2,2
7,1,6
32,14,18
1,12,-11
6,10,-4
6,8,-2
16,0,16
17,0,17
11,11,0
6,6,0
1,1,0
14,17,-3
9,9,0
5,13,-8
0,3,-3
7,2,5
13,14,-1
3,2,1
0,20,-20
3,3,0
0,0,0
5,5,0
23,11,12
5,5,0
31,3,28
1,1,0
1,4,-3
13,1,12
7,0,7
6,0,6
0,2,-2
2,2,0
0,0,0
46,46,0
1,0,1
1,1,0
2,2,0
21,4,17
0,3,-3
3,1,2
0,0,0
2,4,-2
2,5,-3
4,0,4
4,5,-1
17,37,-20
14,0,14
5,28,-23
1,1,0
0,0,0
5,5,0
5,21,-16
1,1,0
3,4,-1
0,0,0
2,2,0
7,0,7
4,0,4
1,13,-12
0,0,0
0,0,0
1,2,-1
3,1,2
1,5,-4
19,1,18
11,8,3
4,4,0
7,75,-68
1,0,1
3,0,3
2,9,-7
11,29,-18
63,63,0
18,12,6
30,0,30
5,8,-3
11,6,5
2,0,2
1,1,0
12,22,-10
1,1,0
9,8,1
0,0,0
1,5,-4
0,0,0
2,7,-5
52,52,0
23,23,0
7,7,0
28,17,11
1,1,0
4,1,3
4,1,3
20,20,0
0,4,-4
8,8,0
0,0,0
5,3,2
0,0,0
22,3,19
12,3,9
1,0,1
12,1,11
3,10,-7
12,0,12
10,9,1
9,16,-7
1,1,0
1,1,0
3,5,-2
9,16,-7
2,0,2
8,8,0
0,0,0
0,4,-4
6,1,5
18,0,18
6,5,1
7,17,-10
9,12,-3
1,2,-1
3,4,-1
0,0,0
0,42,-42
0,5,-5
11,4,7
8,5,3
1,1,0
2,2,0
3,5,-2
2,2,0
2,2,0
7,7,0
0,6,-6
0,33,-33
17,9,8
2,0,2
7,7,0
34,6,28
5,0,5
2,2,0
0,0,0
4,1,3
2,0,2
8,11,-3
1,1,0
5,5,0
0,1,-1
0,3,-3
2,2,0
10,1,9
2,1,1
32,0,32
9,0,9
2,2,0
0,9,-9
12,12,0
1,18,-17
0,0,0
5,5,0
5,3,2
2,0,2
1,1,0
1,5,-4
0,0,0
5,1,4
5,7,-2
15,5,10
5,0,5
2,9,-7
5,8,-3
8,6,2
9,9,0
11,11,0
6,14,-8
7,6,1
6,7,-1
6,6,0
8,0,8
2,11,-9
2,0,2
14,14,0
2,4,-2
0,0,0
3,3,0
1,20,-19
2,0,2
18,18,0
3,0,3
10,2,8
1,7,-6
1,0,1
8,8,0
1,1,0
0,2,-2
16,6,10
16,6,10
12,5,7
6,9,-3
39,1,38
7,0,7
7,7,0
21,21,0
10,10,0
3,8,-5
3,4,-1
30,30,0
6,9,-3
6,6,0
0,0,0
3,3,0
4,2,2
0,0,0
1,1,0
1,1,0
5,4,1
0,0,0
2,1,1
4,14,-10
3,2,1
0,0,0
0,7,-7
1,1,0
7,5,2
19,0,19
26,26,0
6,5,1
0,0,0
1,1,0
6,2,4
11,7,4
2,7,-5
0,22,-22
6,15,-9
8,29,-21
5,11,-6
4,8,-4
31,50,-19
2,2,0
0,0,0
8,5,3
0,0,0
5,24,-19
0,4,-4
4,0,4
21,16,5
7,7,0
6,5,1
3,0,3
0,20,-20
1,1,0
3,3,0
9,2,7
2,0,2
0,3,-3
1,2,-1
0,5,-5
0,0,0
8,5,3
8,22,-14
33,10,23
0,0,0
3,4,-1
0,2,-2
15,0,15
7,19,-12
0,18,-18
34,20,14
4,4,0
5,0,5
1,1,0
11,29,-18
21,6,15
2,0,2
2,1,1
0,0,0
9,0,9
0,2,-2
0,0,0
4,4,0
2,5,-3
0,5,-5
1,6,-5
33,6,27
7,1,6
1,0,1
15,0,15
2,2,0
1,1,0
4,4,0
19,4,15
4,4,0
1,4,-3
0,2,-2
1,0,1
1,0,1
1,0,1
3,3,0
1,1,0
12,9,3
1,0,1
2,15,-13
51,8,43
0,0,0
5,32,-27
10,5,5
2,2,0
4,4,0
13,13,0
0,1,-1
0,8,-8
11,11,0
5,0,5
1,16,-15
2,2,0
10,3,7
5,5,0
13,13,0
1,0,1
2,2,0
4,5,-1
18,1,17
0,0,0
22,22,0
5,7,-2
5,6,-1
8,18,-10
6,3,3
0,0,0
5,5,0
2,2,0
8,0,8
0,1,-1
4,4,0
15,8,7
0,0,0
42,42,0
1,0,1
10,10,0
15,8,7
6,2,4
21,21,0
0,0,0
18,18,0
2,0,2
13,4,9
0,0,0
0,26,-26
3,1,2
27,1,26
4,7,-3
3,2,1
4,4,0
2,8,-6
2,4,-2
0,0,0
0,13,-13
1,1,0
9,9,0
8,3,5
1,1,0
16,8,8
7,1,6
3,0,3
6,6,0
6,13,-7
23,11,12
6,4,2
0,6,-6
17,15,2
0,0,0
6,1,5
1,0,1
4,13,-9
5,2,3
1,2,-1
3,1,2
1,4,-3
5,5,0
0,0,0
0,3,-3
3,0,3
10,0,10
3,0,3
0,0,0
1,1,0
4,1,3
10,10,0
10,10,0
4,4,0
31,7,24
2,1,1
4,0,4
11,18,-7
8,8,0
0,14,-14
2,0,2
0,4,-4
2,2,0
3,20,-17
2,1,1
13,13,0
1,1,0
2,0,2
0,14,-14
4,0,4
2,13,-11
4,4,0
11,1,10
2,4,-2
3,7,-4
9,9,0
9,14,-5
2,1,1
26,40,-14
6,6,0
2,2,0
40,51,-11
0,0,0
0,0,0
54,75,-21
6,11,-5
0,0,0
2,30,-28
8,14,-6
0,0,0
11,10,1
5,16,-11
0,0,0
12,12,0
6,0,6
1,6,-5
0,8,-8
22,16,6
4,3,1
1,19,-18
6,11,-5
2,2,0
12,3,9
0,0,0
21,13,8
1,22,-21
1,0,1
2,2,0
1,12,-11
5,5,0
1,1,0
1,4,-3
0,1,-1
1,17,-16
0,2,-2
6,1,5
29,5,24
1,9,-8
0,11,-11
1,1,0
4,17,-13
37,37,0
4,7,-3
3,6,-3
2,2,0
0,0,0
2,3,-1
13,2,11
4,1,3
4,4,0
1,0,1
3,3,0
8,6,2
1,29,-28
7,7,0
1,0,1
9,8,1
0,0,0
4,0,4
3,3,0
0,0,0
6,4,2
4,4,0
19,19,0
1,0,1
1,1,0
0,7,-7
21,21,0
21,7,14
1,0,1
3,5,-2
17,6,11
1,0,1
2,1,1
10,10,0
3,1,2
3,3,0
3,1,2
2,0,2
3,3,0
0,0,0
0,0,0
43,5,38
40,8,32
29,32,-3
0,0,0
6,6,0
0,0,0
7,3,4
14,3,11
0,0,0
2,2,0
0,33,-33
9,3,6
12,12,0
17,17,0
4,1,3
6,6,0
0,0,0
12,21,-9
25,6,19
14,8,6
2,2,0
14,0,14
9,11,-2
1,1,0
0,0,0
12,1,11
3,39,-36
0,0,0
4,0,4
7,1,6
1,5,-4
5,5,0
1,16,-15
7,7,0
5,11,-6
12,46,-34
6,6,0
6,4,2
1,1,0
4,1,3
1,0,1
3,3,0
7,0,7
8,11,-3
1,3,-2
4,5,-1
7,0,7
2,1,1
33,0,33
7,7,0
0,0,0
36,28,8
1,1,0
5,0,5
1,1,0
8,19,-11
1,9,-8
0,0,0
10,2,8
15,5,10
0,0,0
5,0,5
33,12,21
0,0,0
0,0,0
0,18,-18
14,2,12
0,0,0
26,27,-1
0,0,0
5,35,-30
48,48,0
2,0,2
17,17,0
2,1,1
3,4,-1
2,17,-15
1,5,-4
4,1,3
2,14,-12
2,20,-18
9,3,6
37,6,31
0,0,0
0,0,0
7,0,7
24,13,11
5,0,5
4,2,2
13,13,0
0,0,0
12,1,11
0,5,-5
5,3,2
0,9,-9
7,7,0
5,20,-15
6,6,0
4,4,0
1,0,1
6,6,0
0,0,0
2,2,0
7,0,7
1,6,-5
30,39,-9
0,0,0
4,1,3
7,17,-10
2,0,2
0,0,0
4,7,-3
0,0,0
5,1,4
1,4,-3
14,9,5
0,0,0
3,3,0
5,1,4
22,1,21
7,7,0
35,35,0
8,1,7
6,7,-1
3,6,-3
6,5,1
0,1,-1
5,21,-16
3,0,3
1,4,-3
0,5,-5
6,0,6
6,2,4
4,4,0
3,0,3
2,17,-15
1,0,1
0,0,0
2,0,2
6,21,-15
0,7,-7
2,2,0
5,20,-15
3,0,3
6,0,6
6,19,-13
10,4,6
3,1,2
1,21,-20
3,0,3
1,3,-2
2,2,0
32,1,31
0,0,0
0,0,0
4,8,-4
2,2,0
8,3,5
2,0,2
5,3,2
5,5,0
8,35,-27
0,1,-1
4,7,-3
17,17,0
4,0,4
1,18,-17
0,0,0
30,52,-22
15,4,11
0,0,0
5,17,-12
6,3,3
3,0,3
0,0,0
3,3,0
7,21,-14
5,5,0
20,3,17
4,4,0
10,1,9
7,1,6
3,3,0
2,0,2
2,2,0
3,6,-3
0,0,0
0,0,0
1,0,1
1,13,-12
36,38,-2
1,1,0
9,0,9
0,0,0
2,0,2
6,25,-19
13,13,0
3,0,3
2,0,2
0,0,0
1,3,-2
1,1,0
0,8,-8
2,3,-1
7,7,0
0,15,-15
3,3,0
1,6,-5
11,21,-10
3,0,3
3,16,-13
0,7,-7
4,4,0
2,12,-10
22,14,8
15,2,13
5,5,0
6,6,0
13,2,11
12,12,0
3,3,0
0,0,0
8,0,8
6,8,-2
5,2,3
10,10,0
7,1,6
4,4,0
9,7,2
2,21,-19
9,4,5
3,3,0
17,0,17
0,1,-1
0,1,-1
4,0,4
0,0,0
10,13,-3
0,1,-1
11,11,0
0,0,0
30,2,28
43,2,41
9,9,0
7,6,1
3,1,2
4,17,-13
1,0,1
0,0,0
1,3,-2
8,14,-6
1,9,-8
0,8,-8
4,13,-9
4,4,0
0,0,0
23,23,0
3,3,0
7,3,4
0,0,0
4,4,0
13,3,10
1,1,0
5,5,0
7,1,6
1,1,0
8,17,-9
13,2,11
0,0,0
9,12,-3
9,9,0
22,22,0
3,6,-3
3,24,-21
0,0,0
0,0,0
5,1,4
42,24,18
7,5,2
0,1,-1
1,1,0
5,5,0
1,0,1
18,13,5
13,13,0
1,0,1
25,3,22
20,9,11
10,8,2
7,1,6
35,35,0
12,1,11
0,0,0
0,0,0
0,0,0
3,2,1
21,34,-13
10,10,0
5,2,3
0,0,0
5,5,0
2,0,2
4,45,-41
18,18,0
0,0,0
12,12,0
4,18,-14
24,24,0
7,7,0
0,0,0
23,23,0
7,4,3
1,1,0
7,5,2
3,3,0
14,1,13
9,9,0
0,1,-1
0,0,0
13,6,7
9,25,-16
20,13,7
6,2,4
5,5,0
0,7,-7
2,1,1
12,12,0
23,12,11
18,24,-6
9,9,0
5,1,4
1,1,0
71,0,71
2,10,-8
1,0,1
0,6,-6
1,1,0
19,0,19
0,0,0
3,2,1
2,2,0
3,1,2
0,0,0
8,47,-39
6,5,1
13,1,12
3,2,1
2,0,2
2,3,-1
5,5,0
5,0,5
1,3,-2
0,0,0
2,4,-2
7,2,5
0,0,0
25,25,0
1,7,-6
21,21,0
7,7,0
2,6,-4
25,12,13
0,0,0
0,1,-1
9,9,0
8,2,6
0,1,-1
7,2,5
1,1,0
4,1,3
5,4,1
23,23,0
2,2,0
8,21,-13
1,1,0
2,11,-9
47,47,0
0,0,0
9,0,9
0,0,0
15,5,10
29,2,27
43,6,37
1,1,0
20,1,19
1,19,-18
5,3,2
1,1,0
3,7,-4
35,35,0
1,0,1
3,8,-5
0,11,-11
6,15,-9
13,13,0
14,14,0
7,7,0
0,1,-1
0,3,-3
4,4,0
14,24,-10
1,1,0
3,12,-9
9,54,-45
0,0,0
0,0,0
13,1,12
0,13,-13
38,38,0
3,3,0
0,0,0
6,0,6
15,8,7
6,2,4
11,7,4
0,0,0
8,7,1
4,1,3
26,21,5
4,1,3
5,0,5
17,16,1
1,1,0
10,6,4
7,2,5
9,8,1
3,3,0
0,4,-4
9,48,-39
22,27,-5
2,5,-3
5,0,5
3,6,-3
3,6,-3
2,2,0
3,3,0
1,26,-25
9,7,2
0,16,-16
6,1,5
11,11,0
3,3,0
35,2,33
2,2,0
0,1,-1
0,0,0
1,4,-3
3,0,3
3,4,-1
1,0,1
3,5,-2
0,0,0
2,0,2
2,2,0
4,0,4
1,10,-9
13,11,2
2,2,0
6,6,0
18,21,-3
1,1,0
6,9,-3
1,1,0
14,7,7
29,1,28
7,12,-5
2,9,-7
12,24,-12
2,18,-16
11,5,6
6,6,0
15,1,14
5,5,0
6,8,-2
31,4,27
8,2,6
0,2,-2
18,25,-7
38,38,0
0,6,-6
12,12,0
8,6,2
0,0,0
10,0,10
62,62,0
0,0,0
3,9,-6
8,8,0
6,0,6
0,0,0
8,3,5
0,0,0
8,8,0
3,0,3
9,8,1
4,1,3
30,30,0
3,11,-8
0,0,0
1,0,1
10,10,0
0,0,0
1,8,-7
10,0,10
0,0,0
3,1,2
0,4,-4
6,0,6
6,2,4
0,0,0
0,0,0
14,11,3
2,0,2
2,2,0
6,1,5
65,3,62
1,0,1
24,2,22
0,2,-2
0,0,0
21,2,19
2,6,-4
1,11,-10
0,0,0
6,20,-14
19,19,0
17,15,2
2,0,2
3,30,-27
10,1,9
3,1,2
16,16,0
1,8,-7
30,30,0
3,1,2
1,0,1
1,1,0
10,2,8
8,18,-10
4,4,0
8,0,8
7,6,1
1,51,-50
7,7,0
11,11,0
0,7,-7
8,8,0
3,15,-12
0,0,0
1,5,-4
10,1,9
23,5,18
0,8,-8
3,4,-1
4,5,-1
2,15,-13
6,7,-1
0,0,0
4,2,2
0,0,0
0,0,0
2,1,1
11,18,-7
0,0,0
0,3,-3
10,7,3
3,2,1
4,4,0
4,8,-4
11,4,7
15,11,4
0,0,0
6,6,0
8,9,-1
17,17,0
3,0,3
0,0,0
4,0,4
5,10,-5
7,0,7
7,7,0
1,0,1
1,19,-18
6,6,0
1,1,0
2,2,0
3,25,-22
2,6,-4
3,3,0
5,3,2
1,5,-4
1,1,0
0,10,-10
53,53,0
2,6,-4
2,0,2
0,0,0
3,0,3
0,8,-8
0,9,-9
2,1,1
9,19,-10
16,16,0
11,11,0
1,4,-3
0,0,0
0,8,-8
9,9,0
11,4,7
4,0,4
1,0,1
13,39,-26
0,0,0
1,0,1
11,45,-34
3,2,1
8,21,-13
21,6,15
1,8,-7
2,4,-2
9,6,3
18,11,7
6,6,0
26,3,23
2,0,2
9,0,9
1,1,0
1,0,1
24,1,23
8,8,0
1,5,-4
8,5,3
9,0,9
37,37,0
0,6,-6
11,7,4
5,5,0
0,11,-11
0,2,-2
1,1,0
24,17,7
0,6,-6
7,33,-26
0,9,-9
29,29,0
1,9,-8
6,6,0
0,0,0
8,4,4
13,8,5
2,0,2
0,19,-19
3,3,0
2,2,0
1,1,0
11,0,11
2,4,-2
20,17,3
11,10,1
9,7,2
8,15,-7
4,0,4
6,6,0
30,11,19
24,24,0
19,19,0
3,0,3
0,0,0
2,26,-24
6,6,0
1,12,-11
7,1,6
8,4,4
18,17,1
34,34,0
0,0,0
3,25,-22
25,0,25
2,0,2
0,0,0
3,3,0
8,8,0
0,0,0
2,0,2
14,0,14
0,0,0
0,0,0
0,1,-1
1,0,1
11,11,0
1,1,0
0,0,0
1,1,0
2,8,-6
41,1,40
18,18,0
5,3,2
1,12,-11
4,4,0
3,11,-8
1,2,-1
5,2,3
9,7,2
85,21,64
4,7,-3
3,4,-1
1,0,1
0,7,-7
4,4,0
8,5,3
3,1,2
6,6,0
1,22,-21
26,24,2
1,10,-9
0,0,0
0,0,0
3,7,-4
5,10,-5
6,2,4
0,1,-1
2,1,1
5,6,-1
2,6,-4
28,28,0
13,13,0
1,2,-1
11,11,0
2,5,-3
5,6,-1
3,12,-9
3,1,2
47,11,36
0,0,0
1,1,0
10,28,-18
1,0,1
2,5,-3
27,27,0
0,0,0
0,6,-6
2,0,2
1,0,1
8,0,8
4,0,4
0,0,0
3,0,3
2,2,0
0,0,0
3,0,3
5,5,0
6,4,2
26,26,0
27,13,14
7,0,7
5,13,-8
9,9,0
8,6,2
1,1,0
9,30,-21
8,0,8
9,8,1
0,3,-3
3,3,0
1,0,1
4,5,-1
11,11,0
0,1,-1
4,4,0
6,0,6
4,4,0
7,0,7
15,15,0
9,6,3
4,2,2
10,10,0
33,31,2
2,2,0
0,0,0
1,1,0
4,4,0
9,9,0
0,4,-4
1,1,0
9,9,0
14,10,4
1,0,1
13,0,13
11,16,-5
2,2,0
3,12,-9
1,7,-6
17,17,0
19,18,1
0,0,0
0,2,-2
4,0,4
17,17,0
0,2,-2
2,3,-1
5,5,0
0,0,0
9,9,0
2,1,1
11,20,-9
7,9,-2
0,0,0
0,0,0
10,1,9
2,11,-9
5,2,3
1,5,-4
3,12,-9
0,0,0
53,23,30
3,3,0
2,4,-2
20,20,0
4,42,-38
4,9,-5
3,3,0
1,0,1
20,8,12
15,22,-7
1,1,0
0,11,-11
15,7,8
0,0,0
0,33,-33
2,1,1
2,2,0
1,17,-16
37,37,0
2,2,0
4,6,-2
1,1,0
0,0,0
1,1,0
0,7,-7
16,16,0
16,4,12
3,6,-3
0,4,-4
0,1,-1
1,2,-1
1,0,1
1,16,-15
0,16,-16
1,5,-4
4,4,0
0,0,0
9,9,0
0,0,0
12,13,-1
3,5,-2
12,4,8
3,5,-2
8,8,0
0,3,-3
6,0,6
7,13,-6
3,5,-2
6,6,0
11,0,11
0,27,-27
0,0,0
6,0,6
1,7,-6
0,8,-8
0,0,0
1,1,0
28,28,0
2,2,0
7,7,0
4,16,-12
7,1,6
34,34,0
12,6,6
27,7,20
1,12,-11
10,25,-15
9,10,-1
2,0,2
0,0,0
7,1,6
3,3,0
12,7,5
20,14,6
6,6,0
0,0,0
0,0,0
0,0,0
1,1,0
13,13,0
2,2,0
9,7,2
7,17,-10
3,3,0
1,0,1
1,0,1
1,0,1
3,0,3
20,0,20
16,27,-11
5,5,0
4,4,0
0,0,0
6,9,-3
1,0,1
0,0,0
5,5,0
3,3,0
4,4,0
4,7,-3
6,6,0
2,8,-6
0,0,0
10,14,-4
4,13,-9
0,0,0
6,6,0
12,0,12
7,7,0
13,15,-2
6,2,4
34,34,0
9,9,0
7,0,7
1,0,1
8,26,-18
6,1,5
3,2,1
1,1,0
38,0,38
10,35,-25
8,30,-22
2,2,0
1,1,0
8,8,0
1,0,1
1,5,-4
1,5,-4
0,0,0
10,6,4
10,10,0
3,34,-31
5,5,0
1,0,1
11,0,11
5,5,0
29,10,19
4,1,3
3,3,0
3,0,3
0,0,0
0,42,-42
9,0,9
22,17,5
20,9,11
1,6,-5
18,18,0
13,11,2
3,1,2
2,2,0
4,4,0
0,0,0
2,2,0
33,33,0
5,8,-3
7,6,1
15,1,14
7,5,2
3,3,0
5,0,5
14,12,2
4,4,0
4,5,-1
2,1,1
11,11,0
9,9,0
9,9,0
44,1,43
6,0,6
29,29,0
0,0,0
20,20,0
9,1,8
4,0,4
0,23,-23
5,12,-7
9,4,5
0,0,0
0,1,-1
32,0,32
2,46,-44
11,11,0
0,0,0
2,1,1
19,19,0
1,1,0
8,22,-14
1,28,-27
3,3,0
2,2,0
0,0,0
4,0,4
0,0,0
1,8,-7
0,3,-3
1,2,-1
1,2,-1
0,0,0
6,6,0
5,5,0
3,0,3
2,2,0
1,11,-10
0,4,-4
10,10,0
2,11,-9
9,13,-4
9,1,8
12,0,12
4,25,-21
4,0,4
7,3,4
0,0,0
11,24,-13
2,12,-10
1,4,-3
8,15,-7
0,0,0
7,7,0
0,0,0
38,10,28
6,6,0
0,7,-7
3,19,-16
0,1,-1
11,0,11
0,8,-8
1,1,0
1,0,1
3,2,1
6,6,0
0,16,-16
7,22,-15
13,0,13
1,2,-1
20,20,0
10,8,2
0,0,0
4,18,-14
22,22,0
1,0,1
3,0,3
6,6,0
8,1,7
9,9,0
25,11,14
6,6,0
1,4,-3
0,0,0
19,14,5
6,14,-8
2,12,-10
7,13,-6
0,0,0
10,2,8
6,4,2
12,12,0
7,24,-17
0,0,0
8,8,0
7,16,-9
0,0,0
31,31,0
0,0,0
5,0,5
25,12,13
5,15,-10
5,5,0
7,7,0
6,4,2
14,6,8
6,3,3
0,20,-20
2,6,-4
6,6,0
17,1,16
1,2,-1
8,26,-18
16,3,13
0,0,0
1,0,1
8,4,4
1,1,0
1,0,1
4,4,0
16,16,0
5,11,-6
1,6,-5
11,24,-13
0,0,0
4,4,0
4,3,1
2,3,-1
5,8,-3
0,3,-3
1,1,0
8,12,-4
8,8,0
5,5,0
15,4,11
11,11,0
0,1,-1
7,2,5
2,0,2
23,42,-19
12,12,0
7,7,0
2,5,-3
0,13,-13
2,0,2
12,12,0
1,16,-15
2,5,-3
5,0,5
19,5,14
1,24,-23
9,0,9
11,4,7
4,0,4
4,4,0
4,5,-1
22,6,16
24,24,0
5,0,5
0,0,0
0,0,0
0,0,0
43,43,0
1,0,1
27,31,-4
3,1,2
3,7,-4
2,0,2
58,32,26
2,3,-1
3,0,3
1,1,0
7,7,0
14,1,13
5,11,-6
3,2,1
12,1,11
12,40,-28
45,14,31
6,6,0
5,5,0
10,3,7
0,0,0
14,2,12
16,16,0
5,37,-32
8,1,7
2,2,0
1,5,-4
11,15,-4
2,2,0
1,1,0
2,2,0
4,4,0
5,0,5
2,11,-9
3,36,-33
1,1,0
27,28,-1
25,9,16
3,3,0
1,2,-1
0,0,0
10,10,0
21,21,0
0,0,0
4,0,4
15,6,9
0,1,-1
0,8,-8
1,0,1
3,0,3
3,11,-8
15,5,10
2,5,-3
3,5,-2
0,0,0
5,1,4
2,0,2
13,0,13
5,5,0
43,30,13
3,5,-2
3,0,3
1,0,1
0,0,0
0,10,-10
17,17,0
15,21,-6
13,13,0
1,1,0
5,2,3
1,1,0
2,2,0
0,3,-3
0,4,-4
24,24,0
13,3,10
17,1,16
19,7,12
16,36,-20
3,1,2
2,14,-12
7,7,0
10,10,0
0,0,0
12,29,-17
4,0,4
1,2,-1
0,0,0
39,35,4
6,6,0
3,0,3
0,42,-42
1,4,-3
8,8,0
7,4,3
0,10,-10
13,13,0
4,0,4
18,13,5
13,18,-5
0,0,0
14,2,12
9,2,7
5,24,-19
0,4,-4
8,8,0
13,1,12
4,5,-1
0,0,0
1,1,0
5,17,-12
4,5,-1
8,2,6
1,0,1
0,0,0
36,25,11
6,6,0
3,2,1
0,0,0
12,2,10
0,37,-37
6,0,6
9,5,4
0,16,-16
2,2,0
1,6,-5
20,8,12
4,15,-11
2,2,0
9,8,1
4,0,4
0,6,-6
2,9,-7
16,16,0
1,4,-3
6,0,6
7,7,0
3,22,-19
20,10,10
6,1,5
5,2,3
0,0,0
10,10,0
10,0,10
12,12,0
2,0,2
1,10,-9
0,0,0
71,71,0
5,3,2
2,2,0
0,0,0
12,3,9
8,8,0
4,4,0
3,56,-53
1,0,1
3,3,0
16,21,-5
0,0,0
4,2,2
15,6,9
0,2,-2
28,38,-10
8,8,0
0,0,0
9,4,5
0,21,-21
5,0,5
15,15,0
42,42,0
6,2,4
4,6,-2
6,18,-12
23,3,20
11,3,8
9,0,9
2,0,2
5,5,0
5,2,3
9,9,0
6,1,5
11,2,9
0,0,0
15,0,15
0,2,-2
14,1,13
1,0,1
0,0,0
5,7,-2
2,3,-1
2,2,0
0,0,0
14,2,12
0,0,0
3,7,-4
1,1,0
4,5,-1
2,0,2
3,0,3
0,3,-3
3,6,-3
1,15,-14
2,22,-20
4,0,4
0,0,0
10,25,-15
0,0,0
1,0,1
0,0,0
8,5,3
6,2,4
24,2,22
6,1,5
0,5,-5
4,3,1
4,2,2
24,0,24
0,0,0
0,0,0
6,4,2
9,9,0
1,0,1
6,6,0
6,10,-4
22,22,0
2,0,2
5,5,0
9,12,-3
15,31,-16
1,1,0
11,3,8
1,1,0
6,8,-2
1,14,-13
29,29,0
0,0,0
9,4,5
2,5,-3
1,0,1
0,0,0
3,0,3
14,14,0
17,0,17
7,2,5
4,0,4
0,0,0
2,1,1
3,3,0
12,10,2
3,12,-9
3,3,0
1,5,-4
5,13,-8
4,7,-3
0,19,-19
9,9,0
15,15,0
8,18,-10
11,21,-10
2,14,-12
0,0,0
6,0,6
27,1,26
1,1,0
9,9,0
3,15,-12
14,3,11
0,0,0
16,4,12
0,2,-2
0,12,-12
11,0,11
0,0,0
5,12,-7
1,1,0
6,7,-1
2,2,0
7,15,-8
3,0,3
0,0,0
13,13,0
2,8,-6
3,3,0
2,14,-12
12,3,9
3,4,-1
15,4,11
2,0,2
0,0,0
0,0,0
1,12,-11
7,1,6
3,0,3
1,0,1
9,19,-10
1,1,0
3,1,2
1,0,1
3,2,1
6,3,3
0,0,0
12,0,12
1,16,-15
44,16,28
5,5,0
1,0,1
1,0,1
1,0,1
0,27,-27
8,8,0
3,3,0
1,7,-6
8,18,-10
2,0,2
1,30,-29
1,2,-1
10,10,0
3,3,0
15,15,0
34,14,20
2,1,1
1,45,-44
16,13,3
1,0,1
1,0,1
60,25,35
11,2,9
2,7,-5
19,67,-48
39,39,0
27,9,18
3,32,-29
21,21,0
13,18,-5
14,14,0
9,17,-8
11,2,9
7,11,-4
34,1,33
1,19,-18
2,5,-3
12,12,0
1,0,1
3,3,0
10,10,0
1,0,1
4,0,4
4,4,0
17,17,0
4,0,4
0,0,0
0,1,-1
1,3,-2
13,1,12
4,4,0
6,6,0
0,1,-1
0,3,-3
23,23,0
1,1,0
0,4,-4
0,0,0
6,6,0
1,5,-4
1,0,1
0,0,0
0,8,-8
1,0,1
31,19,12
5,5,0
11,11,0
3,2,1
18,18,0
0,1,-1
0,0,0
4,15,-11
0,0,0
0,0,0
7,0,7
1,1,0
37,1,36
5,0,5
1,2,-1
2,2,0
0,4,-4
14,1,13
10,3,7
4,19,-15
1,22,-21
2,0,2
28,24,4
1,0,1
5,23,-18
35,16,19
6,12,-6
7,7,0
8,0,8
2,0,2
1,1,0
0,0,0
10,12,-2
0,0,0
8,8,0
11,19,-8
5,22,-17
1,1,0
2,1,1
2,20,-18
4,4,0
22,0,22
8,26,-18
1,0,1
5,14,-9
6,20,-14
2,16,-14
4,1,3
2,9,-7
18,18,0
0,1,-1
1,1,0
1,1,0
12,8,4
9,15,-6
0,0,0
10,4,6
19,19,0
1,8,-7
15,15,0
6,61,-55
1,1,0
4,4,0
5,3,2
1,1,0
8,27,-19
15,15,0
1,0,1
0,0,0
8,2,6
47,30,17
4,2,2
2,6,-4
3,3,0
0,0,0
2,2,0
5,7,-2
5,5,0
12,12,0
1,22,-21
0,1,-1
4,0,4
15,1,14
17,20,-3
1,5,-4
1,6,-5
0,0,0
0,0,0
4,4,0
1,0,1
1,0,1
22,2,20
9,9,0
2,11,-9
5,13,-8
4,6,-2
1,11,-10
6,6,0
8,0,8
14,14,0
0,0,0
0,0,0
11,18,-7
4,1,3
23,23,0
0,0,0
2,6,-4
1,6,-5
9,35,-26
7,7,0
0,2,-2
1,3,-2
3,3,0
43,14,29
0,21,-21
0,9,-9
0,0,0
21,4,17
14,71,-57
27,1,26
11,5,6
9,1,8
1,16,-15
12,1,11
9,0,9
8,8,0
7,20,-13
5,5,0
13,2,11
8,8,0
7,11,-4
1,1,0
15,0,15
3,1,2
2,2,0
3,3,0
4,4,0
10,1,9
2,1,1
1,1,0
1,0,1
5,5,0
15,13,2
4,4,0
2,2,0
2,39,-37
3,14,-11
2,2,0
0,0,0
0,3,-3
1,4,-3
2,2,0
6,1,5
1,1,0
3,6,-3
4,4,0
12,12,0
20,12,8
1,3,-2
11,0,11
6,6,0
6,4,2
5,2,3
0,0,0
48,48,0
20,0,20
2,7,-5
0,2,-2
4,0,4
10,7,3
4,7,-3
10,43,-33
22,22,0
12,8,4
21,21,0
2,0,2
8,8,0
0,0,0
1,5,-4
7,5,2
3,7,-4
11,12,-1
0,12,-12
5,4,1
1,0,1
17,4,13
2,1,1
4,4,0
2,2,0
10,10,0
25,1,24
16,11,5
4,4,0
11,22,-11
6,0,6
2,19,-17
0,0,0
13,13,0
2,5,-3
4,6,-2
10,1,9
20,20,0
5,7,-2
11,6,5
5,5,0
13,20,-7
43,9,34
5,0,5
0,19,-19
8,8,0
1,51,-50
6,1,5
5,0,5
8,1,7
8,5,3
16,16,0
2,7,-5
4,13,-9
0,5,-5
10,4,6
4,4,0
6,7,-1
10,10,0
1,4,-3
30,1,29
18,18,0
0,0,0
4,5,-1
0,0,0
25,0,25
0,27,-27
8,8,0
3,3,0
3,3,0
2,2,0
0,0,0
11,11,0
19,16,3
7,1,6
5,0,5
72,72,0
5,17,-12
1,24,-23
2,4,-2
13,3,10
11,0,11
3,0,3
9,9,0
1,1,0
33,33,0
0,5,-5
8,16,-8
3,0,3
5,3,2
0,2,-2
19,2,17
4,0,4
21,21,0
0,18,-18
3,7,-4
1,1,0
14,0,14
0,0,0
6,6,0
5,0,5
14,14,0
5,16,-11
19,17,2
16,9,7
2,0,2
1,5,-4
4,4,0
5,1,4
1,4,-3
7,11,-4
25,0,25
0,12,-12
4,9,-5
2,6,-4
1,0,1
26,34,-8
0,2,-2
1,0,1
1,0,1
0,1,-1
10,1,9
25,0,25
1,0,1
0,0,0
0,2,-2
2,0,2
12,12,0
2,2,0
19,19,0
0,3,-3
0,0,0
4,31,-27
4,8,-4
7,7,0
30,19,11
4,0,4
8,2,6
3,24,-21
0,3,-3
0,0,0
1,15,-14
0,2,-2
36,32,4
11,1,10
22,5,17
0,27,-27
2,1,1
36,40,-4
8,8,0
9,9,0
19,12,7
5,7,-2
1,1,0
0,0,0
3,2,1
2,4,-2
3,24,-21
0,0,0
3,1,2
19,0,19
6,6,0
4,7,-3
6,0,6
0,0,0
0,22,-22
8,2,6
10,10,0
1,0,1
1,29,-28
23,0,23
4,0,4
4,4,0
2,2,0
0,0,0
5,0,5
14,11,3
7,4,3
0,0,0
5,3,2
0,0,0
1,0,1
0,0,0
0,0,0
8,5,3
4,27,-23
6,0,6
8,15,-7
0,0,0
26,0,26
7,16,-9
11,9,2
4,8,-4
2,2,0
0,0,0
3,3,0
0,0,0
2,3,-1
1,1,0
1,0,1
11,7,4
6,16,-10
1,0,1
17,8,9
9,1,8
7,5,2
3,3,0
5,0,5
0,0,0
0,0,0
0,11,-11
0,0,0
0,13,-13
23,23,0
0,0,0
4,0,4
1,0,1
0,10,-10
6,2,4
1,1,0
6,2,4
15,15,0
2,3,-1
9,22,-13
1,4,-3
25,25,0
4,0,4
8,14,-6
2,2,0
11,31,-20
24,47,-23
0,7,-7
10,3,7
10,10,0
3,3,0
3,5,-2
9,0,9
6,10,-4
7,2,5
0,1,-1
1,5,-4
26,32,-6
6,2,4
2,7,-5
4,4,0
0,0,0
0,0,0
5,5,0
2,5,-3
1,35,-34
2,2,0
6,6,0
4,4,0
11,2,9
5,16,-11
1,1,0
0,7,-7
31,14,17
5,1,4
1,1,0
2,10,-8
14,21,-7
0,1,-1
3,5,-2
15,9,6
7,7,0
2,4,-2
0,0,0
0,3,-3
0,0,0
4,16,-12
22,2,20
15,19,-4
0,5,-5
0,0,0
13,12,1
8,8,0
7,19,-12
1,1,0
3,1,2
0,2,-2
4,15,-11
0,0,0
1,4,-3
7,6,1
1,1,0
5,5,0
3,0,3
0,0,0
7,22,-15
6,22,-16
3,7,-4
7,16,-9
0,36,-36
19,11,8
1,1,0
1,0,1
5,4,1
2,4,-2
1,0,1
9,2,7
16,4,12
19,19,0
3,22,-19
12,0,12
0,13,-13
3,15,-12
0,3,-3
17,1,16
7,7,0
1,0,1
12,0,12
8,10,-2
15,6,9
1,26,-25
5,10,-5
2,0,2
8,8,0
6,6,0
2,2,0
11,11,0
0,0,0
8,8,0
1,22,-21
0,4,-4
4,7,-3
13,7,6
2,3,-1
9,6,3
3,5,-2
5,0,5
3,8,-5
3,2,1
2,3,-1
23,23,0
18,4,14
6,7,-1
9,44,-35
3,0,3
14,2,12
8,17,-9
4,4,0
6,4,2
2,5,-3
1,0,1
0,0,0
1,1,0
2,0,2
12,12,0
0,0,0
3,12,-9
1,0,1
8,31,-23
2,2,0
0,21,-21
0,11,-11
1,5,-4
0,0,0
6,11,-5
2,0,2
2,2,0
12,11,1
2,10,-8
9,0,9
43,43,0
28,9,19
6,0,6
0,19,-19
1,1,0
18,18,0
4,4,0
40,48,-8
3,16,-13
16,16,0
3,3,0
3,1,2
5,4,1
7,7,0
0,8,-8
6,1,5
2,10,-8
2,0,2
6,12,-6
2,7,-5
1,6,-5
16,1,15
1,1,0
1,0,1
16,1,15
0,0,0
0,11,-11
5,1,4
2,0,2
0,13,-13
1,2,-1
7,7,0
1,0,1
7,1,6
16,4,12
1,6,-5
4,0,4
2,2,0
6,18,-12
3,0,3
38,0,38
6,1,5
0,0,0
2,2,0
0,7,-7
19,31,-12
3,0,3
4,1,3
0,27,-27
0,0,0
0,4,-4
5,15,-10
0,0,0
6,1,5
0,0,0
6,4,2
0,5,-5
1,1,0
4,4,0
10,2,8
8,3,5
5,12,-7
8,8,0
5,16,-11
1,15,-14
4,2,2
0,0,0
9,9,0
7,0,7
14,0,14
0,0,0
2,2,0
12,13,-1
6,12,-6
3,0,3
0,0,0
1,1,0
12,0,12
1,0,1
1,6,-5
9,20,-11
10,10,0
1,0,1
46,46,0
1,17,-16
17,17,0
34,34,0
18,17,1
11,24,-13
13,10,3
1,0,1
2,2,0
4,18,-14
12,4,8
0,0,0
23,23,0
32,32,0
5,3,2
9,3,6
5,0,5
0,0,0
3,8,-5
26,26,0
4,4,0
0,1,-1
1,1,0
8,5,3
17,14,3
0,0,0
9,2,7
12,12,0
8,8,0
11,11,0
0,0,0
0,0,0
0,0,0
7,2,5
8,1,7
3,3,0
20,8,12
11,7,4
5,14,-9
1,1,0
2,6,-4
1,8,-7
0,0,0
1,0,1
5,0,5
0,3,-3
8,5,3
13,17,-4
6,1,5
14,14,0
4,7,-3
0,0,0
0,0,0
8,12,-4
32,2,30
9,9,0
1,8,-7
3,4,-1
31,15,16
2,2,0
3,14,-11
4,4,0
5,5,0
4,28,-24
2,2,0
3,5,-2
4,0,4
0,12,-12
4,0,4
0,8,-8
13,4,9
3,2,1
9,33,-24
10,10,0
8,8,0
16,5,11
7,4,3
12,4,8
8,28,-20
6,0,6
1,1,0
7,7,0
13,19,-6
1,3,-2
1,1,0
2,3,-1
0,2,-2
8,1,7
20,20,0
0,0,0
11,6,5
15,15,0
6,5,1
15,7,8
13,1,12
1,0,1
14,15,-1
0,2,-2
8,5,3
0,0,0
2,1,1
2,0,2
17,17,0
7,16,-9
2,0,2
6,23,-17
13,12,1
7,0,7
3,0,3
5,13,-8
7,10,-3
6,1,5
35,35,0
5,7,-2
0,0,0
2,2,0
0,1,-1
1,1,0
3,7,-4
5,5,0
1,4,-3
4,4,0
4,2,2
1,0,1
0,0,0
3,26,-23
8,8,0
13,10,3
6,17,-11
1,20,-19
3,18,-15
3,2,1
8,8,0
2,0,2
5,17,-12
7,0,7
12,21,-9
7,7,0
9,9,0
0,0,0
5,1,4
0,0,0
27,27,0
18,14,4
12,12,0
7,0,7
9,9,0
4,1,3
1,5,-4
2,0,2
5,2,3
2,0,2
4,1,3
0,0,0
10,3,7
6,1,5
1,1,0
0,0,0
0,0,0
5,10,-5
0,0,0
9,18,-9
16,16,0
2,10,-8
10,31,-21
5,0,5
0,13,-13
9,5,4
2,2,0
9,0,9
4,6,-2
0,0,0
2,2,0
2,2,0
4,8,-4
27,27,0
18,4,14
7,12,-5
6,6,0
7,3,4
1,0,1
10,10,0
6,1,5
1,1,0
5,42,-37
2,16,-14
6,4,2
1,32,-31
0,0,0
10,13,-3
5,2,3
0,0,0
17,32,-15
21,17,4
0,0,0
48,5,43
2,29,-27
5,5,0
0,0,0
6,6,0
0,3,-3
20,20,0
30,0,30
6,7,-1
21,7,14
2,13,-11
5,1,4
13,10,3
0,0,0
0,2,-2
1,10,-9
66,66,0
1,55,-54
14,6,8
15,15,0
25,26,-1
3,3,0
12,12,0
0,0,0
4,2,2
0,5,-5
29,4,25
13,9,4
4,4,0
0,0,0
5,0,5
0,0,0
0,0,0
27,1,26
2,2,0
6,2,4
36,0,36
11,11,0
4,4,0
9,0,9
12,3,9
0,5,-5
5,0,5
4,10,-6
19,7,12
13,13,0
0,44,-44
2,2,0
2,1,1
6,6,0
10,10,0
3,0,3
9,0,9
14,13,1
2,0,2
9,9,0
9,9,0
1,0,1
16,3,13
10,2,8
11,23,-12
0,0,0
8,12,-4
6,7,-1
1,0,1
4,4,0
2,9,-7
12,1,11
23,23,0
2,5,-3
0,0,0
0,0,0
25,25,0
2,20,-18
21,21,0
1,0,1
0,29,-29
5,3,2
1,0,1
22,20,2
0,9,-9
10,2,8
9,18,-9
0,6,-6
14,14,0
4,4,0
34,0,34
16,14,2
1,1,0
4,0,4
1,1,0
2,0,2
4,14,-10
2,0,2
1,0,1
8,0,8
4,5,-1
4,4,0
6,14,-8
2,0,2
10,1,9
4,12,-8
1,0,1
1,0,1
2,1,1
0,1,-1
5,5,0
4,0,4
3,3,0
1,1,0
5,0,5
1,12,-11
9,14,-5
0,2,-2
6,12,-6
1,0,1
0,9,-9
4,13,-9
0,0,0
10,0,10
3,0,3
1,15,-14
4,3,1
1,2,-1
3,3,0
0,0,0
16,9,7
1,1,0
0,0,0
8,8,0
0,0,0
2,2,0
2,2,0
15,15,0
0,12,-12
13,2,11
1,1,0
6,5,1
10,1,9
1,4,-3
10,5,5
2,0,2
0,2,-2
22,22,0
1,1,0
2,0,2
0,0,0
3,26,-23
0,0,0
22,14,8
2,11,-9
1,3,-2
1,0,1
13,13,0
0,0,0
3,4,-1
0,20,-20
1,4,-3
3,0,3
7,5,2
0,0,0
9,4,5
2,5,-3
16,27,-11
3,0,3
6,9,-3
5,3,2
4,17,-13
16,3,13
0,0,0
0,0,0
21,1,20
2,2,0
5,5,0
1,0,1
1,1,0
2,2,0
3,3,0
48,2,46
2,13,-11
6,6,0
2,2,0
2,0,2
6,0,6
3,0,3
3,3,0
2,1,1
0,0,0
16,10,6
6,9,-3
1,1,0
0,0,0
0,3,-3
0,11,-11
0,0,0
6,1,5
12,12,0
3,3,0
6,4,2
2,3,-1
9,0,9
1,0,1
1,8,-7
7,3,4
0,0,0
5,2,3
0,0,0
14,10,4
3,6,-3
1,0,1
6,2,4
0,1,-1
8,15,-7
7,9,-2
11,11,0
1,0,1
12,13,-1
0,5,-5
22,7,15
4,1,3
0,0,0
7,7,0
2,2,0
6,0,6
7,6,1
7,0,7
3,3,0
0,18,-18
0,4,-4
5,16,-11
1,3,-2
3,9,-6
10,10,0
9,9,0
2,0,2
17,3,14
1,0,1
26,19,7
2,0,2
11,24,-13
0,1,-1
3,3,0
10,2,8
1,9,-8
2,2,0
9,9,0
3,11,-8
17,11,6
10,0,10
6,1,5
11,11,0
31,5,26
10,20,-10
1,2,-1
0,0,0
9,9,0
0,5,-5
2,0,2
1,1,0
4,3,1
1,1,0
1,0,1
0,18,-18
0,0,0
6,2,4
15,5,10
29,34,-5
1,11,-10
10,10,0
3,8,-5
6,0,6
1,1,0
0,1,-1
1,1,0
16,1,15
5,23,-18
27,18,9
26,26,0
0,2,-2
16,16,0
0,12,-12
1,16,-15
5,4,1
2,10,-8
3,0,3
19,19,0
2,8,-6
5,5,0
2,0,2
8,3,5
0,0,0
0,0,0
1,16,-15
14,14,0
1,0,1
0,0,0
0,0,0
0,0,0
1,13,-12
0,0,0
0,0,0
4,8,-4
4,4,0
1,0,1
13,3,10
1,8,-7
0,0,0
10,2,8
0,0,0
9,9,0
5,28,-23
1,5,-4
12,12,0
30,16,14
0,0,0
5,6,-1
0,0,0
1,10,-9
7,17,-10
13,5,8
0,0,0
1,0,1
0,23,-23
9,1,8
6,5,1
1,0,1
14,6,8
3,4,-1
1,9,-8
3,10,-7
5,3,2
14,14,0
0,0,0
13,13,0
7,7,0
0,0,0
6,1,5
8,7,1
0,0,0
11,4,7
1,0,1
11,11,0
3,3,0
0,20,-20
3,2,1
1,5,-4
12,12,0
5,2,3
0,0,0
1,1,0
0,0,0
3,3,0
0,0,0
0,0,0
7,11,-4
4,2,2
13,0,13
7,30,-23
5,5,0
0,0,0
0,0,0
1,0,1
11,11,0
4,25,-21
7,24,-17
0,0,0
6,6,0
5,2,3
1,6,-5
7,7,0
2,2,0
6,6,0
11,42,-31
15,4,11
3,3,0
3,3,0
10,5,5
9,7,2
7,0,7
17,1,16
5,13,-8
3,6,-3
2,4,-2
10,0,10
0,0,0
9,4,5
3,0,3
3,0,3
11,0,11
10,6,4
0,0,0
9,1,8
0,0,0
12,1,11
16,16,0
1,7,-6
4,0,4
7,9,-2
3,1,2
6,1,5
6,1,5
9,0,9
5,16,-11
2,8,-6
5,9,-4
0,0,0
9,9,0
2,6,-4
1,1,0
0,0,0
11,0,11
12,3,9
10,11,-1
18,1,17
6,2,4
121,121,0
0,10,-10
10,6,4
12,12,0
5,13,-8
6,6,0
0,23,-23
1,0,1
24,24,0
8,8,0
14,14,0
0,0,0
2,2,0
0,3,-3
2,3,-1
12,3,9
0,14,-14
0,0,0
0,1,-1
9,2,7
1,8,-7
3,2,1
1,12,-11
2,0,2
0,0,0
0,2,-2
0,0,0
46,23,23
2,1,1
3,2,1
8,7,1
40,0,40
2,0,2
6,6,0
8,0,8
0,0,0
0,0,0
0,24,-24
16,72,-56
1,2,-1
5,2,3
0,8,-8
0,9,-9
8,28,-20
28,0,28
2,0,2
11,6,5
0,0,0
0,0,0
1,26,-25
1,32,-31
20,23,-3
5,1,4
30,25,5
34,34,0
4,16,-12
9,7,2
8,0,8
1,5,-4
40,14,26
2,0,2
5,1,4
0,24,-24
1,14,-13
0,0,0
0,0,0
9,1,8
44,19,25
3,5,-2
0,0,0
8,0,8
4,5,-1
2,2,0
2,6,-4
0,10,-10
0,0,0
0,0,0
0,0,0
0,1,-1
0,4,-4
0,0,0
5,6,-1
1,7,-6
3,6,-3
9,7,2
0,1,-1
7,7,0
11,37,-26
3,3,0
1,1,0
9,3,6
11,0,11
1,17,-16
1,2,-1
3,3,0
3,0,3
15,0,15
14,14,0
34,34,0
4,8,-4
4,4,0
0,0,0
13,4,9
7,53,-46
0,16,-16
7,1,6
1,21,-20
3,5,-2
8,5,3
12,12,0
12,12,0
0,1,-1
6,7,-1
6,0,6
1,0,1
3,3,0
9,43,-34
21,18,3
25,8,17
0,2,-2
7,18,-11
5,1,4
2,1,1
4,7,-3
1,0,1
10,4,6
40,40,0
15,15,0
12,12,0
1,9,-8
0,0,0
5,2,3
2,11,-9
1,1,0
0,0,0
14,14,0
0,0,0
8,5,3
4,5,-1
4,0,4
6,19,-13
62,62,0
14,7,7
11,3,8
11,11,0
14,4,10
11,11,0
0,0,0
1,9,-8
9,9,0
11,11,0
1,2,-1
5,3,2
6,6,0
2,8,-6
18,7,11
10,10,0
5,5,0
0,5,-5
2,4,-2
6,0,6
0,2,-2
15,16,-1
4,4,0
11,11,0
2,0,2
1,5,-4
4,6,-2
0,3,-3
0,0,0
3,4,-1
3,0,3
17,17,0
6,4,2
6,6,0
4,11,-7
13,2,11
2,2,0
6,6,0
5,3,2
0,0,0
13,17,-4
15,6,9
15,37,-22
8,8,0
9,17,-8
2,15,-13
0,30,-30
1,1,0
1,1,0
8,14,-6
1,0,1
3,46,-43
1,5,-4
6,5,1
19,19,0
0,6,-6
4,4,0
25,14,11
2,0,2
41,27,14
1,0,1
13,18,-5
0,0,0
4,20,-16
2,2,0
4,15,-11
2,2,0
15,15,0
7,7,0
1,11,-10
1,17,-16
8,8,0
3,2,1
0,0,0
4,5,-1
90,40,50
2,9,-7
3,3,0
3,0,3
1,2,-1
0,0,0
5,29,-24
22,16,6
1,0,1
19,19,0
2,0,2
0,7,-7
21,21,0
3,3,0
3,3,0
15,15,0
2,15,-13
0,2,-2
2,0,2
5,2,3
12,22,-10
8,0,8
11,19,-8
14,2,12
1,0,1
2,0,2
18,10,8
1,1,0
2,0,2
1,0,1
0,0,0
15,15,0
0,0,0
14,14,0
1,6,-5
5,5,0
0,0,0
8,9,-1
1,0,1
18,57,-39
4,4,0
13,6,7
1,0,1
8,1,7
4,6,-2
22,6,16
16,15,1
0,11,-11
3,3,0
9,9,0
11,17,-6
7,7,0
0,0,0
0,23,-23
5,5,0
7,5,2
2,2,0
24,0,24
5,4,1
3,11,-8
0,1,-1
0,13,-13
5,0,5
5,12,-7
25,9,16
14,2,12
20,5,15
2,0,2
5,17,-12
10,10,0
28,78,-50
15,2,13
0,7,-7
0,0,0
2,0,2
12,23,-11
0,0,0
0,1,-1
2,14,-12
2,4,-2
4,1,3
0,0,0
1,17,-16
7,2,5
0,0,0
5,5,0
2,4,-2
9,9,0
0,0,0
2,6,-4
9,5,4
7,3,4
11,11,0
2,0,2
1,0,1
3,5,-2
1,1,0
0,0,0
3,2,1
14,9,5
5,2,3
2,7,-5
27,12,15
1,0,1
1,1,0
4,1,3
18,12,6
9,0,9
3,3,0
19,51,-32
7,2,5
1,7,-6
0,0,0
2,39,-37
8,8,0
0,15,-15
79,79,0
4,4,0
2,0,2
3,5,-2
4,1,3
1,1,0
0,2,-2
37,37,0
0,1,-1
0,0,0
9,1,8
5,5,0
5,6,-1
8,3,5
0,0,0
0,17,-17
1,27,-26
6,0,6
22,0,22
0,0,0
60,12,48
25,0,25
13,13,0
4,13,-9
3,0,3
1,1,0
3,1,2
4,2,2
2,2,0
10,29,-19
4,8,-4
8,11,-3
10,5,5
6,6,0
3,0,3
1,5,-4
20,2,18
11,26,-15
4,24,-20
7,0,7
1,1,0
0,2,-2
14,1,13
7,14,-7
6,4,2
5,5,0
1,0,1
0,16,-16
39,39,0
2,2,0
3,1,2
11,12,-1
1,0,1
9,9,0
22,22,0
1,2,-1
3,0,3
1,4,-3
2,29,-27
0,0,0
11,0,11
1,11,-10
2,0,2
1,1,0
21,33,-12
0,0,0
1,0,1
11,11,0
0,0,0
9,11,-2
3,3,0
1,6,-5
3,3,0
15,15,0
0,0,0
1,20,-19
1,0,1
2,1,1
2,2,0
0,34,-34
2,6,-4
1,1,0
3,0,3
9,9,0
2,0,2
4,4,0
3,5,-2
26,19,7
22,22,0
9,4,5
28,11,17
53,18,35
0,0,0
4,4,0
0,0,0
8,8,0
20,11,9
1,1,0
2,0,2
3,16,-13
0,3,-3
0,0,0
13,13,0
5,5,0
13,20,-7
13,20,-7
0,0,0
3,0,3
5,1,4
0,0,0
8,13,-5
0,0,0
5,1,4
0,0,0
4,0,4
6,11,-5
19,11,8
4,4,0
0,0,0
0,0,0
0,3,-3
2,2,0
0,0,0
3,2,1
1,7,-6
0,0,0
4,4,0
11,5,6
19,9,10
0,0,0
31,4,27
3,0,3
7,8,-1
10,10,0
0,0,0
3,3,0
10,2,8
10,3,7
3,4,-1
6,5,1
4,4,0
0,6,-6
2,19,-17
0,0,0
5,5,0
1,15,-14
0,0,0
7,3,4
9,2,7
2,4,-2
3,1,2
2,28,-26
6,6,0
6,5,1
1,0,1
2,18,-16
5,3,2
7,7,0
3,3,0
18,32,-14
2,6,-4
10,10,0
3,14,-11
0,3,-3
3,3,0
0,0,0
3,14,-11
0,22,-22
39,0,39
0,0,0
24,2,22
26,26,0
2,8,-6
11,11,0
0,10,-10
3,28,-25
0,0,0
4,0,4
5,0,5
0,0,0
2,0,2
7,0,7
0,3,-3
9,20,-11
2,3,-1
21,3,18
9,7,2
0,4,-4
3,0,3
1,0,1
0,8,-8
23,8,15
34,34,0
6,2,4
0,0,0
0,6,-6
5,0,5
34,1,33
0,0,0
2,5,-3
1,8,-7
9,6,3
19,19,0
7,7,0
5,3,2
28,35,-7
0,3,-3
15,0,15
6,1,5
3,3,0
6,6,0
4,30,-26
0,31,-31
16,16,0
7,7,0
11,5,6
3,28,-25
0,0,0
0,18,-18
5,7,-2
3,0,3
9,9,0
0,0,0
9,15,-6
0,0,0
0,0,0
3,12,-9
3,10,-7
1,1,0
2,5,-3
8,29,-21
2,2,0
30,15,15
27,2,25
3,29,-26
17,5,12
4,0,4
13,13,0
0,2,-2
18,20,-2
27,0,27
1,4,-3
0,3,-3
9,3,6
3,3,0
9,0,9
2,0,2
9,0,9
15,15,0
2,0,2
4,2,2
1,12,-11
7,7,0
2,2,0
0,7,-7
2,0,2
7,0,7
8,1,7
2,0,2
43,43,0
17,17,0
0,0,0
0,0,0
0,1,-1
7,0,7
57,23,34
22,12,10
20,20,0
4,2,2
13,13,0
4,1,3
8,7,1
0,0,0
8,0,8
5,4,1
32,2,30
11,11,0
4,8,-4
0,0,0
0,0,0
0,0,0
8,3,5
0,30,-30
1,3,-2
30,30,0
2,0,2
1,0,1
8,35,-27
5,13,-8
1,1,0
0,0,0
4,0,4
0,41,-41
8,0,8
2,5,-3
1,1,0
12,22,-10
8,8,0
1,0,1
0,0,0
2,8,-6
0,0,0
7,11,-4
6,12,-6
44,42,2
0,5,-5
2,1,1
0,1,-1
8,5,3
1,0,1
3,0,3
3,9,-6
6,6,0
4,3,1
4,11,-7
0,1,-1
2,0,2
5,2,3
28,1,27
4,0,4
0,7,-7
10,10,0
5,5,0
8,15,-7
1,0,1
8,19,-11
24,2,22
0,25,-25
3,8,-5
9,6,3
2,2,0
10,10,0
25,12,13
25,25,0
3,0,3
1,21,-20
12,12,0
0,7,-7
0,0,0
0,2,-2
0,4,-4
0,2,-2
18,15,3
1,1,0
1,0,1
4,25,-21
8,1,7
18,0,18
16,16,0
0,0,0
24,0,24
9,4,5
0,0,0
11,40,-29
21,21,0
13,14,-1
8,41,-33
0,0,0
9,1,8
2,2,0
1,1,0
6,24,-18
2,2,0
3,1,2
0,0,0
6,6,0
0,2,-2
22,22,0
3,3,0
2,6,-4
6,2,4
1,0,1
1,0,1
4,4,0
2,0,2
5,1,4
1,3,-2
4,17,-13
5,6,-1
8,8,0
1,12,-11
3,2,1
8,14,-6
1,0,1
4,3,1
11,11,0
6,2,4
13,13,0
19,3,16
7,10,-3
0,0,0
0,0,0
2,25,-23
0,1,-1
4,3,1
1,11,-10
3,18,-15
1,1,0
2,29,-27
5,5,0
3,3,0
2,3,-1
80,80,0
1,12,-11
13,0,13
2,2,0
4,0,4
8,4,4
0,5,-5
0,0,0
1,0,1
0,0,0
6,0,6
5,5,0
1,1,0
15,4,11
1,0,1
12,12,0
6,6,0
0,0,0
7,7,0
3,21,-18
3,37,-34
5,8,-3
1,31,-30
0,0,0
0,0,0
1,0,1
0,0,0
6,3,3
18,14,4
12,5,7
12,4,8
27,27,0
35,36,-1
10,10,0
2,2,0
17,2,15
2,0,2
0,1,-1
1,0,1
0,5,-5
0,0,0
5,0,5
4,5,-1
1,0,1
8,8,0
2,24,-22
3,0,3
0,1,-1
18,55,-37
1,10,-9
0,0,0
5,0,5
0,0,0
6,6,0
0,7,-7
5,2,3
12,1,11
0,0,0
52,52,0
0,0,0
19,13,6
0,1,-1
3,6,-3
14,14,0
4,3,1
4,1,3
0,0,0
0,0,0
1,0,1
27,15,12
1,1,0
5,6,-1
3,3,0
10,12,-2
0,0,0
0,0,0
0,2,-2
0,2,-2
1,3,-2
26,5,21
1,1,0
3,1,2
3,22,-19
4,5,-1
86,3,83
1,4,-3
23,23,0
4,4,0
14,6,8
4,4,0
0,32,-32
6,2,4
18,13,5
8,8,0
0,0,0
5,1,4
1,3,-2
12,7,5
2,2,0
0,0,0
22,15,7
11,5,6
4,4,0
0,0,0
4,1,3
2,13,-11
15,3,12
13,1,12
0,0,0
3,0,3
0,0,0
0,10,-10
6,0,6
1,5,-4
0,7,-7
0,3,-3
0,0,0
13,3,10
6,6,0
3,10,-7
41,23,18
0,0,0
7,6,1
12,17,-5
43,43,0
3,1,2
2,1,1
4,2,2
11,7,4
11,1,10
9,9,0
13,10,3
2,1,1
4,1,3
0,12,-12
1,1,0
11,11,0
3,0,3
3,1,2
25,25,0
10,10,0
4,13,-9
5,5,0
15,47,-32
3,0,3
1,7,-6
0,0,0
1,3,-2
0,2,-2
15,15,0
0,5,-5
3,4,-1
1,0,1
0,1,-1
11,11,0
3,9,-6
17,5,12
0,6,-6
2,0,2
7,6,1
6,7,-1
0,0,0
3,3,0
0,0,0
4,7,-3
12,11,1
15,8,7
2,2,0
1,27,-26
0,7,-7
1,1,0
2,0,2
1,0,1
7,7,0
28,14,14
13,4,9
2,2,0
1,0,1
5,10,-5
24,20,4
3,71,-68
0,0,0
3,3,0
10,10,0
2,0,2
0,0,0
0,0,0
0,0,0
34,34,0
1,4,-3
8,5,3
0,0,0
24,24,0
4,4,0
1,1,0
8,8,0
1,0,1
1,1,0
7,2,5
1,24,-23
6,3,3
1,0,1
3,0,3
0,9,-9
4,4,0
2,0,2
8,7,1
17,2,15
18,0,18
5,0,5
2,2,0
2,14,-12
2,0,2
24,1,23
1,2,-1
5,3,2
14,14,0
10,10,0
10,10,0
8,0,8
0,0,0
0,24,-24
16,30,-14
1,38,-37
3,5,-2
13,7,6
4,12,-8
3,3,0
2,2,0
4,7,-3
0,0,0
4,7,-3
0,0,0
3,0,3
3,3,0
0,0,0
9,11,-2
8,2,6
0,8,-8
7,1,6
6,34,-28
3,3,0
0,0,0
4,2,2
2,0,2
19,10,9
39,3,36
10,18,-8
1,1,0
8,2,6
0,2,-2
1,19,-18
1,0,1
1,1,0
1,0,1
0,1,-1
5,5,0
10,3,7
8,8,0
14,4,10
12,19,-7
2,0,2
10,10,0
25,4,21
2,2,0
7,2,5
0,5,-5
2,2,0
11,7,4
15,19,-4
0,0,0
3,4,-1
0,0,0
13,29,-16
3,1,2
9,2,7
10,10,0
6,15,-9
0,5,-5
5,7,-2
2,2,0
3,1,2
15,1,14
2,0,2
0,0,0
1,0,1
6,8,-2
18,14,4
3,3,0
1,1,0
2,0,2
2,0,2
8,7,1
1,0,1
10,0,10
0,0,0
0,0,0
1,1,0
0,25,-25
4,0,4
15,2,13
3,3,0
0,0,0
12,20,-8
1,1,0
39,39,0
10,13,-3
0,2,-2
0,2,-2
0,1,-1
4,16,-12
26,22,4
2,0,2
1,1,0
1,0,1
1,0,1
2,8,-6
6,3,3
0,5,-5
10,1,9
13,1,12
0,0,0
2,2,0
2,8,-6
1,0,1
4,6,-2
0,6,-6
2,2,0
1,7,-6
10,1,9
3,4,-1
0,32,-32
0,0,0
14,14,0
21,8,13
3,11,-8
3,1,2
2,2,0
5,8,-3
8,8,0
4,0,4
11,11,0
1,0,1
9,9,0
12,6,6
14,1,13
14,10,4
0,0,0
5,2,3
1,2,-1
5,0,5
5,7,-2
6,6,0
20,28,-8
0,5,-5
0,0,0
1,1,0
5,5,0
1,1,0
0,6,-6
11,0,11
0,0,0
19,0,19
16,1,15
17,7,10
3,5,-2
28,0,28
9,4,5
1,34,-33
1,1,0
0,0,0
0,0,0
4,36,-32
5,5,0
4,4,0
4,4,0
2,0,2
8,9,-1
0,5,-5
0,0,0
10,2,8
4,0,4
0,2,-2
5,11,-6
1,1,0
4,3,1
10,21,-11
0,3,-3
1,0,1
22,16,6
0,1,-1
4,5,-1
5,5,0
0,0,0
12,12,0
9,9,0
9,0,9
1,2,-1
0,0,0
4,0,4
7,46,-39
5,27,-22
3,1,2
5,1,4
4,4,0
18,18,0
0,6,-6
3,1,2
1,1,0
0,0,0
1,1,0
19,3,16
2,0,2
2,2,0
21,9,12
1,0,1
0,1,-1
1,2,-1
8,9,-1
1,0,1
21,7,14
23,9,14
0,8,-8
5,24,-19
1,0,1
17,17,0
17,37,-20
4,4,0
1,8,-7
1,2,-1
0,0,0
3,1,2
13,10,3
7,0,7
5,4,1
18,0,18
6,24,-18
10,26,-16
11,7,4
16,16,0
0,0,0
0,0,0
4,0,4
2,25,-23
3,3,0
0,0,0
7,16,-9
5,6,-1
0,12,-12
22,13,9
1,3,-2
4,0,4
0,1,-1
6,0,6
2,15,-13
8,13,-5
20,31,-11
0,5,-5
3,3,0
0,5,-5
1,0,1
7,0,7
2,2,0
1,0,1
14,1,13
42,16,26
10,1,9
1,1,0
3,3,0
1,9,-8
0,0,0
0,0,0
9,3,6
6,17,-11
0,0,0
12,52,-40
5,3,2
37,1,36
1,7,-6
27,1,26
1,6,-5
7,2,5
6,10,-4
0,1,-1
1,10,-9
5,0,5
0,12,-12
0,0,0
6,9,-3
2,7,-5
13,5,8
2,0,2
1,1,0
26,26,0
11,18,-7
22,1,21
2,15,-13
16,2,14
1,8,-7
1,0,1
11,18,-7
0,0,0
7,11,-4
15,4,11
1,14,-13
9,0,9
64,1,63
7,7,0
1,0,1
11,11,0
5,1,4
1,11,-10
1,1,0
17,29,-12
8,17,-9
12,12,0
5,11,-6
1,3,-2
2,0,2
4,4,0
7,5,2
8,17,-9
1,21,-20
3,5,-2
0,0,0
3,3,0
5,5,0
0,6,-6
0,0,0
0,19,-19
3,2,1
10,7,3
5,5,0
0,0,0
33,2,31
7,7,0
6,2,4
10,0,10
1,2,-1
9,1,8
15,15,0
4,11,-7
3,3,0
0,1,-1
32,0,32
16,0,16
4,0,4
0,2,-2
6,0,6
0,0,0
3,1,2
9,0,9
2,3,-1
3,0,3
1,0,1
1,0,1
10,2,8
35,2,33
24,24,0
8,8,0
18,11,7
0,0,0
20,0,20
20,0,20
0,0,0
0,0,0
40,40,0
3,18,-15
3,3,0
0,0,0
28,0,28
0,0,0
6,6,0
2,1,1
0,0,0
6,11,-5
10,10,0
0,0,0
12,0,12
3,2,1
0,0,0
8,8,0
8,0,8
15,13,2
2,0,2
4,2,2
10,6,4
2,0,2
1,6,-5
1,0,1
0,2,-2
12,12,0
9,0,9
0,5,-5
0,29,-29
4,0,4
14,32,-18
29,0,29
12,12,0
1,1,0
6,23,-17
0,2,-2
1,0,1
4,4,0
0,2,-2
10,6,4
5,25,-20
3,8,-5
0,28,-28
8,8,0
21,0,21
2,0,2
17,17,0
5,7,-2
2,0,2
11,11,0
1,0,1
1,1,0
0,0,0
23,35,-12
53,8,45
0,0,0
0,3,-3
2,0,2
3,1,2
0,0,0
8,8,0
9,0,9
2,0,2
23,23,0
2,6,-4
23,23,0
7,4,3
7,0,7
13,13,0
4,0,4
6,3,3
1,1,0
2,15,-13
11,11,0
9,32,-23
7,1,6
4,4,0
0,0,0
10,13,-3
0,5,-5
0,1,-1
2,0,2
0,0,0
0,0,0
0,0,0
8,3,5
2,1,1
12,20,-8
7,7,0
11,9,2
5,9,-4
5,5,0
0,1,-1
0,0,0
3,3,0
4,4,0
5,0,5
0,6,-6
1,1,0
20,2,18
4,5,-1
0,0,0
6,14,-8
13,2,11
11,2,9
3,6,-3
9,9,0
7,0,7
0,5,-5
25,42,-17
8,23,-15
0,0,0
0,10,-10
4,2,2
17,22,-5
6,14,-8
1,1,0
0,0,0
8,12,-4
0,0,0
23,14,9
0,3,-3
5,27,-22
17,12,5
17,3,14
12,9,3
0,3,-3
5,0,5
14,1,13
2,1,1
2,0,2
3,0,3
1,27,-26
13,3,10
5,2,3
5,5,0
8,8,0
27,27,0
18,2,16
4,6,-2
2,2,0
2,0,2
13,13,0
2,7,-5
46,46,0
15,2,13
7,7,0
2,2,0
4,1,3
0,0,0
10,10,0
5,35,-30
3,8,-5
0,0,0
3,0,3
0,0,0
3,0,3
16,0,16
0,0,0
6,2,4
1,31,-30
1,4,-3
15,5,10
2,0,2
6,6,0
2,2,0
1,6,-5
6,22,-16
10,6,4
0,0,0
0,0,0
5,5,0
2,0,2
10,18,-8
21,2,19
3,0,3
0,3,-3
1,1,0
2,7,-5
6,5,1
1,25,-24
5,5,0
3,1,2
27,16,11
5,5,0
52,0,52
3,3,0
8,6,2
23,23,0
1,1,0
12,0,12
27,27,0
1,1,0
1,18,-17
6,6,0
0,1,-1
2,1,1
2,0,2
1,0,1
6,6,0
2,2,0
3,21,-18
0,0,0
2,2,0
8,9,-1
7,2,5
0,30,-30
24,0,24
2,1,1
0,0,0
1,8,-7
0,2,-2
12,27,-15
0,36,-36
12,12,0
0,5,-5
27,1,26
23,2,21
2,0,2
0,0,0
37,37,0
12,12,0
0,2,-2
0,0,0
21,0,21
6,0,6
1,1,0
1,8,-7
0,3,-3
5,6,-1
5,1,4
0,0,0
4,4,0
0,0,0
6,0,6
3,9,-6
20,20,0
23,23,0
0,1,-1
2,2,0
4,4,0
0,0,0
17,2,15
0,4,-4
1,0,1
1,5,-4
8,12,-4
3,1,2
9,15,-6
1,7,-6
1,14,-13
2,2,0
0,5,-5
7,0,7
1,3,-2
26,32,-6
3,1,2
0,0,0
3,2,1
1,1,0
21,0,21
9,3,6
16,0,16
0,1,-1
6,6,0
2,40,-38
7,7,0
13,1,12
0,0,0
0,10,-10
1,30,-29
1,3,-2
7,7,0
4,3,1
2,0,2
11,7,4
41,6,35
15,0,15
10,3,7
10,36,-26
3,8,-5
6,4,2
15,1,14
7,7,0
4,13,-9
2,8,-6
29,45,-16
7,6,1
20,30,-10
1,1,0
3,0,3
29,10,19
25,25,0
8,8,0
6,0,6
4,0,4
0,9,-9
0,20,-20
1,41,-40
1,4,-3
58,58,0
2,4,-2
18,63,-45
2,23,-21
22,4,18
26,41,-15
7,33,-26
10,10,0
5,4,1
4,4,0
0,2,-2
0,8,-8
34,34,0
8,12,-4
10,2,8
4,1,3
3,0,3
1,0,1
2,3,-1
31,0,31
0,31,-31
8,5,3
1,0,1
0,6,-6
0,2,-2
0,0,0
3,3,0
0,0,0
9,0,9
4,0,4
0,2,-2
0,9,-9
0,8,-8
9,4,5
33,1,32
15,4,11
1,6,-5
12,2,10
9,9,0
4,0,4
3,13,-10
1,3,-2
0,6,-6
40,40,0
0,7,-7
0,3,-3
0,9,-9
0,0,0
3,5,-2
3,0,3
9,9,0
14,1,13
0,0,0
12,12,0
3,10,-7
14,14,0
5,0,5
0,0,0
0,2,-2
7,11,-4
0,0,0
18,2,16
0,11,-11
1,11,-10
1,1,0
2,2,0
0,0,0
2,2,0
6,5,1
9,0,9
8,21,-13
0,1,-1
3,0,3
0,0,0
0,0,0
1,1,0
14,11,3
0,0,0
1,0,1
7,4,3
15,15,0
2,2,0
2,12,-10
3,0,3
18,18,0
7,7,0
2,0,2
8,0,8
0,8,-8
2,4,-2
0,3,-3
0,12,-12
10,10,0
1,0,1
0,0,0
4,3,1
0,3,-3
3,13,-10
17,3,14
0,0,0
0,1,-1
3,4,-1
7,1,6
31,23,8
0,28,-28
9,9,0
53,53,0
0,0,0
12,7,5
11,11,0
3,10,-7
6,6,0
2,3,-1
3,3,0
0,0,0
0,0,0
6,5,1
0,0,0
0,0,0
7,3,4
1,1,0
0,9,-9
7,7,0
0,0,0
7,5,2
13,13,0
4,9,-5
1,6,-5
11,11,0
7,7,0
4,4,0
1,1,0
0,6,-6
1,0,1
0,4,-4
0,0,0
1,0,1
1,0,1
1,2,-1
15,1,14
23,59,-36
1,0,1
33,33,0
4,5,-1
1,1,0
1,3,-2
7,8,-1
39,17,22
0,0,0
0,0,0
1,1,0
0,0,0
29,29,0
1,46,-45
6,0,6
2,36,-34
14,14,0
7,46,-39
7,7,0
5,9,-4
3,3,0
6,6,0
11,3,8
2,4,-2
9,6,3
33,5,28
0,0,0
4,1,3
0,7,-7
2,5,-3
11,11,0
0,0,0
7,0,7
11,0,11
8,46,-38
10,29,-19
2,2,0
0,0,0
2,18,-16
2,7,-5
1,4,-3
9,14,-5
0,0,0
1,28,-27
14,19,-5
7,2,5
7,14,-7
0,2,-2
15,15,0
4,4,0
8,17,-9
0,4,-4
11,11,0
28,0,28
2,24,-22
12,12,0
3,0,3
6,23,-17
1,0,1
0,2,-2
15,3,12
7,7,0
2,44,-42
1,0,1
10,10,0
2,19,-17
3,2,1
1,25,-24
1,0,1
1,1,0
4,4,0
19,19,0
10,16,-6
19,13,6
21,16,5
0,0,0
0,0,0
0,0,0
5,0,5
3,19,-16
21,25,-4
8,2,6
44,1,43
2,4,-2
16,54,-38
1,0,1
3,3,0
9,9,0
7,0,7
4,4,0
1,1,0
9,9,0
0,2,-2
7,0,7
16,1,15
0,0,0
2,9,-7
1,20,-19
0,0,0
8,9,-1
3,2,1
3,3,0
17,15,2
1,6,-5
4,4,0
1,9,-8
1,2,-1
8,8,0
23,23,0
1,0,1
2,0,2
6,0,6
25,25,0
7,0,7
8,0,8
0,0,0
11,8,3
32,29,3
4,4,0
0,8,-8
4,4,0
4,4,0
24,18,6
4,13,-9
0,0,0
3,2,1
1,1,0
1,0,1
5,5,0
5,1,4
14,9,5
0,0,0
11,35,-24
0,0,0
25,25,0
1,0,1
4,7,-3
13,13,0
15,7,8
9,8,1
5,9,-4
4,17,-13
17,4,13
3,9,-6
3,3,0
10,14,-4
19,44,-25
18,5,13
6,1,5
1,0,1
0,0,0
1,1,0
1,0,1
3,24,-21
2,9,-7
10,15,-5
13,1,12
9,4,5
39,1,38
2,0,2
1,0,1
0,0,0
8,8,0
4,0,4
0,0,0
4,0,4
9,15,-6
0,0,0
14,2,12
2,5,-3
9,0,9
15,15,0
4,27,-23
0,0,0
1,1,0
1,0,1
2,0,2
29,29,0
1,11,-10
3,13,-10
8,1,7
4,0,4
28,4,24
5,0,5
2,2,0
0,0,0
2,15,-13
5,6,-1
5,5,0
4,4,0
7,5,2
3,0,3
5,2,3
31,14,17
9,9,0
18,18,0
0,8,-8
4,0,4
10,0,10
16,9,7
6,6,0
3,3,0
4,4,0
3,26,-23
0,0,0
5,0,5
0,0,0
1,1,0
0,1,-1
0,0,0
10,3,7
3,2,1
0,1,-1
29,33,-4
4,2,2
1,1,0
5,5,0
4,4,0
14,8,6
1,1,0
2,2,0
4,5,-1
4,0,4
0,0,0
6,6,0
12,15,-3
5,9,-4
1,1,0
5,6,-1
3,3,0
1,0,1
4,0,4
1,1,0
10,5,5
4,5,-1
2,5,-3
12,0,12
0,0,0
3,12,-9
3,3,0
0,0,0
5,3,2
2,1,1
0,2,-2
0,12,-12
3,6,-3
37,37,0
11,3,8
1,1,0
0,6,-6
11,14,-3
7,10,-3
1,0,1
0,0,0
1,1,0
2,46,-44
10,9,1
21,21,0
2,6,-4
17,33,-16
3,3,0
0,5,-5
4,4,0
0,2,-2
15,27,-12
0,0,0
0,0,0
7,6,1
13,13,0
1,0,1
37,12,25
1,3,-2
10,10,0
3,0,3
0,3,-3
1,8,-7
2,3,-1
0,0,0
8,27,-19
8,8,0
5,0,5
1,1,0
2,2,0
3,5,-2
0,0,0
19,34,-15
0,0,0
0,0,0
0,0,0
20,8,12
15,4,11
0,0,0
16,2,14
11,22,-11
12,12,0
6,6,0
12,2,10
7,2,5
2,0,2
1,0,1
0,0,0
5,5,0
20,20,0
16,3,13
34,2,32
0,9,-9
9,9,0
1,2,-1
6,0,6
0,0,0
2,3,-1
0,1,-1
2,0,2
3,3,0
6,0,6
1,0,1
2,0,2
0,0,0
25,6,19
0,0,0
8,0,8
2,0,2
0,0,0
1,6,-5
1,25,-24
14,10,4
12,3,9
0,3,-3
19,0,19
0,0,0
3,2,1
9,5,4
0,0,0
6,6,0
1,3,-2
0,34,-34
5,5,0
4,1,3
23,2,21
41,23,18
4,4,0
11,11,0
4,4,0
2,3,-1
17,17,0
0,2,-2
3,0,3
0,19,-19
6,2,4
12,1,11
0,0,0
7,7,0
0,0,0
0,0,0
11,35,-24
1,2,-1
18,18,0
0,8,-8
0,0,0
0,0,0
19,1,18
5,1,4
2,2,0
2,7,-5
1,0,1
4,7,-3
0,0,0
0,0,0
3,2,1
0,0,0
7,22,-15
45,18,27
2,0,2
6,3,3
6,6,0
14,2,12
0,17,-17
8,35,-27
9,16,-7
1,1,0
0,2,-2
6,2,4
8,8,0
0,1,-1
14,0,14
11,3,8
4,0,4
3,0,3
7,6,1
7,0,7
1,0,1
3,3,0
7,7,0
0,13,-13
5,33,-28
9,1,8
3,17,-14
0,0,0
3,0,3
0,0,0
8,35,-27
8,6,2
0,14,-14
7,2,5
19,4,15
1,0,1
10,15,-5
7,7,0
4,4,0
0,0,0
6,6,0
62,4,58
1,0,1
1,0,1
29,29,0
3,8,-5
2,7,-5
1,1,0
0,1,-1
0,0,0
36,24,12
4,4,0
0,3,-3
15,15,0
0,6,-6
0,0,0
1,0,1
0,0,0
10,15,-5
4,4,0
3,9,-6
6,13,-7
2,0,2
20,1,19
17,1,16
42,30,12
13,2,11
30,51,-21
1,13,-12
0,2,-2
3,0,3
36,36,0
10,1,9
14,0,14
5,3,2
7,0,7
4,2,2
20,5,15
1,0,1
20,18,2
3,4,-1
1,1,0
4,10,-6
6,6,0
7,0,7
5,5,0
16,5,11
0,0,0
7,7,0
2,1,1
2,5,-3
0,0,0
2,2,0
25,4,21
2,0,2
3,3,0
4,0,4
7,0,7
9,7,2
29,8,21
1,13,-12
4,0,4
3,10,-7
10,10,0
3,4,-1
31,0,31
13,13,0
0,27,-27
0,0,0
0,8,-8
18,4,14
7,7,0
6,6,0
1,6,-5
0,0,0
0,0,0
1,1,0
10,3,7
0,0,0
17,17,0
11,7,4
20,20,0
5,0,5
8,8,0
1,1,0
1,1,0
2,3,-1
7,7,0
32,32,0
4,0,4
6,5,1
11,11,0
2,4,-2
14,2,12
3,3,0
7,7,0
1,0,1
9,0,9
2,2,0
13,46,-33
8,0,8
1,1,0
29,21,8
2,0,2
2,0,2
1,1,0
0,0,0
15,8,7
14,14,0
0,0,0
1,1,0
0,13,-13
5,10,-5
4,4,0
1,12,-11
10,10,0
24,20,4
1,3,-2
0,0,0
16,7,9
0,0,0
0,4,-4
2,4,-2
6,1,5
3,3,0
2,2,0
15,21,-6
6,15,-9
7,27,-20
2,2,0
20,5,15
1,1,0
3,15,-12
24,31,-7
4,4,0
3,5,-2
3,0,3
0,0,0
2,6,-4
9,6,3
0,0,0
1,9,-8
2,0,2
1,0,1
2,2,0
6,0,6
20,15,5
10,6,4
5,0,5
3,3,0
2,0,2
2,0,2
10,10,0
15,15,0
18,0,18
5,5,0
0,0,0
1,0,1
0,0,0
1,12,-11
0,0,0
2,2,0
0,0,0
6,12,-6
3,8,-5
18,20,-2
1,5,-4
4,16,-12
3,3,0
5,28,-23
0,1,-1
0,7,-7
5,2,3
10,26,-16
19,19,0
5,11,-6
0,6,-6
0,2,-2
21,1,20
0,2,-2
23,25,-2
0,0,0
3,0,3
9,9,0
2,4,-2
0,3,-3
3,5,-2
0,0,0
1,0,1
7,0,7
26,22,4
8,8,0
21,3,18
20,20,0
6,16,-10
6,12,-6
46,46,0
0,0,0
2,11,-9
19,19,0
1,1,0
5,18,-13
20,0,20
0,0,0
4,0,4
8,5,3
4,4,0
6,23,-17
0,0,0
11,14,-3
0,0,0
10,10,0
1,7,-6
0,2,-2
0,2,-2
18,18,0
5,11,-6
5,17,-12
5,5,0
0,0,0
3,2,1
5,7,-2
12,17,-5
0,2,-2
0,10,-10
3,0,3
5,0,5
0,25,-25
0,2,-2
1,1,0
8,8,0
0,8,-8
5,2,3
7,0,7
4,4,0
48,17,31
1,3,-2
2,0,2
1,0,1
5,3,2
1,1,0
9,6,3
13,13,0
1,1,0
6,0,6
23,0,23
14,6,8
6,3,3
5,13,-8
13,6,7
13,14,-1
4,16,-12
9,0,9
3,6,-3
1,1,0
7,10,-3
21,5,16
22,22,0
5,5,0
0,3,-3
7,4,3
3,19,-16
14,1,13
7,11,-4
7,0,7
17,3,14
6,16,-10
0,0,0
9,9,0
6,6,0
2,9,-7
16,17,-1
8,18,-10
13,37,-24
35,2,33
0,3,-3
1,1,0
3,17,-14
1,5,-4
2,2,0
0,0,0
3,0,3
2,1,1
1,4,-3
34,28,6
4,15,-11
9,6,3
1,1,0
4,7,-3
3,3,0
0,5,-5
8,3,5
0,6,-6
15,14,1
1,16,-15
10,6,4
1,0,1
23,11,12
3,3,0
18,2,16
26,26,0
5,46,-41
3,3,0
22,7,15
13,1,12
0,0,0
10,16,-6
12,12,0
2,0,2
22,26,-4
14,16,-2
5,11,-6
6,10,-4
20,20,0
16,12,4
0,15,-15
8,8,0
10,7,3
13,2,11
14,6,8
0,2,-2
10,4,6
9,9,0
2,2,0
0,1,-1
13,13,0
2,0,2
1,1,0
4,0,4
0,0,0
4,4,0
2,17,-15
8,4,4
0,23,-23
0,3,-3
0,0,0
37,37,0
24,24,0
7,10,-3
3,8,-5
13,12,1
3,2,1
17,17,0
1,0,1
23,23,0
3,3,0
8,8,0
1,1,0
5,5,0
0,15,-15
4,0,4
6,20,-14
4,30,-26
34,25,9
0,0,0
0,29,-29
46,42,4
0,0,0
3,0,3
0,0,0
0,0,0
8,26,-18
2,2,0
0,0,0
16,10,6
1,2,-1
1,2,-1
2,2,0
21,2,19
8,21,-13
1,6,-5
3,7,-4
5,0,5
1,2,-1
1,0,1
3,0,3
5,5,0
0,2,-2
14,25,-11
7,10,-3
19,19,0
6,3,3
6,7,-1
1,2,-1
26,10,16
7,1,6
15,15,0
1,0,1
0,18,-18
17,49,-32
7,8,-1
14,44,-30
11,4,7
0,0,0
5,5,0
6,6,0
5,5,0
0,0,0
0,21,-21
1,1,0
48,24,24
5,5,0
13,20,-7
10,4,6
1,1,0
2,8,-6
34,34,0
0,6,-6
0,2,-2
5,5,0
6,0,6
16,12,4
6,6,0
1,13,-12
58,58,0
2,14,-12
31,6,25
14,12,2
0,3,-3
7,7,0
10,0,10
35,0,35
2,2,0
1,2,-1
20,15,5
9,7,2
4,31,-27
7,62,-55
5,0,5
79,79,0
6,6,0
2,0,2
3,0,3
31,8,23
4,1,3
2,2,0
1,0,1
7,0,7
5,14,-9
14,0,14
10,5,5
5,2,3
6,44,-38
2,2,0
0,2,-2
3,3,0
1,1,0
3,18,-15
4,0,4
1,0,1
2,0,2
18,3,15
5,4,1
7,7,0
0,0,0
1,0,1
1,1,0
17,12,5
8,8,0
23,39,-16
1,1,0
4,5,-1
0,1,-1
7,7,0
5,5,0
2,18,-16
17,17,0
0,2,-2
16,5,11
3,6,-3
0,0,0
0,0,0
7,4,3
14,1,13
12,12,0
17,12,5
2,2,0
0,3,-3
14,14,0
14,2,12
0,2,-2
11,7,4
0,2,-2
1,0,1
2,2,0
4,17,-13
0,0,0
27,2,25
5,22,-17
2,12,-10
4,4,0
3,0,3
7,7,0
2,2,0
27,27,0
2,0,2
0,0,0
0,10,-10
9,9,0
2,2,0
1,1,0
1,0,1
5,9,-4
8,2,6
0,0,0
4,6,-2
1,5,-4
6,6,0
0,0,0
2,2,0
35,1,34
1,1,0
18,7,11
9,9,0
5,0,5
6,15,-9
1,4,-3
0,0,0
16,4,12
6,2,4
4,2,2
1,1,0
8,2,6
4,7,-3
5,3,2
3,0,3
17,0,17
7,7,0
5,5,0
12,12,0
1,6,-5
14,22,-8
1,1,0
4,0,4
1,0,1
1,7,-6
8,6,2
0,19,-19
18,5,13
9,4,5
2,6,-4
9,2,7
9,2,7
12,5,7
2,2,0
2,2,0
0,0,0
14,2,12
15,15,0
2,0,2
0,0,0
15,15,0
3,3,0
0,0,0
3,10,-7
3,3,0
2,1,1
11,11,0
1,1,0
3,3,0
5,11,-6
7,1,6
21,5,16
7,1,6
0,2,-2
0,0,0
0,22,-22
32,8,24
2,4,-2
2,2,0
4,4,0
2,0,2
16,25,-9
21,39,-18
3,0,3
3,17,-14
1,13,-12
1,11,-10
11,11,0
3,0,3
4,4,0
0,0,0
1,1,0
2,0,2
1,0,1
1,0,1
28,5,23
0,0,0
9,12,-3
4,4,0
4,0,4
1,0,1
0,1,-1
2,0,2
25,2,23
21,1,20
2,2,0
3,0,3
1,16,-15
4,14,-10
8,2,6
0,0,0
3,3,0
0,9,-9
22,22,0
17,17,0
13,28,-15
0,1,-1
6,5,1
6,1,5
22,21,1
1,0,1
81,81,0
8,3,5
4,4,0
0,0,0
5,9,-4
33,5,28
0,0,0
0,0,0
3,0,3
34,2,32
1,0,1
6,5,1
11,18,-7
0,1,-1
0,59,-59
9,1,8
2,2,0
7,1,6
3,3,0
1,4,-3
10,3,7
5,5,0
7,44,-37
1,5,-4
1,7,-6
1,4,-3
15,14,1
16,4,12
5,5,0
0,0,0
0,0,0
5,5,0
0,0,0
8,1,7
1,0,1
5,13,-8
1,0,1
2,3,-1
31,13,18
0,5,-5
0,0,0
0,0,0
5,3,2
0,0,0
2,1,1
1,13,-12
2,2,0
9,0,9
15,18,-3
0,0,0
6,0,6
0,0,0
2,2,0
13,13,0
3,2,1
5,4,1
20,5,15
1,28,-27
7,0,7
2,0,2
14,8,6
0,12,-12
18,9,9
14,14,0
5,5,0
7,1,6
1,1,0
1,14,-13
9,9,0
13,0,13
2,2,0
0,6,-6
1,0,1
19,19,0
22,9,13
6,6,0
0,0,0
0,0,0
1,4,-3
0,0,0
5,0,5
16,17,-1
3,0,3
0,0,0
1,5,-4
0,0,0
2,2,0
0,0,0
3,3,0
0,0,0
2,2,0
15,5,10
0,3,-3
4,4,0
32,19,13
13,13,0
19,4,15
1,1,0
6,30,-24
0,15,-15
14,3,11
22,0,22
0,2,-2
12,14,-2
1,0,1
4,1,3
21,21,0
9,2,7
2,0,2
0,0,0
1,7,-6
2,3,-1
11,8,3
4,0,4
5,4,1
0,1,-1
41,28,13
34,9,25
6,27,-21
1,0,1
7,9,-2
2,1,1
0,0,0
2,6,-4
13,13,0
8,3,5
7,14,-7
9,9,0
11,1,10
1,7,-6
20,0,20
0,3,-3
2,2,0
0,0,0
1,4,-3
30,16,14
20,35,-15
4,4,0
0,0,0
0,1,-1
3,3,0
3,17,-14
7,7,0
4,6,-2
2,0,2
8,0,8
24,24,0
8,0,8
1,23,-22
0,0,0
0,2,-2
0,0,0
2,5,-3
5,0,5
1,1,0
1,2,-1
0,0,0
14,8,6
0,0,0
0,0,0
11,6,5
1,5,-4
25,25,0
1,3,-2
4,4,0
4,4,0
2,0,2
1,2,-1
23,8,15
1,10,-9
0,0,0
1,0,1
5,10,-5
0,0,0
0,0,0
0,0,0
0,0,0
8,8,0
2,6,-4
5,0,5
0,0,0
2,0,2
5,0,5
1,1,0
8,8,0
17,17,0
1,0,1
0,0,0
8,36,-28
25,4,21
27,27,0
0,0,0
3,8,-5
3,2,1
5,5,0
2,2,0
0,0,0
7,7,0
1,3,-2
1,11,-10
20,5,15
2,0,2
8,8,0
0,0,0
1,1,0
2,0,2
4,1,3
0,0,0
22,11,11
9,9,0
0,0,0
1,6,-5
2,12,-10
0,0,0
12,15,-3
1,0,1
7,5,2
1,1,0
26,26,0
12,12,0
17,20,-3
26,3,23
4,4,0
21,7,14
11,3,8
8,0,8
2,2,0
1,0,1
1,4,-3
6,9,-3
22,22,0
0,0,0
9,7,2
19,0,19
6,9,-3
0,15,-15
0,0,0
3,21,-18
1,4,-3
10,10,0
0,0,0
2,2,0
7,15,-8
0,0,0
7,26,-19
10,38,-28
2,2,0
0,0,0
6,0,6
2,2,0
2,25,-23
4,7,-3
19,1,18
12,9,3
4,5,-1
11,1,10
7,0,7
11,6,5
0,0,0
0,2,-2
10,2,8
3,1,2
0,3,-3
0,0,0
8,1,7
1,2,-1
27,2,25
4,7,-3
3,8,-5
15,8,7
7,14,-7
0,4,-4
1,0,1
0,1,-1
90,25,65
8,17,-9
3,0,3
3,0,3
7,0,7
1,2,-1
6,7,-1
0,0,0
34,34,0
0,26,-26
29,29,0
13,5,8
2,0,2
0,0,0
0,2,-2
8,0,8
16,19,-3
14,3,11
7,4,3
0,0,0
0,0,0
2,6,-4
3,0,3
4,3,1
0,0,0
2,2,0
15,5,10
14,14,0
2,0,2
0,48,-48
6,7,-1
6,6,0
4,13,-9
8,8,0
5,10,-5
1,11,-10
9,9,0
13,3,10
0,0,0
5,5,0
1,0,1
17,1,16
1,0,1
10,3,7
5,4,1
2,0,2
4,2,2
4,49,-45
0,20,-20
0,0,0
5,3,2
3,14,-11
4,4,0
1,3,-2
2,2,0
2,5,-3
8,3,5
1,4,-3
2,15,-13
2,1,1
7,6,1
16,0,16
7,1,6
1,84,-83
61,61,0
0,2,-2
2,4,-2
2,2,0
14,14,0
0,0,0
3,19,-16
3,1,2
52,2,50
0,4,-4
19,19,0
3,8,-5
0,6,-6
5,2,3
2,2,0
37,18,19
0,0,0
0,4,-4
2,4,-2
15,15,0
4,5,-1
1,1,0
12,12,0
22,8,14
17,17,0
2,0,2
13,0,13
4,32,-28
1,0,1
11,11,0
8,17,-9
3,7,-4
0,0,0
1,0,1
14,1,13
13,13,0
0,5,-5
0,2,-2
4,0,4
2,5,-3
9,3,6
0,0,0
13,13,0
2,2,0
2,14,-12
2,9,-7
31,31,0
0,0,0
7,15,-8
0,2,-2
0,19,-19
23,14,9
13,0,13
3,11,-8
21,6,15
1,15,-14
20,14,6
15,1,14
5,0,5
0,0,0
6,0,6
5,3,2
3,0,3
0,31,-31
2,1,1
24,24,0
1,0,1
9,17,-8
28,8,20
30,52,-22
1,0,1
11,15,-4
0,26,-26
0,0,0
8,1,7
12,12,0
4,1,3
9,9,0
15,5,10
7,7,0
4,4,0
4,0,4
3,0,3
5,5,0
7,11,-4
0,0,0
6,1,5
0,0,0
7,5,2
1,0,1
16,16,0
3,5,-2
0,11,-11
0,0,0
4,0,4
4,4,0
4,6,-2
1,1,0
2,1,1
7,7,0
0,1,-1
25,28,-3
0,0,0
2,8,-6
14,14,0
0,0,0
3,3,0
16,10,6
2,2,0
0,0,0
0,0,0
10,0,10
20,0,20
3,0,3
1,8,-7
13,7,6
0,0,0
2,2,0
3,19,-16
2,3,-1
3,1,2
4,0,4
0,0,0
12,2,10
17,6,11
1,1,0
33,4,29
1,0,1
2,2,0
0,0,0
0,1,-1
1,5,-4
9,9,0
5,11,-6
3,3,0
1,1,0
27,9,18
1,0,1
2,5,-3
4,7,-3
20,1,19
1,0,1
29,14,15
6,6,0
26,11,15
3,3,0
1,1,0
1,0,1
28,22,6
10,10,0
3,0,3
2,5,-3
0,0,0
2,4,-2
1,3,-2
3,0,3
0,16,-16
0,0,0
0,8,-8
2,24,-22
7,7,0
40,9,31
0,0,0
5,9,-4
1,11,-10
4,29,-25
7,7,0
7,7,0
21,11,10
8,5,3
12,7,5
3,14,-11
4,5,-1
2,0,2
17,17,0
0,0,0
0,1,-1
0,0,0
14,14,0
10,10,0
3,10,-7
1,0,1
9,1,8
1,6,-5
2,1,1
17,7,10
3,3,0
4,4,0
9,13,-4
17,7,10
9,13,-4
0,4,-4
5,1,4
1,4,-3
2,0,2
0,0,0
2,0,2
47,47,0
1,14,-13
6,7,-1
31,31,0
2,2,0
1,4,-3
1,1,0
3,3,0
37,59,-22
8,4,4
4,1,3
10,13,-3
8,8,0
7,2,5
66,14,52
5,8,-3
0,0,0
1,1,0
1,10,-9
2,2,0
7,7,0
1,1,0
8,6,2
0,0,0
13,13,0
4,3,1
11,14,-3
51,25,26
14,1,13
3,3,0
14,0,14
6,6,0
0,0,0
1,1,0
4,17,-13
0,0,0
0,0,0
6,1,5
2,1,1
0,3,-3
3,0,3
1,3,-2
0,3,-3
3,3,0
18,11,7
6,6,0
2,13,-11
18,5,13
0,0,0
0,13,-13
2,2,0
0,0,0
13,13,0
12,0,12
0,1,-1
3,12,-9
0,0,0
6,14,-8
6,6,0
13,1,12
1,0,1
15,13,2
11,4,7
2,4,-2
2,2,0
6,4,2
6,0,6
13,13,0
0,2,-2
0,0,0
1,1,0
6,6,0
22,9,13
9,9,0
5,0,5
11,11,0
11,0,11
0,0,0
0,2,-2
4,6,-2
0,6,-6
6,0,6
4,4,0
36,5,31
13,3,10
12,12,0
0,1,-1
0,0,0
9,0,9
10,1,9
6,6,0
4,4,0
0,5,-5
9,1,8
3,1,2
6,16,-10
2,1,1
5,5,0
2,0,2
4,4,0
0,1,-1
0,2,-2
6,6,0
3,3,0
6,5,1
0,7,-7
36,36,0
2,5,-3
2,13,-11
0,0,0
1,2,-1
13,25,-12
0,0,0
0,18,-18
0,0,0
0,0,0
0,1,-1
5,2,3
9,26,-17
2,1,1
15,2,13
6,6,0
0,0,0
16,0,16
0,3,-3
2,1,1
0,0,0
0,0,0
0,0,0
3,2,1
2,0,2
9,7,2
4,5,-1
2,9,-7
0,2,-2
1,5,-4
10,8,2
0,0,0
0,6,-6
2,0,2
2,9,-7
25,25,0
10,6,4
0,15,-15
6,6,0
1,0,1
0,0,0
3,0,3
1,2,-1
0,0,0
3,14,-11
4,10,-6
2,2,0
0,5,-5
21,8,13
0,0,0
1,12,-11
0,0,0
0,0,0
5,1,4
12,12,0
11,51,-40
3,3,0
1,1,0
6,6,0
0,0,0
0,0,0
27,42,-15
16,6,10
3,2,1
8,8,0
0,0,0
3,30,-27
25,25,0
2,22,-20
5,5,0
11,0,11
1,1,0
0,0,0
2,2,0
0,0,0
6,1,5
8,8,0
14,0,14
0,0,0
0,0,0
1,28,-27
11,2,9
20,13,7
9,8,1
0,0,0
3,0,3
23,7,16
2,0,2
2,20,-18
16,8,8
6,1,5
0,0,0
0,1,-1
0,12,-12
19,19,0
0,0,0
14,0,14
2,2,0
1,1,0
17,8,9
1,34,-33
3,3,0
0,0,0
0,0,0
0,9,-9
2,6,-4
12,12,0
12,31,-19
5,2,3
0,0,0
5,7,-2
2,8,-6
8,2,6
2,2,0
9,9,0
3,3,0
2,31,-29
4,1,3
5,5,0
5,0,5
0,2,-2
7,2,5
4,2,2
12,12,0
10,10,0
32,38,-6
28,29,-1
5,20,-15
6,5,1
6,6,0
0,1,-1
16,16,0
3,29,-26
34,5,29
0,0,0
24,22,2
0,0,0
0,0,0
0,0,0
6,6,0
3,7,-4
15,5,10
0,0,0
34,0,34
18,18,0
10,12,-2
39,0,39
3,3,0
2,12,-10
8,0,8
6,6,0
9,8,1
4,3,1
0,1,-1
4,0,4
1,37,-36
6,8,-2
3,0,3
1,1,0
19,9,10
5,1,4
10,2,8
3,27,-24
7,7,0
1,2,-1
13,2,11
25,8,17
7,2,5
1,1,0
1,0,1
6,2,4
7,15,-8
3,0,3
17,1,16
3,0,3
4,0,4
0,0,0
3,4,-1
6,0,6
6,6,0
3,3,0
15,15,0
2,11,-9
15,15,0
7,12,-5
10,2,8
13,1,12
6,7,-1
0,0,0
4,2,2
1,0,1
1,0,1
14,6,8
0,0,0
16,3,13
11,1,10
1,1,0
18,0,18
0,0,0
0,0,0
12,12,0
4,0,4
3,0,3
0,0,0
17,19,-2
3,3,0
11,11,0
0,0,0
1,3,-2
0,8,-8
8,8,0
8,17,-9
8,8,0
6,0,6
2,2,0
5,5,0
1,0,1
27,27,0
12,13,-1
1,1,0
1,1,0
15,3,12
0,1,-1
0,0,0
13,0,13
43,43,0
3,3,0
1,1,0
1,0,1
0,1,-1
3,4,-1
4,0,4
0,0,0
4,10,-6
0,16,-16
0,9,-9
2,5,-3
14,0,14
2,0,2
0,19,-19
18,1,17
1,0,1
13,0,13
0,0,0
12,17,-5
38,38,0
10,0,10
6,13,-7
3,3,0
20,20,0
0,1,-1
2,3,-1
0,0,0
0,0,0
0,0,0
8,8,0
3,6,-3
0,17,-17
3,4,-1
9,9,0
0,0,0
3,11,-8
8,8,0
0,0,0
7,7,0
6,6,0
2,0,2
0,0,0
5,1,4
2,2,0
2,2,0
2,0,2
19,10,9
0,2,-2
5,22,-17
2,1,1
0,2,-2
5,5,0
4,6,-2
5,6,-1
0,0,0
0,0,0
7,5,2
6,19,-13
0,2,-2
2,0,2
12,15,-3
1,0,1
6,6,0
1,1,0
0,0,0
1,0,1
42,20,22
8,8,0
4,6,-2
0,0,0
0,5,-5
6,13,-7
1,0,1
9,3,6
0,5,-5
0,0,0
5,0,5
0,0,0
0,0,0
0,0,0
0,0,0
0,0,0
0,1,-1
6,10,-4
12,0,12
0,0,0
3,2,1
6,4,2
21,21,0
23,28,-5
2,7,-5
11,2,9
4,0,4
4,0,4
15,15,0
2,0,2
10,33,-23
0,0,0
0,16,-16
2,0,2
5,6,-1
13,5,8
4,4,0
6,6,0
12,12,0
21,6,15
0,3,-3
20,20,0
12,14,-2
29,1,28
1,37,-36
0,0,0
12,12,0
1,2,-1
0,0,0
0,0,0
3,0,3
2,0,2
15,1,14
3,2,1
7,7,0
20,31,-11
16,5,11
9,9,0
9,22,-13
24,6,18
0,0,0
0,2,-2
18,17,1
6,6,0
0,2,-2
26,12,14
14,14,0
0,0,0
0,7,-7
6,6,0
0,0,0
1,0,1
11,1,10
5,4,1
52,7,45
8,9,-1
0,0,0
0,1,-1
19,35,-16
2,0,2
2,10,-8
4,0,4
1,0,1
9,14,-5
0,1,-1
19,8,11
0,0,0
0,0,0
19,19,0
2,2,0
24,24,0
1,8,-7
1,2,-1
3,3,0
0,1,-1
1,3,-2
2,31,-29
34,34,0
8,22,-14
3,1,2
18,1,17
6,6,0
13,10,3
1,1,0
13,0,13
2,2,0
13,13,0
0,0,0
6,15,-9
0,0,0
10,10,0
0,0,0
3,3,0
1,3,-2
1,0,1
0,10,-10
9,5,4
10,4,6
0,0,0
0,4,-4
19,2,17
5,5,0
0,3,-3
0,4,-4
17,17,0
16,41,-25
9,14,-5
8,8,0
2,2,0
1,0,1
0,20,-20
0,0,0
12,14,-2
4,8,-4
0,0,0
0,0,0
0,5,-5
9,0,9
5,10,-5
1,4,-3
2,2,0
3,5,-2
9,24,-15
0,2,-2
1,1,0
8,8,0
5,1,4
0,3,-3
5,7,-2
13,13,0
0,1,-1
1,1,0
0,3,-3
7,7,0
6,6,0
0,1,-1
1,0,1
2,10,-8
7,10,-3
13,11,2
4,4,0
1,0,1
6,20,-14
5,18,-13
7,1,6
0,3,-3
14,14,0
5,1,4
0,0,0
1,2,-1
56,14,42
5,5,0
4,3,1
4,5,-1
33,19,14
3,21,-18
0,4,-4
7,2,5
1,35,-34
9,25,-16
1,1,0
10,10,0
33,33,0
15,15,0
5,5,0
5,5,0
1,4,-3
39,45,-6
2,2,0
2,6,-4
0,0,0
12,12,0
8,8,0
1,0,1
1,19,-18
0,1,-1
1,0,1
1,5,-4
0,0,0
1,1,0
5,12,-7
9,19,-10
1,19,-18
7,3,4
2,7,-5
5,5,0
12,12,0
6,16,-10
16,3,13
2,2,0
5,0,5
2,0,2
5,0,5
4,2,2
0,0,0
0,9,-9
7,1,6
14,8,6
0,0,0
37,9,28
4,20,-16
16,5,11
1,1,0
0,1,-1
1,1,0
0,0,0
3,3,0
0,11,-11
7,30,-23
1,1,0
17,17,0
14,14,0
2,33,-31
11,0,11
1,1,0
15,0,15
16,16,0
12,2,10
22,0,22
14,32,-18
7,0,7
3,0,3
23,23,0
5,7,-2
12,4,8
0,3,-3
4,0,4
1,0,1
6,1,5
5,0,5
0,0,0
5,17,-12
0,0,0
5,32,-27
16,5,11
3,6,-3
15,15,0
17,7,10
0,0,0
0,8,-8
0,0,0
1,0,1
5,7,-2
2,21,-19
3,3,0
33,33,0
2,0,2
6,30,-24
0,13,-13
3,6,-3
18,16,2
6,5,1
0,1,-1
5,5,0
29,29,0
3,21,-18
1,19,-18
10,10,0
0,0,0
2,6,-4
2,0,2
3,3,0
3,1,2
2,2,0
0,1,-1
0,0,0
3,1,2
2,0,2
11,7,4
12,2,10
8,8,0
20,1,19
9,9,0
1,18,-17
7,0,7
12,12,0
4,5,-1
1,1,0
11,5,6
10,10,0
15,12,3
0,2,-2
12,12,0
6,1,5
8,13,-5
38,5,33
5,6,-1
15,5,10
2,0,2
0,0,0
3,0,3
4,4,0
9,4,5
1,0,1
1,2,-1
4,11,-7
4,1,3
3,12,-9
8,0,8
0,0,0
0,0,0
2,2,0
6,7,-1
3,16,-13
3,3,0
13,0,13
13,13,0
2,0,2
22,12,10
4,4,0
1,25,-24
3,0,3
15,3,12
4,2,2
13,13,0
1,0,1
11,11,0
13,2,11
2,10,-8
2,19,-17
0,0,0
3,0,3
4,1,3
2,6,-4
11,8,3
2,2,0
3,3,0
9,14,-5
3,7,-4
5,76,-71
12,9,3
8,2,6
39,1,38
0,5,-5
10,3,7
0,1,-1
29,8,21
10,41,-31
3,5,-2
4,0,4
34,15,19
0,18,-18
3,3,0
7,22,-15
6,6,0
3,2,1
0,0,0
0,0,0
0,0,0
8,8,0
0,9,-9
2,0,2
68,42,26
1,1,0
6,0,6
12,8,4
5,10,-5
0,5,-5
2,2,0
2,5,-3
1,0,1
20,20,0
0,3,-3
7,0,7
13,13,0
9,9,0
0,14,-14
7,8,-1
11,11,0
29,18,11
4,5,-1
6,6,0
0,0,0
4,4,0
43,8,35
4,0,4
17,9,8
1,1,0
0,7,-7
0,0,0
14,10,4
9,0,9
0,0,0
14,41,-27
12,15,-3
6,16,-10
5,7,-2
9,37,-28
0,0,0
2,0,2
0,0,0
2,7,-5
0,7,-7
4,0,4
13,6,7
9,5,4
1,1,0
0,2,-2
16,31,-15
7,7,0
6,4,2
0,0,0
4,5,-1
10,2,8
9,0,9
1,0,1
0,3,-3
0,0,0
0,0,0
2,1,1
20,20,0
18,23,-5
0,0,0
4,0,4
2,1,1
7,7,0
2,11,-9
0,0,0
10,8,2
1,5,-4
0,15,-15
9,5,4
4,1,3
2,4,-2
0,0,0
0,0,0
16,12,4
7,3,4
7,2,5
0,0,0
6,3,3
4,4,0
0,0,0
0,3,-3
0,2,-2
4,40,-36
1,0,1
1,1,0
15,15,0
8,8,0
1,0,1
4,9,-5
37,33,4
3,9,-6
3,3,0
3,3,0
17,31,-14
3,0,3
0,2,-2
6,6,0
20,20,0
1,0,1
10,1,9
1,3,-2
0,1,-1
9,30,-21
1,1,0
3,3,0
0,0,0
2,2,0
22,27,-5
19,42,-23
26,26,0
11,7,4
3,12,-9
3,11,-8
30,4,26
8,0,8
3,11,-8
0,1,-1
7,15,-8
2,11,-9
17,0,17
1,0,1
8,21,-13
0,0,0
6,6,0
17,5,12
20,24,-4
10,9,1
12,1,11
0,0,0
1,4,-3
0,1,-1
3,0,3
4,6,-2
3,3,0
8,11,-3
1,1,0
6,0,6
1,6,-5
48,0,48
2,40,-38
2,0,2
0,0,0
3,5,-2
6,6,0
3,13,-10
0,0,0
10,2,8
0,0,0
5,5,0
36,2,34
9,9,0
38,20,18
22,5,17
11,11,0
0,0,0
3,3,0
1,0,1
9,9,0
1,5,-4
9,10,-1
3,0,3
1,0,1
0,0,0
2,0,2
0,0,0
11,31,-20
5,6,-1
5,2,3
1,19,-18
27,33,-6
2,0,2
4,1,3
18,18,0
0,4,-4
1,7,-6
11,2,9
0,0,0
14,12,2
0,0,0
20,20,0
11,0,11
1,1,0
2,2,0
1,1,0
6,6,0
1,1,0
4,30,-26
4,0,4
3,1,2
5,0,5
0,3,-3
2,9,-7
1,1,0
13,13,0
0,3,-3
2,2,0
0,0,0
1,1,0
9,6,3
15,12,3
14,2,12
2,2,0
4,1,3
17,17,0
14,0,14
6,4,2
0,0,0
2,2,0
2,0,2
0,0,0
3,0,3
4,28,-24
0,0,0
0,0,0
10,10,0
3,3,0
10,20,-10
3,13,-10
11,2,9
2,0,2
0,4,-4
0,0,0
9,14,-5
13,13,0
3,8,-5
0,0,0
0,8,-8
2,2,0
6,6,0
2,2,0
3,1,2
9,11,-2
3,6,-3
0,5,-5
0,0,0
4,1,3
4,16,-12
11,4,7
0,0,0
19,35,-16
7,7,0
9,9,0
21,2,19
4,10,-6
5,7,-2
4,0,4
2,2,0
16,16,0
1,6,-5
44,16,28
16,16,0
2,2,0
31,15,16
34,34,0
0,16,-16
1,6,-5
3,16,-13
0,0,0
6,6,0
6,8,-2
1,5,-4
7,11,-4
1,1,0
0,0,0
19,1,18
3,1,2
2,2,0
0,8,-8
0,4,-4
5,5,0
12,12,0
0,4,-4
6,0,6
15,4,11
13,35,-22
2,2,0
17,1,16
15,21,-6
9,7,2
0,0,0
7,2,5
8,33,-25
0,0,0
1,0,1
13,1,12
0,0,0
3,3,0
12,12,0
8,8,0
16,7,9
25,36,-11
12,4,8
9,9,0
6,6,0
7,5,2
9,2,7
11,9,2
0,0,0
4,3,1
1,0,1
0,5,-5
1,10,-9
2,1,1
46,10,36
12,1,11
1,12,-11
2,2,0
2,19,-17
2,2,0
39,15,24
1,1,0
0,0,0
6,12,-6
36,13,23
0,9,-9
40,2,38
3,53,-50
0,0,0
0,0,0
1,0,1
40,40,0
1,1,0
3,3,0
3,3,0
0,0,0
5,0,5
0,2,-2
1,12,-11
17,4,13
26,26,0
18,2,16
2,0,2
27,4,23
0,0,0
12,13,-1
8,17,-9
5,5,0
8,1,7
10,3,7
8,0,8
0,6,-6
1,10,-9
3,5,-2
1,0,1
3,0,3
12,12,0
1,1,0
13,8,5
3,7,-4
0,0,0
1,0,1
5,5,0
1,0,1
7,15,-8
0,15,-15
2,7,-5
1,0,1
11,2,9
1,1,0
5,5,0
4,0,4
1,4,-3
0,0,0
3,4,-1
1,1,0
8,0,8
10,4,6
5,5,0
26,9,17
1,1,0
0,3,-3
1,0,1
20,9,11
0,0,0
9,4,5
9,2,7
1,1,0
1,2,-1
12,1,11
0,0,0
6,0,6
0,0,0
7,3,4
10,10,0
2,1,1
1,10,-9
4,4,0
10,10,0
9,7,2
7,4,3
5,5,0
1,1,0
6,2,4
10,2,8
2,2,0
1,0,1
6,9,-3
24,4,20
0,4,-4
1,0,1
7,10,-3
16,2,14
6,0,6
11,5,6
2,0,2
84,84,0
1,0,1
5,0,5
20,1,19
0,0,0
0,0,0
0,13,-13
8,1,7
4,0,4
4,4,0
0,0,0
0,4,-4
8,11,-3
10,2,8
32,32,0
15,15,0
3,0,3
3,11,-8
0,0,0
6,6,0
1,6,-5
29,29,0
2,0,2
0,34,-34
0,0,0
7,3,4
44,0,44
0,10,-10
15,15,0
2,1,1
2,0,2
1,9,-8
4,1,3
22,22,0
0,5,-5
31,31,0
3,2,1
5,2,3
14,19,-5
0,0,0
39,0,39
4,4,0
2,0,2
9,11,-2
1,6,-5
10,10,0
0,0,0
3,0,3
8,1,7
7,6,1
0,0,0
0,4,-4
23,23,0
18,1,17
7,7,0
2,2,0
0,0,0
3,10,-7
1,2,-1
5,7,-2
0,0,0
0,0,0
14,24,-10
31,20,11
0,2,-2
4,11,-7
1,1,0
1,2,-1
1,1,0
2,2,0
7,7,0
16,26,-10
0,6,-6
23,4,19
2,2,0
25,0,25
6,0,6
0,8,-8
0,0,0
37,76,-39
1,3,-2
6,1,5
6,6,0
0,0,0
1,9,-8
7,1,6
2,7,-5
0,0,0
4,8,-4
6,1,5
0,1,-1
0,0,0
0,4,-4
4,11,-7
1,0,1
5,8,-3
4,12,-8
11,1,10
0,0,0
1,0,1
1,14,-13
8,3,5
9,5,4
1,5,-4
1,1,0
1,1,0
11,10,1
21,7,14
2,0,2
1,0,1
2,10,-8
1,0,1
15,15,0
8,8,0
3,12,-9
6,15,-9
13,13,0
12,5,7
0,0,0
1,1,0
0,4,-4
0,0,0
0,0,0
2,2,0
6,1,5
0,6,-6
11,10,1
3,22,-19
5,13,-8
0,0,0
4,3,1
4,0,4
3,1,2
9,9,0
0,27,-27
5,0,5
0,1,-1
0,0,0
3,13,-10
4,4,0
5,10,-5
1,0,1
3,3,0
0,6,-6
2,4,-2
61,61,0
15,33,-18
1,0,1
7,21,-14
5,5,0
0,0,0
2,1,1
24,8,16
8,0,8
12,12,0
0,2,-2
3,0,3
11,4,7
1,1,0
0,1,-1
3,7,-4
7,9,-2
2,0,2
1,6,-5
0,1,-1
0,1,-1
0,0,0
3,11,-8
3,3,0
28,4,24
14,14,0
10,3,7
0,0,0
16,16,0
4,18,-14
4,0,4
21,1,20
6,6,0
6,6,0
6,14,-8
0,10,-10
3,15,-12
3,11,-8
0,11,-11
6,2,4
0,0,0
25,25,0
5,2,3
31,17,14
18,14,4
0,0,0
6,14,-8
11,0,11
1,0,1
1,7,-6
6,28,-22
0,15,-15
5,5,0
6,1,5
4,9,-5
5,3,2
7,28,-21
36,36,0
49,49,0
4,25,-21
13,13,0
7,4,3
3,1,2
2,7,-5
27,27,0
1,1,0
11,1,10
0,0,0
1,0,1
1,0,1
9,0,9
4,34,-30
2,0,2
0,0,0
18,18,0
4,13,-9
4,6,-2
5,0,5
0,9,-9
4,5,-1
0,17,-17
1,0,1
2,1,1
10,20,-10
4,16,-12
1,0,1
1,0,1
5,5,0
0,0,0
2,26,-24
28,3,25
1,1,0
2,2,0
8,9,-1
0,2,-2
15,5,10
5,19,-14
3,17,-14
1,17,-16
1,0,1
12,2,10
4,0,4
7,2,5
0,0,0
7,7,0
0,0,0
1,0,1
9,12,-3
2,8,-6
0,0,0
4,16,-12
3,1,2
1,14,-13
13,29,-16
18,3,15
0,0,0
10,20,-10
1,20,-19
1,7,-6
3,4,-1
0,0,0
11,11,0
0,5,-5
8,8,0
0,0,0
3,2,1
10,19,-9
8,8,0
14,14,0
3,1,2
2,1,1
2,2,0
1,43,-42
8,12,-4
1,1,0
0,9,-9
66,66,0
2,0,2
0,18,-18
10,0,10
6,4,2
1,0,1
1,0,1
10,5,5
3,7,-4
0,0,0
52,0,52
6,0,6
2,2,0
12,1,11
0,15,-15
6,1,5
3,3,0
13,13,0
1,1,0
1,1,0
16,16,0
2,34,-32
8,20,-12
11,0,11
1,1,0
3,0,3
32,13,19
7,1,6
0,16,-16
0,0,0
5,8,-3
18,18,0
1,1,0
7,15,-8
0,6,-6
5,0,5
4,9,-5
1,1,0
2,10,-8
10,3,7
3,3,0
16,2,14
4,4,0
1,9,-8
1,1,0
0,4,-4
2,0,2
0,0,0
2,2,0
1,18,-17
0,0,0
1,9,-8
0,27,-27
0,0,0
9,9,0
2,7,-5
3,2,1
2,2,0
3,3,0
1,0,1
3,15,-12
0,0,0
0,32,-32
1,5,-4
1,1,0
1,0,1
0,0,0
1,1,0
3,14,-11
9,9,0
24,7,17
2,0,2
4,0,4
28,1,27
15,2,13
1,1,0
2,3,-1
2,0,2
3,2,1
3,28,-25
2,5,-3
3,19,-16
0,25,-25
4,7,-3
16,17,-1
2,3,-1
3,3,0
7,7,0
0,1,-1
5,4,1
6,4,2
5,2,3
4,4,0
0,0,0
2,0,2
0,0,0
0,0,0
11,0,11
4,14,-10
2,3,-1
17,39,-22
25,9,16
2,2,0
47,32,15
0,3,-3
2,2,0
2,28,-26
5,0,5
36,36,0
12,12,0
0,2,-2
4,4,0
36,12,24
1,51,-50
8,51,-43
3,0,3
8,8,0
4,4,0
3,2,1
7,21,-14
5,8,-3
2,15,-13
16,13,3
8,6,2
6,6,0
1,0,1
3,3,0
14,0,14
3,0,3
6,3,3
17,16,1
14,13,1
1,2,-1
7,7,0
7,0,7
30,11,19
21,7,14
0,7,-7
2,2,0
24,2,22
9,9,0
0,1,-1
1,0,1
1,1,0
5,5,0
9,9,0
9,0,9
5,0,5
39,39,0
0,2,-2
0,0,0
11,11,0
0,5,-5
7,7,0
10,15,-5
5,0,5
0,7,-7
0,0,0
8,10,-2
2,1,1
0,2,-2
12,0,12
6,0,6
11,1,10
10,10,0
9,6,3
0,15,-15
9,9,0
9,9,0
0,0,0
2,0,2
1,0,1
7,0,7
1,0,1
10,15,-5
15,24,-9
4,1,3
76,76,0
13,4,9
7,11,-4
9,0,9
6,1,5
1,13,-12
0,0,0
9,9,0
0,0,0
0,0,0
0,8,-8
4,0,4
11,11,0
12,1,11
1,6,-5
3,3,0
2,0,2
0,2,-2
0,25,-25
1,25,-24
14,14,0
0,0,0
0,0,0
0,0,0
5,15,-10
7,5,2
0,4,-4
8,9,-1
25,0,25
4,19,-15
18,15,3
4,9,-5
0,0,0
0,22,-22
48,1,47
2,1,1
12,12,0
20,1,19
25,24,1
1,0,1
0,2,-2
8,14,-6
10,10,0
8,29,-21
1,0,1
4,0,4
5,0,5
4,2,2
14,0,14
3,0,3
1,4,-3
1,3,-2
2,9,-7
2,8,-6
9,13,-4
8,26,-18
18,18,0
0,5,-5
7,2,5
2,7,-5
3,1,2
8,0,8
5,5,0
1,0,1
1,27,-26
0,0,0
18,18,0
14,14,0
26,5,21
0,12,-12
4,0,4
8,8,0
0,0,0
0,0,0
4,15,-11
0,0,0
5,0,5
2,0,2
0,0,0
0,0,0
10,22,-12
4,1,3
20,8,12
7,12,-5
4,4,0
14,1,13
9,0,9
10,10,0
1,1,0
9,9,0
13,0,13
8,8,0
5,26,-21
4,6,-2
21,1,20
21,21,0
5,5,0
7,7,0
0,0,0
3,1,2
36,36,0
8,4,4
5,0,5
9,1,8
2,2,0
0,8,-8
10,2,8
0,0,0
3,0,3
3,18,-15
12,1,11
0,1,-1
15,15,0
5,7,-2
5,19,-14
109,109,0
0,0,0
0,0,0
5,2,3
6,4,2
0,8,-8
7,0,7
0,0,0
0,0,0
0,0,0
3,0,3
3,7,-4
0,0,0
0,0,0
6,11,-5
30,30,0
3,1,2
4,2,2
2,26,-24
24,24,0
9,3,6
11,12,-1
1,5,-4
3,24,-21
22,0,22
16,16,0
13,0,13
2,2,0
2,29,-27
5,8,-3
25,22,3
0,0,0
4,0,4
7,1,6
24,16,8
0,0,0
12,8,4
0,0,0
35,1,34
0,0,0
1,1,0
5,5,0
37,0,37
4,1,3
0,0,0
11,12,-1
10,13,-3
4,7,-3
5,6,-1
8,8,0
4,4,0
7,0,7
4,4,0
3,3,0
1,1,0
3,0,3
0,0,0
10,4,6
8,10,-2
2,0,2
1,1,0
0,3,-3
3,1,2
1,1,0
1,4,-3
2,12,-10
43,0,43
4,5,-1
8,6,2
4,1,3
34,10,24
3,3,0
1,0,1
0,0,0
4,7,-3
0,29,-29
1,1,0
3,1,2
0,0,0
3,6,-3
5,5,0
0,1,-1
5,2,3
5,11,-6
5,1,4
10,21,-11
40,40,0
1,14,-13
1,4,-3
5,13,-8
16,14,2
10,2,8
3,4,-1
3,16,-13
2,8,-6
3,3,0
5,18,-13
0,0,0
0,0,0
4,23,-19
16,16,0
2,0,2
3,3,0
4,5,-1
1,4,-3
10,8,2
12,35,-23
0,0,0
1,0,1
5,13,-8
20,20,0
16,16,0
0,0,0
9,1,8
0,2,-2
4,4,0
14,3,11
7,0,7
4,4,0
1,28,-27
1,1,0
0,0,0
8,23,-15
2,10,-8
6,2,4
21,21,0
5,6,-1
0,0,0
0,0,0
1,0,1
6,1,5
7,7,0
1,17,-16
5,5,0
9,5,4
2,0,2
12,2,10
1,0,1
0,14,-14
7,4,3
4,12,-8
12,4,8
6,6,0
3,3,0
7,7,0
9,11,-2
13,16,-3
6,6,0
4,4,0
10,1,9
3,17,-14
1,0,1
7,16,-9
1,10,-9
11,7,4
0,6,-6
1,0,1
15,15,0
5,5,0
11,1,10
11,1,10
2,0,2
18,11,7
1,0,1
5,8,-3
13,4,9
1,0,1
13,13,0
6,6,0
1,1,0
2,2,0
2,8,-6
1,1,0
13,13,0
9,9,0
13,1,12
5,5,0
19,8,11
1,72,-71
3,2,1
3,71,-68
8,8,0
8,8,0
21,21,0
11,9,2
0,0,0
15,1,14
3,3,0
3,3,0
0,4,-4
0,0,0
12,10,2
1,12,-11
1,12,-11
2,1,1
0,1,-1
2,2,0
0,0,0
0,1,-1
0,7,-7
0,0,0
20,20,0
7,7,0
4,1,3
1,1,0
0,0,0
4,0,4
2,2,0
6,7,-1
0,2,-2
8,1,7
3,3,0
1,55,-54
0,11,-11
9,2,7
6,26,-20
0,17,-17
0,2,-2
3,5,-2
0,18,-18
6,6,0
15,17,-2
2,15,-13
2,11,-9
17,20,-3
24,8,16
1,4,-3
0,1,-1
45,24,21
11,9,2
1,1,0
2,27,-25
9,0,9
24,8,16
2,2,0
0,0,0
0,0,0
5,8,-3
7,7,0
8,8,0
7,2,5
3,3,0
2,2,0
0,0,0
0,0,0
14,1,13
0,0,0
25,25,0
10,7,3
1,1,0
0,30,-30
1,7,-6
50,9,41
8,3,5
6,2,4
6,9,-3
0,0,0
6,24,-18
12,24,-12
2,2,0
7,0,7
17,17,0
0,14,-14
3,16,-13
9,16,-7
7,5,2
0,0,0
12,12,0
15,9,6
2,8,-6
10,12,-2
2,2,0
5,1,4
7,1,6
4,7,-3
13,0,13
5,7,-2
16,3,13
10,3,7
0,35,-35
18,4,14
13,11,2
6,6,0
0,0,0
0,0,0
7,14,-7
5,5,0
11,1,10
4,4,0
9,8,1
0,0,0
12,17,-5
4,5,-1
11,6,5
31,31,0
11,15,-4
6,12,-6
4,12,-8
1,0,1
1,33,-32
12,0,12
9,0,9
3,1,2
5,2,3
2,2,0
16,1,15
1,0,1
1,0,1
0,8,-8
2,2,0
0,0,0
0,0,0
3,1,2
13,0,13
0,0,0
1,0,1
11,7,4
6,6,0
6,6,0
6,2,4
8,6,2
4,12,-8
2,13,-11
0,0,0
20,20,0
3,0,3
3,4,-1
10,10,0
4,0,4
3,5,-2
11,3,8
0,0,0
0,1,-1
10,10,0
5,15,-10
27,0,27
0,0,0
9,9,0
0,0,0
22,22,0
34,23,11
10,10,0
4,2,2
4,0,4
4,10,-6
29,29,0
12,11,1
13,0,13
12,29,-17
4,4,0
1,0,1
3,0,3
36,32,4
30,30,0
5,26,-21
5,5,0
0,35,-35
4,4,0
7,0,7
5,0,5
0,0,0
7,4,3
5,5,0
15,9,6
1,1,0
0,3,-3
1,2,-1
43,43,0
1,16,-15
2,1,1
0,4,-4
16,0,16
1,1,0
2,22,-20
15,17,-2
5,5,0
3,20,-17
4,7,-3
12,6,6
1,0,1
4,4,0
14,13,1
0,0,0
12,6,6
24,0,24
0,0,0
22,3,19
6,6,0
26,26,0
12,0,12
2,0,2
0,0,0
13,13,0
5,1,4
0,0,0
10,10,0
0,0,0
6,0,6
6,3,3
9,11,-2
23,1,22
17,12,5
10,4,6
43,28,15
2,2,0
0,7,-7
0,0,0
24,5,19
6,6,0
10,10,0
3,3,0
4,0,4
5,4,1
8,8,0
0,1,-1
2,0,2
1,0,1
5,12,-7
3,3,0
3,3,0
2,7,-5
17,1,16
7,2,5
7,6,1
3,13,-10
0,0,0
99,99,0
6,6,0
9,1,8
5,3,2
0,0,0
34,15,19
18,5,13
3,2,1
15,15,0
46,46,0
15,21,-6
4,3,1
3,8,-5
0,0,0
15,15,0
4,2,2
0,15,-15
0,0,0
1,8,-7
18,4,14
10,10,0
0,0,0
17,17,0
4,0,4
31,31,0
9,0,9
9,9,0
0,6,-6
4,4,0
3,5,-2
4,2,2
11,20,-9
1,1,0
5,5,0
4,2,2
7,0,7
6,22,-16
20,5,15
3,7,-4
0,5,-5
0,0,0
12,12,0
40,22,18
7,10,-3
17,0,17
0,6,-6
6,6,0
1,0,1
5,1,4
14,21,-7
3,9,-6
3,15,-12
2,2,0
3,4,-1
15,15,0
9,9,0
0,9,-9
0,5,-5
11,11,0
0,3,-3
4,1,3
1,0,1
2,1,1
29,29,0
8,8,0
3,7,-4
13,3,10
23,2,21
1,1,0
17,17,0
2,2,0
4,4,0
3,8,-5
11,5,6
22,26,-4
2,1,1
4,1,3
6,12,-6
3,13,-10
6,0,6
4,4,0
0,3,-3
9,0,9
0,0,0
5,12,-7
0,0,0
35,14,21
0,0,0
12,6,6
10,32,-22
0,13,-13
3,19,-16
5,12,-7
0,0,0
5,1,4
0,0,0
5,0,5
2,0,2
3,3,0
1,2,-1
20,20,0
25,10,15
5,7,-2
2,17,-15
1,24,-23
2,12,-10
11,11,0
0,0,0
11,11,0
16,2,14
5,14,-9
10,6,4
14,5,9
3,0,3
10,0,10
22,22,0
1,0,1
12,12,0
0,0,0
5,5,0
2,2,0
0,0,0
2,3,-1
0,4,-4
8,3,5
0,0,0
2,9,-7
4,4,0
15,27,-12
1,0,1
46,24,22
2,0,2
0,0,0
10,10,0
4,4,0
0,0,0
13,13,0
0,5,-5
4,4,0
4,5,-1
5,5,0
8,8,0
1,39,-38
4,5,-1
3,1,2
2,0,2
1,5,-4
3,7,-4
2,1,1
23,5,18
6,6,0
4,7,-3
7,0,7
5,12,-7
1,5,-4
3,3,0
16,14,2
17,17,0
0,0,0
1,3,-2
0,0,0
10,10,0
2,28,-26
5,6,-1
38,3,35
0,0,0
1,12,-11
9,9,0
0,0,0
5,15,-10
6,0,6
3,8,-5
0,0,0
4,5,-1
6,1,5
4,9,-5
0,0,0
4,0,4
5,1,4
1,14,-13
0,0,0
7,24,-17
1,0,1
4,13,-9
5,25,-20
3,0,3
10,7,3
3,16,-13
1,1,0
1,7,-6
3,6,-3
13,7,6
1,3,-2
6,7,-1
5,2,3
2,0,2
5,0,5
9,9,0
9,9,0
1,3,-2
0,0,0
1,1,0
0,0,0
1,1,0
0,1,-1
13,3,10
10,10,0
34,34,0
23,0,23
9,1,8
6,25,-19
0,0,0
15,15,0
2,6,-4
13,1,12
1,0,1
10,5,5
30,17,13
53,4,49
19,12,7
5,8,-3
5,22,-17
2,13,-11
8,2,6
28,28,0
5,1,4
70,7,63
6,36,-30
5,3,2
5,6,-1
15,14,1
2,2,0
0,0,0
3,8,-5
2,0,2
0,0,0
10,1,9
0,8,-8
3,13,-10
0,0,0
0,0,0
18,0,18
3,0,3
14,3,11
8,8,0
0,0,0
2,2,0
4,3,1
11,6,5
3,3,0
5,5,0
7,0,7
14,14,0
0,0,0
0,0,0
0,17,-17
13,13,0
2,5,-3
7,4,3
5,53,-48
1,1,0
8,8,0
13,13,0
4,11,-7
0,0,0
6,6,0
16,16,0
1,0,1
0,0,0
6,7,-1
14,9,5
5,5,0
24,6,18
4,4,0
10,16,-6
0,40,-40
34,34,0
0,0,0
38,23,15
4,4,0
25,25,0
1,0,1
4,1,3
0,0,0
4,0,4
1,1,0
2,15,-13
12,12,0
3,1,2
2,0,2
0,0,0
4,4,0
20,13,7
3,3,0
1,7,-6
2,10,-8
0,7,-7
1,0,1
2,2,0
1,4,-3
2,6,-4
0,0,0
4,10,-6
0,0,0
12,1,11
4,4,0
0,0,0
8,19,-11
6,22,-16
0,0,0
2,0,2
3,13,-10
16,1,15
2,0,2
2,4,-2
2,8,-6
0,0,0
1,0,1
18,8,10
2,0,2
0,0,0
7,5,2
1,6,-5
3,3,0
3,0,3
0,0,0
3,20,-17
1,1,0
10,3,7
12,2,10
75,4,71
15,3,12
2,1,1
6,0,6
6,0,6
4,16,-12
34,8,26
15,15,0
3,0,3
1,1,0
2,2,0
15,15,0
13,10,3
18,32,-14
13,21,-8
3,10,-7
20,7,13
2,2,0
0,7,-7
12,12,0
9,10,-1
9,9,0
31,0,31
1,1,0
0,0,0
3,4,-1
2,5,-3
0,1,-1
5,1,4
9,2,7
24,17,7
0,1,-1
1,0,1
3,3,0
21,21,0
12,12,0
11,1,10
11,11,0
0,60,-60
19,19,0
7,4,3
5,6,-1
0,2,-2
35,26,9
10,1,9
8,8,0
3,0,3
0,0,0
4,4,0
11,1,10
2,15,-13
22,4,18
0,0,0
0,0,0
5,1,4
2,3,-1
5,2,3
0,0,0
7,3,4
2,0,2
28,16,12
0,2,-2
2,0,2
0,14,-14
4,3,1
3,3,0
18,11,7
4,11,-7
0,8,-8
23,1,22
16,20,-4
9,19,-10
6,14,-8
3,2,1
10,10,0
6,5,1
8,0,8
0,0,0
4,1,3
3,0,3
11,0,11
6,20,-14
11,4,7
2,0,2
3,3,0
5,2,3
5,17,-12
7,7,0
0,0,0
4,0,4
0,0,0
0,0,0
24,0,24
0,4,-4
2,0,2
7,18,-11
7,8,-1
0,0,0
6,32,-26
3,3,0
1,19,-18
6,20,-14
11,9,2
10,1,9
1,1,0
10,15,-5
9,4,5
0,0,0
9,9,0
0,0,0
4,4,0
0,1,-1
1,0,1
0,2,-2
8,8,0
8,8,0
8,1,7
10,24,-14
1,63,-62
1,1,0
5,29,-24
0,2,-2
0,0,0
4,4,0
23,18,5
2,2,0
2,0,2
71,71,0
0,4,-4
0,0,0
1,0,1
2,26,-24
0,0,0
0,0,0
0,0,0
1,1,0
2,2,0
16,2,14
3,71,-68
7,9,-2
14,14,0
10,2,8
5,13,-8
9,5,4
2,4,-2
2,2,0
0,0,0
23,6,17
7,7,0
0,5,-5
1,0,1
7,2,5
0,2,-2
0,0,0
2,0,2
3,3,0
9,4,5
7,0,7
0,1,-1
9,3,6
3,3,0
0,1,-1
5,5,0
21,28,-7
0,0,0
0,0,0
3,0,3
3,9,-6
5,5,0
25,14,11
0,11,-11
0,0,0
6,6,0
14,2,12
5,4,1
27,33,-6
15,15,0
2,0,2
3,6,-3
24,16,8
0,8,-8
29,8,21
3,8,-5
0,0,0
5,44,-39
17,17,0
10,10,0
0,0,0
2,4,-2
2,13,-11
6,6,0
0,0,0
5,0,5
1,1,0
0,0,0
27,2,25
3,1,2
1,0,1
3,3,0
4,4,0
3,3,0
5,5,0
3,0,3
13,36,-23
11,24,-13
19,19,0
0,4,-4
11,0,11
1,0,1
7,5,2
18,13,5
10,2,8
0,0,0
17,14,3
5,5,0
1,0,1
1,1,0
0,0,0
20,20,0
18,4,14
7,21,-14
2,0,2
8,8,0
2,3,-1
5,5,0
8,8,0
13,3,10
14,3,11
24,5,19
5,2,3
5,5,0
11,0,11
2,2,0
9,4,5
6,3,3
0,1,-1
3,3,0
0,0,0
11,18,-7
2,11,-9
11,4,7
13,13,0
1,13,-12
8,19,-11
7,13,-6
6,6,0
16,0,16
23,12,11
0,0,0
1,54,-53
4,3,1
12,0,12
5,0,5
2,2,0
0,1,-1
5,7,-2
30,15,15
0,0,0
5,2,3
42,42,0
6,0,6
0,0,0
19,19,0
8,8,0
1,1,0
6,5,1
6,3,3
3,3,0
10,10,0
0,0,0
10,10,0
1,0,1
4,2,2
8,25,-17
0,1,-1
0,9,-9
5,23,-18
2,0,2
13,27,-14
0,5,-5
24,24,0
11,5,6
2,2,0
8,2,6
7,7,0
33,33,0
9,9,0
6,2,4
2,7,-5
0,7,-7
1,1,0
0,0,0
1,1,0
0,0,0
3,5,-2
1,6,-5
4,0,4
1,0,1
1,0,1
19,2,17
8,1,7
0,0,0
0,0,0
9,12,-3
7,0,7
2,1,1
5,0,5
0,4,-4
1,3,-2
23,1,22
4,4,0
11,13,-2
1,0,1
5,0,5
6,26,-20
3,2,1
2,1,1
17,16,1
4,1,3
4,4,0
19,3,16
5,5,0
18,10,8
23,15,8
7,22,-15
0,0,0
4,4,0
31,1,30
7,7,0
2,12,-10
23,23,0
20,20,0
5,2,3
5,0,5
10,6,4
3,0,3
8,8,0
0,2,-2
7,11,-4
10,8,2
0,4,-4
4,14,-10
7,2,5
27,18,9
21,21,0
0,0,0
9,11,-2
5,36,-31
7,7,0
0,0,0
9,9,0
4,8,-4
1,1,0
0,0,0
2,0,2
0,3,-3
1,14,-13
23,23,0
0,6,-6
8,8,0
20,20,0
3,3,0
0,0,0
10,17,-7
4,8,-4
1,17,-16
1,0,1
0,1,-1
13,6,7
9,9,0
2,0,2
0,0,0
0,0,0
0,0,0
3,11,-8
3,7,-4
3,0,3
31,31,0
0,1,-1
15,2,13
0,1,-1
12,1,11
1,2,-1
0,1,-1
0,0,0
0,0,0
0,6,-6
0,5,-5
0,0,0
1,7,-6
5,5,0
7,7,0
7,9,-2
4,4,0
0,1,-1
0,6,-6
1,1,0
12,11,1
0,41,-41
1,13,-12
1,1,0
10,5,5
18,11,7
5,11,-6
2,2,0
0,0,0
5,5,0
1,16,-15
11,5,6
1,6,-5
11,2,9
6,6,0
5,0,5
5,0,5
3,0,3
0,0,0
0,7,-7
4,1,3
20,9,11
23,23,0
7,7,0
1,1,0
6,1,5
2,0,2
0,0,0
4,0,4
4,4,0
8,0,8
8,0,8
0,4,-4
1,9,-8
14,6,8
5,5,0
1,1,0
6,6,0
0,0,0
7,0,7
12,11,1
1,0,1
5,7,-2
7,2,5
0,0,0
0,1,-1
0,1,-1
2,2,0
5,2,3
15,7,8
9,7,2
1,3,-2
16,28,-12
2,2,0
4,4,0
5,5,0
0,1,-1
0,0,0
4,2,2
10,12,-2
9,4,5
10,14,-4
2,2,0
40,28,12
2,2,0
3,2,1
15,40,-25
4,4,0
1,32,-31
30,30,0
2,2,0
7,7,0
0,2,-2
15,15,0
7,0,7
1,1,0
1,0,1
3,3,0
0,15,-15
1,8,-7
34,34,0
13,13,0
11,11,0
3,0,3
1,57,-56
2,0,2
5,9,-4
1,4,-3
4,0,4
2,1,1
4,3,1
13,4,9
21,0,21
6,6,0
1,1,0
1,1,0
0,1,-1
3,8,-5
0,0,0
10,10,0
5,5,0
13,1,12
0,4,-4
7,7,0
4,4,0
3,1,2
4,10,-6
16,1,15
2,0,2
2,0,2
1,6,-5
12,61,-49
3,3,0
0,5,-5
30,7,23
33,5,28
0,0,0
20,20,0
4,5,-1
1,0,1
8,8,0
15,15,0
19,16,3
9,7,2
7,0,7
3,0,3
3,6,-3
11,5,6
0,0,0
1,1,0
0,0,0
1,1,0
0,7,-7
6,68,-62
4,0,4
1,4,-3
9,5,4
1,1,0
0,0,0
2,15,-13
32,5,27
11,8,3
0,0,0
2,2,0
5,4,1
0,9,-9
2,2,0
13,6,7
9,13,-4
0,32,-32
11,1,10
24,16,8
13,21,-8
0,10,-10
9,9,0
0,8,-8
1,1,0
18,0,18
2,2,0
14,2,12
2,0,2
1,10,-9
2,30,-28
5,6,-1
0,0,0
24,24,0
5,5,0
8,2,6
7,7,0
5,10,-5
3,1,2
4,4,0
27,2,25
0,0,0
9,0,9
0,0,0
1,0,1
1,2,-1
7,7,0
7,6,1
4,4,0
24,24,0
6,7,-1
0,27,-27
1,0,1
10,10,0
2,0,2
0,3,-3
1,0,1
16,2,14
22,0,22
2,0,2
15,15,0
17,17,0
17,14,3
7,7,0
0,12,-12
16,2,14
1,0,1
14,16,-2
2,2,0
6,4,2
1,22,-21
37,37,0
1,21,-20
5,2,3
0,0,0
5,13,-8
0,0,0
6,6,0
18,18,0
1,0,1
22,0,22
1,10,-9
7,19,-12
0,0,0
34,25,9
8,0,8
2,0,2
2,0,2
8,28,-20
1,0,1
1,60,-59
3,1,2
27,7,20
1,1,0
1,2,-1
4,11,-7
17,17,0
0,1,-1
8,17,-9
3,0,3
0,2,-2
1,1,0
7,7,0
16,3,13
6,6,0
0,0,0
35,47,-12
1,2,-1
4,1,3
17,17,0
0,0,0
1,0,1
0,0,0
4,3,1
6,1,5
7,0,7
3,6,-3
5,5,0
2,17,-15
9,9,0
4,1,3
3,2,1
4,4,0
7,7,0
0,6,-6
25,4,21
0,2,-2
0,11,-11
17,7,10
15,20,-5
7,7,0
19,19,0
1,0,1
63,10,53
1,0,1
3,3,0
5,2,3
0,3,-3
12,9,3
1,7,-6
8,0,8
0,0,0
12,0,12
5,2,3
3,3,0
4,2,2
1,10,-9
5,2,3
4,26,-22
14,14,0
3,4,-1
44,10,34
6,11,-5
0,1,-1
8,8,0
0,8,-8
0,0,0
2,2,0
3,5,-2
2,6,-4
4,4,0
4,4,0
5,5,0
2,2,0
30,30,0
20,3,17
8,0,8
4,6,-2
22,16,6
0,0,0
0,7,-7
6,29,-23
2,2,0
3,2,1
0,0,0
8,5,3
3,3,0
9,9,0
0,0,0
0,12,-12
3,3,0
2,10,-8
7,12,-5
0,0,0
2,2,0
0,0,0
11,13,-2
3,0,3
0,7,-7
3,3,0
3,0,3
20,22,-2
1,1,0
6,0,6
0,2,-2
1,2,-1
0,0,0
4,0,4
0,1,-1
5,3,2
15,0,15
2,0,2
3,10,-7
5,0,5
9,28,-19
1,1,0
4,10,-6
8,1,7
4,0,4
0,26,-26
100,100,0
10,5,5
1,4,-3
7,5,2
4,7,-3
15,12,3
5,2,3
2,2,0
3,0,3
0,0,0
8,2,6
2,0,2
11,2,9
5,5,0
9,9,0
0,0,0
4,2,2
0,0,0
9,4,5
13,13,0
3,5,-2
28,28,0
43,6,37
6,6,0
4,3,1
2,2,0
6,6,0
10,3,7
1,0,1
2,6,-4
16,15,1
20,20,0
0,10,-10
6,0,6
3,0,3
2,3,-1
1,0,1
10,11,-1
3,0,3
4,6,-2
23,23,0
6,9,-3
2,24,-22
17,4,13
6,29,-23
3,0,3
2,14,-12
0,0,0
7,3,4
2,25,-23
4,4,0
4,0,4
3,2,1
9,9,0
0,0,0
22,22,0
3,3,0
9,10,-1
4,15,-11
14,9,5
10,8,2
0,3,-3
8,2,6
0,4,-4
3,7,-4
12,12,0
19,19,0
10,7,3
5,5,0
0,14,-14
1,36,-35
2,0,2
1,1,0
1,0,1
2,28,-26
1,1,0
1,2,-1
12,2,10
12,0,12
2,6,-4
3,3,0
7,6,1
7,1,6
27,27,0
5,14,-9
11,5,6
2,1,1
5,5,0
9,9,0
0,0,0
1,2,-1
13,3,10
4,0,4
0,14,-14
5,1,4
1,0,1
13,12,1
13,5,8
18,2,16
2,2,0
1,3,-2
9,0,9
3,3,0
1,21,-20
34,8,26
35,39,-4
7,2,5
6,2,4
33,33,0
2,1,1
1,2,-1
7,17,-10
0,0,0
1,3,-2
1,1,0
1,1,0
3,3,0
0,8,-8
3,5,-2
4,31,-27
4,0,4
25,3,22
13,13,0
3,3,0
1,0,1
2,22,-20
0,12,-12
3,3,0
11,8,3
5,10,-5
8,20,-12
0,0,0
29,29,0
20,20,0
5,0,5
2,1,1
1,1,0
5,5,0
6,23,-17
2,8,-6
1,0,1
3,3,0
9,0,9
48,9,39
7,1,6
4,0,4
3,12,-9
7,0,7
0,36,-36
26,0,26
2,5,-3
2,6,-4
0,0,0
0,0,0
6,1,5
3,3,0
6,6,0
0,0,0
2,2,0
16,16,0
2,7,-5
2,3,-1
11,1,10
18,18,0
2,27,-25
4,3,1
13,11,2
1,2,-1
1,27,-26
64,14,50
1,0,1
12,12,0
2,0,2
1,5,-4
31,1,30
1,3,-2
7,26,-19
26,1,25
8,1,7
0,0,0
4,1,3
5,0,5
0,13,-13
0,10,-10
4,3,1
1,3,-2
4,4,0
8,8,0
0,0,0
1,10,-9
7,0,7
9,11,-2
3,3,0
14,14,0
0,1,-1
9,2,7
11,9,2
3,8,-5
3,5,-2
5,5,0
1,1,0
0,0,0
0,0,0
13,16,-3
13,9,4
2,11,-9
1,2,-1
2,4,-2
0,0,0
0,12,-12
6,5,1
1,1,0
18,18,0
8,0,8
11,11,0
2,0,2
2,2,0
0,4,-4
1,1,0
42,5,37
0,0,0
10,33,-23
5,5,0
1,1,0
3,3,0
6,13,-7
1,8,-7
0,0,0
5,2,3
11,4,7
1,3,-2
2,2,0
2,2,0
5,4,1
2,4,-2
4,4,0
37,1,36
2,26,-24
0,11,-11
5,4,1
5,0,5
0,1,-1
11,6,5
35,35,0
0,1,-1
6,2,4
6,18,-12
19,5,14
0,1,-1
1,7,-6
0,0,0
2,9,-7
55,50,5
0,0,0
14,14,0
2,2,0
0,7,-7
3,3,0
6,0,6
9,1,8
1,1,0
5,5,0
5,15,-10
16,13,3
8,7,1
1,1,0
4,0,4
1,1,0
5,10,-5
1,0,1
2,0,2
1,0,1
2,2,0
12,0,12
18,11,7
0,10,-10
1,0,1
2,1,1
2,4,-2
0,2,-2
1,3,-2
5,5,0
0,0,0
1,31,-30
1,1,0
1,0,1
12,12,0
14,13,1
5,9,-4
3,14,-11
3,3,0
25,23,2
3,7,-4
5,5,0
1,0,1
1,1,0
13,5,8
4,4,0
4,1,3
1,5,-4
5,6,-1
17,1,16
16,1,15
12,24,-12
10,4,6
0,0,0
0,1,-1
25,22,3
2,2,0
8,15,-7
11,11,0
1,2,-1
1,13,-12
2,2,0
5,2,3
2,10,-8
12,7,5
6,6,0
1,0,1
7,7,0
10,0,10
14,14,0
1,0,1
3,6,-3
0,7,-7
0,0,0
4,5,-1
20,20,0
1,1,0
0,0,0
2,0,2
34,4,30
14,26,-12
0,0,0
15,29,-14
8,0,8
15,6,9
18,4,14
1,0,1
1,1,0
9,7,2
5,5,0
0,0,0
0,0,0
3,1,2
1,1,0
0,2,-2
0,8,-8
1,1,0
15,1,14
0,0,0
11,7,4
4,4,0
1,15,-14
10,0,10
6,8,-2
14,4,10
0,0,0
1,0,1
2,0,2
23,0,23
17,0,17
0,0,0
9,15,-6
12,11,1
17,8,9
1,5,-4
2,2,0
8,8,0
2,0,2
4,10,-6
1,2,-1
2,0,2
36,0,36
42,42,0
0,0,0
15,2,13
1,0,1
2,0,2
0,0,0
7,7,0
16,16,0
0,2,-2
22,5,17
20,32,-12
1,0,1
0,1,-1
1,0,1
25,5,20
10,10,0
2,3,-1
0,0,0
0,0,0
1,1,0
3,3,0
6,6,0
0,0,0
5,24,-19
0,33,-33
0,0,0
33,4,29
15,6,9
0,3,-3
2,0,2
0,0,0
8,6,2
5,5,0
23,2,21
0,0,0
1,5,-4
0,1,-1
11,0,11
3,12,-9
0,0,0
33,15,18
1,8,-7
1,3,-2
5,3,2
3,0,3
2,15,-13
7,0,7
0,1,-1
7,4,3
1,1,0
1,0,1
1,4,-3
1,0,1
6,0,6
36,14,22
0,24,-24
0,0,0
0,13,-13
1,2,-1
4,24,-20
0,11,-11
28,0,28
0,51,-51
1,6,-5
15,9,6
7,0,7
23,23,0
3,7,-4
4,0,4
1,0,1
10,1,9
8,15,-7
4,2,2
2,2,0
1,1,0
12,0,12
40,13,27
2,42,-40
0,0,0
11,9,2
0,0,0
12,1,11
16,9,7
2,1,1
17,1,16
2,26,-24
0,36,-36
14,6,8
0,1,-1
1,1,0
2,2,0
38,18,20
4,6,-2
0,0,0
8,9,-1
3,1,2
1,6,-5
3,1,2
0,2,-2
54,25,29
13,7,6
19,8,11
4,4,0
5,26,-21
6,6,0
10,10,0
5,4,1
6,8,-2
0,0,0
9,2,7
3,3,0
0,12,-12
3,2,1
3,0,3
0,1,-1
14,7,7
0,0,0
10,10,0
0,13,-13
5,6,-1
9,0,9
5,5,0
8,18,-10
7,5,2
1,2,-1
3,0,3
3,2,1
20,17,3
0,9,-9
1,37,-36
7,7,0
16,18,-2
1,0,1
1,0,1
2,0,2
1,0,1
11,36,-25
7,1,6
5,5,0
4,15,-11
2,3,-1
0,2,-2
0,0,0
6,6,0
9,0,9
0,0,0
2,9,-7
0,3,-3
8,0,8
0,3,-3
11,2,9
0,0,0
6,6,0
14,7,7
0,0,0
20,20,0
5,0,5
29,9,20
1,1,0
0,0,0
0,0,0
2,2,0
7,7,0
6,38,-32
7,6,1
0,2,-2
23,23,0
23,23,0
3,5,-2
0,3,-3
3,2,1
3,1,2
2,23,-21
26,4,22
2,2,0
0,3,-3
7,0,7
6,8,-2
0,0,0
3,0,3
33,33,0
27,17,10
3,7,-4
6,3,3
24,68,-44
8,15,-7
2,0,2
9,2,7
0,0,0
40,12,28
8,1,7
1,19,-18
19,19,0
5,5,0
38,4,34
2,3,-1
8,8,0
0,12,-12
2,3,-1
1,3,-2
7,7,0
0,0,0
0,0,0
6,7,-1
8,0,8
4,1,3
1,11,-10
3,12,-9
12,12,0
6,6,0
3,3,0
0,0,0
7,7,0
0,19,-19
25,25,0
31,11,20
9,2,7
12,12,0
0,0,0
1,0,1
1,4,-3
6,6,0
15,15,0
0,20,-20
0,0,0
1,7,-6
12,12,0
4,2,2
26,15,11
17,17,0
9,9,0
1,0,1
6,9,-3
10,10,0
0,0,0
2,7,-5
5,2,3
3,0,3
8,0,8
3,0,3
5,0,5
1,0,1
16,16,0
2,3,-1
0,0,0
16,4,12
24,8,16
0,0,0
16,3,13
16,1,15
1,0,1
3,18,-15
8,0,8
7,1,6
0,0,0
20,10,10
0,29,-29
0,0,0
0,0,0
1,3,-2
0,2,-2
1,1,0
4,3,1
12,12,0
3,3,0
1,1,0
5,5,0
4,4,0
4,1,3
17,35,-18
7,23,-16
1,0,1
2,0,2
4,2,2
9,0,9
20,0,20
4,11,-7
8,8,0
19,11,8
3,3,0
31,17,14
0,8,-8
1,1,0
0,0,0
15,11,4
11,11,0
0,3,-3
1,0,1
10,1,9
17,14,3
5,8,-3
3,3,0
2,0,2
6,3,3
3,0,3
13,15,-2
3,1,2
10,20,-10
2,1,1
1,5,-4
0,0,0
1,11,-10
3,3,0
0,0,0
0,28,-28
6,6,0
2,2,0
2,1,1
6,6,0
1,0,1
20,20,0
0,0,0
3,12,-9
0,0,0
2,32,-30
1,3,-2
1,15,-14
2,1,1
2,0,2
10,9,1
6,6,0
4,2,2
5,5,0
0,0,0
4,6,-2
0,0,0
1,0,1
8,6,2
0,0,0
13,3,10
5,0,5
0,0,0
1,21,-20
1,0,1
5,14,-9
8,15,-7
4,7,-3
6,4,2
22,22,0
1,1,0
0,0,0
0,2,-2
0,0,0
8,7,1
1,27,-26
0,9,-9
1,0,1
7,0,7
26,6,20
5,8,-3
4,0,4
6,32,-26
15,12,3
3,3,0
18,8,10
5,8,-3
1,4,-3
3,19,-16
0,0,0
26,13,13
0,2,-2
0,17,-17
2,2,0
4,5,-1
0,7,-7
25,4,21
0,2,-2
3,19,-16
0,0,0
0,0,0
2,2,0
3,5,-2
16,7,9
5,0,5
3,0,3
1,8,-7
2,2,0
14,10,4
19,19,0
5,8,-3
10,2,8
0,4,-4
3,3,0
0,0,0
4,2,2
2,2,0
3,21,-18
11,14,-3
25,2,23
53,53,0
0,0,0
53,1,52
15,19,-4
12,12,0
8,8,0
2,2,0
1,3,-2
5,1,4
2,2,0
6,0,6
10,10,0
0,12,-12
0,0,0
84,84,0
2,12,-10
8,1,7
1,1,0
0,0,0
5,0,5
1,3,-2
0,2,-2
11,3,8
9,4,5
3,8,-5
1,1,0
2,8,-6
0,0,0
14,14,0
14,12,2
1,4,-3
4,8,-4
7,7,0
0,1,-1
5,5,0
1,3,-2
2,0,2
17,3,14
14,7,7
2,0,2
1,1,0
0,0,0
0,4,-4
12,21,-9
2,0,2
53,53,0
9,9,0
6,4,2
0,0,0
11,0,11
0,12,-12
6,3,3
27,27,0
4,0,4
14,14,0
42,18,24
3,13,-10
20,13,7
3,2,1
0,0,0
12,5,7
5,1,4
4,4,0
6,6,0
1,0,1
8,34,-26
3,3,0
1,13,-12
1,3,-2
3,4,-1
0,0,0
7,5,2
5,9,-4
0,0,0
10,5,5
6,0,6
0,1,-1
6,5,1
6,25,-19
3,3,0
2,10,-8
4,7,-3
4,0,4
8,8,0
10,10,0
2,0,2
19,19,0
5,21,-16
40,14,26
2,0,2
4,4,0
39,39,0
19,19,0
3,2,1
0,3,-3
1,30,-29
1,15,-14
1,17,-16
10,6,4
4,5,-1
15,15,0
3,7,-4
15,7,8
1,0,1
0,0,0
0,7,-7
6,6,0
0,0,0
0,0,0
10,3,7
5,5,0
1,19,-18
2,4,-2
4,4,0
1,0,1
0,0,0
4,1,3
11,1,10
1,1,0
2,6,-4
0,2,-2
2,20,-18
2,1,1
18,3,15
4,4,0
0,0,0
1,0,1
1,1,0
3,0,3
0,0,0
0,0,0
12,7,5
3,5,-2
13,8,5
31,5,26
0,3,-3
2,2,0
0,0,0
4,4,0
9,9,0
4,4,0
8,0,8
7,8,-1
3,3,0
2,1,1
9,3,6
2,0,2
7,5,2
14,14,0
25,2,23
1,22,-21
0,0,0
1,0,1
1,13,-12
3,19,-16
0,4,-4
7,10,-3
1,1,0
0,2,-2
2,2,0
5,7,-2
0,0,0
13,33,-20
5,1,4
1,1,0
3,7,-4
3,26,-23
7,27,-20
4,7,-3
0,1,-1
7,3,4
0,3,-3
6,5,1
4,4,0
1,1,0
10,10,0
0,2,-2
0,0,0
1,5,-4
4,14,-10
6,5,1
4,12,-8
4,32,-28
2,3,-1
2,2,0
5,31,-26
1,0,1
3,4,-1
8,8,0
0,1,-1
4,4,0
18,11,7
5,5,0
3,3,0
17,0,17
13,24,-11
7,1,6
3,5,-2
3,0,3
0,0,0
14,14,0
0,0,0
0,17,-17
6,6,0
0,0,0
17,17,0
4,4,0
12,12,0
12,12,0
0,11,-11
1,0,1
16,0,16
11,0,11
16,0,16
0,0,0
2,2,0
0,1,-1
10,27,-17
26,16,10
0,0,0
6,1,5
1,2,-1
0,0,0
0,0,0
0,0,0
3,7,-4
2,1,1
3,2,1
10,0,10
4,4,0
8,8,0
16,3,13
4,6,-2
10,8,2
3,0,3
0,0,0
6,1,5
5,3,2
4,9,-5
7,3,4
2,21,-19
8,6,2
1,28,-27
6,14,-8
1,2,-1
1,0,1
0,9,-9
0,1,-1
2,4,-2
1,0,1
1,1,0
1,0,1
9,0,9
13,13,0
1,0,1
6,0,6
0,0,0
8,8,0
14,3,11
2,2,0
1,0,1
3,0,3
1,4,-3
8,16,-8
1,0,1
8,5,3
4,4,0
38,7,31
18,0,18
12,12,0
7,8,-1
25,25,0
16,37,-21
3,36,-33
3,17,-14
0,1,-1
7,6,1
0,1,-1
1,1,0
1,0,1
6,1,5
7,0,7
0,2,-2
16,16,0
1,3,-2
15,14,1
0,0,0
15,0,15
2,2,0
14,26,-12
2,2,0
22,20,2
9,9,0
2,1,1
1,4,-3
1,0,1
2,0,2
1,0,1
1,0,1
2,2,0
3,9,-6
1,0,1
3,0,3
0,9,-9
4,1,3
1,0,1
5,6,-1
3,3,0
16,16,0
0,2,-2
1,0,1
10,1,9
4,4,0
2,2,0
1,0,1
18,5,13
0,3,-3
4,0,4
2,1,1
17,17,0
2,5,-3
0,0,0
0,0,0
1,3,-2
4,1,3
12,16,-4
11,0,11
3,1,2
0,0,0
1,1,0
6,28,-22
0,0,0
7,7,0
0,0,0
6,6,0
2,0,2
0,11,-11
0,9,-9
5,0,5
0,0,0
2,2,0
8,8,0
9,9,0
8,8,0
6,1,5
6,18,-12
1,0,1
50,50,0
0,0,0
1,1,0
1,1,0
1,21,-20
5,5,0
10,6,4
2,5,-3
0,0,0
1,2,-1
14,17,-3
7,31,-24
3,3,0
1,1,0
15,1,14
11,11,0
2,2,0
0,0,0
87,0,87
1,1,0
0,0,0
3,8,-5
2,1,1
25,11,14
4,5,-1
27,2,25
1,0,1
16,7,9
8,5,3
0,0,0
6,6,0
3,4,-1
12,26,-14
9,4,5
24,2,22
5,5,0
0,3,-3
2,0,2
2,2,0
12,9,3
4,11,-7
7,3,4
1,7,-6
0,0,0
13,13,0
6,6,0
5,5,0
7,0,7
0,0,0
7,10,-3
0,25,-25
0,0,0
0,0,0
4,4,0
3,0,3
8,2,6
15,6,9
8,21,-13
2,0,2
2,0,2
3,0,3
0,0,0
28,14,14
2,2,0
20,1,19
23,79,-56
8,28,-20
6,1,5
6,6,0
1,8,-7
0,11,-11
0,0,0
1,0,1
6,6,0
18,18,0
8,8,0
10,4,6
1,6,-5
0,0,0
0,0,0
4,4,0
43,4,39
3,2,1
9,1,8
3,12,-9
3,14,-11
1,1,0
8,7,1
15,3,12
1,7,-6
2,2,0
1,7,-6
0,0,0
12,2,10
3,0,3
3,28,-25
4,1,3
20,20,0
4,0,4
1,20,-19
5,6,-1
0,1,-1
1,0,1
26,33,-7
6,1,5
5,5,0
0,0,0
3,3,0
1,0,1
0,0,0
2,8,-6
16,0,16
0,0,0
0,0,0
7,7,0
22,0,22
16,7,9
14,14,0
3,1,2
1,1,0
1,1,0
0,0,0
1,2,-1
4,0,4
0,7,-7
19,2,17
0,0,0
3,1,2
4,4,0
8,0,8
4,4,0
17,0,17
6,14,-8
7,7,0
2,16,-14
1,0,1
27,43,-16
2,8,-6
1,9,-8
3,19,-16
7,15,-8
1,0,1
6,6,0
7,7,0
0,0,0
4,1,3
7,5,2
5,8,-3
3,3,0
4,10,-6
1,0,1
13,5,8
2,1,1
3,3,0
4,11,-7
3,3,0
1,0,1
3,14,-11
0,0,0
0,7,-7
6,6,0
3,2,1
0,7,-7
1,6,-5
3,3,0
1,0,1
0,39,-39
4,10,-6
3,3,0
0,3,-3
4,1,3
15,1,14
2,2,0
10,10,0
5,3,2
17,11,6
3,1,2
13,6,7
4,0,4
8,0,8
0,2,-2
1,0,1
1,3,-2
21,4,17
5,6,-1
6,16,-10
0,0,0
2,2,0
4,2,2
51,4,47
2,2,0
1,3,-2
67,67,0
15,15,0
2,5,-3
7,1,6
0,19,-19
0,0,0
16,4,12
22,22,0
0,20,-20
6,0,6
9,19,-10
6,8,-2
2,0,2
4,24,-20
6,15,-9
19,2,17
8,8,0
8,0,8
2,2,0
1,0,1
25,10,15
1,3,-2
6,2,4
7,5,2
20,4,16
0,0,0
1,6,-5
0,10,-10
0,22,-22
5,1,4
7,7,0
8,8,0
6,9,-3
6,11,-5
8,7,1
3,9,-6
0,0,0
1,2,-1
9,9,0
17,8,9
7,1,6
5,1,4
2,0,2
0,0,0
4,7,-3
1,0,1
0,0,0
1,2,-1
6,6,0
51,28,23
15,21,-6
1,0,1
11,4,7
22,0,22
14,3,11
30,9,21
0,0,0
6,0,6
8,0,8
2,1,1
3,0,3
11,7,4
2,0,2
0,0,0
0,0,0
9,0,9
7,2,5
2,0,2
6,1,5
0,0,0
1,1,0
10,1,9
5,4,1
3,0,3
0,4,-4
1,1,0
0,7,-7
1,1,0
0,4,-4
27,3,24
2,1,1
15,15,0
3,10,-7
0,0,0
11,8,3
4,19,-15
34,0,34
0,3,-3
10,9,1
3,22,-19
85,0,85
3,2,1
3,1,2
30,20,10
7,7,0
6,0,6
3,8,-5
2,0,2
5,0,5
1,27,-26
9,3,6
0,0,0
10,41,-31
2,0,2
24,6,18
6,6,0
8,5,3
2,2,0
21,1,20
8,3,5
11,7,4
0,0,0
2,1,1
3,3,0
7,7,0
0,1,-1
30,11,19
0,0,0
2,33,-31
3,4,-1
31,31,0
0,0,0
81,81,0
2,0,2
6,2,4
5,5,0
3,0,3
32,7,25
2,2,0
8,1,7
1,0,1
0,0,0
9,4,5
23,8,15
10,0,10
0,0,0
2,7,-5
3,9,-6
0,0,0
8,0,8
1,29,-28
0,0,0
13,0,13
6,0,6
0,14,-14
5,2,3
2,0,2
3,2,1
2,2,0
12,12,0
1,0,1
0,1,-1
0,0,0
2,0,2
3,2,1
3,3,0
0,0,0
31,0,31
4,0,4
9,9,0
5,5,0
19,8,11
7,0,7
38,38,0
17,28,-11
14,42,-28
4,4,0
7,1,6
0,0,0
4,12,-8
1,0,1
13,8,5
14,15,-1
9,0,9
7,7,0
1,0,1
2,18,-16
3,11,-8
7,7,0
1,1,0
2,2,0
24,24,0
15,8,7
21,21,0
24,24,0
8,8,0
1,0,1
9,6,3
2,0,2
3,3,0
2,0,2
2,6,-4
7,7,0
8,13,-5
0,1,-1
10,10,0
3,9,-6
9,9,0
7,15,-8
0,2,-2
5,5,0
16,16,0
7,7,0
18,18,0
13,13,0
1,11,-10
17,17,0
4,4,0
10,0,10
17,7,10
1,4,-3
8,2,6
15,15,0
5,0,5
11,2,9
15,0,15
21,21,0
6,6,0
1,0,1
1,1,0
0,0,0
1,14,-13
1,3,-2
3,14,-11
4,4,0
3,0,3
1,3,-2
10,6,4
39,39,0
12,12,0
29,29,0
2,2,0
13,13,0
10,44,-34
2,25,-23
0,0,0
16,0,16
0,0,0
7,0,7
1,1,0
0,0,0
21,9,12
2,2,0
18,18,0
4,4,0
3,11,-8
4,2,2
7,2,5
11,0,11
3,15,-12
2,1,1
5,9,-4
1,0,1
2,2,0
5,10,-5
0,0,0
2,4,-2
3,0,3
0,0,0
7,9,-2
0,0,0
5,0,5
0,1,-1
49,1,48
1,1,0
13,3,10
4,8,-4
2,11,-9
7,9,-2
8,8,0
0,51,-51
13,4,9
2,3,-1
4,4,0
6,6,0
5,5,0
0,0,0
5,48,-43
8,8,0
24,5,19
4,4,0
23,31,-8
0,2,-2
5,5,0
11,11,0
0,19,-19
10,1,9
0,0,0
4,4,0
0,0,0
5,3,2
7,9,-2
1,0,1
14,11,3
2,0,2
0,0,0
2,0,2
3,3,0
14,3,11
1,0,1
10,10,0
14,10,4
0,0,0
0,0,0
1,1,0
0,0,0
3,4,-1
9,26,-17
1,1,0
1,20,-19
0,0,0
0,0,0
0,0,0
16,7,9
13,30,-17
4,6,-2
0,4,-4
1,0,1
0,0,0
0,12,-12
10,10,0
67,41,26
6,0,6
1,7,-6
7,20,-13
1,17,-16
4,7,-3
0,0,0
0,0,0
1,0,1
4,6,-2
3,0,3
9,9,0
1,8,-7
0,1,-1
8,3,5
10,4,6
9,9,0
2,5,-3
0,51,-51
19,10,9
5,0,5
5,0,5
15,1,14
2,1,1
0,0,0
2,31,-29
1,1,0
0,0,0
3,3,0
1,11,-10
0,0,0
0,0,0
1,1,0
0,2,-2
2,13,-11
3,0,3
12,0,12
0,1,-1
3,3,0
2,3,-1
8,4,4
4,4,0
0,0,0
12,12,0
3,3,0
9,7,2
6,4,2
2,1,1
5,5,0
7,0,7
0,7,-7
8,8,0
6,6,0
3,0,3
9,6,3
7,0,7
6,2,4
12,0,12
32,0,32
1,0,1
5,5,0
3,0,3
0,2,-2
6,6,0
0,0,0
25,6,19
2,2,0
0,0,0
1,11,-10
1,1,0
1,7,-6
2,12,-10
3,3,0
4,4,0
2,2,0
13,14,-1
16,2,14
0,0,0
10,16,-6
11,11,0
7,4,3
2,13,-11
12,6,6
0,0,0
5,16,-11
44,2,42
1,60,-59
7,3,4
5,5,0
0,0,0
8,1,7
18,18,0
20,30,-10
0,0,0
0,0,0
2,2,0
3,3,0
1,0,1
5,9,-4
37,42,-5
3,16,-13
6,3,3
22,22,0
4,10,-6
3,2,1
13,16,-3
16,10,6
3,0,3
0,6,-6
8,0,8
1,7,-6
8,6,2
7,0,7
5,5,0
0,1,-1
1,0,1
15,4,11
1,1,0
3,3,0
5,6,-1
3,4,-1
3,1,2
5,9,-4
5,12,-7
2,2,0
0,0,0
1,5,-4
5,17,-12
9,2,7
13,11,2
4,0,4
11,2,9
19,1,18
17,7,10
8,6,2
0,10,-10
13,36,-23
18,4,14
6,2,4
2,5,-3
11,0,11
18,8,10
5,37,-32
12,0,12
1,4,-3
9,9,0
9,0,9
11,12,-1
3,1,2
26,20,6
21,1,20
5,7,-2
0,0,0
1,9,-8
6,6,0
1,1,0
6,2,4
7,8,-1
6,6,0
1,0,1
1,6,-5
16,27,-11
1,3,-2
3,3,0
2,2,0
4,0,4
22,8,14
7,7,0
15,18,-3
5,0,5
0,0,0
0,0,0
0,13,-13
6,6,0
0,19,-19
4,4,0
9,9,0
7,2,5
10,3,7
3,0,3
0,0,0
1,21,-20
0,0,0
37,1,36
1,10,-9
33,7,26
0,15,-15
4,3,1
16,3,13
11,11,0
7,25,-18
0,1,-1
1,5,-4
5,5,0
2,4,-2
5,13,-8
0,1,-1
2,0,2
1,6,-5
5,1,4
5,5,0
11,19,-8
17,15,2
21,7,14
12,24,-12
5,11,-6
8,6,2
2,9,-7
0,0,0
19,1,18
12,7,5
2,2,0
2,0,2
0,7,-7
15,15,0
11,13,-2
7,15,-8
7,60,-53
0,3,-3
2,0,2
4,1,3
4,4,0
1,30,-29
36,36,0
4,0,4
2,0,2
0,0,0
2,1,1
2,2,0
3,3,0
10,0,10
10,8,2
6,6,0
2,2,0
9,9,0
12,16,-4
0,22,-22
1,0,1
1,1,0
1,1,0
4,4,0
0,0,0
3,2,1
0,0,0
23,0,23
3,0,3
3,12,-9
2,4,-2
6,2,4
10,5,5
6,1,5
10,9,1
26,26,0
0,0,0
5,1,4
1,14,-13
0,0,0
5,1,4
2,10,-8
1,1,0
1,1,0
5,5,0
13,13,0
1,3,-2
16,11,5
0,0,0
3,0,3
5,5,0
0,16,-16
13,7,6
12,17,-5
0,3,-3
7,1,6
10,3,7
2,7,-5
0,0,0
0,0,0
2,1,1
9,18,-9
3,6,-3
12,25,-13
13,12,1
13,8,5
0,0,0
3,3,0
10,0,10
0,2,-2
1,1,0
1,2,-1
2,0,2
8,8,0
59,1,58
0,6,-6
4,7,-3
10,21,-11
1,15,-14
0,2,-2
0,3,-3
0,0,0
2,10,-8
1,0,1
5,5,0
3,4,-1
5,5,0
0,0,0
8,6,2
5,9,-4
4,1,3
0,0,0
11,13,-2
5,7,-2
7,0,7
0,9,-9
4,4,0
3,3,0
8,3,5
0,32,-32
2,1,1
15,19,-4
12,19,-7
1,0,1
2,5,-3
12,12,0
19,6,13
2,1,1
2,2,0
0,0,0
1,2,-1
1,0,1
2,3,-1
4,2,2
9,10,-1
2,9,-7
5,27,-22
3,9,-6
3,3,0
0,0,0
15,0,15
2,0,2
1,1,0
0,0,0
5,5,0
5,0,5
2,6,-4
41,30,11
3,0,3
23,34,-11
2,2,0
9,9,0
0,2,-2
31,33,-2
2,3,-1
3,20,-17
9,1,8
2,5,-3
1,0,1
115,115,0
0,0,0
10,34,-24
0,0,0
16,7,9
1,1,0
9,4,5
1,4,-3
32,18,14
0,25,-25
9,9,0
8,0,8
2,2,0
9,9,0
0,0,0
2,2,0
2,12,-10
2,2,0
1,10,-9
2,11,-9
9,37,-28
4,15,-11
14,0,14
3,1,2
4,4,0
7,7,0
11,3,8
6,13,-7
9,0,9
16,9,7
6,0,6
4,2,2
3,4,-1
5,5,0
2,0,2
4,4,0
0,29,-29
0,0,0
1,0,1
1,0,1
6,6,0
3,16,-13
4,4,0
21,3,18
4,4,0
5,0,5
5,0,5
0,0,0
17,17,0
4,2,2
0,16,-16
0,4,-4
2,2,0
0,0,0
0,13,-13
5,44,-39
2,2,0
4,4,0
18,0,18
2,0,2
8,9,-1
30,0,30
8,11,-3
0,16,-16
0,0,0
22,22,0
15,15,0
0,0,0
2,6,-4
3,24,-21
12,5,7
16,16,0
7,2,5
12,4,8
9,11,-2
2,2,0
16,20,-4
9,1,8
31,5,26
3,2,1
5,5,0
3,3,0
1,1,0
0,9,-9
23,23,0
1,18,-17
2,4,-2
1,44,-43
1,1,0
11,24,-13
0,0,0
2,10,-8
2,0,2
8,8,0
10,9,1
2,1,1
5,2,3
4,29,-25
25,11,14
5,13,-8
4,4,0
0,39,-39
0,0,0
3,0,3
22,27,-5
17,17,0
10,8,2
0,1,-1
0,8,-8
15,15,0
1,2,-1
16,16,0
10,10,0
3,27,-24
11,55,-44
3,5,-2
12,15,-3
2,2,0
0,0,0
0,1,-1
2,2,0
0,0,0
0,0,0
44,44,0
0,0,0
0,5,-5
7,7,0
0,0,0
66,66,0
0,15,-15
17,3,14
6,6,0
0,2,-2
7,7,0
3,3,0
27,7,20
36,1,35
1,0,1
3,2,1
13,23,-10
0,0,0
9,9,0
20,5,15
6,8,-2
7,12,-5
10,0,10
6,6,0
0,21,-21
3,8,-5
2,6,-4
18,1,17
10,6,4
7,0,7
0,0,0
7,7,0
3,23,-20
17,4,13
0,0,0
3,9,-6
3,1,2
2,0,2
0,0,0
12,12,0
4,7,-3
4,0,4
3,3,0
6,3,3
4,7,-3
0,0,0
0,4,-4
5,5,0
0,0,0
15,18,-3
17,15,2
7,3,4
2,19,-17
0,0,0
0,7,-7
17,34,-17
4,1,3
1,10,-9
0,1,-1
0,5,-5
0,0,0
4,0,4
5,2,3
0,2,-2
0,12,-12
2,8,-6
10,16,-6
3,3,0
0,0,0
18,2,16
2,0,2
8,0,8
16,16,0
9,1,8
4,30,-26
9,9,0
6,4,2
0,15,-15
23,23,0
15,16,-1
11,11,0
7,7,0
12,2,10
2,0,2
20,20,0
20,20,0
2,20,-18
6,9,-3
9,4,5
4,3,1
0,9,-9
0,0,0
3,6,-3
1,0,1
0,0,0
0,0,0
20,18,2
0,0,0
1,1,0
22,3,19
50,51,-1
3,4,-1
2,8,-6
10,2,8
29,17,12
0,2,-2
0,9,-9
3,0,3
13,1,12
17,2,15
2,2,0
1,0,1
1,6,-5
6,6,0
6,0,6
0,14,-14
7,7,0
0,0,0
3,22,-19
0,0,0
0,0,0
8,41,-33
7,16,-9
9,13,-4
0,25,-25
11,2,9
0,0,0
7,28,-21
7,7,0
15,5,10
1,1,0
0,1,-1
1,5,-4
26,11,15
0,0,0
12,8,4
0,1,-1
2,4,-2
1,2,-1
0,0,0
0,0,0
2,6,-4
5,4,1
4,3,1
1,84,-83
0,0,0
0,0,0
6,9,-3
19,19,0
1,0,1
1,3,-2
66,6,60
23,2,21
2,0,2
1,0,1
0,0,0
5,5,0
3,0,3
6,6,0
0,0,0
1,0,1
3,2,1
2,2,0
6,12,-6
3,0,3
8,5,3
3,0,3
2,0,2
6,6,0
1,2,-1
15,15,0
13,13,0
6,5,1
4,10,-6
18,18,0
5,15,-10
9,18,-9
2,0,2
2,0,2
1,0,1
0,0,0
0,2,-2
4,4,0
13,5,8
10,28,-18
56,37,19
3,3,0
11,27,-16
8,8,0
0,0,0
48,48,0
1,0,1
24,0,24
2,1,1
1,0,1
3,3,0
1,10,-9
1,3,-2
6,2,4
15,15,0
0,0,0
0,2,-2
15,16,-1
1,0,1
1,5,-4
26,7,19
0,0,0
36,13,23
0,1,-1
19,19,0
8,27,-19
0,16,-16
10,6,4
7,7,0
0,2,-2
4,0,4
3,3,0
0,0,0
16,7,9
2,0,2
5,3,2
4,0,4
1,0,1
0,1,-1
0,4,-4
6,6,0
0,0,0
1,1,0
3,0,3
0,0,0
2,7,-5
0,35,-35
18,18,0
1,6,-5
1,1,0
2,12,-10
1,2,-1
0,0,0
1,1,0
3,3,0
6,1,5
0,6,-6
5,13,-8
0,0,0
17,17,0
5,2,3
0,0,0
46,46,0
37,1,36
18,10,8
16,32,-16
14,43,-29
7,12,-5
6,9,-3
0,0,0
0,6,-6
1,0,1
1,8,-7
4,4,0
0,0,0
1,1,0
3,3,0
16,8,8
13,13,0
0,0,0
8,8,0
1,0,1
25,15,10
0,0,0
6,12,-6
1,0,1
0,0,0
2,6,-4
0,0,0
4,4,0
8,8,0
3,0,3
4,2,2
8,13,-5
6,3,3
1,18,-17
2,17,-15
11,11,0
5,22,-17
1,0,1
10,6,4
0,0,0
3,3,0
0,0,0
6,14,-8
9,9,0
12,0,12
5,4,1
3,3,0
8,10,-2
6,12,-6
1,14,-13
2,5,-3
1,44,-43
0,0,0
11,11,0
3,3,0
9,57,-48
13,13,0
5,0,5
22,0,22
11,0,11
2,6,-4
0,1,-1
1,1,0
25,5,20
5,3,2
10,3,7
0,11,-11
0,0,0
14,0,14
4,4,0
5,0,5
37,4,33
2,1,1
0,0,0
12,7,5
8,0,8
2,0,2
7,7,0
6,5,1
7,21,-14
3,3,0
33,33,0
10,10,0
0,0,0
2,0,2
1,0,1
5,2,3
4,0,4
2,14,-12
1,1,0
0,0,0
14,11,3
2,2,0
19,19,0
4,6,-2
30,33,-3
4,0,4
0,0,0
4,23,-19
6,6,0
0,1,-1
56,48,8
12,28,-16
32,32,0
10,1,9
0,0,0
3,3,0
0,1,-1
0,30,-30
2,2,0
11,1,10
2,19,-17
7,2,5
1,1,0
0,0,0
4,0,4
0,0,0
0,0,0
18,5,13
2,0,2
0,0,0
5,4,1
2,0,2
4,3,1
21,0,21
8,1,7
14,17,-3
14,4,10
16,9,7
10,10,0
0,5,-5
6,2,4
0,0,0
1,22,-21
0,0,0
2,0,2
30,30,0
9,6,3
3,3,0
8,24,-16
3,2,1
5,5,0
2,3,-1
5,27,-22
8,3,5
9,9,0
0,2,-2
5,18,-13
0,2,-2
20,18,2
2,3,-1
42,42,0
5,5,0
2,2,0
9,21,-12
0,0,0
34,32,2
1,5,-4
11,11,0
222,33,189
1,2,-1
0,3,-3
0,2,-2
3,0,3
20,0,20
25,25,0
2,2,0
0,0,0
7,0,7
17,7,10
4,5,-1
0,0,0
2,26,-24
1,0,1
0,0,0
0,3,-3
3,4,-1
2,2,0
3,3,0
0,1,-1
11,28,-17
14,7,7
2,0,2
3,3,0
7,7,0
31,31,0
3,3,0
1,3,-2
37,37,0
25,25,0
4,4,0
5,5,0
1,0,1
3,0,3
1,2,-1
9,9,0
6,5,1
10,6,4
6,21,-15
2,2,0
0,1,-1
9,8,1
5,6,-1
2,0,2
8,8,0
7,7,0
0,4,-4
15,5,10
6,5,1
11,7,4
4,14,-10
15,15,0
21,15,6
2,19,-17
1,16,-15
5,15,-10
16,7,9
0,0,0
6,6,0
0,0,0
5,5,0
10,10,0
0,5,-5
0,0,0
7,7,0
9,2,7
10,12,-2
13,0,13
1,1,0
7,3,4
5,8,-3
0,2,-2
1,1,0
2,1,1
25,25,0
6,5,1
8,5,3
2,0,2
12,6,6
7,5,2
8,2,6
6,1,5
0,1,-1
29,4,25
9,18,-9
2,1,1
0,0,0
2,2,0
5,13,-8
1,10,-9
0,1,-1
11,0,11
7,0,7
10,6,4
4,4,0
15,13,2
3,1,2
12,0,12
0,18,-18
8,5,3
4,0,4
22,22,0
1,0,1
0,2,-2
9,9,0
1,13,-12
7,7,0
2,2,0
1,9,-8
4,0,4
9,1,8
2,0,2
8,8,0
3,0,3
7,1,6
3,3,0
1,14,-13
1,0,1
15,8,7
16,7,9
1,0,1
5,11,-6
14,0,14
16,23,-7
2,2,0
5,3,2
12,12,0
5,6,-1
4,0,4
11,11,0
15,5,10
9,3,6
19,26,-7
7,3,4
0,35,-35
25,25,0
11,11,0
4,0,4
1,0,1
2,0,2
7,7,0
20,45,-25
1,1,0
1,0,1
3,0,3
2,37,-35
0,0,0
7,6,1
25,25,0
9,27,-18
0,0,0
1,1,0
0,0,0
5,3,2
6,5,1
0,0,0
12,13,-1
11,2,9
8,2,6
13,0,13
2,2,0
18,4,14
1,16,-15
4,1,3
23,0,23
2,0,2
5,10,-5
5,5,0
0,0,0
8,8,0
16,5,11
1,0,1
1,4,-3
1,8,-7
11,11,0
3,5,-2
21,33,-12
1,4,-3
11,41,-30
9,9,0
3,3,0
11,7,4
3,1,2
6,2,4
3,5,-2
2,6,-4
1,1,0
4,1,3
2,5,-3
5,12,-7
8,1,7
2,8,-6
0,0,0
0,0,0
9,12,-3
21,21,0
6,10,-4
2,2,0
1,0,1
1,1,0
2,2,0
12,21,-9
11,13,-2
2,1,1
3,6,-3
10,29,-19
17,18,-1
5,5,0
0,11,-11
11,0,11
9,12,-3
1,0,1
2,11,-9
1,5,-4
0,0,0
2,2,0
2,2,0
6,6,0
3,0,3
4,0,4
1,6,-5
6,12,-6
11,11,0
3,13,-10
9,0,9
46,7,39
5,5,0
2,2,0
8,10,-2
6,25,-19
5,5,0
14,8,6
13,22,-9
25,2,23
1,6,-5
13,5,8
22,22,0
5,5,0
8,8,0
1,28,-27
6,0,6
0,12,-12
3,15,-12
6,6,0
16,5,11
2,0,2
15,1,14
2,0,2
0,0,0
36,6,30
4,7,-3
1,0,1
2,0,2
1,8,-7
18,18,0
8,2,6
0,1,-1
7,7,0
51,51,0
1,12,-11
10,10,0
5,0,5
0,14,-14
16,8,8
0,0,0
2,2,0
2,13,-11
1,0,1
6,2,4
2,5,-3
20,33,-13
3,12,-9
3,7,-4
2,2,0
18,18,0
5,3,2
0,0,0
9,9,0
0,2,-2
4,6,-2
18,18,0
1,56,-55
8,4,4
11,5,6
12,22,-10
5,5,0
5,5,0
2,2,0
1,1,0
13,5,8
4,0,4
1,0,1
6,8,-2
25,3,22
2,2,0
7,1,6
3,4,-1
50,41,9
6,14,-8
30,30,0
8,2,6
2,3,-1
1,1,0
1,2,-1
0,3,-3
26,26,0
0,7,-7
0,0,0
19,27,-8
0,0,0
31,31,0
59,59,0
4,25,-21
0,0,0
9,5,4
1,1,0
0,0,0
0,0,0
0,0,0
2,1,1
5,0,5
3,3,0
6,4,2
3,3,0
2,8,-6
13,40,-27
1,0,1
0,42,-42
4,0,4
18,18,0
0,0,0
10,10,0
1,1,0
3,26,-23
0,0,0
8,8,0
6,0,6
14,14,0
5,0,5
3,2,1
0,9,-9
0,0,0
5,1,4
8,29,-21
20,20,0
12,12,0
42,28,14
2,9,-7
24,7,17
8,8,0
0,0,0
14,8,6
0,0,0
2,2,0
12,12,0
0,0,0
1,1,0
11,1,10
0,0,0
3,3,0
0,13,-13
23,3,20
1,0,1
1,0,1
10,35,-25
5,1,4
17,9,8
7,7,0
17,17,0
17,17,0
1,2,-1
0,1,-1
8,8,0
5,5,0
1,3,-2
18,18,0
0,0,0
2,2,0
9,6,3
13,5,8
5,1,4
5,1,4
2,0,2
2,2,0
2,0,2
0,0,0
7,4,3
10,1,9
6,8,-2
9,28,-19
5,5,0
6,6,0
5,0,5
8,19,-11
1,8,-7
0,0,0
7,7,0
9,13,-4
12,1,11
1,0,1
3,0,3
5,0,5
0,0,0
3,11,-8
3,6,-3
81,39,42
6,6,0
17,9,8
4,9,-5
2,0,2
12,8,4
2,0,2
6,1,5
3,3,0
9,9,0
22,22,0
7,0,7
32,0,32
1,1,0
14,3,11
13,11,2
0,0,0
2,0,2
1,0,1
14,0,14
3,3,0
0,0,0
1,2,-1
4,9,-5
10,10,0
0,0,0
0,0,0
0,6,-6
1,1,0
1,1,0
0,0,0
0,0,0
8,17,-9
2,4,-2
5,5,0
2,0,2
2,0,2
5,1,4
6,0,6
14,14,0
1,0,1
11,0,11
12,12,0
3,6,-3
9,9,0
2,5,-3
5,16,-11
0,0,0
2,0,2
0,0,0
6,3,3
29,8,21
12,10,2
45,19,26
0,0,0
0,0,0
5,6,-1
4,19,-15
0,7,-7
45,45,0
1,1,0
0,1,-1
2,1,1
1,0,1
21,6,15
16,2,14
0,0,0
21,21,0
10,3,7
4,0,4
4,4,0
8,2,6
2,1,1
3,2,1
0,0,0
0,3,-3
6,0,6
1,2,-1
1,4,-3
0,8,-8
1,1,0
16,16,0
16,16,0
9,0,9
49,49,0
2,0,2
2,0,2
2,16,-14
12,7,5
6,6,0
5,5,0
7,7,0
1,0,1
2,2,0
0,1,-1
2,4,-2
10,7,3
2,0,2
6,6,0
6,4,2
7,30,-23
3,10,-7
5,5,0
1,1,0
1,4,-3
5,5,0
1,0,1
9,4,5
27,24,3
10,3,7
5,5,0
7,21,-14
13,3,10
7,21,-14
14,14,0
4,4,0
6,0,6
0,0,0
4,4,0
8,8,0
1,0,1
16,16,0
45,45,0
3,2,1
7,0,7
1,0,1
0,0,0
4,3,1
1,0,1
8,29,-21
1,13,-12
2,0,2
0,0,0
5,5,0
1,4,-3
33,33,0
12,12,0
6,6,0
0,0,0
9,6,3
0,0,0
0,14,-14
0,14,-14
20,3,17
2,10,-8
3,0,3
4,4,0
14,16,-2
11,1,10
11,16,-5
1,0,1
6,6,0
4,6,-2
18,18,0
0,0,0
5,5,0
23,33,-10
9,9,0
11,11,0
4,2,2
13,13,0
29,8,21
5,5,0
0,2,-2
8,5,3
2,0,2
3,9,-6
5,8,-3
0,0,0
4,14,-10
10,11,-1
0,0,0
6,10,-4
29,0,29
6,4,2
6,8,-2
24,31,-7
9,2,7
5,0,5
3,3,0
28,0,28
10,9,1
1,0,1
13,13,0
10,10,0
2,2,0
28,28,0
2,2,0
0,0,0
18,8,10
1,1,0
0,2,-2
1,0,1
13,3,10
16,1,15
10,10,0
5,0,5
4,2,2
3,1,2
26,5,21
2,2,0
0,0,0
16,9,7
4,0,4
0,10,-10
0,3,-3
8,0,8
3,60,-57
5,20,-15
2,2,0
1,12,-11
0,6,-6
5,5,0
1,17,-16
1,0,1
3,0,3
1,0,1
0,0,0
0,12,-12
3,5,-2
2,2,0
8,5,3
1,23,-22
1,0,1
6,6,0
21,21,0
5,0,5
1,2,-1
3,3,0
2,4,-2
3,0,3
16,5,11
0,6,-6
3,11,-8
9,9,0
29,30,-1
2,0,2
0,0,0
1,8,-7
5,9,-4
0,3,-3
8,6,2
2,1,1
2,5,-3
0,3,-3
1,1,0
0,1,-1
5,9,-4
35,3,32
23,13,10
1,2,-1
0,0,0
13,13,0
0,0,0
12,12,0
11,28,-17
20,2,18
13,13,0
7,7,0
23,21,2
11,4,7
0,0,0
6,18,-12
3,0,3
2,0,2
1,6,-5
9,4,5
10,10,0
9,0,9
2,0,2
2,2,0
10,13,-3
3,5,-2
0,0,0
29,18,11
2,2,0
4,4,0
14,6,8
11,1,10
2,1,1
2,28,-26
7,5,2
7,11,-4
9,7,2
0,3,-3
3,0,3
22,7,15
0,0,0
0,3,-3
9,37,-28
0,1,-1
13,2,11
17,17,0
8,27,-19
3,3,0
3,0,3
5,9,-4
19,1,18
5,16,-11
17,5,12
0,2,-2
1,15,-14
10,10,0
2,0,2
12,33,-21
8,6,2
34,34,0
5,7,-2
33,25,8
0,15,-15
0,0,0
3,3,0
6,1,5
12,2,10
3,22,-19
2,0,2
0,0,0
33,33,0
2,0,2
0,0,0
2,0,2
0,2,-2
52,67,-15
1,0,1
0,20,-20
3,4,-1
3,0,3
5,2,3
18,22,-4
14,24,-10
11,11,0
9,9,0
2,2,0
5,5,0
6,0,6
3,0,3
2,0,2
4,3,1
20,20,0
0,0,0
0,0,0
1,1,0
6,16,-10
2,13,-11
0,0,0
16,4,12
6,6,0
109,6,103
15,15,0
0,30,-30
8,0,8
5,5,0
0,1,-1
32,32,0
14,14,0
3,24,-21
0,0,0
0,9,-9
1,0,1
13,27,-14
1,0,1
46,30,16
21,5,16
9,9,0
1,32,-31
9,10,-1
2,0,2
32,14,18
3,12,-9
12,20,-8
6,2,4
48,10,38
8,1,7
4,8,-4
2,17,-15
5,4,1
6,8,-2
1,11,-10
46,46,0
0,0,0
4,7,-3
5,10,-5
0,0,0
1,10,-9
2,2,0
1,0,1
3,15,-12
2,1,1
9,28,-19
5,6,-1
77,77,0
3,0,3
0,0,0
3,0,3
1,20,-19
1,1,0
1,0,1
5,1,4
11,6,5
5,5,0
2,0,2
1,1,0
1,1,0
2,0,2
0,2,-2
0,0,0
1,0,1
4,0,4
15,3,12
2,2,0
0,4,-4
1,0,1
5,5,0
0,0,0
17,7,10
1,2,-1
10,10,0
29,49,-20
0,0,0
6,28,-22
5,5,0
4,4,0
0,0,0
0,0,0
7,7,0
1,12,-11
1,7,-6
11,9,2
6,1,5
5,0,5
0,1,-1
1,30,-29
2,2,0
0,62,-62
5,5,0
0,3,-3
14,23,-9
2,0,2
23,5,18
1,0,1
33,33,0
1,19,-18
2,2,0
1,4,-3
1,8,-7
0,4,-4
1,1,0
18,18,0
6,6,0
0,0,0
8,4,4
25,25,0
14,24,-10
22,1,21
4,6,-2
0,1,-1
0,0,0
35,35,0
11,16,-5
3,12,-9
0,0,0
1,16,-15
0,0,0
2,2,0
21,21,0
3,3,0
2,14,-12
7,4,3
3,3,0
3,16,-13
5,1,4
1,12,-11
12,21,-9
1,0,1
7,1,6
0,1,-1
0,2,-2
13,13,0
2,2,0
13,8,5
1,12,-11
0,0,0
6,37,-31
26,1,25
0,0,0
1,11,-10
19,0,19
11,11,0
2,33,-31
17,9,8
2,0,2
7,9,-2
3,0,3
0,0,0
18,1,17
12,9,3
12,2,10
6,6,0
1,0,1
19,11,8
7,6,1
7,0,7
37,37,0
5,5,0
10,9,1
12,13,-1
7,3,4
2,1,1
2,2,0
6,5,1
1,39,-38
18,18,0
6,6,0
0,0,0
1,7,-6
0,0,0
4,13,-9
1,1,0
10,0,10
9,16,-7
3,0,3
9,0,9
11,11,0
28,22,6
10,10,0
1,0,1
4,1,3
4,24,-20
1,1,0
1,1,0
4,3,1
32,1,31
11,40,-29
47,47,0
0,0,0
15,0,15
80,80,0
1,1,0
11,1,10
0,0,0
7,6,1
3,0,3
18,6,12
0,0,0
11,11,0
0,0,0
0,0,0
10,6,4
5,0,5
9,8,1
13,13,0
9,2,7
1,13,-12
10,2,8
24,5,19
1,4,-3
5,0,5
4,0,4
1,0,1
34,17,17
0,0,0
2,5,-3
1,1,0
18,16,2
9,7,2
12,12,0
17,0,17
15,0,15
5,0,5
33,33,0
4,15,-11
5,0,5
1,1,0
7,3,4
4,1,3
5,5,0
10,7,3
8,3,5
5,5,0
11,17,-6
15,47,-32
1,1,0
4,0,4
22,15,7
35,3,32
1,1,0
1,0,1
0,0,0
1,1,0
6,6,0
1,13,-12
1,0,1
3,3,0
0,1,-1
5,5,0
2,17,-15
0,0,0
14,39,-25
1,1,0
6,7,-1
13,0,13
0,0,0
7,7,0
36,36,0
5,4,1
7,1,6
0,6,-6
6,19,-13
5,5,0
4,0,4
1,0,1
12,2,10
0,0,0
1,1,0
3,3,0
9,18,-9
8,20,-12
16,16,0
27,9,18
3,0,3
0,26,-26
2,0,2
0,1,-1
1,1,0
22,8,14
4,6,-2
6,13,-7
0,0,0
43,14,29
4,7,-3
32,32,0
13,13,0
0,13,-13
3,11,-8
18,5,13
8,33,-25
3,3,0
3,0,3
1,1,0
0,0,0
1,1,0
0,0,0
6,0,6
5,24,-19
7,4,3
21,3,18
0,8,-8
7,9,-2
5,20,-15
4,4,0
2,0,2
11,18,-7
1,9,-8
1,2,-1
7,2,5
33,33,0
10,2,8
4,0,4
19,7,12
0,0,0
1,0,1
1,0,1
10,0,10
2,15,-13
3,3,0
7,13,-6
0,0,0
3,33,-30
8,14,-6
9,9,0
0,0,0
7,0,7
3,3,0
8,18,-10
12,12,0
1,0,1
2,24,-22
5,5,0
2,10,-8
5,17,-12
1,6,-5
16,24,-8
8,7,1
0,0,0
5,5,0
3,2,1
0,0,0
3,0,3
2,8,-6
21,2,19
34,8,26
7,0,7
2,0,2
9,9,0
31,1,30
4,5,-1
4,0,4
11,11,0
1,1,0
0,0,0
1,0,1
0,0,0
2,0,2
1,1,0
1,6,-5
1,0,1
13,39,-26
5,5,0
2,11,-9
2,19,-17
6,3,3
12,3,9
16,1,15
6,2,4
6,6,0
1,50,-49
6,2,4
4,5,-1
0,0,0
2,0,2
0,3,-3
0,5,-5
2,6,-4
20,20,0
0,0,0
1,1,0
2,0,2
0,9,-9
1,0,1
3,3,0
0,0,0
0,0,0
6,0,6
0,0,0
17,17,0
5,0,5
5,6,-1
13,13,0
4,0,4
7,29,-22
6,6,0
0,0,0
4,6,-2
0,0,0
1,2,-1
1,0,1
10,6,4
5,8,-3
5,5,0
1,0,1
1,1,0
3,16,-13
0,16,-16
0,0,0
1,1,0
9,48,-39
1,0,1
0,0,0
2,2,0
6,6,0
0,7,-7
3,3,0
6,3,3
2,2,0
3,3,0
22,1,21
10,10,0
0,1,-1
6,13,-7
0,0,0
18,18,0
3,7,-4
2,1,1
2,0,2
4,10,-6
0,0,0
3,1,2
10,15,-5
0,0,0
7,7,0
15,35,-20
10,29,-19
9,7,2
35,35,0
2,12,-10
5,5,0
10,10,0
1,6,-5
0,0,0
7,7,0
4,1,3
17,17,0
2,2,0
33,15,18
6,6,0
2,2,0
0,12,-12
7,2,5
1,1,0
0,0,0
0,0,0
24,24,0
16,8,8
2,6,-4
6,9,-3
6,6,0
29,29,0
0,0,0
3,0,3
5,5,0
7,3,4
17,6,11
0,0,0
5,5,0
7,14,-7
0,0,0
4,4,0
7,7,0
1,0,1
5,4,1
7,7,0
1,0,1
3,0,3
0,2,-2
5,7,-2
1,38,-37
2,10,-8
2,0,2
0,4,-4
13,13,0
5,6,-1
7,7,0
9,10,-1
5,10,-5
13,1,12
24,1,23
3,14,-11
0,0,0
0,11,-11
6,0,6
17,17,0
1,0,1
1,0,1
5,0,5
9,1,8
5,4,1
13,13,0
0,0,0
0,0,0
4,4,0
7,8,-1
1,6,-5
14,14,0
4,0,4
5,2,3
9,9,0
5,7,-2
0,0,0
18,5,13
2,4,-2
15,3,12
1,3,-2
9,4,5
7,7,0
8,0,8
27,18,9
1,1,0
6,1,5
3,21,-18
36,36,0
0,0,0
4,6,-2
8,8,0
0,0,0
4,4,0
8,0,8
8,11,-3
2,4,-2
0,12,-12
1,5,-4
0,27,-27
0,0,0
12,26,-14
5,5,0
0,0,0
18,31,-13
10,10,0
0,4,-4
0,0,0
3,10,-7
0,0,0
13,15,-2
0,0,0
1,8,-7
3,4,-1
10,10,0
7,1,6
2,0,2
0,0,0
8,5,3
31,31,0
14,3,11
6,21,-15
2,2,0
0,3,-3
38,28,10
13,23,-10
0,0,0
1,0,1
0,0,0
9,1,8
6,9,-3
3,0,3
2,0,2
1,4,-3
3,3,0
15,11,4
3,5,-2
1,0,1
4,14,-10
0,0,0
0,0,0
21,21,0
6,9,-3
5,4,1
6,0,6
11,9,2
17,19,-2
13,0,13
9,9,0
6,0,6
1,12,-11
3,42,-39
8,8,0
6,6,0
40,10,30
2,2,0
8,8,0
1,20,-19
5,8,-3
13,7,6
1,14,-13
11,13,-2
10,1,9
1,1,0
0,2,-2
2,5,-3
16,3,13
7,6,1
1,0,1
2,0,2
5,1,4
7,0,7
1,0,1
1,2,-1
9,9,0
1,1,0
44,7,37
0,2,-2
0,5,-5
1,7,-6
1,43,-42
1,5,-4
17,15,2
5,5,0
20,4,16
17,1,16
1,1,0
5,47,-42
7,1,6
5,12,-7
0,5,-5
6,1,5
22,0,22
0,1,-1
6,6,0
9,34,-25
0,0,0
2,2,0
0,1,-1
5,5,0
24,13,11
6,4,2
6,9,-3
9,5,4
0,0,0
35,35,0
10,10,0
0,0,0
2,2,0
1,4,-3
4,1,3
0,0,0
7,0,7
4,2,2
7,3,4
0,0,0
0,0,0
0,0,0
8,0,8
15,1,14
10,13,-3
2,2,0
9,9,0
1,1,0
9,1,8
2,4,-2
1,15,-14
3,5,-2
2,7,-5
4,5,-1
10,10,0
12,12,0
6,4,2
13,0,13
3,3,0
1,1,0
5,1,4
0,1,-1
1,0,1
3,24,-21
0,0,0
0,0,0
1,2,-1
36,36,0
49,1,48
1,0,1
0,3,-3
0,1,-1
0,9,-9
32,7,25
3,3,0
13,13,0
1,0,1
1,4,-3
0,0,0
10,9,1
0,0,0
2,5,-3
10,7,3
14,14,0
6,2,4
3,0,3
0,0,0
7,20,-13
0,3,-3
58,58,0
0,0,0
19,19,0
16,21,-5
5,0,5
0,0,0
6,0,6
2,15,-13
3,9,-6
21,15,6
6,0,6
0,0,0
3,19,-16
5,5,0
1,12,-11
3,4,-1
9,2,7
1,12,-11
2,2,0
0,0,0
1,4,-3
23,23,0
0,0,0
1,11,-10
1,0,1
0,20,-20
26,26,0
6,6,0
3,2,1
6,6,0
7,25,-18
15,14,1
1,0,1
15,2,13
5,0,5
3,3,0
2,2,0
3,3,0
3,1,2
0,0,0
16,12,4
0,11,-11
0,0,0
50,50,0
2,2,0
0,0,0
14,7,7
2,9,-7
3,3,0
13,2,11
8,12,-4
9,9,0
28,10,18
8,1,7
3,3,0
11,3,8
23,0,23
0,0,0
46,24,22
13,13,0
0,0,0
0,0,0
4,1,3
6,0,6
1,0,1
16,7,9
4,0,4
1,12,-11
3,0,3
0,0,0
6,0,6
24,2,22
0,0,0
4,7,-3
61,53,8
9,8,1
30,1,29
8,13,-5
2,0,2
12,5,7
0,14,-14
7,2,5
2,2,0
1,0,1
0,1,-1
0,0,0
24,43,-19
0,0,0
1,9,-8
2,33,-31
0,0,0
12,5,7
1,0,1
10,0,10
1,0,1
10,4,6
9,22,-13
1,0,1
16,31,-15
2,39,-37
0,0,0
1,2,-1
1,1,0
5,5,0
1,0,1
7,7,0
14,8,6
20,2,18
1,0,1
0,3,-3
1,10,-9
23,23,0
31,31,0
0,0,0
1,3,-2
0,3,-3
6,5,1
0,0,0
12,9,3
6,0,6
4,0,4
7,11,-4
3,3,0
2,0,2
6,1,5
25,25,0
1,13,-12
0,1,-1
5,13,-8
0,0,0
2,2,0
8,8,0
1,0,1
3,1,2
3,13,-10
0,3,-3
2,2,0
7,12,-5
5,10,-5
2,4,-2
0,0,0
6,6,0
0,0,0
3,3,0
11,7,4
21,9,12
2,2,0
18,4,14
0,1,-1
0,1,-1
17,0,17
0,0,0
2,1,1
1,18,-17
32,32,0
10,4,6
15,3,12
4,0,4
5,0,5
1,1,0
2,2,0
18,18,0
6,0,6
12,0,12
25,25,0
1,1,0
2,2,0
43,6,37
7,10,-3
3,0,3
6,0,6
0,0,0
7,6,1
0,0,0
6,0,6
47,12,35
12,4,8
50,63,-13
4,5,-1
1,0,1
8,8,0
1,0,1
8,17,-9
4,3,1
17,0,17
6,0,6
0,0,0
2,0,2
17,12,5
0,0,0
0,0,0
1,1,0
0,5,-5
13,13,0
30,30,0
1,5,-4
1,3,-2
0,0,0
0,3,-3
1,0,1
2,0,2
0,0,0
0,0,0
0,0,0
10,3,7
9,0,9
2,0,2
1,11,-10
9,78,-69
8,8,0
2,0,2
6,15,-9
0,0,0
3,3,0
34,7,27
7,7,0
22,0,22
11,19,-8
0,0,0
4,4,0
16,16,0
14,1,13
0,0,0
0,4,-4
6,6,0
2,2,0
9,5,4
1,1,0
5,35,-30
0,7,-7
3,3,0
5,7,-2
8,2,6
7,8,-1
2,2,0
7,7,0
14,20,-6
0,0,0
4,0,4
3,37,-34
1,3,-2
0,0,0
0,5,-5
0,17,-17
7,6,1
0,2,-2
0,0,0
0,0,0
6,9,-3
2,21,-19
16,8,8
0,0,0
27,9,18
0,15,-15
2,0,2
2,2,0
2,6,-4
0,0,0
1,18,-17
0,0,0
13,12,1
1,1,0
3,4,-1
0,1,-1
0,29,-29
30,1,29
0,1,-1
7,7,0
5,1,4
6,1,5
4,2,2
7,7,0
6,6,0
9,9,0
1,2,-1
1,4,-3
0,0,0
2,3,-1
4,3,1
18,3,15
0,0,0
0,4,-4
5,5,0
1,0,1
5,12,-7
6,3,3
7,7,0
3,0,3
0,0,0
23,13,10
21,21,0
4,2,2
3,3,0
1,4,-3
7,7,0
9,0,9
14,16,-2
36,5,31
3,4,-1
17,3,14
6,0,6
0,0,0
2,3,-1
14,14,0
4,1,3
0,6,-6
0,0,0
0,2,-2
0,0,0
10,10,0
0,0,0
3,2,1
11,9,2
1,0,1
2,3,-1
18,4,14
12,29,-17
12,10,2
2,0,2
2,2,0
5,0,5
1,9,-8
2,27,-25
4,1,3
5,3,2
12,2,10
5,5,0
1,0,1
0,11,-11
7,7,0
1,0,1
18,18,0
1,1,0
8,8,0
4,4,0
5,5,0
10,1,9
5,5,0
8,6,2
4,4,0
11,3,8
10,10,0
5,5,0
6,12,-6
1,40,-39
0,0,0
5,30,-25
27,4,23
2,25,-23
3,0,3
2,2,0
4,12,-8
0,11,-11
3,3,0
16,16,0
0,0,0
8,8,0
4,0,4
12,12,0
10,3,7
5,5,0
9,2,7
7,2,5
4,4,0
0,8,-8
0,0,0
2,0,2
0,2,-2
4,0,4
9,9,0
2,2,0
30,20,10
0,29,-29
3,1,2
13,15,-2
0,0,0
8,4,4
1,1,0
7,5,2
0,0,0
1,0,1
1,1,0
5,6,-1
1,2,-1
1,0,1
4,4,0
0,0,0
9,23,-14
23,23,0
12,12,0
4,6,-2
5,5,0
7,10,-3
0,3,-3
33,33,0
5,4,1
12,12,0
46,14,32
2,2,0
15,5,10
0,6,-6
17,12,5
8,4,4
8,4,4
1,25,-24
0,0,0
1,1,0
2,2,0
4,25,-21
0,5,-5
16,35,-19
10,10,0
0,2,-2
4,13,-9
2,1,1
1,5,-4
0,0,0
1,22,-21
7,0,7
1,1,0
1,53,-52
1,2,-1
3,1,2
8,0,8
0,3,-3
1,1,0
0,3,-3
9,2,7
4,4,0
2,2,0
2,0,2
9,9,0
38,10,28
2,28,-26
1,14,-13
14,19,-5
7,5,2
7,7,0
2,1,1
0,0,0
36,4,32
6,3,3
9,9,0
35,4,31
7,7,0
2,6,-4
17,42,-25
16,10,6
0,6,-6
27,17,10
32,32,0
1,1,0
6,0,6
3,0,3
0,1,-1
1,0,1
5,0,5
3,12,-9
5,0,5
5,4,1
1,0,1
4,3,1
1,4,-3
3,11,-8
10,4,6
9,9,0
0,0,0
18,1,17
8,12,-4
2,6,-4
2,0,2
2,0,2
6,7,-1
3,0,3
1,4,-3
4,7,-3
2,2,0
10,1,9
1,1,0
3,0,3
4,15,-11
3,3,0
0,1,-1
5,7,-2
2,0,2
1,1,0
4,4,0
1,1,0
3,3,0
13,0,13
4,0,4
3,6,-3
2,1,1
1,29,-28
1,18,-17
0,0,0
1,21,-20
7,7,0
5,3,2
8,3,5
24,11,13
3,6,-3
10,10,0
19,35,-16
0,0,0
36,2,34
0,0,0
0,1,-1
6,0,6
5,4,1
27,0,27
2,6,-4
22,22,0
10,10,0
1,2,-1
2,0,2
16,16,0
0,0,0
10,10,0
2,2,0
0,0,0
0,8,-8
9,29,-20
11,11,0
3,0,3
11,3,8
0,0,0
0,1,-1
21,7,14
1,1,0
16,10,6
2,0,2
16,0,16
0,2,-2
5,0,5
8,8,0
14,2,12
0,0,0
37,37,0
6,9,-3
5,5,0
13,24,-11
11,11,0
1,11,-10
23,13,10
6,8,-2
6,8,-2
1,5,-4
2,0,2
3,10,-7
8,8,0
1,0,1
0,0,0
6,3,3
0,0,0
0,0,0
4,4,0
14,15,-1
2,2,0
14,1,13
34,11,23
41,41,0
4,4,0
0,12,-12
11,8,3
5,4,1
1,6,-5
2,2,0
2,2,0
1,1,0
4,4,0
0,0,0
5,17,-12
13,0,13
1,1,0
7,2,5
3,9,-6
19,28,-9
39,12,27
10,4,6
0,0,0
2,2,0
0,2,-2
2,4,-2
0,28,-28
7,0,7
2,11,-9
11,11,0
3,1,2
11,11,0
1,14,-13
14,12,2
2,5,-3
4,4,0
16,16,0
2,2,0
3,2,1
1,1,0
0,0,0
0,0,0
4,4,0
3,10,-7
1,4,-3
6,23,-17
1,1,0
5,21,-16
6,6,0
8,8,0
0,2,-2
21,21,0
8,3,5
0,0,0
1,1,0
0,0,0
3,60,-57
1,10,-9
3,3,0
10,12,-2
3,0,3
16,0,16
0,0,0
0,25,-25
11,7,4
27,8,19
21,1,20
14,16,-2
6,6,0
14,2,12
9,1,8
16,14,2
1,2,-1
6,6,0
8,8,0
0,0,0
1,0,1
0,11,-11
0,3,-3
10,1,9
45,22,23
2,0,2
71,71,0
13,9,4
6,6,0
0,0,0
9,0,9
0,0,0
1,1,0
5,23,-18
0,1,-1
3,5,-2
4,4,0
9,9,0
2,0,2
6,26,-20
1,1,0
8,10,-2
0,1,-1
2,2,0
6,11,-5
0,0,0
11,11,0
2,2,0
18,1,17
6,0,6
17,17,0
0,1,-1
0,0,0
113,113,0
15,13,2
1,4,-3
0,3,-3
26,20,6
72,72,0
0,7,-7
7,2,5
2,7,-5
8,8,0
12,15,-3
1,0,1
4,1,3
27,27,0
19,26,-7
0,7,-7
0,0,0
1,0,1
1,1,0
0,0,0
12,5,7
8,0,8
0,21,-21
1,0,1
0,0,0
1,20,-19
3,0,3
2,28,-26
2,0,2
20,18,2
4,4,0
1,0,1
1,5,-4
5,3,2
1,5,-4
0,21,-21
1,0,1
9,7,2
14,15,-1
4,21,-17
0,1,-1
14,18,-4
8,0,8
1,1,0
3,4,-1
18,18,0
8,1,7
16,18,-2
0,1,-1
1,5,-4
2,0,2
2,6,-4
2,2,0
8,8,0
3,1,2
3,30,-27
10,10,0
0,5,-5
35,35,0
1,1,0
4,4,0
4,4,0
3,3,0
5,1,4
0,0,0
10,8,2
0,1,-1
8,0,8
10,21,-11
0,0,0
2,9,-7
0,12,-12
6,6,0
3,5,-2
0,6,-6
0,0,0
5,5,0
2,0,2
37,37,0
6,32,-26
3,5,-2
3,2,1
13,4,9
1,13,-12
5,0,5
0,0,0
14,3,11
1,0,1
7,7,0
8,7,1
34,17,17
0,0,0
1,0,1
7,2,5
12,12,0
6,31,-25
1,0,1
0,0,0
4,12,-8
5,5,0
0,13,-13
14,0,14
0,13,-13
31,0,31
8,4,4
12,22,-10
1,2,-1
1,0,1
0,0,0
1,0,1
10,1,9
2,0,2
0,0,0
5,5,0
2,9,-7
11,15,-4
2,0,2
2,2,0
19,0,19
0,0,0
8,2,6
12,2,10
17,17,0
0,14,-14
12,2,10
1,8,-7
0,0,0
0,0,0
10,20,-10
0,5,-5
12,12,0
1,1,0
8,6,2
8,6,2
3,5,-2
0,1,-1
12,75,-63
4,5,-1
1,6,-5
2,2,0
5,11,-6
8,13,-5
6,0,6
6,14,-8
0,1,-1
4,1,3
0,11,-11
12,12,0
1,1,0
2,3,-1
3,0,3
1,11,-10
0,12,-12
5,1,4
8,4,4
5,6,-1
1,9,-8
3,6,-3
3,5,-2
4,5,-1
0,0,0
37,37,0
0,0,0
21,3,18
0,15,-15
1,21,-20
12,12,0
2,2,0
3,0,3
4,4,0
4,2,2
0,6,-6
5,5,0
22,22,0
1,0,1
1,0,1
4,3,1
5,0,5
0,0,0
0,0,0
3,3,0
2,4,-2
1,2,-1
0,15,-15
6,3,3
2,8,-6
1,0,1
1,5,-4
15,15,0
3,3,0
1,0,1
4,7,-3
0,7,-7
4,4,0
8,12,-4
9,9,0
6,4,2
10,8,2
0,1,-1
0,0,0
5,8,-3
8,2,6
4,9,-5
1,1,0
1,1,0
1,3,-2
1,0,1
18,41,-23
11,39,-28
1,7,-6
0,0,0
8,13,-5
8,8,0
0,6,-6
4,3,1
0,26,-26
36,36,0
1,0,1
9,1,8
0,0,0
2,0,2
8,4,4
3,0,3
5,5,0
44,9,35
4,4,0
8,12,-4
5,1,4
5,4,1
8,8,0
1,4,-3
8,0,8
2,0,2
6,8,-2
0,5,-5
0,2,-2
47,3,44
1,0,1
9,11,-2
0,0,0
0,21,-21
12,11,1
1,2,-1
13,13,0
0,0,0
6,9,-3
42,25,17
1,1,0
4,0,4
6,7,-1
3,3,0
4,7,-3
28,43,-15
40,40,0
9,9,0
5,10,-5
0,0,0
0,0,0
1,1,0
5,5,0
2,7,-5
0,6,-6
0,5,-5
9,9,0
2,1,1
3,7,-4
0,9,-9
4,3,1
1,0,1
8,8,0
1,53,-52
0,10,-10
4,3,1
0,8,-8
3,3,0
5,5,0
3,3,0
2,3,-1
0,0,0
0,3,-3
0,1,-1
0,0,0
0,0,0
0,0,0
7,3,4
4,0,4
0,0,0
5,0,5
14,13,1
2,3,-1
3,2,1
0,16,-16
2,8,-6
5,5,0
3,7,-4
0,0,0
0,0,0
1,1,0
0,0,0
1,0,1
1,0,1
17,17,0
36,36,0
1,0,1
9,12,-3
3,13,-10
1,1,0
0,10,-10
4,2,2
8,13,-5
0,8,-8
3,2,1
6,1,5
4,27,-23
6,2,4
5,0,5
17,12,5
24,24,0
0,3,-3
1,4,-3
36,2,34
13,13,0
21,21,0
5,5,0
3,4,-1
3,1,2
1,0,1
2,2,0
1,0,1
10,6,4
2,0,2
1,5,-4
4,62,-58
6,2,4
0,19,-19
10,1,9
7,7,0
0,19,-19
0,0,0
24,1,23
0,0,0
7,7,0
1,7,-6
2,0,2
4,4,0
1,2,-1
1,4,-3
13,13,0
1,0,1
1,1,0
2,4,-2
0,0,0
0,2,-2
3,0,3
0,20,-20
4,10,-6
5,0,5
11,11,0
1,5,-4
8,6,2
5,0,5
1,10,-9
0,0,0
5,5,0
2,0,2
14,14,0
1,1,0
4,8,-4
3,9,-6
7,0,7
0,8,-8
10,32,-22
1,1,0
3,3,0
23,23,0
8,4,4
2,2,0
5,5,0
12,0,12
1,3,-2
0,1,-1
7,7,0
1,2,-1
0,0,0
3,2,1
3,6,-3
0,0,0
5,0,5
0,0,0
13,2,11
0,0,0
1,0,1
4,0,4
6,8,-2
24,6,18
4,1,3
6,14,-8
0,0,0
0,0,0
0,7,-7
10,10,0
0,4,-4
4,4,0
0,0,0
1,32,-31
6,0,6
12,22,-10
8,2,6
8,1,7
3,4,-1
21,4,17
0,0,0
0,0,0
0,2,-2
5,2,3
1,4,-3
0,0,0
6,4,2
6,13,-7
23,8,15
4,0,4
16,4,12
7,11,-4
7,15,-8
0,0,0
1,1,0
4,4,0
7,7,0
23,23,0
1,9,-8
1,0,1
0,3,-3
0,0,0
0,0,0
2,2,0
3,15,-12
22,2,20
14,9,5
14,3,11
2,24,-22
8,0,8
5,16,-11
21,0,21
2,0,2
12,12,0
13,13,0
42,20,22
0,0,0
1,0,1
1,0,1
21,1,20
36,27,9
4,4,0
51,9,42
4,4,0
0,19,-19
5,1,4
3,6,-3
3,1,2
2,4,-2
7,3,4
4,26,-22
2,0,2
7,18,-11
3,8,-5
0,4,-4
4,8,-4
0,0,0
9,8,1
2,2,0
5,1,4
16,13,3
7,6,1
4,4,0
0,4,-4
0,0,0
1,1,0
8,1,7
2,2,0
7,7,0
0,0,0
0,0,0
5,14,-9
1,0,1
12,28,-16
0,5,-5
9,3,6
3,18,-15
12,12,0
7,7,0
0,0,0
2,2,0
0,34,-34
7,12,-5
9,15,-6
6,18,-12
6,1,5
3,3,0
4,1,3
0,0,0
20,23,-3
9,42,-33
3,3,0
1,2,-1
6,1,5
9,9,0
1,0,1
8,0,8
0,22,-22
2,11,-9
0,8,-8
8,8,0
12,12,0
3,0,3
0,17,-17
1,0,1
3,0,3
1,8,-7
3,1,2
3,0,3
2,11,-9
4,4,0
3,6,-3
1,19,-18
0,0,0
5,5,0
0,0,0
20,14,6
1,0,1
1,1,0
4,1,3
3,8,-5
3,4,-1
9,19,-10
4,11,-7
0,0,0
0,0,0
1,0,1
18,13,5
0,1,-1
6,6,0
0,4,-4
1,1,0
2,12,-10
10,10,0
0,7,-7
3,0,3
6,7,-1
0,0,0
31,31,0
1,1,0
1,40,-39
4,17,-13
5,1,4
0,0,0
11,14,-3
1,0,1
8,2,6
2,0,2
4,8,-4
4,0,4
14,26,-12
7,3,4
0,0,0
21,12,9
0,0,0
0,22,-22
1,4,-3
17,9,8
9,4,5
6,1,5
0,0,0
0,0,0
11,11,0
0,0,0
4,4,0
5,1,4
1,1,0
0,24,-24
33,33,0
9,7,2
0,0,0
6,3,3
4,40,-36
2,16,-14
0,0,0
20,2,18
2,0,2
9,19,-10
0,0,0
0,0,0
0,0,0
13,13,0
3,3,0
22,0,22
9,16,-7
7,4,3
1,0,1
1,0,1
3,4,-1
1,0,1
1,0,1
43,24,19
2,2,0
0,0,0
24,24,0
1,14,-13
3,5,-2
5,0,5
1,0,1
0,7,-7
2,2,0
2,2,0
12,14,-2
17,3,14
0,0,0
33,3,30
10,0,10
2,0,2
7,0,7
0,0,0
11,0,11
2,0,2
0,8,-8
0,9,-9
3,3,0
2,2,0
22,22,0
1,40,-39
10,6,4
0,0,0
49,15,34
6,21,-15
13,13,0
3,16,-13
1,1,0
0,8,-8
0,21,-21
4,4,0
23,32,-9
5,5,0
5,0,5
5,5,0
9,7,2
4,5,-1
0,2,-2
7,0,7
6,0,6
11,0,11
40,40,0
19,19,0
0,0,0
13,13,0
33,19,14
15,13,2
1,0,1
1,1,0
14,14,0
1,1,0
26,26,0
0,10,-10
0,0,0
3,0,3
0,2,-2
3,0,3
6,6,0
4,5,-1
3,3,0
0,7,-7
1,0,1
1,1,0
0,1,-1
6,6,0
3,3,0
0,0,0
14,14,0
16,16,0
5,2,3
0,0,0
5,7,-2
6,3,3
3,8,-5
1,0,1
2,1,1
1,8,-7
3,9,-6
0,0,0
4,7,-3
10,10,0
6,1,5
1,12,-11
1,8,-7
25,2,23
8,16,-8
0,0,0
14,6,8
15,5,10
5,0,5
7,25,-18
13,26,-13
21,17,4
11,0,11
0,4,-4
12,12,0
2,9,-7
0,7,-7
1,10,-9
2,0,2
14,0,14
1,1,0
0,0,0
2,2,0
1,1,0
33,2,31
2,6,-4
2,0,2
2,9,-7
2,2,0
17,7,10
12,15,-3
10,10,0
14,14,0
2,8,-6
3,10,-7
0,0,0
0,8,-8
14,25,-11
1,2,-1
39,12,27
4,4,0
5,2,3
14,7,7
20,11,9
0,10,-10
0,3,-3
1,1,0
2,2,0
57,68,-11
0,11,-11
0,35,-35
24,24,0
21,21,0
7,7,0
2,14,-12
12,0,12
2,51,-49
1,12,-11
1,1,0
10,10,0
0,5,-5
1,0,1
4,0,4
0,11,-11
1,0,1
4,4,0
4,0,4
6,6,0
0,0,0
9,1,8
6,6,0
11,1,10
4,2,2
2,2,0
43,43,0
1,10,-9
0,0,0
8,63,-55
0,5,-5
4,4,0
4,4,0
2,0,2
8,10,-2
2,0,2
7,2,5
6,6,0
7,0,7
7,7,0
3,11,-8
0,0,0
2,7,-5
2,2,0
0,0,0
3,3,0
4,4,0
2,2,0
12,2,10
3,1,2
25,5,20
17,7,10
10,10,0
16,16,0
2,15,-13
0,22,-22
0,0,0
1,0,1
3,3,0
9,2,7
0,2,-2
2,7,-5
0,0,0
4,20,-16
2,30,-28
1,0,1
17,3,14
10,10,0
0,0,0
0,2,-2
12,12,0
9,13,-4
5,16,-11
2,32,-30
2,5,-3
16,16,0
0,7,-7
11,10,1
0,0,0
7,5,2
17,4,13
4,4,0
4,3,1
0,11,-11
13,0,13
6,14,-8
8,8,0
4,2,2
6,9,-3
2,2,0
6,21,-15
6,0,6
5,1,4
15,1,14
33,15,18
3,3,0
8,3,5
0,0,0
0,8,-8
3,3,0
0,0,0
4,0,4
3,3,0
6,6,0
4,0,4
1,3,-2
0,0,0
1,1,0
28,12,16
1,1,0
5,5,0
2,3,-1
14,12,2
0,10,-10
12,12,0
11,11,0
0,3,-3
0,0,0
27,27,0
6,6,0
0,0,0
8,34,-26
5,11,-6
10,0,10
10,1,9
3,0,3
5,9,-4
5,25,-20
27,13,14
26,28,-2
6,23,-17
7,0,7
21,9,12
8,0,8
4,5,-1
1,0,1
14,0,14
15,16,-1
25,3,22
0,0,0
2,2,0
7,10,-3
8,0,8
2,1,1
0,0,0
7,2,5
23,23,0
13,13,0
42,42,0
4,6,-2
0,0,0
8,8,0
6,8,-2
3,1,2
2,0,2
0,0,0
0,20,-20
0,0,0
19,26,-7
16,8,8
26,26,0
3,4,-1
45,10,35
0,5,-5
1,0,1
0,7,-7
1,2,-1
3,3,0
3,0,3
12,12,0
4,14,-10
2,1,1
6,0,6
8,8,0
24,14,10
7,7,0
4,16,-12
0,12,-12
7,0,7
45,45,0
5,0,5
9,9,0
7,7,0
30,7,23
0,0,0
2,5,-3
2,2,0
3,0,3
4,0,4
4,8,-4
4,4,0
0,0,0
9,9,0
0,2,-2
0,1,-1
8,8,0
1,50,-49
2,2,0
8,5,3
2,4,-2
6,6,0
14,14,0
3,9,-6
2,5,-3
5,15,-10
22,2,20
13,3,10
14,11,3
0,2,-2
3,13,-10
6,6,0
2,10,-8
1,5,-4
12,15,-3
23,23,0
8,42,-34
3,18,-15
2,0,2
0,0,0
1,1,0
20,2,18
5,12,-7
1,6,-5
0,9,-9
1,2,-1
17,7,10
8,4,4
5,21,-16
2,0,2
32,1,31
2,0,2
2,12,-10
5,8,-3
15,15,0
28,28,0
0,9,-9
2,5,-3
0,1,-1
2,4,-2
29,12,17
8,2,6
0,0,0
0,0,0
6,14,-8
2,0,2
0,11,-11
32,1,31
3,3,0
6,6,0
3,0,3
5,1,4
11,18,-7
16,19,-3
0,0,0
1,4,-3
9,9,0
2,0,2
3,6,-3
32,10,22
3,1,2
0,4,-4
60,43,17
0,0,0
0,0,0
4,4,0
0,0,0
0,0,0
0,3,-3
11,11,0
12,19,-7
10,10,0
0,13,-13
2,13,-11
0,0,0
2,1,1
0,0,0
2,2,0
11,6,5
14,14,0
8,8,0
5,1,4
6,10,-4
5,23,-18
2,2,0
19,19,0
1,0,1
1,10,-9
0,24,-24
0,0,0
2,9,-7
2,2,0
1,3,-2
6,11,-5
16,18,-2
14,14,0
2,0,2
1,1,0
22,25,-3
14,0,14
4,2,2
19,0,19
1,3,-2
1,0,1
11,11,0
11,11,0
12,8,4
20,0,20
13,13,0
14,10,4
1,0,1
48,48,0
2,9,-7
2,2,0
1,2,-1
0,8,-8
25,2,23
43,38,5
12,34,-22
5,5,0
14,10,4
0,0,0
0,4,-4
1,5,-4
23,24,-1
4,0,4
2,0,2
7,7,0
2,0,2
135,12,123
18,0,18
11,7,4
3,5,-2
2,8,-6
3,1,2
0,0,0
4,2,2
2,0,2
114,8,106
0,27,-27
0,10,-10
1,1,0
0,0,0
15,13,2
1,0,1
1,1,0
1,0,1
13,8,5
0,0,0
17,17,0
11,11,0
0,0,0
6,6,0
15,1,14
19,11,8
16,27,-11
20,8,12
6,47,-41
84,18,66
0,0,0
0,0,0
2,9,-7
4,0,4
1,13,-12
11,23,-12
3,0,3
0,0,0
9,0,9
1,0,1
0,23,-23
0,0,0
0,6,-6
0,8,-8
7,6,1
15,4,11
0,0,0
3,3,0
4,5,-1
3,3,0
4,0,4
1,1,0
14,5,9
6,18,-12
1,2,-1
2,6,-4
27,9,18
1,4,-3
8,8,0
3,0,3
1,1,0
5,5,0
2,0,2
2,0,2
7,7,0
0,0,0
0,0,0
11,0,11
1,37,-36
0,0,0
0,0,0
9,7,2
19,9,10
7,22,-15
1,0,1
4,1,3
1,0,1
3,15,-12
3,0,3
6,6,0
5,12,-7
2,2,0
17,21,-4
5,6,-1
7,4,3
0,0,0
0,2,-2
7,20,-13
42,9,33
6,6,0
0,3,-3
0,2,-2
0,0,0
3,0,3
16,16,0
0,3,-3
3,18,-15
1,1,0
1,0,1
3,0,3
4,19,-15
5,0,5
0,0,0
22,4,18
2,11,-9
0,1,-1
3,1,2
14,7,7
2,2,0
10,7,3
1,9,-8
7,0,7
2,1,1
6,0,6
0,0,0
1,1,0
1,1,0
7,7,0
0,0,0
0,0,0
0,0,0
0,19,-19
1,0,1
4,4,0
31,31,0
5,1,4
1,1,0
0,0,0
14,4,10
3,0,3
0,0,0
9,0,9
2,2,0
0,0,0
7,7,0
3,2,1
7,5,2
10,0,10
0,0,0
2,5,-3
15,6,9
2,12,-10
1,1,0
16,16,0
11,20,-9
3,3,0
0,0,0
8,0,8
4,6,-2
11,0,11
11,25,-14
1,17,-16
3,3,0
4,4,0
3,0,3
0,0,0
6,6,0
1,0,1
0,0,0
5,5,0
0,7,-7
9,4,5
9,9,0
1,1,0
26,17,9
13,13,0
1,1,0
2,22,-20
4,0,4
1,0,1
0,19,-19
0,2,-2
8,8,0
2,1,1
2,29,-27
0,1,-1
9,9,0
0,0,0
0,0,0
45,45,0
4,0,4
3,0,3
5,5,0
14,33,-19
0,5,-5
7,12,-5
5,0,5
5,0,5
12,14,-2
3,7,-4
8,8,0
42,10,32
3,7,-4
3,1,2
11,5,6
7,12,-5
6,0,6
1,0,1
20,20,0
18,0,18
9,1,8
7,37,-30
19,19,0
1,5,-4
8,13,-5
3,3,0
3,9,-6
8,6,2
11,1,10
6,6,0
11,16,-5
4,4,0
6,18,-12
7,7,0
2,0,2
0,13,-13
5,9,-4
3,3,0
1,1,0
1,6,-5
8,14,-6
4,0,4
4,23,-19
1,1,0
3,3,0
4,4,0
0,15,-15
8,8,0
2,4,-2
0,1,-1
31,16,15
5,0,5
5,7,-2
7,8,-1
1,0,1
0,0,0
10,10,0
11,0,11
9,0,9
0,0,0
4,3,1
3,24,-21
0,0,0
1,0,1
6,11,-5
11,3,8
1,35,-34
0,0,0
57,57,0
16,16,0
4,3,1
2,2,0
7,5,2
2,3,-1
5,5,0
0,0,0
1,0,1
4,0,4
2,38,-36
0,0,0
2,0,2
7,7,0
6,6,0
5,5,0
10,11,-1
6,1,5
9,1,8
2,2,0
4,7,-3
0,1,-1
44,44,0
1,0,1
0,0,0
2,2,0
13,13,0
2,0,2
1,8,-7
44,22,22
4,4,0
5,1,4
13,13,0
14,14,0
0,0,0
3,24,-21
1,1,0
5,0,5
2,2,0
0,0,0
1,2,-1
20,7,13
3,1,2
1,2,-1
3,6,-3
2,2,0
1,0,1
4,1,3
6,6,0
18,14,4
0,0,0
13,13,0
2,0,2
8,8,0
8,7,1
0,0,0
4,9,-5
2,6,-4
0,0,0
13,5,8
0,10,-10
1,1,0
3,2,1
31,7,24
18,18,0
6,34,-28
16,16,0
0,25,-25
5,0,5
6,6,0
4,4,0
0,0,0
20,14,6
4,1,3
9,9,0
0,9,-9
2,2,0
17,12,5
1,1,0
3,0,3
0,2,-2
0,14,-14
17,0,17
3,8,-5
13,2,11
2,8,-6
0,39,-39
12,12,0
3,10,-7
4,7,-3
3,1,2
0,1,-1
2,2,0
3,1,2
3,41,-38
1,2,-1
17,17,0
3,6,-3
7,1,6
0,4,-4
0,0,0
3,3,0
1,5,-4
5,13,-8
18,18,0
2,1,1
2,2,0
4,14,-10
36,30,6
0,3,-3
8,0,8
0,0,0
4,6,-2
2,25,-23
4,0,4
5,6,-1
3,0,3
18,6,12
2,2,0
10,10,0
13,2,11
2,2,0
0,2,-2
5,7,-2
0,13,-13
0,0,0
16,16,0
7,7,0
9,1,8
4,2,2
1,1,0
0,0,0
9,0,9
8,3,5
1,1,0
0,0,0
3,1,2
5,5,0
0,0,0
7,15,-8
1,5,-4
14,3,11
4,3,1
0,0,0
33,33,0
4,6,-2
6,6,0
7,6,1
5,8,-3
0,0,0
4,0,4
1,0,1
1,0,1
1,2,-1
0,5,-5
0,0,0
7,0,7
5,0,5
1,0,1
1,0,1
1,2,-1
5,0,5
0,0,0
0,29,-29
1,3,-2
0,0,0
2,2,0
28,20,8
3,3,0
12,0,12
6,6,0
6,14,-8
5,15,-10
4,5,-1
6,39,-33
10,10,0
14,3,11
5,5,0
15,15,0
0,0,0
2,2,0
2,6,-4
6,2,4
23,24,-1
4,1,3
6,5,1
33,19,14
3,3,0
4,5,-1
10,17,-7
0,1,-1
1,0,1
6,1,5
17,4,13
0,0,0
17,17,0
18,1,17
10,17,-7
23,23,0
10,7,3
2,2,0
2,2,0
2,0,2
23,4,19
0,0,0
18,1,17
0,0,0
1,10,-9
2,5,-3
8,5,3
20,20,0
6,2,4
26,0,26
0,0,0
29,27,2
8,8,0
2,16,-14
1,0,1
3,21,-18
4,24,-20
0,0,0
6,31,-25
17,17,0
4,1,3
1,1,0
9,47,-38
3,22,-19
1,23,-22
10,10,0
15,15,0
5,14,-9
6,7,-1
0,0,0
0,20,-20
8,19,-11
2,2,0
3,8,-5
0,0,0
20,13,7
2,1,1
4,0,4
9,2,7
7,5,2
9,9,0
13,1,12
1,10,-9
5,0,5
0,15,-15
13,0,13
0,5,-5
0,0,0
11,4,7
8,1,7
3,3,0
9,3,6
3,3,0
0,0,0
9,7,2
12,0,12
13,13,0
22,0,22
13,42,-29
0,0,0
2,0,2
1,1,0
1,19,-18
4,2,2
2,2,0
6,5,1
8,3,5
3,8,-5
3,9,-6
0,0,0
56,56,0
5,5,0
6,0,6
0,4,-4
0,0,0
0,0,0
9,2,7
0,0,0
24,24,0
9,19,-10
2,0,2
1,0,1
2,6,-4
101,101,0
2,19,-17
20,9,11
11,11,0
1,0,1
5,0,5
3,1,2
13,13,0
3,29,-26
12,9,3
5,4,1
3,9,-6
6,26,-20
2,0,2
8,5,3
1,1,0
16,17,-1
6,16,-10
0,2,-2
5,11,-6
7,1,6
6,1,5
9,14,-5
0,12,-12
2,2,0
1,1,0
0,0,0
19,20,-1
4,4,0
7,18,-11
5,2,3
4,4,0
6,32,-26
11,0,11
5,5,0
0,0,0
21,21,0
5,34,-29
2,7,-5
4,3,1
3,9,-6
16,1,15
2,13,-11
3,3,0
5,5,0
0,7,-7
0,0,0
7,7,0
4,1,3
7,6,1
1,1,0
2,2,0
1,1,0
8,0,8
6,6,0
1,1,0
21,21,0
3,3,0
6,14,-8
5,1,4
18,11,7
0,7,-7
0,4,-4
7,38,-31
0,0,0
0,1,-1
6,6,0
1,1,0
1,14,-13
1,3,-2
1,1,0
13,15,-2
7,4,3
0,0,0
5,6,-1
1,0,1
17,7,10
0,11,-11
5,2,3
0,0,0
9,2,7
0,0,0
11,11,0
11,6,5
5,0,5
1,1,0
0,0,0
1,0,1
7,7,0
0,0,0
0,0,0
11,0,11
1,1,0
0,0,0
1,1,0
1,5,-4
2,2,0
6,1,5
0,0,0
2,8,-6
20,20,0
9,21,-12
0,0,0
2,2,0
11,11,0
25,3,22
13,1,12
7,0,7
12,8,4
0,0,0
10,10,0
22,0,22
1,0,1
7,7,0
18,12,6
2,5,-3
6,0,6
15,8,7
0,0,0
2,13,-11
0,3,-3
0,2,-2
1,3,-2
10,3,7
0,0,0
15,15,0
6,8,-2
2,7,-5
3,3,0
37,8,29
21,7,14
1,0,1
0,0,0
0,0,0
36,0,36
0,0,0
1,8,-7
45,18,27
0,2,-2
11,7,4
3,59,-56
1,5,-4
1,6,-5
5,11,-6
1,1,0
3,1,2
0,4,-4
1,0,1
4,28,-24
3,11,-8
11,11,0
10,10,0
16,16,0
8,19,-11
2,0,2
1,13,-12
12,6,6
4,4,0
1,0,1
0,0,0
6,8,-2
0,0,0
7,38,-31
2,2,0
0,0,0
24,16,8
55,55,0
5,0,5
1,0,1
12,6,6
0,2,-2
1,3,-2
6,2,4
4,15,-11
34,0,34
0,0,0
0,0,0
18,6,12
18,11,7
1,0,1
2,7,-5
5,0,5
20,20,0
1,3,-2
1,19,-18
19,10,9
11,10,1
15,22,-7
23,6,17
18,1,17
5,5,0
0,0,0
0,0,0
14,14,0
1,14,-13
5,7,-2
5,13,-8
20,2,18
10,22,-12
2,0,2
4,2,2
5,5,0
0,1,-1
5,5,0
13,13,0
0,0,0
0,0,0
9,3,6
2,0,2
0,0,0
19,35,-16
11,11,0
0,0,0
2,2,0
3,3,0
0,0,0
75,31,44
11,10,1
21,21,0
10,10,0
1,0,1
8,0,8
7,7,0
0,0,0
3,5,-2
4,7,-3
8,0,8
4,3,1
1,0,1
5,5,0
0,3,-3
10,10,0
0,1,-1
9,2,7
13,23,-10
0,16,-16
1,10,-9
0,10,-10
16,7,9
5,0,5
0,7,-7
5,5,0
0,1,-1
0,0,0
8,0,8
5,0,5
0,0,0
3,7,-4
6,9,-3
24,0,24
0,0,0
27,27,0
1,1,0
0,28,-28
0,2,-2
62,14,48
0,1,-1
22,2,20
5,5,0
0,5,-5
12,12,0
2,7,-5
4,0,4
8,8,0
5,6,-1
5,5,0
6,0,6
0,0,0
51,28,23
0,2,-2
16,5,11
7,7,0
5,1,4
5,5,0
1,10,-9
0,4,-4
5,5,0
7,0,7
14,5,9
0,1,-1
10,10,0
0,2,-2
14,14,0
0,0,0
10,10,0
0,2,-2
1,19,-18
1,1,0
3,0,3
5,0,5
0,0,0
4,1,3
3,2,1
0,0,0
8,0,8
3,0,3
10,3,7
20,9,11
6,19,-13
13,13,0
1,0,1
19,19,0
35,35,0
2,0,2
6,6,0
8,18,-10
4,2,2
4,2,2
9,9,0
1,0,1
19,3,16
0,5,-5
1,1,0
4,4,0
0,0,0
1,1,0
0,3,-3
19,23,-4
3,0,3
5,2,3
3,1,2
0,0,0
0,0,0
6,0,6
14,1,13
1,1,0
0,0,0
14,14,0
1,0,1
1,1,0
7,4,3
0,4,-4
9,0,9
0,3,-3
31,9,22
5,5,0
46,46,0
19,38,-19
6,6,0
1,2,-1
4,3,1
8,19,-11
10,8,2
3,3,0
21,1,20
16,16,0
6,6,0
7,1,6
0,5,-5
22,11,11
4,4,0
25,25,0
30,13,17
3,0,3
6,5,1
5,5,0
0,2,-2
9,9,0
5,5,0
12,16,-4
2,0,2
5,3,2
6,2,4
6,2,4
0,3,-3
0,0,0
0,0,0
10,4,6
2,0,2
7,2,5
29,1,28
7,7,0
1,1,0
11,13,-2
1,1,0
2,1,1
1,14,-13
1,1,0
0,0,0
19,19,0
10,7,3
3,9,-6
2,2,0
12,6,6
5,1,4
1,1,0
8,8,0
4,0,4
2,0,2
10,36,-26
11,2,9
10,0,10
1,2,-1
39,2,37
5,7,-2
2,2,0
5,8,-3
0,5,-5
1,0,1
18,18,0
1,1,0
0,8,-8
20,15,5
6,9,-3
12,7,5
2,17,-15
4,8,-4
8,8,0
50,2,48
9,6,3
0,0,0
1,5,-4
2,0,2
16,1,15
0,11,-11
4,2,2
11,3,8
9,23,-14
0,0,0
43,23,20
7,7,0
1,40,-39
1,2,-1
8,0,8
19,0,19
0,9,-9
3,0,3
0,0,0
0,0,0
4,0,4
1,2,-1
0,2,-2
9,0,9
7,5,2
0,0,0
13,7,6
31,25,6
14,14,0
1,0,1
0,0,0
27,30,-3
9,23,-14
43,2,41
2,2,0
5,8,-3
11,11,0
2,3,-1
8,2,6
2,2,0
0,9,-9
14,2,12
7,12,-5
5,0,5
2,0,2
4,4,0
6,2,4
6,2,4
2,2,0
2,12,-10
2,3,-1
9,7,2
3,16,-13
10,10,0
12,8,4
0,0,0
1,11,-10
3,12,-9
0,0,0
2,1,1
0,29,-29
0,0,0
4,17,-13
0,6,-6
7,7,0
3,3,0
13,13,0
26,26,0
3,0,3
11,25,-14
0,0,0
61,26,35
5,1,4
7,7,0
17,5,12
0,0,0
9,9,0
12,12,0
5,5,0
0,0,0
2,5,-3
9,9,0
9,9,0
1,18,-17
6,9,-3
5,8,-3
60,1,59
4,0,4
2,2,0
1,1,0
3,3,0
21,3,18
0,0,0
0,3,-3
0,24,-24
0,9,-9
77,2,75
0,0,0
0,0,0
1,0,1
2,2,0
0,0,0
14,3,11
0,34,-34
3,3,0
7,11,-4
3,1,2
0,0,0
5,0,5
15,12,3
18,18,0
0,2,-2
1,1,0
0,1,-1
10,10,0
1,40,-39
10,4,6
6,3,3
5,5,0
2,8,-6
3,1,2
0,5,-5
13,6,7
7,58,-51
9,0,9
7,11,-4
11,6,5
1,0,1
1,1,0
3,7,-4
5,5,0
10,2,8
4,2,2
10,0,10
2,0,2
5,0,5
11,11,0
4,7,-3
1,3,-2
4,17,-13
4,10,-6
13,5,8
2,0,2
55,23,32
19,54,-35
1,1,0
3,8,-5
0,0,0
1,13,-12
4,0,4
18,5,13
2,0,2
18,7,11
1,0,1
0,2,-2
0,0,0
26,5,21
0,0,0
5,22,-17
0,15,-15
8,4,4
1,1,0
0,0,0
5,5,0
3,18,-15
3,1,2
6,5,1
2,3,-1
12,0,12
5,5,0
8,8,0
2,0,2
16,8,8
0,0,0
0,3,-3
10,10,0
2,2,0
34,34,0
7,7,0
2,2,0
4,20,-16
0,0,0
1,0,1
0,0,0
0,13,-13
0,2,-2
7,5,2
2,20,-18
34,34,0
18,11,7
28,29,-1
24,11,13
2,4,-2
9,8,1
6,16,-10
5,10,-5
5,24,-19
19,19,0
0,17,-17
0,0,0
20,2,18
1,2,-1
9,9,0
2,4,-2
6,16,-10
0,1,-1
11,6,5
5,5,0
0,0,0
13,9,4
3,3,0
0,2,-2
0,1,-1
3,2,1
3,3,0
4,1,3
2,2,0
6,0,6
25,4,21
10,4,6
12,12,0
0,0,0
4,4,0
3,17,-14
5,5,0
6,6,0
5,0,5
3,7,-4
1,0,1
6,1,5
4,5,-1
5,14,-9
14,14,0
12,12,0
0,0,0
11,11,0
17,12,5
5,4,1
15,28,-13
1,0,1
23,23,0
8,8,0
8,0,8
6,3,3
0,0,0
4,0,4
3,9,-6
0,0,0
14,17,-3
7,14,-7
13,18,-5
2,1,1
4,3,1
0,0,0
1,1,0
1,1,0
0,0,0
4,10,-6
0,0,0
1,1,0
13,3,10
20,13,7
6,16,-10
26,48,-22
0,15,-15
6,4,2
19,13,6
1,8,-7
0,7,-7
7,0,7
4,10,-6
10,3,7
11,11,0
11,1,10
0,1,-1
24,29,-5
6,0,6
2,6,-4
1,0,1
16,16,0
4,4,0
1,1,0
0,35,-35
1,1,0
3,0,3
0,0,0
5,5,0
0,0,0
0,0,0
3,0,3
12,30,-18
5,10,-5
9,6,3
9,2,7
37,37,0
5,2,3
7,24,-17
8,35,-27
1,1,0
6,2,4
0,19,-19
18,18,0
13,8,5
0,1,-1
1,0,1
0,0,0
0,0,0
1,0,1
0,2,-2
12,5,7
9,9,0
2,0,2
1,14,-13
14,14,0
0,0,0
3,3,0
21,13,8
7,1,6
5,3,2
6,6,0
3,0,3
13,21,-8
0,30,-30
10,53,-43
4,1,3
7,26,-19
0,3,-3
0,0,0
25,20,5
1,0,1
0,23,-23
0,10,-10
2,0,2
5,2,3
10,2,8
0,2,-2
18,0,18
7,7,0
1,9,-8
12,12,0
4,4,0
0,0,0
0,0,0
1,2,-1
4,4,0
0,2,-2
0,0,0
2,0,2
1,0,1
2,3,-1
11,11,0
5,5,0
0,6,-6
0,0,0
5,10,-5
6,6,0
0,0,0
0,5,-5
3,6,-3
42,39,3
2,2,0
0,4,-4
4,2,2
0,0,0
32,22,10
0,0,0
2,2,0
54,7,47
6,6,0
0,11,-11
22,0,22
4,7,-3
2,0,2
1,0,1
2,8,-6
0,0,0
0,2,-2
18,18,0
7,0,7
4,4,0
4,0,4
8,0,8
2,1,1
7,7,0
11,14,-3
2,2,0
1,0,1
7,0,7
0,4,-4
0,7,-7
3,5,-2
1,3,-2
9,2,7
0,0,0
6,25,-19
5,5,0
0,0,0
0,0,0
1,1,0
1,0,1
24,12,12
4,4,0
5,9,-4
0,0,0
10,16,-6
10,0,10
0,22,-22
12,2,10
5,7,-2
0,0,0
38,38,0
5,0,5
9,18,-9
2,0,2
1,0,1
4,4,0
1,0,1
24,15,9
6,15,-9
1,17,-16
2,9,-7
27,1,26
0,0,0
4,0,4
11,11,0
0,1,-1
8,1,7
6,5,1
0,0,0
8,28,-20
1,1,0
10,6,4
10,10,0
4,4,0
1,4,-3
1,1,0
2,3,-1
11,1,10
0,6,-6
23,23,0
0,0,0
5,10,-5
34,6,28
26,5,21
0,0,0
3,3,0
16,9,7
14,14,0
11,26,-15
7,0,7
0,5,-5
2,8,-6
0,2,-2
0,14,-14
7,13,-6
13,13,0
2,4,-2
2,11,-9
8,6,2
2,2,0
5,1,4
2,13,-11
0,1,-1
40,35,5
3,4,-1
13,13,0
1,1,0
1,10,-9
6,23,-17
3,0,3
6,12,-6
0,0,0
2,1,1
1,1,0
0,0,0
2,11,-9
2,0,2
6,6,0
1,0,1
0,0,0
6,6,0
0,0,0
0,2,-2
10,17,-7
8,3,5
0,0,0
0,1,-1
33,1,32
0,0,0
4,0,4
66,3,63
0,0,0
17,17,0
3,4,-1
0,0,0
0,0,0
1,10,-9
3,4,-1
5,0,5
3,3,0
15,7,8
5,6,-1
7,7,0
10,8,2
7,8,-1
5,13,-8
3,0,3
0,3,-3
18,18,0
5,5,0
1,0,1
3,18,-15
7,7,0
1,1,0
0,6,-6
4,4,0
11,4,7
5,5,0
0,0,0
8,8,0
2,23,-21
2,5,-3
24,8,16
2,7,-5
5,5,0
9,18,-9
6,4,2
3,3,0
49,49,0
17,17,0
0,1,-1
9,0,9
4,1,3
9,8,1
7,7,0
14,0,14
12,26,-14
0,0,0
1,13,-12
7,7,0
1,14,-13
4,2,2
8,6,2
1,14,-13
0,0,0
0,7,-7
21,6,15
0,0,0
1,0,1
20,7,13
7,7,0
0,1,-1
2,2,0
7,2,5
0,2,-2
0,12,-12
9,12,-3
10,0,10
0,14,-14
0,6,-6
35,53,-18
0,0,0
26,4,22
4,0,4
17,30,-13
9,3,6
0,1,-1
1,2,-1
2,0,2
1,1,0
1,1,0
10,11,-1
8,19,-11
0,0,0
30,4,26
11,10,1
10,30,-20
0,0,0
0,0,0
4,4,0
1,8,-7
4,4,0
6,9,-3
9,4,5
0,0,0
2,16,-14
10,1,9
2,5,-3
4,4,0
2,2,0
1,1,0
3,9,-6
2,5,-3
1,0,1
5,3,2
8,14,-6
14,14,0
0,0,0
4,13,-9
0,9,-9
6,8,-2
17,6,11
0,16,-16
0,17,-17
6,3,3
12,12,0
5,5,0
5,5,0
0,2,-2
2,2,0
0,12,-12
7,7,0
2,2,0
10,4,6
4,0,4
0,0,0
0,0,0
0,0,0
16,4,12
8,0,8
0,0,0
6,13,-7
6,6,0
1,0,1
45,5,40
8,8,0
0,3,-3
4,4,0
2,3,-1
1,0,1
6,0,6
1,0,1
0,11,-11
3,11,-8
7,0,7
36,7,29
1,1,0
18,18,0
0,0,0
2,2,0
8,0,8
5,5,0
5,5,0
7,7,0
1,1,0
0,0,0
13,1,12
0,0,0
4,7,-3
1,0,1
4,0,4
19,2,17
5,0,5
4,1,3
0,3,-3
22,22,0
0,0,0
4,15,-11
2,15,-13
0,0,0
6,3,3
1,0,1
2,2,0
0,0,0
0,27,-27
4,0,4
2,11,-9
0,0,0
1,6,-5
1,0,1
1,1,0
7,2,5
0,1,-1
10,5,5
13,13,0
5,2,3
7,1,6
8,19,-11
0,11,-11
1,0,1
3,0,3
3,3,0
2,1,1
0,0,0
0,0,0
3,3,0
9,9,0
2,2,0
2,29,-27
7,0,7
2,16,-14
3,3,0
4,4,0
6,6,0
0,0,0
8,8,0
25,5,20
1,1,0
14,21,-7
0,0,0
16,2,14
2,12,-10
0,2,-2
1,4,-3
1,1,0
0,0,0
14,8,6
2,2,0
13,26,-13
7,32,-25
0,5,-5
16,16,0
2,1,1
2,7,-5
63,63,0
16,10,6
0,2,-2
23,2,21
8,8,0
1,26,-25
17,1,16
3,4,-1
83,83,0
1,28,-27
1,15,-14
29,25,4
29,29,0
7,2,5
1,0,1
0,1,-1
1,0,1
2,8,-6
10,10,0
37,0,37
0,16,-16
0,0,0
3,0,3
1,7,-6
3,0,3
27,18,9
11,11,0
19,8,11
14,0,14
9,20,-11
20,2,18
35,2,33
19,5,14
5,1,4
4,24,-20
1,4,-3
5,0,5
17,2,15
6,8,-2
14,10,4
1,1,0
6,6,0
4,0,4
3,0,3
1,1,0
0,10,-10
2,2,0
2,10,-8
14,6,8
0,0,0
0,4,-4
1,12,-11
4,10,-6
0,0,0
3,0,3
4,1,3
2,2,0
5,23,-18
0,16,-16
18,17,1
0,0,0
27,27,0
34,4,30
7,4,3
1,0,1
5,0,5
6,4,2
12,24,-12
9,9,0
9,7,2
4,4,0
1,1,0
4,4,0
4,4,0
16,2,14
0,0,0
16,16,0
0,2,-2
7,8,-1
5,6,-1
1,2,-1
0,0,0
6,6,0
2,3,-1
0,0,0
0,0,0
0,6,-6
2,7,-5
2,30,-28
0,0,0
4,13,-9
8,1,7
2,10,-8
29,1,28
54,12,42
2,2,0
1,0,1
4,12,-8
9,26,-17
10,15,-5
6,6,0
0,0,0
0,3,-3
16,16,0
2,9,-7
2,2,0
133,133,0
1,0,1
2,7,-5
0,3,-3
24,19,5
5,5,0
3,3,0
1,3,-2
18,9,9
44,44,0
1,1,0
10,0,10
11,2,9
6,17,-11
1,13,-12
11,8,3
0,0,0
11,3,8
14,14,0
0,0,0
0,2,-2
1,1,0
3,3,0
33,0,33
0,0,0
23,0,23
0,8,-8
7,12,-5
30,14,16
0,25,-25
3,3,0
2,2,0
0,8,-8
3,0,3
12,4,8
8,8,0
1,5,-4
0,0,0
5,19,-14
6,8,-2
19,17,2
13,13,0
6,14,-8
15,1,14
20,5,15
1,5,-4
7,0,7
1,1,0
5,2,3
16,5,11
2,2,0
2,5,-3
1,5,-4
42,24,18
2,1,1
28,28,0
1,11,-10
1,1,0
2,8,-6
0,2,-2
23,24,-1
12,11,1
8,15,-7
21,21,0
0,23,-23
0,0,0
3,0,3
1,21,-20
2,1,1
0,7,-7
8,13,-5
0,14,-14
22,22,0
3,12,-9
1,0,1
24,24,0
1,1,0
0,0,0
5,55,-50
1,5,-4
6,1,5
0,0,0
7,7,0
0,43,-43
1,1,0
18,3,15
7,25,-18
0,3,-3
12,12,0
4,1,3
6,10,-4
1,1,0
6,10,-4
33,33,0
9,1,8
11,0,11
18,9,9
2,1,1
2,2,0
1,2,-1
4,0,4
1,0,1
6,0,6
0,3,-3
16,24,-8
0,0,0
0,4,-4
16,3,13
1,2,-1
4,0,4
1,0,1
2,23,-21
0,8,-8
16,16,0
6,6,0
9,9,0
23,0,23
38,38,0
3,1,2
0,0,0
1,0,1
5,5,0
6,6,0
0,0,0
8,48,-40
50,20,30
7,11,-4
11,44,-33
19,19,0
1,0,1
0,0,0
1,4,-3
1,14,-13
31,5,26
31,31,0
2,2,0
0,0,0
0,6,-6
2,0,2
14,18,-4
0,0,0
1,1,0
6,2,4
2,0,2
1,25,-24
2,0,2
2,0,2
0,0,0
7,16,-9
28,7,21
4,0,4
1,0,1
1,3,-2
0,27,-27
3,3,0
0,0,0
0,1,-1
15,3,12
0,7,-7
39,14,25
27,27,0
7,7,0
1,10,-9
12,5,7
1,1,0
4,0,4
0,0,0
2,2,0
0,0,0
8,10,-2
1,0,1
12,0,12
13,13,0
7,4,3
10,10,0
0,3,-3
1,1,0
9,22,-13
2,0,2
17,3,14
1,0,1
3,0,3
3,9,-6
0,0,0
5,31,-26
1,2,-1
7,22,-15
22,45,-23
3,0,3
0,2,-2
0,0,0
5,4,1
0,0,0
12,9,3
0,6,-6
8,8,0
13,13,0
7,7,0
0,6,-6
0,0,0
2,3,-1
4,0,4
3,9,-6
6,16,-10
3,3,0
15,3,12
12,29,-17
2,2,0
2,2,0
0,15,-15
81,35,46
17,2,15
0,0,0
1,4,-3
8,5,3
27,2,25
3,7,-4
6,1,5
3,3,0
7,1,6
5,5,0
8,0,8
0,7,-7
3,10,-7
9,8,1
0,0,0
4,1,3
2,2,0
6,4,2
14,15,-1
0,0,0
53,2,51
2,11,-9
39,4,35
2,2,0
0,7,-7
0,0,0
5,4,1
15,15,0
5,13,-8
16,17,-1
12,4,8
3,12,-9
11,6,5
78,78,0
3,19,-16
10,5,5
7,0,7
14,22,-8
11,0,11
7,9,-2
2,20,-18
42,8,34
0,0,0
2,2,0
14,16,-2
5,5,0
3,12,-9
2,2,0
15,12,3
5,13,-8
19,8,11
20,12,8
12,5,7
1,0,1
1,0,1
5,0,5
14,3,11
1,0,1
2,9,-7
4,0,4
9,9,0
5,5,0
1,1,0
3,0,3
9,9,0
0,0,0
4,32,-28
1,1,0
0,0,0
2,1,1
0,0,0
14,0,14
38,38,0
7,10,-3
0,0,0
10,21,-11
0,17,-17
0,0,0
3,6,-3
0,2,-2
28,6,22
9,2,7
18,12,6
4,0,4
4,4,0
4,9,-5
0,0,0
1,0,1
7,7,0
6,3,3
0,0,0
1,0,1
24,3,21
15,17,-2
4,5,-1
2,2,0
0,0,0
3,0,3
1,0,1
21,18,3
28,25,3
0,0,0
5,13,-8
2,2,0
1,0,1
5,1,4
2,0,2
4,5,-1
11,2,9
6,6,0
0,1,-1
1,2,-1
8,10,-2
5,2,3
1,0,1
0,0,0
1,0,1
8,20,-12
25,1,24
2,8,-6
2,5,-3
8,8,0
0,0,0
2,2,0
0,0,0
6,6,0
1,1,0
2,2,0
21,2,19
4,0,4
15,12,3
0,16,-16
6,6,0
2,0,2
2,2,0
0,0,0
1,8,-7
10,3,7
5,5,0
7,1,6
18,18,0
31,15,16
0,0,0
18,18,0
6,17,-11
4,2,2
1,1,0
0,0,0
0,0,0
17,22,-5
2,5,-3
6,0,6
2,1,1
0,16,-16
0,0,0
4,17,-13
0,28,-28
3,12,-9
3,0,3
20,1,19
0,3,-3
1,0,1
6,0,6
1,12,-11
5,19,-14
6,0,6
7,42,-35
27,9,18
6,0,6
16,0,16
0,12,-12
9,20,-11
17,4,13
10,9,1
1,0,1
25,25,0
1,0,1
0,0,0
0,2,-2
0,12,-12
0,0,0
13,13,0
5,5,0
1,0,1
8,8,0
5,2,3
12,12,0
1,1,0
16,21,-5
0,0,0
2,16,-14
7,4,3
11,7,4
18,18,0
9,1,8
1,1,0
1,0,1
0,2,-2
1,0,1
15,36,-21
0,0,0
4,33,-29
58,29,29
9,9,0
1,1,0
2,0,2
6,0,6
0,0,0
8,0,8
9,7,2
1,0,1
0,0,0
10,5,5
0,19,-19
9,0,9
9,25,-16
0,5,-5
0,0,0
11,17,-6
3,3,0
15,15,0
10,55,-45
14,14,0
0,0,0
5,8,-3
5,5,0
1,0,1
2,0,2
7,29,-22
0,1,-1
1,12,-11
0,7,-7
0,1,-1
0,0,0
14,1,13
7,7,0
1,1,0
25,25,0
27,8,19
4,9,-5
0,0,0
3,3,0
9,10,-1
0,0,0
2,8,-6
0,0,0
3,5,-2
12,0,12
8,8,0
0,0,0
4,0,4
18,18,0
21,21,0
14,13,1
3,0,3
16,11,5
8,7,1
0,0,0
1,1,0
26,18,8
0,0,0
7,3,4
0,0,0
0,0,0
7,7,0
0,5,-5
2,1,1
4,4,0
1,0,1
3,3,0
9,53,-44
5,0,5
1,1,0
6,10,-4
4,0,4
0,0,0
1,0,1
3,18,-15
18,18,0
14,11,3
2,2,0
2,0,2
4,11,-7
11,11,0
5,2,3
6,6,0
12,34,-22
2,0,2
11,9,2
5,0,5
10,1,9
11,2,9
0,0,0
4,0,4
2,2,0
10,1,9
14,24,-10
10,1,9
29,29,0
7,2,5
0,4,-4
0,17,-17
32,15,17
12,20,-8
4,0,4
8,6,2
11,39,-28
12,12,0
4,14,-10
3,3,0
3,3,0
10,26,-16
16,16,0
4,2,2
24,24,0
5,1,4
5,1,4
24,45,-21
19,19,0
3,8,-5
3,0,3
1,7,-6
2,2,0
5,0,5
2,2,0
0,20,-20
1,0,1
3,4,-1
3,0,3
12,11,1
3,9,-6
2,2,0
0,0,0
3,7,-4
28,18,10
3,13,-10
3,0,3
19,36,-17
1,0,1
1,20,-19
0,1,-1
5,5,0
8,8,0
0,0,0
3,0,3
32,15,17
1,1,0
6,3,3
1,0,1
11,12,-1
1,1,0
6,6,0
7,0,7
10,19,-9
8,0,8
1,0,1
0,0,0
9,9,0
9,9,0
19,19,0
6,6,0
2,25,-23
14,14,0
7,4,3
0,0,0
0,0,0
1,0,1
18,7,11
4,1,3
3,6,-3
8,7,1
11,11,0
2,2,0
11,11,0
16,0,16
13,9,4
1,19,-18
6,0,6
0,11,-11
2,2,0
4,1,3
5,6,-1
1,0,1
5,4,1
22,22,0
1,1,0
9,4,5
37,1,36
7,16,-9
0,22,-22
5,8,-3
19,19,0
7,0,7
0,4,-4
6,19,-13
0,0,0
0,4,-4
5,7,-2
1,0,1
0,0,0
12,4,8
1,1,0
5,2,3
24,7,17
0,1,-1
11,8,3
7,9,-2
6,0,6
0,0,0
1,11,-10
0,0,0
53,53,0
11,12,-1
0,0,0
2,4,-2
0,1,-1
13,1,12
0,0,0
0,2,-2
1,1,0
1,0,1
0,0,0
1,1,0
0,0,0
1,9,-8
24,24,0
1,4,-3
28,28,0
3,26,-23
2,8,-6
10,12,-2
20,36,-16
9,6,3
0,0,0
7,8,-1
0,1,-1
1,24,-23
0,0,0
1,7,-6
2,5,-3
4,14,-10
1,0,1
24,24,0
0,0,0
2,9,-7
0,1,-1
2,16,-14
0,0,0
12,2,10
7,7,0
15,14,1
0,0,0
10,1,9
25,10,15
0,4,-4
2,2,0
32,32,0
2,3,-1
1,6,-5
2,2,0
10,1,9
0,4,-4
0,15,-15
0,2,-2
0,0,0
0,8,-8
44,22,22
3,20,-17
17,17,0
6,3,3
11,6,5
5,1,4
1,7,-6
6,3,3
12,5,7
2,2,0
3,12,-9
0,0,0
6,32,-26
0,0,0
2,13,-11
17,3,14
5,0,5
18,1,17
2,2,0
11,3,8
11,12,-1
1,4,-3
21,1,20
4,0,4
4,4,0
0,0,0
0,1,-1
6,25,-19
1,0,1
1,1,0
11,11,0
0,12,-12
10,10,0
9,26,-17
28,4,24
1,2,-1
16,7,9
2,7,-5
0,0,0
1,11,-10
4,1,3
9,9,0
14,8,6
11,11,0
5,5,0
1,2,-1
1,2,-1
8,8,0
16,16,0
0,2,-2
3,1,2
13,2,11
2,3,-1
2,0,2
26,12,14
1,1,0
26,6,20
7,4,3
2,13,-11
3,19,-16
4,4,0
5,0,5
3,0,3
26,3,23
6,0,6
5,15,-10
23,10,13
4,11,-7
20,22,-2
6,7,-1
13,21,-8
0,1,-1
6,13,-7
4,3,1
8,0,8
0,37,-37
60,8,52
2,0,2
0,0,0
2,3,-1
1,7,-6
3,0,3
1,7,-6
0,23,-23
6,25,-19
0,0,0
11,1,10
16,16,0
11,0,11
6,6,0
8,7,1
1,0,1
7,5,2
8,0,8
13,0,13
1,1,0
1,5,-4
11,19,-8
1,0,1
0,0,0
9,1,8
5,5,0
9,10,-1
3,0,3
8,2,6
2,6,-4
6,6,0
46,6,40
0,3,-3
0,2,-2
0,0,0
11,0,11
7,12,-5
1,0,1
0,0,0
12,23,-11
5,5,0
3,3,0
1,2,-1
0,0,0
18,18,0
4,2,2
0,0,0
1,0,1
2,2,0
1,0,1
31,3,28
1,1,0
2,3,-1
1,0,1
2,2,0
8,1,7
7,0,7
12,1,11
1,1,0
3,3,0
14,15,-1
11,0,11
11,7,4
1,11,-10
2,0,2
0,6,-6
3,5,-2
41,3,38
9,0,9
1,0,1
0,0,0
3,0,3
22,9,13
21,4,17
19,19,0
7,7,0
19,12,7
5,5,0
1,1,0
3,3,0
5,0,5
6,1,5
7,1,6
0,0,0
2,1,1
8,0,8
1,0,1
2,3,-1
36,3,33
1,0,1
0,0,0
1,3,-2
0,23,-23
20,1,19
7,7,0
2,8,-6
6,6,0
1,23,-22
3,1,2
1,1,0
1,7,-6
7,0,7
0,0,0
5,3,2
8,8,0
2,16,-14
12,46,-34
2,16,-14
13,13,0
1,1,0
2,2,0
0,7,-7
0,2,-2
6,6,0
1,6,-5
1,1,0
3,3,0
3,2,1
35,4,31
0,0,0
29,19,10
4,13,-9
5,3,2
3,5,-2
4,2,2
4,4,0
19,65,-46
2,1,1
0,5,-5
10,1,9
8,0,8
8,8,0
3,1,2
10,10,0
0,0,0
32,2,30
1,1,0
1,12,-11
6,3,3
14,1,13
5,7,-2
6,0,6
18,37,-19
2,14,-12
3,3,0
9,3,6
3,3,0
6,0,6
2,2,0
32,32,0
9,9,0
2,2,0
4,4,0
14,2,12
0,0,0
1,2,-1
0,1,-1
6,6,0
11,25,-14
8,2,6
23,1,22
8,8,0
4,3,1
3,3,0
1,0,1
4,4,0
0,0,0
10,10,0
3,1,2
6,10,-4
10,0,10
0,0,0
5,4,1
22,16,6
3,3,0
13,13,0
16,16,0
8,0,8
17,17,0
5,2,3
1,1,0
3,3,0
0,0,0
0,2,-2
7,16,-9
39,39,0
0,0,0
10,1,9
4,2,2
3,0,3
5,5,0
10,24,-14
1,0,1
0,0,0
0,0,0
8,15,-7
0,0,0
32,1,31
15,21,-6
7,0,7
2,0,2
30,5,25
1,2,-1
11,6,5
16,17,-1
10,1,9
2,2,0
10,34,-24
13,13,0
0,0,0
3,0,3
6,3,3
9,13,-4
1,15,-14
2,2,0
1,7,-6
28,17,11
1,0,1
16,10,6
0,1,-1
0,0,0
0,0,0
0,3,-3
9,9,0
3,26,-23
5,2,3
29,28,1
10,7,3
0,0,0
0,0,0
2,11,-9
3,2,1
0,0,0
0,0,0
5,0,5
1,0,1
0,0,0
0,0,0
5,5,0
6,11,-5
0,14,-14
1,16,-15
3,0,3
0,0,0
12,12,0
7,37,-30
19,8,11
2,1,1
0,1,-1
3,3,0
1,1,0
0,12,-12
13,4,9
27,27,0
0,0,0
3,3,0
0,0,0
0,1,-1
15,0,15
17,3,14
11,4,7
9,16,-7
8,10,-2
13,9,4
12,4,8
5,3,2
0,0,0
1,15,-14
3,3,0
8,8,0
0,0,0
2,0,2
0,8,-8
24,1,23
3,0,3
16,32,-16
11,38,-27
1,1,0
4,4,0
2,8,-6
2,2,0
7,17,-10
10,12,-2
0,0,0
0,0,0
5,1,4
0,0,0
0,0,0
0,34,-34
5,0,5
0,0,0
12,2,10
3,15,-12
2,3,-1
0,44,-44
6,6,0
9,6,3
13,13,0
24,24,0
1,1,0
0,0,0
1,11,-10
4,4,0
2,5,-3
4,6,-2
3,3,0
5,32,-27
18,6,12
11,36,-25
1,9,-8
2,7,-5
1,1,0
12,31,-19
15,1,14
15,15,0
14,4,10
2,7,-5
0,0,0
0,0,0
10,29,-19
3,14,-11
4,4,0
0,1,-1
15,15,0
3,3,0
5,5,0
6,10,-4
0,0,0
8,3,5
2,20,-18
2,0,2
0,16,-16
17,2,15
11,11,0
1,7,-6
3,3,0
0,0,0
8,0,8
48,19,29
0,6,-6
4,12,-8
16,29,-13
3,4,-1
3,0,3
10,4,6
11,5,6
9,1,8
6,6,0
16,4,12
12,3,9
4,0,4
2,1,1
1,1,0
6,4,2
11,5,6
1,5,-4
0,0,0
1,7,-6
1,1,0
0,5,-5
4,4,0
0,0,0
2,2,0
17,20,-3
3,1,2
8,8,0
20,24,-4
2,0,2
4,0,4
32,32,0
3,24,-21
0,0,0
4,6,-2
1,0,1
7,6,1
4,15,-11
21,21,0
0,0,0
1,0,1
3,0,3
4,6,-2
7,12,-5
10,10,0
6,9,-3
49,49,0
12,0,12
17,12,5
7,0,7
2,2,0
4,2,2
0,0,0
18,18,0
0,0,0
1,1,0
3,18,-15
3,4,-1
8,1,7
3,3,0
35,24,11
5,0,5
2,2,0
2,8,-6
11,11,0
6,6,0
1,0,1
0,14,-14
1,11,-10
0,2,-2
1,1,0
6,3,3
8,20,-12
1,16,-15
25,25,0
37,37,0
7,6,1
18,21,-3
7,10,-3
0,0,0
7,15,-8
0,7,-7
0,0,0
0,23,-23
9,4,5
11,4,7
7,25,-18
11,1,10
1,2,-1
3,0,3
1,2,-1
11,20,-9
8,29,-21
21,2,19
0,0,0
2,4,-2
7,7,0
6,0,6
6,11,-5
0,42,-42
7,24,-17
3,3,0
1,0,1
2,0,2
5,3,2
10,0,10
1,37,-36
4,18,-14
1,0,1
18,15,3
1,28,-27
19,11,8
0,2,-2
16,16,0
0,0,0
11,2,9
28,28,0
1,31,-30
10,10,0
1,1,0
0,0,0
0,0,0
1,2,-1
6,22,-16
8,8,0
1,1,0
3,3,0
0,2,-2
1,8,-7
6,20,-14
9,14,-5
0,4,-4
7,15,-8
27,27,0
5,5,0
49,4,45
1,1,0
2,0,2
1,3,-2
24,5,19
10,10,0
27,4,23
9,6,3
0,0,0
5,5,0
4,3,1
1,0,1
26,26,0
8,16,-8
10,7,3
10,6,4
0,2,-2
2,2,0
0,0,0
4,10,-6
5,5,0
4,5,-1
0,0,0
0,0,0
2,2,0
4,6,-2
14,7,7
1,1,0
6,5,1
2,2,0
28,8,20
1,1,0
18,18,0
2,0,2
1,29,-28
7,40,-33
7,7,0
7,7,0
1,5,-4
0,15,-15
10,0,10
3,0,3
0,6,-6
26,7,19
10,10,0
11,1,10
21,20,1
0,0,0
0,3,-3
48,6,42
0,0,0
11,6,5
3,0,3
2,1,1
24,24,0
8,8,0
13,3,10
8,15,-7
0,2,-2
0,0,0
0,3,-3
1,10,-9
0,0,0
1,0,1
0,0,0
8,4,4
15,4,11
0,0,0
3,3,0
11,11,0
9,0,9
9,11,-2
8,12,-4
2,5,-3
2,2,0
1,1,0
8,8,0
16,35,-19
1,1,0
8,10,-2
8,6,2
6,6,0
0,0,0
1,0,1
7,4,3
21,21,0
0,4,-4
11,16,-5
1,2,-1
14,4,10
4,50,-46
7,7,0
5,13,-8
8,7,1
0,0,0
0,0,0
10,23,-13
0,0,0
0,45,-45
4,1,3
2,0,2
12,7,5
0,4,-4
6,3,3
0,27,-27
6,6,0
0,0,0
2,34,-32
14,8,6
2,1,1
1,2,-1
1,1,0
9,9,0
17,4,13
0,2,-2
0,0,0
1,1,0
7,0,7
25,14,11
2,7,-5
2,9,-7
2,0,2
1,1,0
14,12,2
10,23,-13
10,1,9
1,5,-4
7,7,0
1,7,-6
3,1,2
5,33,-28
14,0,14
0,2,-2
0,0,0
16,0,16
5,0,5
9,2,7
1,1,0
8,2,6
3,3,0
0,39,-39
0,0,0
8,0,8
12,9,3
0,0,0
1,1,0
2,0,2
0,0,0
11,11,0
3,0,3
0,0,0
20,14,6
0,0,0
4,4,0
10,1,9
28,3,25
3,5,-2
7,3,4
0,0,0
3,3,0
10,10,0
2,0,2
3,0,3
1,0,1
11,18,-7
1,1,0
12,1,11
1,2,-1
1,0,1
4,4,0
10,10,0
15,15,0
0,0,0
1,1,0
4,4,0
4,0,4
3,5,-2
1,8,-7
0,0,0
7,30,-23
2,1,1
4,3,1
4,27,-23
2,13,-11
1,0,1
3,1,2
2,1,1
2,2,0
4,4,0
0,0,0
2,0,2
2,2,0
0,0,0
10,10,0
10,10,0
1,3,-2
3,3,0
5,5,0
11,36,-25
10,10,0
4,7,-3
46,0,46
9,6,3
6,1,5
1,2,-1
14,14,0
1,16,-15
11,11,0
1,7,-6
4,3,1
39,73,-34
1,1,0
2,40,-38
9,0,9
0,0,0
33,1,32
3,17,-14
0,0,0
1,9,-8
3,5,-2
27,4,23
15,15,0
8,8,0
5,5,0
8,6,2
4,8,-4
3,0,3
4,0,4
5,6,-1
0,7,-7
0,0,0
11,0,11
2,2,0
8,8,0
1,8,-7
2,2,0
15,15,0
20,25,-5
22,2,20
10,3,7
1,1,0
6,6,0
0,0,0
13,0,13
4,0,4
1,0,1
3,27,-24
12,12,0
10,10,0
5,7,-2
0,0,0
41,20,21
3,3,0
0,4,-4
0,0,0
0,0,0
5,0,5
2,0,2
0,0,0
10,6,4
23,6,17
6,9,-3
3,0,3
0,0,0
12,12,0
10,10,0
0,5,-5
13,29,-16
14,14,0
42,42,0
3,4,-1
1,1,0
23,11,12
1,10,-9
2,21,-19
4,0,4
25,18,7
4,2,2
0,0,0
4,0,4
2,8,-6
1,0,1
11,29,-18
6,7,-1
21,21,0
4,16,-12
3,3,0
0,3,-3
0,0,0
5,6,-1
59,15,44
4,21,-17
7,3,4
18,13,5
2,2,0
5,0,5
32,32,0
0,6,-6
0,0,0
12,12,0
6,27,-21
4,0,4
15,15,0
0,11,-11
1,3,-2
6,8,-2
3,3,0
11,11,0
0,0,0
24,15,9
31,31,0
4,10,-6
11,13,-2
7,7,0
0,22,-22
8,8,0
11,11,0
1,2,-1
0,0,0
6,6,0
5,46,-41
1,1,0
1,3,-2
1,1,0
1,9,-8
3,3,0
0,0,0
4,4,0
0,0,0
2,4,-2
0,0,0
14,0,14
19,19,0
2,3,-1
2,2,0
22,0,22
1,0,1
2,2,0
3,2,1
30,18,12
0,0,0
7,7,0
7,0,7
12,0,12
4,3,1
0,11,-11
1,1,0
1,1,0
10,10,0
7,7,0
9,2,7
1,4,-3
1,0,1
1,0,1
7,7,0
6,20,-14
7,12,-5
4,4,0
5,5,0
29,29,0
0,0,0
9,8,1
3,10,-7
3,10,-7
23,1,22
26,7,19
1,18,-17
2,2,0
5,5,0
9,0,9
0,16,-16
27,27,0
6,17,-11
4,19,-15
7,0,7
0,0,0
27,27,0
1,0,1
1,0,1
5,18,-13
9,12,-3
11,11,0
1,0,1
0,0,0
11,2,9
8,29,-21
10,14,-4
18,24,-6
15,7,8
0,0,0
6,3,3
6,38,-32
1,1,0
7,3,4
19,4,15
0,0,0
5,0,5
4,1,3
0,27,-27
0,12,-12
0,0,0
7,23,-16
2,1,1
26,0,26
1,0,1
18,9,9
1,2,-1
3,4,-1
1,2,-1
0,3,-3
4,11,-7
9,9,0
0,35,-35
0,0,0
18,46,-28
12,13,-1
15,1,14
0,1,-1
30,30,0
4,0,4
0,3,-3
0,4,-4
8,8,0
3,0,3
0,11,-11
9,9,0
2,2,0
0,0,0
24,48,-24
1,1,0
1,12,-11
4,4,0
2,11,-9
2,2,0
10,5,5
2,0,2
1,6,-5
4,6,-2
1,5,-4
4,37,-33
0,0,0
1,0,1
5,5,0
3,31,-28
1,0,1
11,0,11
0,0,0
6,29,-23
0,14,-14
0,15,-15
10,1,9
0,0,0
3,0,3
0,2,-2
12,6,6
4,4,0
7,7,0
3,3,0
3,6,-3
2,2,0
1,1,0
9,6,3
15,15,0
9,2,7
14,1,13
1,0,1
4,8,-4
2,2,0
0,0,0
3,13,-10
2,20,-18
5,5,0
1,1,0
2,0,2
2,1,1
0,0,0
4,12,-8
20,20,0
5,14,-9
13,2,11
8,0,8
2,1,1
8,1,7
2,7,-5
2,2,0
2,11,-9
15,15,0
7,1,6
0,5,-5
2,0,2
1,1,0
1,0,1
1,9,-8
8,1,7
1,0,1
11,11,0
6,6,0
4,4,0
2,0,2
3,17,-14
0,0,0
7,2,5
2,0,2
10,5,5
21,5,16
20,20,0
17,17,0
7,0,7
0,0,0
7,2,5
0,0,0
9,4,5
0,0,0
4,0,4
4,4,0
2,2,0
19,28,-9
6,0,6
4,0,4
7,7,0
19,2,17
4,0,4
2,18,-16
5,0,5
25,35,-10
25,1,24
6,2,4
7,1,6
15,15,0
0,0,0
1,1,0
1,0,1
3,4,-1
2,55,-53
19,3,16
7,7,0
4,22,-18
1,7,-6
0,0,0
13,2,11
1,8,-7
0,8,-8
5,1,4
4,4,0
0,0,0
5,5,0
1,82,-81
10,2,8
0,0,0
8,0,8
5,2,3
5,4,1
1,10,-9
0,0,0
1,0,1
29,4,25
3,8,-5
0,4,-4
3,3,0
3,1,2
1,6,-5
0,2,-2
0,0,0
0,0,0
1,0,1
1,0,1
11,17,-6
0,9,-9
4,0,4
8,14,-6
7,7,0
4,4,0
21,27,-6
3,0,3
2,2,0
1,16,-15
10,10,0
4,3,1
0,0,0
4,0,4
5,0,5
0,1,-1
2,3,-1
3,0,3
4,4,0
4,0,4
1,0,1
3,0,3
0,0,0
4,0,4
0,0,0
10,1,9
1,0,1
1,0,1
3,3,0
2,2,0
0,0,0
0,1,-1
4,4,0
5,11,-6
1,2,-1
0,14,-14
0,0,0
0,0,0
1,17,-16
13,0,13
9,1,8
3,0,3
23,7,16
31,17,14
1,1,0
15,14,1
3,17,-14
0,0,0
4,1,3
0,19,-19
2,12,-10
9,13,-4
1,1,0
3,3,0
12,33,-21
7,7,0
4,0,4
0,64,-64
0,0,0
6,1,5
10,10,0
2,1,1
5,0,5
1,0,1
3,3,0
1,1,0
1,0,1
1,0,1
1,2,-1
42,5,37
19,1,18
1,0,1
0,0,0
17,17,0
7,7,0
25,79,-54
16,7,9
1,1,0
42,29,13
10,13,-3
15,15,0
0,7,-7
7,1,6
3,0,3
0,0,0
11,0,11
7,7,0
1,15,-14
18,16,2
34,34,0
5,9,-4
0,0,0
20,9,11
0,0,0
2,2,0
5,6,-1
3,3,0
2,1,1
0,6,-6
5,5,0
11,11,0
4,4,0
1,0,1
29,6,23
3,11,-8
5,5,0
3,5,-2
10,0,10
6,1,5
0,0,0
4,5,-1
0,3,-3
6,3,3
2,0,2
14,4,10
13,29,-16
26,3,23
1,1,0
16,11,5
1,0,1
4,4,0
12,12,0
5,5,0
8,1,7
7,2,5
1,19,-18
3,3,0
2,12,-10
1,3,-2
6,0,6
8,8,0
0,0,0
0,0,0
2,1,1
5,5,0
0,7,-7
2,21,-19
1,5,-4
1,1,0
15,13,2
16,10,6
9,0,9
0,1,-1
9,13,-4
0,0,0
18,4,14
1,5,-4
19,3,16
0,1,-1
7,7,0
2,1,1
33,3,30
11,3,8
6,6,0
14,8,6
0,0,0
0,14,-14
0,0,0
0,0,0
20,20,0
2,2,0
3,7,-4
7,32,-25
43,43,0
14,2,12
1,3,-2
4,3,1
8,5,3
2,2,0
12,0,12
3,3,0
10,3,7
2,27,-25
29,2,27
7,7,0
21,2,19
5,1,4
6,10,-4
11,11,0
14,19,-5
27,16,11
9,0,9
3,0,3
9,9,0
3,28,-25
0,0,0
1,17,-16
0,13,-13
3,0,3
2,5,-3
18,7,11
7,4,3
3,5,-2
3,0,3
11,5,6
1,0,1
0,5,-5
1,0,1
1,0,1
8,26,-18
2,2,0
0,0,0
0,0,0
0,0,0
2,2,0
8,0,8
1,0,1
1,0,1
3,0,3
10,10,0
9,9,0
13,2,11
6,20,-14
11,4,7
1,6,-5
4,0,4
3,5,-2
17,15,2
8,8,0
6,7,-1
11,11,0
0,0,0
5,5,0
13,12,1
27,0,27
7,3,4
15,1,14
2,7,-5
13,14,-1
0,0,0
1,11,-10
1,1,0
9,18,-9
0,0,0
2,2,0
1,5,-4
12,12,0
3,0,3
60,9,51
10,5,5
1,1,0
0,0,0
0,5,-5
2,20,-18
6,6,0
1,1,0
0,0,0
5,5,0
1,29,-28
4,1,3
3,2,1
13,13,0
2,0,2
4,0,4
22,4,18
8,16,-8
3,0,3
40,26,14
4,29,-25
0,0,0
4,2,2
8,8,0
1,1,0
5,2,3
0,0,0
4,4,0
4,4,0
9,8,1
42,11,31
0,0,0
2,0,2
9,4,5
2,1,1
4,1,3
1,1,0
0,0,0
2,5,-3
10,16,-6
0,0,0
2,2,0
1,0,1
7,37,-30
15,15,0
37,14,23
1,0,1
3,0,3
5,0,5
6,0,6
9,0,9
24,11,13
1,0,1
10,8,2
2,2,0
6,6,0
1,1,0
8,8,0
0,8,-8
6,2,4
3,15,-12
20,4,16
6,22,-16
9,9,0
7,7,0
1,7,-6
13,13,0
1,0,1
33,33,0
1,1,0
23,6,17
4,5,-1
7,1,6
4,4,0
27,27,0
13,10,3
1,1,0
2,0,2
3,31,-28
15,30,-15
4,4,0
12,9,3
6,1,5
1,1,0
0,10,-10
0,0,0
3,9,-6
0,11,-11
7,1,6
7,7,0
3,0,3
9,0,9
1,0,1
9,9,0
27,10,17
2,17,-15
5,21,-16
0,0,0
1,14,-13
34,34,0
11,75,-64
1,2,-1
5,5,0
1,0,1
5,3,2
14,24,-10
22,22,0
1,4,-3
2,1,1
1,1,0
2,2,0
8,7,1
16,0,16
8,15,-7
1,0,1
3,3,0
2,15,-13
5,7,-2
32,32,0
4,4,0
13,0,13
11,0,11
2,0,2
11,1,10
0,4,-4
4,0,4
1,8,-7
11,11,0
1,4,-3
3,15,-12
3,0,3
6,32,-26
0,0,0
1,2,-1
10,10,0
9,9,0
7,7,0
0,7,-7
2,14,-12
10,1,9
1,21,-20
12,7,5
6,0,6
2,0,2
1,2,-1
4,8,-4
8,8,0
8,5,3
3,1,2
3,3,0
7,2,5
15,2,13
8,8,0
9,18,-9
6,6,0
1,1,0
13,5,8
24,24,0
0,0,0
2,30,-28
0,0,0
2,4,-2
4,0,4
0,24,-24
7,12,-5
3,0,3
6,3,3
13,13,0
0,0,0
10,6,4
18,4,14
0,0,0
13,13,0
0,1,-1
7,3,4
10,3,7
6,0,6
1,17,-16
26,18,8
0,0,0
0,0,0
2,10,-8
1,1,0
20,0,20
13,8,5
1,0,1
5,8,-3
1,1,0
1,1,0
2,0,2
2,3,-1
24,24,0
0,0,0
4,9,-5
2,2,0
2,18,-16
4,4,0
7,9,-2
10,10,0
0,8,-8
2,0,2
5,5,0
1,1,0
8,8,0
28,2,26
6,6,0
3,0,3
13,12,1
17,10,7
0,0,0
6,16,-10
0,0,0
6,6,0
8,9,-1
3,3,0
12,6,6
2,0,2
11,11,0
1,17,-16
5,0,5
0,0,0
0,0,0
11,11,0
17,17,0
15,15,0
2,1,1
3,14,-11
7,7,0
8,1,7
1,0,1
12,2,10
10,10,0
1,1,0
1,1,0
1,14,-13
7,0,7
8,4,4
2,3,-1
13,0,13
1,9,-8
2,2,0
11,3,8
0,22,-22
4,10,-6
0,0,0
10,8,2
14,8,6
28,28,0
0,7,-7
3,11,-8
1,2,-1
34,7,27
2,0,2
7,7,0
0,1,-1
10,1,9
5,41,-36
3,3,0
18,18,0
1,1,0
6,7,-1
2,8,-6
19,8,11
10,10,0
49,11,38
4,0,4
53,11,42
1,15,-14
16,16,0
11,4,7
11,11,0
2,19,-17
0,0,0
7,2,5
2,0,2
22,22,0
2,0,2
2,4,-2
4,4,0
2,6,-4
13,3,10
1,0,1
2,1,1
4,0,4
12,12,0
17,17,0
13,0,13
13,6,7
12,12,0
7,7,0
11,11,0
1,0,1
6,3,3
23,37,-14
1,1,0
13,4,9
9,9,0
2,0,2
1,0,1
4,11,-7
0,0,0
8,8,0
4,0,4
0,0,0
1,15,-14
9,18,-9
2,0,2
1,1,0
0,0,0
0,0,0
1,0,1
33,33,0
20,5,15
14,7,7
25,25,0
9,1,8
12,3,9
1,5,-4
5,1,4
1,3,-2
1,17,-16
42,42,0
16,19,-3
5,5,0
18,18,0
33,9,24
4,25,-21
2,0,2
12,1,11
1,0,1
15,15,0
25,13,12
1,7,-6
17,17,0
1,1,0
0,0,0
2,42,-40
0,0,0
41,31,10
1,4,-3
0,0,0
1,19,-18
0,0,0
0,0,0
19,51,-32
4,2,2
12,12,0
1,0,1
7,7,0
5,8,-3
4,2,2
0,0,0
2,11,-9
2,0,2
8,8,0
0,4,-4
27,5,22
10,10,0
22,0,22
5,5,0
28,5,23
3,1,2
2,2,0
7,1,6
19,1,18
8,7,1
1,0,1
8,15,-7
9,9,0
14,5,9
21,1,20
2,2,0
3,3,0
1,1,0
1,5,-4
2,0,2
0,11,-11
0,0,0
13,1,12
3,3,0
0,0,0
0,5,-5
5,5,0
3,15,-12
0,0,0
5,12,-7
25,4,21
11,11,0
2,2,0
8,6,2
2,2,0
3,3,0
7,19,-12
4,5,-1
13,13,0
2,2,0
3,0,3
1,11,-10
1,21,-20
0,0,0
2,2,0
48,48,0
29,8,21
3,4,-1
16,35,-19
0,6,-6
13,1,12
76,76,0
11,1,10
17,6,11
8,6,2
0,0,0
1,0,1
17,6,11
33,0,33
0,2,-2
16,38,-22
4,4,0
1,2,-1
0,3,-3
2,6,-4
4,4,0
18,7,11
0,0,0
10,10,0
0,0,0
3,18,-15
3,0,3
15,15,0
4,6,-2
6,6,0
7,19,-12
1,1,0
9,1,8
0,0,0
32,11,21
7,10,-3
1,0,1
5,14,-9
0,16,-16
39,0,39
30,0,30
0,0,0
9,0,9
15,15,0
0,0,0
16,16,0
3,12,-9
1,1,0
15,0,15
12,0,12
1,0,1
4,0,4
5,5,0
1,0,1
4,13,-9
0,0,0
1,0,1
2,10,-8
0,0,0
4,4,0
2,2,0
0,0,0
0,0,0
22,2,20
49,49,0
0,0,0
12,24,-12
0,0,0
2,23,-21
0,35,-35
0,0,0
2,0,2
0,0,0
1,0,1
2,2,0
8,10,-2
17,12,5
14,11,3
14,1,13
1,0,1
1,2,-1
4,1,3
5,5,0
3,1,2
22,22,0
2,0,2
2,4,-2
16,5,11
13,28,-15
0,1,-1
17,1,16
0,0,0
9,7,2
3,3,0
20,0,20
7,5,2
0,9,-9
4,32,-28
31,0,31
7,7,0
12,12,0
4,4,0
1,18,-17
0,52,-52
11,11,0
5,1,4
0,0,0
5,1,4
4,4,0
0,13,-13
5,0,5
11,11,0
0,15,-15
3,3,0
6,5,1
2,8,-6
10,6,4
1,0,1
12,0,12
17,17,0
1,23,-22
0,0,0
19,2,17
4,2,2
0,0,0
0,0,0
2,1,1
2,1,1
6,3,3
37,1,36
16,13,3
0,7,-7
1,2,-1
5,0,5
5,6,-1
1,1,0
14,5,9
2,37,-35
6,4,2
2,2,0
19,19,0
1,21,-20
17,0,17
1,20,-19
3,43,-40
0,3,-3
2,2,0
9,1,8
6,4,2
4,0,4
2,0,2
0,0,0
1,0,1
29,12,17
1,1,0
0,0,0
5,5,0
0,11,-11
1,4,-3
0,0,0
9,30,-21
4,4,0
2,0,2
3,0,3
1,0,1
2,11,-9
14,0,14
6,4,2
4,4,0
21,12,9
15,3,12
0,1,-1
1,23,-22
2,2,0
3,12,-9
0,0,0
2,5,-3
1,1,0
28,28,0
2,6,-4
5,7,-2
16,0,16
12,8,4
58,58,0
4,0,4
20,20,0
3,5,-2
1,2,-1
4,3,1
3,14,-11
3,4,-1
0,8,-8
15,15,0
1,1,0
3,3,0
18,1,17
1,0,1
0,3,-3
1,8,-7
3,1,2
0,0,0
11,14,-3
1,1,0
0,38,-38
0,0,0
0,2,-2
1,2,-1
0,1,-1
5,5,0
3,3,0
2,0,2
2,2,0
5,2,3
4,4,0
31,27,4
23,23,0
1,0,1
24,11,13
21,21,0
5,0,5
6,24,-18
15,15,0
6,0,6
3,7,-4
20,0,20
1,1,0
5,11,-6
38,38,0
3,0,3
8,8,0
24,1,23
9,5,4
13,8,5
0,0,0
6,2,4
2,3,-1
14,14,0
0,0,0
12,0,12
1,4,-3
19,29,-10
0,31,-31
1,3,-2
0,0,0
11,2,9
0,2,-2
4,18,-14
5,6,-1
2,4,-2
6,1,5
6,3,3
0,6,-6
0,0,0
12,18,-6
0,14,-14
0,4,-4
7,1,6
10,10,0
0,1,-1
7,7,0
8,8,0
3,15,-12
0,0,0
46,5,41
19,19,0
21,1,20
1,1,0
12,12,0
0,0,0
2,0,2
1,0,1
5,7,-2
16,7,9
33,2,31
4,4,0
2,0,2
0,4,-4
2,0,2
7,1,6
1,1,0
5,6,-1
9,3,6
3,0,3
8,8,0
3,25,-22
0,5,-5
0,0,0
11,10,1
4,4,0
9,1,8
1,1,0
6,5,1
7,6,1
10,12,-2
20,1,19
6,10,-4
4,17,-13
1,4,-3
1,0,1
1,1,0
71,71,0
11,2,9
18,19,-1
19,34,-15
0,1,-1
5,6,-1
5,5,0
12,4,8
8,0,8
9,2,7
18,21,-3
0,0,0
14,14,0
4,10,-6
15,38,-23
17,24,-7
6,13,-7
16,1,15
11,11,0
0,11,-11
0,0,0
5,0,5
26,60,-34
0,0,0
7,7,0
4,38,-34
0,0,0
0,5,-5
2,0,2
15,2,13
0,0,0
8,6,2
2,0,2
0,0,0
48,48,0
12,11,1
1,5,-4
41,16,25
9,9,0
0,0,0
0,4,-4
0,0,0
2,6,-4
3,1,2
11,8,3
15,27,-12
0,1,-1
0,9,-9
13,4,9
21,21,0
11,6,5
1,2,-1
0,0,0
1,21,-20
0,0,0
4,4,0
2,0,2
8,8,0
6,3,3
2,8,-6
8,32,-24
19,25,-6
0,0,0
9,9,0
1,0,1
9,9,0
21,0,21
53,53,0
0,0,0
3,15,-12
0,0,0
9,5,4
2,0,2
13,13,0
16,1,15
8,8,0
10,7,3
0,7,-7
0,0,0
1,1,0
4,2,2
0,0,0
15,9,6
0,0,0
0,0,0
26,26,0
10,21,-11
17,10,7
4,4,0
20,20,0
27,0,27
2,0,2
0,20,-20
0,3,-3
4,26,-22
8,8,0
0,0,0
24,3,21
6,6,0
9,12,-3
3,10,-7
17,27,-10
6,5,1
2,3,-1
24,35,-11
0,2,-2
0,6,-6
16,6,10
1,5,-4
0,17,-17
2,7,-5
1,11,-10
2,1,1
12,11,1
8,0,8
2,0,2
10,6,4
0,0,0
6,6,0
8,8,0
0,0,0
6,6,0
3,10,-7
2,6,-4
0,1,-1
4,9,-5
1,1,0
3,7,-4
8,1,7
4,2,2
1,1,0
7,8,-1
0,0,0
12,1,11
1,0,1
29,29,0
4,5,-1
25,16,9
3,1,2
3,5,-2
10,12,-2
4,5,-1
2,2,0
2,0,2
2,0,2
2,2,0
0,7,-7
11,8,3
0,0,0
1,0,1
3,7,-4
1,0,1
0,2,-2
3,3,0
0,0,0
0,3,-3
5,1,4
3,15,-12
0,10,-10
3,2,1
0,2,-2
4,0,4
7,7,0
1,0,1
39,1,38
20,20,0
1,0,1
0,1,-1
1,1,0
2,6,-4
1,0,1
3,9,-6
0,2,-2
0,0,0
2,2,0
0,0,0
7,7,0
7,4,3
12,25,-13
11,21,-10
6,2,4
1,1,0
4,6,-2
4,14,-10
5,5,0
7,7,0
4,0,4
0,12,-12
4,29,-25
5,25,-20
0,0,0
7,7,0
3,3,0
0,0,0
2,0,2
17,17,0
0,0,0
2,2,0
0,0,0
14,5,9
6,17,-11
1,0,1
9,9,0
1,1,0
11,11,0
1,1,0
22,5,17
0,0,0
11,1,10
3,3,0
1,10,-9
6,11,-5
9,3,6
0,3,-3
2,6,-4
4,10,-6
1,0,1
14,3,11
5,5,0
4,0,4
13,5,8
25,6,19
5,5,0
2,1,1
9,6,3
7,0,7
14,14,0
14,14,0
0,0,0
0,0,0
2,2,0
0,14,-14
6,6,0
0,1,-1
6,2,4
10,10,0
2,0,2
10,9,1
0,0,0
6,6,0
9,6,3
0,0,0
0,0,0
16,16,0
4,4,0
5,5,0
12,12,0
19,0,19
1,9,-8
3,0,3
1,0,1
38,38,0
15,15,0
7,3,4
2,2,0
10,1,9
3,25,-22
10,4,6
3,3,0
2,0,2
1,0,1
7,8,-1
1,8,-7
7,31,-24
18,0,18
10,1,9
3,3,0
0,0,0
0,5,-5
22,22,0
1,1,0
14,2,12
0,6,-6
5,8,-3
13,13,0
8,3,5
1,8,-7
34,4,30
2,1,1
1,1,0
7,32,-25
5,5,0
0,0,0
8,17,-9
3,3,0
4,8,-4
23,23,0
42,42,0
0,0,0
6,6,0
5,3,2
0,0,0
8,12,-4
9,15,-6
9,13,-4
0,0,0
0,15,-15
7,15,-8
5,16,-11
0,0,0
1,3,-2
1,8,-7
12,6,6
23,3,20
3,3,0
1,1,0
0,0,0
8,0,8
7,0,7
7,20,-13
7,0,7
20,2,18
6,6,0
15,3,12
0,0,0
12,2,10
0,0,0
0,0,0
12,5,7
1,11,-10
16,16,0
0,0,0
5,0,5
2,7,-5
5,4,1
2,0,2
1,38,-37
5,0,5
9,6,3
0,33,-33
5,28,-23
13,6,7
7,6,1
2,19,-17
10,18,-8
1,14,-13
5,24,-19
5,0,5
1,0,1
0,0,0
0,15,-15
0,0,0
2,5,-3
14,14,0
0,1,-1
0,0,0
2,2,0
37,14,23
3,3,0
2,1,1
6,5,1
4,4,0
12,7,5
48,48,0
1,1,0
4,2,2
1,22,-21
0,17,-17
8,8,0
0,8,-8
1,2,-1
0,0,0
2,2,0
4,13,-9
3,0,3
4,4,0
6,1,5
2,11,-9
20,2,18
3,1,2
0,0,0
7,1,6
0,0,0
2,0,2
9,33,-24
3,2,1
14,11,3
8,30,-22
11,6,5
18,18,0
1,9,-8
1,1,0
6,2,4
5,5,0
5,14,-9
4,1,3
3,3,0
0,0,0
2,7,-5
1,1,0
0,24,-24
4,0,4
16,6,10
0,0,0
1,7,-6
0,0,0
2,25,-23
7,7,0
8,5,3
10,7,3
1,0,1
5,17,-12
0,5,-5
12,9,3
3,2,1
4,4,0
9,9,0
30,30,0
2,2,0
2,1,1
8,17,-9
27,13,14
1,0,1
0,3,-3
11,7,4
0,0,0
5,0,5
1,0,1
10,4,6
3,5,-2
5,11,-6
3,2,1
14,14,0
0,0,0
0,1,-1
17,17,0
0,1,-1
35,35,0
1,5,-4
2,5,-3
8,3,5
0,0,0
1,0,1
14,2,12
9,9,0
3,8,-5
14,10,4
2,2,0
7,2,5
2,0,2
28,7,21
5,0,5
18,18,0
2,11,-9
12,8,4
7,29,-22
5,0,5
14,1,13
9,9,0
3,1,2
0,0,0
0,23,-23
1,12,-11
10,8,2
0,1,-1
16,10,6
2,6,-4
22,29,-7
0,0,0
0,0,0
2,19,-17
13,41,-28
7,0,7
4,1,3
3,3,0
6,4,2
6,6,0
1,0,1
0,0,0
8,1,7
3,3,0
3,4,-1
2,0,2
2,9,-7
3,3,0
7,0,7
0,2,-2
2,0,2
1,7,-6
2,1,1
13,13,0
2,2,0
13,1,12
4,0,4
1,3,-2
8,10,-2
0,0,0
0,0,0
15,8,7
0,18,-18
3,0,3
20,20,0
6,3,3
4,4,0
2,2,0
2,5,-3
20,0,20
0,0,0
16,16,0
1,2,-1
0,13,-13
1,3,-2
3,2,1
3,2,1
9,9,0
0,0,0
0,0,0
0,5,-5
18,0,18
4,8,-4
0,4,-4
3,0,3
1,6,-5
0,2,-2
14,25,-11
5,0,5
1,5,-4
9,1,8
1,1,0
12,0,12
1,2,-1
1,8,-7
5,5,0
1,0,1
12,8,4
8,4,4
20,25,-5
19,0,19
1,2,-1
15,15,0
6,0,6
24,4,20
17,21,-4
10,10,0
9,9,0
28,50,-22
4,29,-25
25,36,-11
20,20,0
0,35,-35
11,5,6
0,3,-3
19,0,19
20,2,18
126,14,112
9,1,8
5,2,3
0,0,0
1,0,1
13,3,10
15,16,-1
6,6,0
0,0,0
6,14,-8
6,6,0
1,6,-5
2,4,-2
0,2,-2
2,4,-2
0,7,-7
2,0,2
1,0,1
5,5,0
1,5,-4
0,0,0
8,1,7
11,15,-4
10,15,-5
3,3,0
18,6,12
9,37,-28
9,9,0
2,2,0
2,8,-6
9,9,0
0,0,0
12,7,5
21,5,16
0,1,-1
4,1,3
0,10,-10
0,1,-1
24,24,0
4,2,2
4,0,4
2,2,0
8,0,8
2,0,2
0,0,0
0,3,-3
9,5,4
1,0,1
2,26,-24
3,1,2
13,13,0
6,1,5
3,26,-23
9,9,0
0,1,-1
9,9,0
9,3,6
16,0,16
1,2,-1
0,21,-21
0,0,0
2,7,-5
21,1,20
1,0,1
5,1,4
0,13,-13
5,13,-8
3,0,3
3,0,3
2,6,-4
1,1,0
14,0,14
1,0,1
8,11,-3
3,0,3
7,14,-7
2,5,-3
4,11,-7
15,15,0
15,0,15
27,5,22
2,2,0
5,5,0
14,14,0
0,0,0
6,6,0
9,0,9
2,29,-27
13,14,-1
19,4,15
16,2,14
9,9,0
9,2,7
8,0,8
20,20,0
11,15,-4
6,1,5
2,0,2
0,0,0
16,11,5
5,3,2
11,11,0
5,5,0
2,5,-3
16,16,0
0,0,0
0,6,-6
4,4,0
5,5,0
6,8,-2
2,2,0
35,1,34
1,0,1
6,8,-2
1,9,-8
37,37,0
12,12,0
9,9,0
23,23,0
5,0,5
4,5,-1
12,4,8
8,8,0
4,24,-20
16,9,7
14,13,1
1,1,0
7,5,2
6,0,6
3,24,-21
4,4,0
0,3,-3
0,0,0
6,6,0
10,5,5
45,23,22
9,9,0
0,1,-1
13,5,8
3,5,-2
12,0,12
16,1,15
5,7,-2
3,1,2
4,7,-3
15,0,15
0,3,-3
3,0,3
0,0,0
0,0,0
1,5,-4
11,11,0
6,6,0
3,11,-8
1,9,-8
4,1,3
4,0,4
2,2,0
1,1,0
0,2,-2
0,2,-2
1,0,1
0,1,-1
2,24,-22
2,10,-8
0,2,-2
3,3,0
0,0,0
5,5,0
0,0,0
3,0,3
22,4,18
21,21,0
0,4,-4
13,7,6
14,14,0
4,4,0
0,22,-22
16,14,2
16,14,2
0,25,-25
4,4,0
3,0,3
5,12,-7
0,2,-2
29,13,16
10,10,0
16,0,16
32,15,17
3,4,-1
0,0,0
6,6,0
12,2,10
20,20,0
0,0,0
3,0,3
6,9,-3
16,0,16
33,33,0
0,2,-2
8,22,-14
0,0,0
1,1,0
10,11,-1
24,0,24
11,0,11
0,0,0
0,5,-5
16,2,14
5,5,0
8,5,3
6,0,6
0,0,0
14,13,1
21,0,21
10,0,10
0,0,0
4,7,-3
13,13,0
3,0,3
3,3,0
0,0,0
10,33,-23
5,5,0
24,8,16
8,0,8
3,11,-8
0,3,-3
19,17,2
8,2,6
7,7,0
12,12,0
3,1,2
15,21,-6
2,0,2
3,0,3
2,0,2
1,7,-6
13,13,0
16,10,6
16,16,0
23,5,18
0,2,-2
4,8,-4
1,0,1
1,3,-2
27,1,26
21,28,-7
1,2,-1
14,14,0
1,0,1
0,0,0
7,7,0
14,14,0
2,15,-13
11,0,11
0,0,0
6,33,-27
3,13,-10
24,21,3
8,3,5
11,0,11
1,1,0
5,1,4
1,10,-9
27,8,19
6,7,-1
16,5,11
7,9,-2
14,6,8
3,3,0
3,3,0
3,1,2
50,50,0
4,4,0
0,2,-2
17,17,0
7,3,4
1,4,-3
2,0,2
11,11,0
0,3,-3
18,18,0
8,6,2
25,12,13
0,0,0
18,18,0
5,4,1
2,9,-7
8,8,0
0,8,-8
8,0,8
3,1,2
21,1,20
16,16,0
3,16,-13
2,7,-5
0,8,-8
0,0,0
9,52,-43
3,19,-16
1,4,-3
7,7,0
3,3,0
27,2,25
1,6,-5
1,15,-14
1,0,1
17,17,0
6,10,-4
17,31,-14
0,1,-1
6,22,-16
2,8,-6
0,4,-4
11,1,10
4,4,0
6,2,4
7,26,-19
1,0,1
13,1,12
4,2,2
29,19,10
11,44,-33
8,1,7
10,10,0
2,17,-15
13,7,6
0,1,-1
10,8,2
21,13,8
4,6,-2
34,12,22
19,5,14
15,25,-10
2,2,0
17,13,4
13,13,0
9,7,2
0,0,0
2,0,2
7,12,-5
10,7,3
0,0,0
4,1,3
15,56,-41
2,4,-2
1,0,1
12,11,1
0,0,0
3,3,0
2,1,1
15,15,0
0,2,-2
28,4,24
1,0,1
9,7,2
6,5,1
0,0,0
6,3,3
6,3,3
21,15,6
1,1,0
2,0,2
0,0,0
6,2,4
0,0,0
10,19,-9
2,2,0
2,0,2
4,4,0
29,7,22
4,2,2
2,0,2
2,0,2
0,0,0
0,0,0
5,0,5
3,0,3
2,0,2
6,4,2
15,6,9
44,2,42
11,11,0
4,3,1
0,0,0
6,22,-16
0,0,0
2,0,2
0,0,0
22,42,-20
0,0,0
8,9,-1
7,0,7
18,20,-2
0,0,0
5,0,5
1,0,1
4,5,-1
33,33,0
4,4,0
16,16,0
4,4,0
2,2,0
3,36,-33
2,5,-3
10,24,-14
0,8,-8
1,1,0
2,0,2
1,1,0
0,1,-1
0,5,-5
24,24,0
0,0,0
0,4,-4
11,5,6
0,0,0
8,8,0
11,3,8
0,0,0
3,3,0
2,0,2
2,0,2
0,0,0
2,2,0
5,5,0
1,25,-24
0,2,-2
1,0,1
5,0,5
2,0,2
5,57,-52
1,0,1
6,4,2
6,2,4
3,3,0
11,11,0
20,20,0
10,8,2
4,7,-3
11,4,7
7,1,6
9,9,0
0,0,0
3,0,3
2,0,2
0,1,-1
6,6,0
1,0,1
4,26,-22
1,6,-5
2,3,-1
2,5,-3
6,6,0
3,2,1
6,10,-4
63,4,59
0,0,0
20,14,6
5,5,0
9,1,8
0,0,0
1,3,-2
4,4,0
3,3,0
0,12,-12
0,0,0
0,15,-15
0,0,0
16,5,11
7,7,0
8,3,5
3,0,3
0,9,-9
9,0,9
0,0,0
3,0,3
22,0,22
0,0,0
4,6,-2
0,0,0
3,3,0
6,0,6
2,1,1
23,2,21
8,0,8
30,1,29
28,28,0
1,2,-1
0,0,0
4,2,2
1,17,-16
2,0,2
30,36,-6
1,1,0
0,1,-1
0,1,-1
0,0,0
0,0,0
3,0,3
3,3,0
3,5,-2
1,19,-18
5,7,-2
0,2,-2
20,28,-8
0,5,-5
8,1,7
0,0,0
19,19,0
4,5,-1
13,13,0
0,16,-16
5,5,0
3,18,-15
0,0,0
29,14,15
12,12,0
1,1,0
1,2,-1
0,7,-7
7,7,0
14,4,10
5,5,0
11,11,0
4,39,-35
0,0,0
0,0,0
1,0,1
0,0,0
1,1,0
3,11,-8
1,8,-7
1,5,-4
1,0,1
6,3,3
12,14,-2
1,4,-3
0,0,0
41,39,2
0,0,0
0,0,0
10,10,0
3,8,-5
15,15,0
0,0,0
1,0,1
15,19,-4
7,7,0
0,0,0
0,0,0
33,1,32
4,4,0
3,3,0
1,7,-6
9,0,9
4,4,0
2,2,0
0,36,-36
0,1,-1
4,5,-1
16,16,0
1,3,-2
21,2,19
5,49,-44
2,0,2
9,9,0
8,1,7
2,2,0
3,3,0
6,10,-4
0,0,0
5,6,-1
0,2,-2
23,0,23
0,3,-3
1,0,1
7,7,0
6,0,6
7,8,-1
2,2,0
2,26,-24
9,5,4
1,21,-20
4,0,4
27,27,0
13,0,13
0,7,-7
7,7,0
9,9,0
1,1,0
15,0,15
10,10,0
2,2,0
2,2,0
20,0,20
2,0,2
0,13,-13
2,8,-6
4,3,1
20,8,12
0,0,0
23,6,17
0,6,-6
22,2,20
12,12,0
0,3,-3
0,0,0
1,1,0
3,14,-11
6,21,-15
0,1,-1
1,0,1
3,3,0
19,6,13
24,28,-4
0,0,0
12,12,0
11,11,0
58,7,51
9,4,5
8,11,-3
2,1,1
1,1,0
10,13,-3
0,0,0
9,3,6
11,5,6
0,0,0
1,37,-36
10,11,-1
8,14,-6
22,22,0
6,3,3
6,1,5
1,1,0
5,28,-23
1,1,0
6,6,0
10,3,7
17,17,0
0,12,-12
0,0,0
1,0,1
6,5,1
3,10,-7
3,3,0
5,2,3
0,0,0
3,3,0
6,13,-7
1,8,-7
15,15,0
1,1,0
16,7,9
27,0,27
0,4,-4
2,2,0
8,3,5
5,5,0
11,8,3
5,12,-7
14,14,0
13,8,5
11,3,8
0,0,0
9,1,8
4,0,4
2,20,-18
11,6,5
1,7,-6
3,5,-2
2,0,2
12,12,0
0,0,0
2,0,2
2,5,-3
15,15,0
6,5,1
0,5,-5
21,28,-7
35,3,32
10,29,-19
15,11,4
4,0,4
5,36,-31
26,1,25
9,9,0
0,0,0
2,9,-7
6,3,3
1,0,1
6,12,-6
0,0,0
0,1,-1
0,12,-12
18,14,4
7,0,7
0,0,0
28,28,0
0,0,0
0,0,0
0,0,0
1,1,0
4,0,4
3,1,2
1,0,1
0,0,0
11,11,0
8,4,4
4,4,0
1,3,-2
7,7,0
9,9,0
1,17,-16
0,0,0
14,14,0
1,0,1
11,2,9
37,37,0
11,23,-12
3,12,-9
18,18,0
16,16,0
60,15,45
0,0,0
0,0,0
11,23,-12
2,0,2
5,1,4
2,0,2
1,0,1
2,11,-9
0,1,-1
27,13,14
0,0,0
7,1,6
23,22,1
4,0,4
10,1,9
5,5,0
15,15,0
27,27,0
1,23,-22
3,1,2
11,6,5
0,0,0
3,31,-28
13,13,0
2,7,-5
11,0,11
9,3,6
3,0,3
1,5,-4
31,9,22
3,9,-6
1,23,-22
7,16,-9
0,0,0
8,6,2
3,3,0
0,0,0
0,0,0
7,1,6
14,16,-2
7,10,-3
8,6,2
0,1,-1
0,11,-11
17,17,0
0,0,0
3,44,-41
3,6,-3
13,1,12
12,0,12
4,0,4
6,0,6
28,0,28
0,1,-1
0,0,0
17,3,14
6,22,-16
0,3,-3
22,8,14
25,12,13
16,7,9
0,3,-3
18,20,-2
9,9,0
21,0,21
14,3,11
30,30,0
11,11,0
12,12,0
4,1,3
9,2,7
18,4,14
3,1,2
12,0,12
0,2,-2
15,2,13
3,2,1
0,0,0
30,7,23
1,0,1
12,12,0
12,12,0
11,0,11
10,10,0
10,7,3
22,2,20
0,0,0
7,8,-1
22,22,0
0,1,-1
2,3,-1
1,0,1
9,6,3
63,11,52
10,23,-13
16,18,-2
1,25,-24
6,6,0
0,0,0
11,4,7
9,1,8
0,0,0
0,0,0
2,21,-19
2,0,2
18,2,16
4,0,4
1,1,0
0,0,0
4,0,4
1,0,1
15,22,-7
6,4,2
8,2,6
0,0,0
43,43,0
0,0,0
3,3,0
0,4,-4
3,4,-1
16,4,12
4,4,0
1,0,1
26,26,0
1,1,0
4,4,0
6,0,6
14,14,0
9,2,7
1,1,0
3,1,2
0,0,0
4,0,4
9,0,9
1,0,1
3,1,2
0,5,-5
0,0,0
3,3,0
3,3,0
1,7,-6
16,16,0
1,1,0
0,0,0
0,1,-1
1,2,-1
8,6,2
1,33,-32
14,4,10
3,25,-22
3,10,-7
6,0,6
102,25,77
0,0,0
2,0,2
8,18,-10
4,0,4
1,2,-1
19,21,-2
29,29,0
2,2,0
2,0,2
6,12,-6
4,4,0
5,2,3
5,1,4
1,0,1
0,0,0
5,6,-1
3,0,3
1,0,1
5,3,2
4,4,0
0,0,0
1,6,-5
1,11,-10
8,6,2
9,2,7
0,0,0
15,45,-30
0,0,0
0,0,0
1,0,1
7,1,6
1,31,-30
8,10,-2
3,24,-21
22,23,-1
7,1,6
30,6,24
2,9,-7
17,17,0
6,3,3
8,2,6
25,8,17
10,1,9
19,19,0
9,0,9
20,15,5
2,0,2
3,1,2
10,10,0
0,3,-3
0,14,-14
0,0,0
0,0,0
4,12,-8
0,0,0
28,22,6
14,14,0
8,19,-11
5,14,-9
12,12,0
65,3,62
1,1,0
0,5,-5
10,10,0
1,14,-13
1,6,-5
2,6,-4
2,0,2
0,0,0
4,2,2
5,0,5
12,5,7
7,14,-7
0,1,-1
42,22,20
1,1,0
0,0,0
4,0,4
0,9,-9
9,22,-13
0,0,0
8,8,0
4,1,3
12,5,7
41,41,0
3,4,-1
0,0,0
3,3,0
3,0,3
1,1,0
1,1,0
0,0,0
2,2,0
8,3,5
1,6,-5
3,4,-1
12,12,0
26,5,21
2,0,2
4,3,1
2,2,0
13,12,1
28,9,19
7,7,0
2,2,0
0,0,0
14,0,14
12,33,-21
25,6,19
5,3,2
12,14,-2
0,0,0
4,3,1
1,0,1
2,0,2
0,0,0
28,29,-1
6,3,3
5,2,3
1,6,-5
1,10,-9
4,0,4
2,17,-15
4,2,2
5,5,0
4,13,-9
29,30,-1
15,30,-15
11,23,-12
18,27,-9
33,33,0
5,5,0
26,27,-1
16,15,1
11,11,0
18,2,16
2,2,0
13,0,13
2,0,2
1,1,0
2,9,-7
4,1,3
0,8,-8
0,1,-1
0,0,0
3,11,-8
0,3,-3
5,5,0
0,0,0
13,13,0
4,4,0
2,0,2
0,0,0
4,1,3
2,0,2
0,0,0
13,30,-17
10,10,0
36,1,35
0,31,-31
6,24,-18
4,4,0
5,14,-9
5,0,5
3,0,3
1,1,0
0,10,-10
2,0,2
2,0,2
6,0,6
7,4,3
2,0,2
1,1,0
7,3,4
1,1,0
18,50,-32
3,2,1
8,0,8
3,0,3
1,2,-1
39,5,34
5,18,-13
0,0,0
2,12,-10
14,14,0
10,29,-19
5,12,-7
3,0,3
1,26,-25
21,16,5
6,4,2
9,14,-5
4,0,4
29,29,0
17,17,0
6,6,0
1,8,-7
1,4,-3
14,12,2
5,1,4
6,6,0
1,0,1
0,0,0
3,16,-13
0,0,0
8,8,0
1,9,-8
0,2,-2
2,1,1
0,0,0
14,0,14
15,15,0
0,3,-3
5,0,5
0,0,0
4,4,0
1,2,-1
1,2,-1
15,6,9
8,4,4
0,0,0
1,1,0
6,29,-23
17,17,0
74,1,73
4,4,0
2,0,2
0,3,-3
25,25,0
4,4,0
12,12,0
14,4,10
4,3,1
16,10,6
0,0,0
2,11,-9
8,0,8
0,0,0
0,0,0
4,4,0
5,5,0
10,10,0
14,16,-2
0,0,0
3,3,0
0,1,-1
4,2,2
6,2,4
12,18,-6
1,0,1
16,16,0
8,0,8
34,34,0
3,0,3
0,4,-4
20,21,-1
12,46,-34
3,2,1
18,9,9
5,0,5
0,3,-3
7,7,0
1,1,0
10,10,0
13,18,-5
6,0,6
1,0,1
5,0,5
3,10,-7
3,66,-63
7,3,4
0,1,-1
6,7,-1
3,0,3
0,0,0
1,1,0
4,0,4
6,4,2
7,1,6
0,0,0
3,0,3
0,0,0
14,14,0
2,1,1
0,0,0
1,7,-6
2,1,1
0,0,0
7,7,0
1,0,1
3,3,0
8,20,-12
10,5,5
13,24,-11
0,20,-20
2,0,2
17,17,0
6,6,0
0,8,-8
16,2,14
18,18,0
23,23,0
3,0,3
11,17,-6
5,4,1
0,1,-1
1,0,1
0,0,0
8,8,0
5,2,3
14,0,14
4,18,-14
0,16,-16
0,2,-2
10,3,7
12,16,-4
4,5,-1
11,2,9
18,14,4
17,17,0
5,0,5
29,15,14
27,2,25
0,4,-4
0,0,0
1,0,1
9,4,5
10,12,-2
0,0,0
21,0,21
1,1,0
4,29,-25
1,0,1
20,20,0
8,8,0
0,0,0
0,9,-9
1,0,1
0,0,0
12,31,-19
4,12,-8
2,6,-4
5,2,3
0,0,0
52,2,50
27,20,7
1,7,-6
14,10,4
11,11,0
0,0,0
3,3,0
2,2,0
3,4,-1
16,16,0
1,0,1
3,8,-5
1,0,1
6,6,0
6,0,6
1,0,1
1,1,0
2,7,-5
1,1,0
5,2,3
14,0,14
5,3,2
0,0,0
0,0,0
1,1,0
4,4,0
2,0,2
2,4,-2
1,3,-2
1,1,0
8,0,8
12,0,12
2,18,-16
9,9,0
40,1,39
4,4,0
0,0,0
0,5,-5
3,0,3
2,2,0
26,1,25
6,6,0
48,48,0
12,2,10
0,0,0
15,15,0
4,4,0
3,0,3
5,6,-1
1,23,-22
0,1,-1
8,9,-1
1,11,-10
7,20,-13
24,24,0
10,35,-25
15,10,5
13,0,13
32,8,24
0,10,-10
0,6,-6
2,8,-6
20,0,20
0,0,0
0,0,0
0,1,-1
0,0,0
23,0,23
1,1,0
5,22,-17
8,8,0
9,7,2
0,0,0
2,5,-3
2,2,0
1,1,0
5,2,3
18,8,10
2,2,0
0,0,0
3,4,-1
0,32,-32
0,0,0
0,0,0
3,3,0
1,4,-3
0,0,0
0,0,0
0,0,0
0,0,0
14,2,12
16,5,11
0,53,-53
4,35,-31
0,0,0
30,30,0
3,0,3
12,18,-6
0,4,-4
1,28,-27
3,4,-1
55,24,31
20,20,0
0,33,-33
0,11,-11
1,8,-7
4,3,1
5,1,4
4,14,-10
9,9,0
23,35,-12
15,15,0
5,6,-1
2,0,2
3,11,-8
0,0,0
5,5,0
8,8,0
0,11,-11
2,5,-3
1,0,1
10,8,2
4,0,4
2,0,2
29,29,0
13,6,7
25,15,10
6,14,-8
19,6,13
0,7,-7
0,0,0
17,4,13
3,20,-17
25,25,0
0,1,-1
5,5,0
8,8,0
10,2,8
1,2,-1
3,3,0
0,7,-7
13,23,-10
3,13,-10
2,0,2
3,11,-8
2,2,0
0,0,0
5,5,0
9,6,3
56,41,15
0,9,-9
1,20,-19
5,5,0
0,0,0
1,0,1
0,14,-14
47,26,21
9,3,6
0,6,-6
7,1,6
10,1,9
6,1,5
2,0,2
0,0,0
17,1,16
2,0,2
0,1,-1
21,11,10
3,3,0
7,0,7
19,12,7
13,15,-2
13,7,6
6,0,6
6,4,2
9,4,5
2,6,-4
10,0,10
0,16,-16
29,29,0
11,11,0
1,2,-1
5,5,0
8,6,2
6,6,0
1,18,-17
4,0,4
4,4,0
0,0,0
2,2,0
0,4,-4
0,5,-5
18,18,0
1,0,1
7,7,0
8,9,-1
3,0,3
29,19,10
6,10,-4
4,4,0
1,6,-5
10,10,0
5,5,0
3,3,0
0,0,0
0,16,-16
3,11,-8
0,0,0
17,4,13
5,0,5
4,11,-7
1,0,1
0,10,-10
6,0,6
0,0,0
5,8,-3
1,1,0
0,0,0
7,1,6
3,55,-52
29,4,25
6,2,4
9,0,9
39,18,21
3,10,-7
21,21,0
1,5,-4
10,11,-1
3,10,-7
4,4,0
0,0,0
9,6,3
5,5,0
2,0,2
6,1,5
20,20,0
0,0,0
3,1,2
21,21,0
0,0,0
6,6,0
1,13,-12
18,1,17
4,2,2
0,27,-27
1,0,1
15,3,12
0,0,0
7,9,-2
1,5,-4
20,11,9
1,10,-9
3,3,0
2,7,-5
2,2,0
1,0,1
5,43,-38
5,6,-1
9,9,0
8,8,0
10,15,-5
7,4,3
0,2,-2
18,18,0
4,4,0
13,21,-8
0,0,0
5,5,0
3,3,0
2,4,-2
8,16,-8
1,0,1
1,17,-16
2,6,-4
6,0,6
1,6,-5
7,13,-6
7,16,-9
10,10,0
29,29,0
0,6,-6
17,13,4
8,0,8
2,0,2
2,1,1
1,4,-3
13,13,0
2,0,2
18,18,0
4,4,0
1,1,0
4,0,4
10,10,0
8,23,-15
27,33,-6
5,12,-7
3,20,-17
5,2,3
3,3,0
2,2,0
0,0,0
2,0,2
0,1,-1
0,8,-8
6,8,-2
16,4,12
1,1,0
15,14,1
1,8,-7
0,0,0
19,23,-4
1,1,0
7,9,-2
3,0,3
5,5,0
1,10,-9
2,5,-3
2,2,0
2,3,-1
1,9,-8
1,5,-4
27,27,0
1,14,-13
11,9,2
1,3,-2
0,0,0
24,24,0
2,0,2
1,0,1
6,4,2
2,24,-22
3,7,-4
3,7,-4
6,10,-4
6,16,-10
17,17,0
0,0,0
5,5,0
7,11,-4
10,10,0
0,4,-4
13,13,0
2,2,0
4,3,1
4,2,2
0,6,-6
35,2,33
7,18,-11
20,15,5
0,5,-5
0,0,0
15,10,5
0,0,0
3,3,0
9,19,-10
0,0,0
1,1,0
15,15,0
4,15,-11
1,3,-2
11,11,0
2,2,0
2,3,-1
0,0,0
0,17,-17
3,3,0
6,5,1
7,20,-13
9,0,9
0,21,-21
0,27,-27
0,0,0
2,3,-1
1,0,1
25,25,0
17,17,0
77,77,0
2,4,-2
0,32,-32
0,0,0
4,4,0
9,19,-10
15,2,13
4,0,4
8,8,0
9,0,9
5,10,-5
3,27,-24
1,9,-8
14,14,0
4,6,-2
7,7,0
0,0,0
3,6,-3
8,6,2
52,52,0
15,15,0
0,0,0
0,1,-1
34,34,0
0,0,0
2,2,0
2,0,2
0,1,-1
1,0,1
12,12,0
0,0,0
8,5,3
2,2,0
7,7,0
1,25,-24
0,0,0
3,3,0
12,7,5
5,3,2
1,2,-1
22,22,0
27,27,0
4,2,2
0,26,-26
3,3,0
4,24,-20
0,0,0
10,2,8
2,0,2
1,1,0
12,0,12
18,18,0
3,0,3
27,27,0
1,1,0
2,19,-17
0,0,0
4,4,0
0,0,0
0,0,0
1,1,0
9,9,0
15,26,-11
12,15,-3
24,5,19
1,0,1
14,3,11
15,19,-4
5,3,2
0,9,-9
0,0,0
0,0,0
2,4,-2
1,0,1
4,7,-3
8,2,6
0,0,0
10,3,7
17,1,16
2,16,-14
4,14,-10
7,8,-1
6,3,3
1,1,0
6,2,4
0,0,0
3,57,-54
1,0,1
19,44,-25
0,0,0
0,0,0
3,0,3
4,0,4
0,4,-4
0,0,0
0,31,-31
4,0,4
0,2,-2
6,6,0
1,18,-17
0,14,-14
0,0,0
0,0,0
0,0,0
1,0,1
0,0,0
0,0,0
3,3,0
1,0,1
2,2,0
19,30,-11
0,6,-6
0,4,-4
3,17,-14
1,0,1
44,44,0
7,5,2
26,9,17
15,18,-3
2,8,-6
1,8,-7
1,1,0
0,0,0
2,0,2
0,0,0
4,0,4
2,2,0
10,9,1
5,6,-1
0,5,-5
4,27,-23
2,2,0
4,0,4
3,3,0
3,2,1
1,2,-1
4,12,-8
11,18,-7
1,7,-6
10,1,9
9,0,9
0,4,-4
0,5,-5
2,0,2
8,8,0
0,0,0
0,5,-5
5,14,-9
0,6,-6
0,0,0
6,10,-4
1,1,0
7,22,-15
0,0,0
3,0,3
19,5,14
8,6,2
0,12,-12
5,6,-1
12,12,0
3,3,0
7,35,-28
6,4,2
17,25,-8
3,2,1
0,0,0
1,1,0
1,0,1
1,0,1
14,14,0
5,14,-9
4,0,4
0,14,-14
8,8,0
1,1,0
4,2,2
15,15,0
3,11,-8
1,1,0
3,9,-6
2,0,2
9,0,9
7,7,0
0,24,-24
20,20,0
4,4,0
1,5,-4
4,0,4
1,10,-9
0,0,0
17,17,0
1,0,1
3,0,3
3,0,3
11,31,-20
0,0,0
3,3,0
0,0,0
10,10,0
0,0,0
9,9,0
19,0,19
1,0,1
1,4,-3
0,3,-3
29,29,0
3,33,-30
1,22,-21
1,3,-2
4,1,3
6,0,6
0,14,-14
0,0,0
1,2,-1
1,0,1
0,0,0
0,0,0
9,4,5
0,0,0
0,0,0
10,0,10
7,0,7
4,0,4
2,11,-9
0,2,-2
0,0,0
0,0,0
9,0,9
1,3,-2
6,2,4
2,2,0
8,8,0
27,7,20
1,16,-15
0,0,0
7,7,0
0,0,0
3,3,0
6,6,0
1,1,0
2,2,0
2,19,-17
7,6,1
0,0,0
8,8,0
8,2,6
19,19,0
6,6,0
1,6,-5
0,0,0
0,2,-2
15,5,10
4,4,0
0,0,0
19,4,15
2,0,2
2,18,-16
4,4,0
6,31,-25
2,2,0
7,7,0
0,0,0
0,7,-7
7,1,6
6,0,6
2,3,-1
5,5,0
0,3,-3
0,0,0
11,3,8
2,2,0
0,0,0
84,84,0
7,36,-29
10,0,10
5,5,0
19,19,0
32,32,0
17,7,10
0,0,0
7,3,4
2,2,0
0,0,0
56,27,29
0,0,0
2,0,2
1,2,-1
0,0,0
2,1,1
0,0,0
0,0,0
4,5,-1
14,14,0
11,34,-23
11,8,3
0,2,-2
0,5,-5
5,9,-4
2,17,-15
11,4,7
0,1,-1
0,0,0
2,2,0
4,2,2
10,10,0
0,0,0
6,4,2
1,1,0
9,1,8
15,20,-5
3,3,0
11,11,0
0,11,-11
22,18,4
0,0,0
3,2,1
2,5,-3
22,22,0
8,8,0
22,2,20
3,0,3
0,0,0
0,0,0
0,4,-4
1,2,-1
10,3,7
4,10,-6
13,0,13
43,5,38
15,5,10
6,20,-14
3,19,-16
18,25,-7
5,5,0
0,1,-1
0,0,0
0,0,0
2,0,2
1,0,1
5,0,5
0,0,0
12,1,11
1,21,-20
2,20,-18
0,0,0
8,0,8
22,22,0
0,0,0
13,13,0
3,3,0
1,0,1
2,0,2
4,0,4
4,3,1
21,17,4
2,2,0
5,7,-2
0,0,0
4,4,0
0,2,-2
0,2,-2
2,9,-7
14,19,-5
1,2,-1
1,3,-2
2,2,0
6,1,5
1,1,0
5,2,3
1,15,-14
20,2,18
0,0,0
0,4,-4
0,0,0
5,8,-3
1,16,-15
64,14,50
13,13,0
0,1,-1
4,1,3
2,1,1
1,1,0
1,1,0
0,6,-6
8,8,0
8,39,-31
5,0,5
10,10,0
0,3,-3
4,4,0
1,0,1
2,29,-27
11,0,11
4,0,4
0,0,0
5,9,-4
6,20,-14
0,0,0
13,8,5
12,12,0
6,31,-25
0,1,-1
0,0,0
2,4,-2
1,0,1
12,7,5
3,3,0
0,0,0
0,22,-22
3,0,3
0,0,0
12,3,9
8,16,-8
19,19,0
12,8,4
7,7,0
9,0,9
3,0,3
17,17,0
0,8,-8
17,5,12
0,0,0
3,3,0
12,12,0
1,0,1
4,19,-15
4,4,0
20,0,20
18,1,17
5,5,0
0,0,0
5,1,4
2,2,0
0,0,0
3,2,1
0,20,-20
0,0,0
39,39,0
7,7,0
35,35,0
0,0,0
20,3,17
16,39,-23
0,0,0
10,6,4
0,0,0
1,0,1
0,0,0
6,2,4
5,9,-4
0,7,-7
1,8,-7
0,0,0
5,5,0
11,10,1
0,0,0
10,10,0
6,15,-9
4,4,0
1,7,-6
1,0,1
1,0,1
2,0,2
13,13,0
6,4,2
1,3,-2
4,1,3
1,1,0
1,3,-2
14,6,8
6,0,6
4,4,0
2,29,-27
4,0,4
16,15,1
2,3,-1
12,0,12
3,0,3
10,0,10
0,0,0
9,1,8
0,0,0
0,0,0
1,1,0
16,1,15
0,9,-9
1,11,-10
5,5,0
0,19,-19
0,1,-1
0,0,0
2,0,2
2,0,2
6,7,-1
1,0,1
2,0,2
13,14,-1
2,2,0
1,0,1
10,7,3
11,33,-22
0,5,-5
4,7,-3
8,16,-8
1,0,1
14,5,9
0,9,-9
6,3,3
2,0,2
10,10,0
1,0,1
18,18,0
3,0,3
10,2,8
8,0,8
18,18,0
3,3,0
3,3,0
4,5,-1
25,3,22
50,50,0
0,8,-8
1,0,1
2,2,0
8,1,7
4,11,-7
1,9,-8
1,1,0
1,0,1
2,0,2
17,15,2
2,24,-22
1,8,-7
6,6,0
1,1,0
0,0,0
5,6,-1
5,17,-12
6,14,-8
16,16,0
0,1,-1
0,2,-2
5,8,-3
25,25,0
15,3,12
0,0,0
0,0,0
2,0,2
0,0,0
13,13,0
0,0,0
7,9,-2
0,0,0
0,0,0
5,5,0
2,2,0
6,6,0
15,5,10
8,27,-19
9,11,-2
5,5,0
0,9,-9
0,2,-2
21,3,18
38,38,0
0,6,-6
8,10,-2
0,0,0
7,1,6
92,13,79
2,0,2
9,0,9
4,7,-3
29,20,9
5,1,4
1,0,1
4,4,0
21,8,13
16,4,12
6,0,6
2,1,1
3,0,3
7,1,6
1,0,1
13,0,13
0,10,-10
2,0,2
48,12,36
20,2,18
0,0,0
1,0,1
0,0,0
29,0,29
1,1,0
3,3,0
0,0,0
19,19,0
0,12,-12
1,3,-2
3,0,3
24,23,1
10,14,-4
0,2,-2
8,1,7
4,4,0
3,2,1
1,1,0
20,20,0
13,13,0
19,19,0
7,7,0
7,15,-8
0,15,-15
4,5,-1
6,5,1
17,13,4
14,14,0
0,0,0
0,0,0
11,11,0
5,2,3
0,0,0
22,22,0
3,3,0
12,0,12
0,7,-7
1,1,0
1,0,1
12,12,0
19,5,14
0,0,0
1,0,1
36,36,0
13,29,-16
50,25,25
3,0,3
0,0,0
0,1,-1
2,11,-9
6,7,-1
2,6,-4
0,0,0
3,16,-13
2,2,0
8,8,0
4,13,-9
2,0,2
3,8,-5
18,18,0
12,12,0
5,5,0
0,0,0
3,12,-9
1,2,-1
0,0,0
5,0,5
3,0,3
1,1,0
0,2,-2
0,0,0
8,16,-8
1,1,0
8,6,2
0,0,0
16,3,13
5,12,-7
1,0,1
0,0,0
4,0,4
3,3,0
3,3,0
11,7,4
2,0,2
1,0,1
1,1,0
8,8,0
4,7,-3
1,25,-24
0,1,-1
23,8,15
5,5,0
11,11,0
2,1,1
4,3,1
38,38,0
10,10,0
5,2,3
0,0,0
6,6,0
2,0,2
1,0,1
1,0,1
5,7,-2
3,5,-2
11,11,0
6,12,-6
3,3,0
11,10,1
9,9,0
0,0,0
4,5,-1
6,6,0
4,4,0
12,4,8
1,1,0
0,0,0
10,10,0
0,2,-2
4,0,4
0,0,0
4,4,0
1,3,-2
2,37,-35
12,1,11
17,17,0
0,37,-37
20,17,3
0,0,0
0,8,-8
5,0,5
0,3,-3
1,1,0
0,0,0
10,10,0
4,4,0
0,0,0
0,3,-3
21,5,16
7,7,0
0,30,-30
8,8,0
9,2,7
0,0,0
1,0,1
2,5,-3
16,21,-5
19,19,0
29,29,0
9,0,9
12,34,-22
6,2,4
10,6,4
18,14,4
10,3,7
11,7,4
8,8,0
9,24,-15
11,11,0
1,0,1
1,0,1
6,12,-6
0,18,-18
16,3,13
0,0,0
2,0,2
0,5,-5
4,9,-5
4,2,2
0,3,-3
3,3,0
3,11,-8
13,7,6
1,3,-2
82,36,46
6,6,0
1,0,1
4,4,0
5,1,4
2,0,2
1,1,0
28,2,26
7,2,5
2,0,2
7,22,-15
14,14,0
1,25,-24
0,10,-10
3,0,3
3,3,0
1,0,1
2,0,2
8,35,-27
1,1,0
31,0,31
2,2,0
3,0,3
4,2,2
0,0,0
7,7,0
13,18,-5
0,3,-3
13,24,-11
4,0,4
14,6,8
2,0,2
3,3,0
3,3,0
1,4,-3
8,11,-3
15,15,0
2,4,-2
0,0,0
2,8,-6
3,17,-14
5,0,5
0,5,-5
2,7,-5
2,6,-4
5,5,0
8,8,0
0,0,0
3,23,-20
2,2,0
12,4,8
2,2,0
9,1,8
1,1,0
0,21,-21
2,15,-13
3,8,-5
0,6,-6
9,9,0
0,2,-2
9,13,-4
4,1,3
0,2,-2
1,3,-2
0,0,0
3,2,1
2,0,2
6,17,-11
3,15,-12
19,22,-3
4,0,4
14,19,-5
17,12,5
0,1,-1
25,36,-11
11,11,0
0,33,-33
31,0,31
3,19,-16
6,20,-14
7,7,0
13,3,10
2,13,-11
3,5,-2
15,30,-15
5,5,0
10,10,0
1,14,-13
0,0,0
3,3,0
2,0,2
28,0,28
32,17,15
22,0,22
8,0,8
4,7,-3
2,5,-3
1,0,1
24,24,0
15,11,4
1,1,0
4,41,-37
5,12,-7
8,22,-14
0,0,0
30,26,4
7,7,0
3,1,2
5,5,0
0,5,-5
2,0,2
13,15,-2
5,5,0
6,6,0
2,2,0
10,0,10
0,0,0
1,0,1
4,0,4
0,0,0
12,4,8
8,6,2
0,2,-2
1,0,1
0,42,-42
9,4,5
1,3,-2
7,7,0
12,0,12
2,0,2
5,8,-3
12,12,0
3,15,-12
9,6,3
1,1,0
3,5,-2
0,21,-21
6,2,4
8,8,0
10,10,0
1,0,1
0,0,0
4,12,-8
3,0,3
2,2,0
9,9,0
4,4,0
4,4,0
2,2,0
10,10,0
2,0,2
16,16,0
0,1,-1
4,0,4
12,3,9
4,0,4
11,11,0
6,5,1
0,7,-7
17,11,6
3,1,2
7,3,4
6,6,0
0,0,0
1,1,0
0,0,0
16,29,-13
0,0,0
1,17,-16
0,0,0
1,0,1
1,0,1
4,2,2
9,9,0
0,0,0
11,2,9
10,3,7
0,18,-18
13,0,13
5,7,-2
13,27,-14
1,27,-26
4,2,2
0,0,0
0,0,0
3,6,-3
3,4,-1
1,3,-2
8,8,0
1,0,1
0,0,0
10,35,-25
3,2,1
20,0,20
0,0,0
11,3,8
26,12,14
5,4,1
11,7,4
1,0,1
1,0,1
2,2,0
1,4,-3
1,0,1
2,2,0
16,16,0
7,7,0
18,18,0
3,3,0
2,1,1
22,22,0
7,7,0
9,9,0
0,0,0
5,16,-11
3,11,-8
0,0,0
3,33,-30
15,0,15
0,0,0
1,11,-10
4,4,0
6,37,-31
0,0,0
22,7,15
0,49,-49
0,0,0
9,9,0
14,5,9
5,19,-14
0,1,-1
5,5,0
4,4,0
2,2,0
2,13,-11
23,23,0
1,0,1
0,1,-1
37,0,37
0,1,-1
1,1,0
3,1,2
0,6,-6
14,14,0
1,0,1
9,9,0
38,38,0
0,0,0
8,9,-1
4,11,-7
2,0,2
7,7,0
1,1,0
19,19,0
7,2,5
28,25,3
1,11,-10
18,4,14
7,1,6
9,9,0
31,31,0
38,38,0
4,5,-1
14,21,-7
1,9,-8
7,1,6
0,0,0
2,6,-4
2,5,-3
5,6,-1
7,9,-2
32,1,31
0,0,0
0,0,0
1,1,0
15,11,4
14,15,-1
2,2,0
0,4,-4
3,8,-5
1,0,1
3,0,3
2,13,-11
56,56,0
14,1,13
18,10,8
0,0,0
1,15,-14
0,0,0
7,4,3
7,7,0
2,4,-2
23,3,20
8,2,6
0,2,-2
7,7,0
6,0,6
0,7,-7
1,0,1
5,7,-2
27,16,11
4,0,4
20,0,20
1,1,0
10,10,0
4,0,4
19,19,0
10,10,0
1,1,0
3,7,-4
6,17,-11
10,2,8
0,12,-12
0,9,-9
0,0,0
9,11,-2
6,22,-16
0,0,0
9,9,0
12,12,0
0,2,-2
20,17,3
3,10,-7
0,3,-3
8,1,7
2,1,1
89,6,83
2,0,2
35,4,31
0,10,-10
6,13,-7
5,0,5
0,10,-10
19,19,0
0,0,0
3,0,3
5,9,-4
2,6,-4
0,0,0
8,8,0
0,4,-4
26,26,0
12,15,-3
2,32,-30
6,15,-9
2,2,0
3,3,0
31,31,0
40,40,0
9,32,-23
5,4,1
1,0,1
4,0,4
3,1,2
26,4,22
5,1,4
0,0,0
0,0,0
3,5,-2
4,25,-21
8,1,7
11,11,0
15,12,3
0,0,0
0,0,0
37,27,10
7,0,7
1,4,-3
2,14,-12
2,2,0
0,28,-28
12,13,-1
0,0,0
5,11,-6
0,8,-8
2,2,0
11,11,0
4,4,0
1,21,-20
0,3,-3
9,9,0
2,1,1
50,50,0
6,0,6
0,0,0
4,0,4
0,2,-2
2,6,-4
0,0,0
1,3,-2
1,1,0
0,0,0
1,1,0
4,6,-2
11,11,0
1,4,-3
3,1,2
0,0,0
0,0,0
0,0,0
1,0,1
0,0,0
3,3,0
0,0,0
0,0,0
2,2,0
3,3,0
0,3,-3
4,33,-29
3,10,-7
27,27,0
4,4,0
2,31,-29
6,0,6
7,7,0
0,0,0
1,1,0
0,0,0
1,1,0
0,0,0
5,5,0
2,0,2
8,4,4
19,19,0
1,0,1
27,0,27
3,22,-19
1,5,-4
4,6,-2
12,13,-1
20,20,0
1,0,1
0,11,-11
7,20,-13
2,1,1
9,0,9
9,11,-2
0,24,-24
0,6,-6
3,0,3
5,13,-8
9,9,0
11,12,-1
13,21,-8
12,12,0
8,8,0
2,2,0
5,6,-1
19,19,0
12,5,7
3,7,-4
3,4,-1
2,0,2
17,2,15
17,17,0
22,0,22
15,26,-11
22,26,-4
4,4,0
15,15,0
1,0,1
2,2,0
14,24,-10
7,7,0
2,2,0
6,2,4
2,2,0
9,9,0
6,6,0
6,5,1
11,5,6
1,1,0
46,46,0
4,0,4
3,0,3
4,10,-6
5,4,1
17,17,0
1,5,-4
1,0,1
14,0,14
3,3,0
59,13,46
11,1,10
0,0,0
4,4,0
18,5,13
1,2,-1
24,8,16
10,2,8
0,0,0
4,4,0
1,7,-6
14,14,0
4,4,0
9,19,-10
7,9,-2
4,0,4
3,7,-4
0,0,0
0,20,-20
17,17,0
2,0,2
2,2,0
0,0,0
4,34,-30
15,15,0
2,1,1
1,0,1
10,3,7
8,8,0
2,3,-1
0,2,-2
25,4,21
9,4,5
15,2,13
1,0,1
2,3,-1
2,1,1
1,2,-1
10,0,10
10,9,1
7,1,6
32,32,0
9,9,0
0,0,0
20,20,0
5,0,5
0,0,0
13,0,13
3,10,-7
3,5,-2
4,4,0
13,34,-21
15,15,0
0,0,0
3,33,-30
1,0,1
0,0,0
2,0,2
1,19,-18
2,2,0
1,0,1
7,2,5
8,0,8
1,1,0
35,76,-41
21,21,0
3,11,-8
0,0,0
12,9,3
4,1,3
0,27,-27
1,3,-2
0,4,-4
80,80,0
1,0,1
2,2,0
9,9,0
4,0,4
1,1,0
1,9,-8
3,10,-7
0,0,0
6,6,0
6,6,0
0,0,0
5,20,-15
0,4,-4
1,1,0
0,0,0
0,0,0
17,7,10
0,0,0
1,1,0
0,9,-9
28,1,27
12,9,3
7,7,0
1,7,-6
7,0,7
1,1,0
3,7,-4
6,6,0
0,0,0
5,25,-20
11,19,-8
0,4,-4
6,0,6
3,4,-1
2,8,-6
1,1,0
32,36,-4
0,17,-17
1,0,1
2,6,-4
2,2,0
8,1,7
13,6,7
13,24,-11
0,0,0
2,2,0
5,5,0
12,12,0
2,2,0
0,0,0
0,0,0
1,24,-23
3,3,0
20,20,0
8,30,-22
0,0,0
1,1,0
11,25,-14
2,5,-3
0,19,-19
1,1,0
2,2,0
3,3,0
2,39,-37
7,11,-4
6,4,2
2,30,-28
3,11,-8
0,0,0
0,0,0
29,66,-37
0,17,-17
26,10,16
2,12,-10
11,11,0
17,17,0
15,10,5
1,5,-4
14,5,9
36,29,7
0,0,0
7,15,-8
60,2,58
1,7,-6
2,3,-1
1,1,0
2,0,2
1,12,-11
1,34,-33
4,5,-1
7,2,5
1,1,0
0,1,-1
4,6,-2
52,14,38
0,4,-4
0,0,0
18,5,13
10,10,0
1,0,1
19,19,0
4,11,-7
4,4,0
0,0,0
3,14,-11
6,6,0
8,8,0
1,5,-4
1,0,1
6,4,2
26,26,0
5,5,0
1,0,1
4,0,4
8,0,8
0,0,0
0,0,0
18,18,0
2,0,2
10,10,0
6,1,5
7,7,0
5,0,5
5,13,-8
0,0,0
12,12,0
6,6,0
8,0,8
12,12,0
1,9,-8
8,8,0
1,0,1
1,0,1
5,3,2
10,10,0
3,0,3
0,0,0
0,0,0
16,12,4
14,14,0
1,0,1
2,10,-8
8,2,6
6,26,-20
1,1,0
5,0,5
6,6,0
17,32,-15
1,0,1
0,0,0
6,10,-4
0,6,-6
6,6,0
2,2,0
2,0,2
12,1,11
2,2,0
6,6,0
0,0,0
2,13,-11
3,0,3
22,22,0
0,0,0
2,8,-6
6,0,6
0,22,-22
6,13,-7
5,2,3
7,17,-10
3,0,3
9,9,0
0,26,-26
34,21,13
2,0,2
6,4,2
10,8,2
19,14,5
17,1,16
0,1,-1
0,0,0
34,6,28
1,1,0
10,10,0
0,0,0
16,0,16
2,0,2
1,4,-3
24,6,18
0,2,-2
15,11,4
1,2,-1
2,0,2
1,0,1
5,15,-10
1,9,-8
1,1,0
2,2,0
1,0,1
3,1,2
2,0,2
21,21,0
19,19,0
14,1,13
16,16,0
4,4,0
5,40,-35
13,14,-1
25,0,25
11,9,2
11,22,-11
8,17,-9
1,0,1
5,5,0
1,1,0
3,0,3
2,3,-1
7,0,7
0,0,0
4,17,-13
0,5,-5
21,19,2
20,0,20
19,9,10
1,1,0
3,0,3
0,0,0
0,0,0
1,1,0
1,0,1
10,26,-16
19,5,14
3,3,0
6,22,-16
0,0,0
2,2,0
3,42,-39
19,40,-21
1,13,-12
20,20,0
1,1,0
5,9,-4
15,15,0
3,2,1
12,3,9
14,7,7
0,10,-10
0,0,0
4,4,0
0,17,-17
4,3,1
4,5,-1
1,2,-1
1,1,0
0,0,0
0,0,0
2,0,2
0,0,0
10,15,-5
0,0,0
1,0,1
0,0,0
1,1,0
1,0,1
14,16,-2
11,11,0
18,30,-12
7,7,0
3,6,-3
2,34,-32
0,1,-1
10,10,0
0,0,0
1,1,0
15,15,0
61,18,43
27,29,-2
1,27,-26
7,5,2
20,15,5
11,42,-31
4,2,2
18,10,8
0,1,-1
8,1,7
3,22,-19
0,35,-35
0,0,0
5,21,-16
5,5,0
3,21,-18
2,0,2
2,0,2
6,11,-5
5,2,3
1,10,-9
0,0,0
1,1,0
12,5,7
12,0,12
0,0,0
25,25,0
39,39,0
6,6,0
7,0,7
10,0,10
18,8,10
3,6,-3
0,0,0
4,1,3
4,1,3
34,0,34
3,7,-4
0,0,0
0,2,-2
1,1,0
1,2,-1
1,1,0
1,5,-4
2,1,1
8,0,8
0,0,0
3,8,-5
3,4,-1
21,1,20
1,0,1
2,0,2
0,1,-1
6,6,0
1,0,1
2,5,-3
10,10,0
3,2,1
8,2,6
6,10,-4
2,2,0
2,3,-1
5,11,-6
0,0,0
8,0,8
9,1,8
3,6,-3
0,0,0
3,5,-2
1,0,1
2,4,-2
9,8,1
4,11,-7
4,0,4
0,0,0
7,0,7
0,0,0
4,4,0
0,0,0
4,4,0
6,11,-5
10,0,10
1,0,1
13,7,6
1,1,0
7,7,0
11,11,0
4,5,-1
2,2,0
1,1,0
0,5,-5
9,1,8
8,5,3
4,0,4
5,5,0
0,3,-3
24,24,0
11,6,5
1,0,1
4,3,1
24,0,24
11,12,-1
10,7,3
7,9,-2
0,0,0
8,16,-8
40,23,17
2,2,0
0,11,-11
4,16,-12
5,2,3
1,0,1
16,16,0
17,0,17
0,5,-5
32,22,10
9,8,1
12,0,12
8,6,2
7,3,4
1,0,1
4,16,-12
55,55,0
14,14,0
12,1,11
3,1,2
53,53,0
0,12,-12
2,0,2
17,24,-7
8,9,-1
6,6,0
16,16,0
11,7,4
13,0,13
3,12,-9
0,22,-22
12,12,0
20,12,8
1,1,0
5,0,5
13,19,-6
6,7,-1
12,5,7
0,0,0
0,1,-1
0,1,-1
1,1,0
2,7,-5
3,16,-13
18,18,0
4,4,0
14,14,0
19,1,18
4,1,3
3,3,0
11,5,6
23,0,23
0,0,0
0,0,0
7,34,-27
0,0,0
1,1,0
0,0,0
3,0,3
5,0,5
0,0,0
1,0,1
23,23,0
7,0,7
1,1,0
31,4,27
0,0,0
5,5,0
1,2,-1
2,2,0
5,1,4
1,0,1
9,6,3
4,0,4
7,2,5
12,12,0
7,31,-24
16,16,0
9,9,0
0,0,0
2,1,1
24,24,0
2,2,0
4,0,4
1,0,1
16,2,14
1,0,1
2,7,-5
1,26,-25
0,0,0
1,1,0
1,0,1
0,4,-4
6,8,-2
1,0,1
7,7,0
1,1,0
3,3,0
0,0,0
3,3,0
1,10,-9
3,3,0
3,1,2
0,0,0
0,7,-7
2,3,-1
17,17,0
0,4,-4
7,7,0
5,3,2
4,11,-7
15,15,0
12,13,-1
1,0,1
1,17,-16
18,11,7
1,0,1
19,20,-1
5,0,5
16,5,11
10,4,6
1,3,-2
0,0,0
1,0,1
0,1,-1
15,5,10
2,7,-5
15,22,-7
0,12,-12
9,9,0
1,0,1
3,5,-2
6,6,0
12,15,-3
1,0,1
1,0,1
6,0,6
0,1,-1
5,7,-2
5,5,0
12,2,10
3,7,-4
1,34,-33
9,0,9
12,1,11
0,0,0
0,0,0
0,0,0
11,43,-32
5,6,-1
39,39,0
25,2,23
9,15,-6
9,0,9
1,1,0
3,3,0
0,0,0
0,6,-6
1,1,0
1,16,-15
0,0,0
0,0,0
1,4,-3
5,5,0
8,8,0
1,1,0
9,37,-28
1,4,-3
2,0,2
2,10,-8
8,7,1
0,0,0
0,0,0
4,0,4
4,4,0
37,27,10
28,1,27
9,9,0
6,0,6
16,9,7
0,1,-1
15,15,0
7,7,0
1,1,0
12,4,8
3,0,3
4,0,4
4,4,0
6,0,6
0,2,-2
5,0,5
24,0,24
9,9,0
11,2,9
6,1,5
9,5,4
1,0,1
20,1,19
1,1,0
5,9,-4
11,11,0
3,3,0
0,0,0
0,0,0
3,3,0
0,3,-3
0,0,0
1,1,0
6,6,0
12,2,10
4,7,-3
11,1,10
0,2,-2
3,3,0
0,0,0
3,0,3
1,1,0
0,0,0
3,1,2
12,33,-21
6,2,4
0,0,0
32,17,15
22,1,21
7,7,0
0,0,0
12,1,11
2,2,0
5,8,-3
1,20,-19
19,10,9
0,0,0
8,4,4
3,4,-1
0,0,0
2,0,2
3,9,-6
0,0,0
0,0,0
5,1,4
6,12,-6
4,2,2
13,13,0
0,3,-3
1,1,0
3,3,0
14,2,12
21,6,15
3,23,-20
1,29,-28
7,7,0
5,5,0
3,3,0
0,0,0
5,0,5
15,15,0
8,8,0
13,0,13
24,24,0
36,28,8
8,4,4
2,1,1
14,0,14
14,0,14
1,14,-13
4,0,4
8,8,0
6,2,4
15,54,-39
15,16,-1
0,0,0
3,1,2
1,8,-7
2,1,1
1,0,1
1,0,1
8,2,6
5,5,0
4,4,0
11,31,-20
23,23,0
10,4,6
14,0,14
2,1,1
7,1,6
5,5,0
3,0,3
8,1,7
1,6,-5
5,19,-14
5,5,0
9,4,5
3,8,-5
9,25,-16
1,11,-10
2,3,-1
7,2,5
1,0,1
0,4,-4
1,1,0
5,5,0
27,27,0
4,0,4
1,3,-2
4,1,3
108,6,102
51,51,0
7,23,-16
1,0,1
2,2,0
5,5,0
1,0,1
7,22,-15
0,0,0
9,9,0
8,9,-1
7,36,-29
1,1,0
4,2,2
5,6,-1
0,0,0
4,4,0
8,24,-16
0,11,-11
0,0,0
15,2,13
9,9,0
12,12,0
4,1,3
0,0,0
7,7,0
1,1,0
0,0,0
23,56,-33
2,4,-2
0,0,0
4,4,0
9,11,-2
0,0,0
5,31,-26
1,0,1
7,7,0
1,7,-6
6,8,-2
1,1,0
0,0,0
0,0,0
1,0,1
9,9,0
8,8,0
0,0,0
1,1,0
4,26,-22
19,19,0
1,0,1
3,3,0
35,35,0
3,0,3
2,2,0
5,5,0
1,7,-6
25,2,23
0,2,-2
4,10,-6
11,0,11
7,0,7
1,1,0
15,13,2
0,6,-6
2,2,0
5,3,2
1,1,0
16,24,-8
5,6,-1
1,3,-2
1,0,1
1,20,-19
8,7,1
24,10,14
13,14,-1
13,0,13
9,9,0
1,0,1
3,8,-5
18,2,16
7,48,-41
1,2,-1
2,0,2
3,7,-4
5,0,5
3,2,1
12,8,4
6,19,-13
4,7,-3
2,1,1
1,0,1
22,22,0
5,1,4
0,0,0
7,1,6
0,0,0
8,7,1
0,5,-5
1,0,1
0,8,-8
5,1,4
2,0,2
5,4,1
8,5,3
9,31,-22
0,0,0
2,0,2
6,1,5
0,0,0
1,0,1
3,3,0
2,0,2
9,25,-16
28,0,28
4,8,-4
21,2,19
4,4,0
5,5,0
2,0,2
0,0,0
12,8,4
10,3,7
8,4,4
2,2,0
4,7,-3
3,0,3
9,0,9
0,0,0
4,4,0
7,5,2
4,24,-20
9,3,6
4,4,0
22,22,0
0,3,-3
6,6,0
3,0,3
1,21,-20
4,4,0
0,12,-12
4,0,4
9,6,3
4,4,0
17,1,16
0,9,-9
4,8,-4
14,10,4
2,1,1
5,18,-13
0,0,0
2,12,-10
2,0,2
4,4,0
5,7,-2
11,1,10
2,2,0
15,1,14
2,5,-3
6,22,-16
3,3,0
7,5,2
9,2,7
25,2,23
0,0,0
0,0,0
0,0,0
0,0,0
4,3,1
2,0,2
2,2,0
6,6,0
11,52,-41
1,1,0
2,4,-2
0,0,0
6,2,4
1,1,0
5,2,3
26,0,26
0,0,0
6,2,4
7,7,0
0,0,0
3,10,-7
1,1,0
8,20,-12
2,7,-5
1,0,1
0,0,0
0,3,-3
1,0,1
0,0,0
9,9,0
2,0,2
3,3,0
9,29,-20
5,1,4
1,1,0
4,5,-1
0,0,0
5,1,4
8,7,1
0,1,-1
0,7,-7
2,17,-15
5,8,-3
0,0,0
11,8,3
3,3,0
2,21,-19
0,0,0
1,16,-15
21,2,19
0,0,0
0,9,-9
3,0,3
0,0,0
51,9,42
12,12,0
8,16,-8
5,5,0
7,3,4
2,6,-4
1,0,1
0,0,0
42,10,32
17,23,-6
11,9,2
7,0,7
3,3,0
3,2,1
0,1,-1
8,3,5
2,8,-6
0,0,0
1,11,-10
4,4,0
0,8,-8
17,17,0
0,2,-2
8,8,0
24,31,-7
2,8,-6
16,7,9
19,8,11
0,0,0
2,13,-11
6,1,5
48,48,0
1,1,0
1,1,0
4,6,-2
1,29,-28
13,22,-9
10,10,0
7,0,7
7,4,3
0,2,-2
9,0,9
3,8,-5
2,3,-1
2,2,0
0,0,0
5,15,-10
7,13,-6
4,1,3
18,6,12
23,46,-23
0,0,0
19,16,3
0,7,-7
0,3,-3
5,5,0
13,1,12
40,40,0
7,1,6
6,10,-4
6,4,2
0,0,0
5,3,2
1,1,0
3,4,-1
13,18,-5
14,14,0
2,7,-5
2,2,0
0,10,-10
1,0,1
9,9,0
1,1,0
6,1,5
8,9,-1
8,4,4
12,12,0
0,0,0
4,0,4
0,2,-2
0,1,-1
8,8,0
13,13,0
1,6,-5
0,0,0
2,0,2
4,4,0
9,0,9
12,3,9
0,11,-11
1,29,-28
4,4,0
2,12,-10
34,4,30
0,2,-2
1,3,-2
6,6,0
14,14,0
5,0,5
5,0,5
3,1,2
2,2,0
3,6,-3
2,13,-11
17,4,13
0,11,-11
1,5,-4
16,40,-24
8,12,-4
1,5,-4
4,0,4
3,2,1
11,13,-2
4,0,4
1,0,1
15,12,3
6,6,0
19,28,-9
2,3,-1
0,0,0
5,0,5
4,5,-1
7,5,2
2,0,2
12,6,6
0,0,0
9,9,0
3,3,0
1,0,1
31,5,26
0,0,0
13,13,0
0,1,-1
1,3,-2
1,0,1
3,7,-4
0,0,0
4,5,-1
5,5,0
2,2,0
26,26,0
1,21,-20
14,20,-6
6,5,1
0,0,0
0,0,0
0,0,0
28,15,13
2,0,2
7,0,7
2,0,2
9,8,1
0,0,0
0,1,-1
0,0,0
7,0,7
1,1,0
8,8,0
2,10,-8
20,20,0
29,29,0
10,5,5
0,0,0
0,0,0
14,24,-10
9,0,9
16,16,0
4,0,4
1,1,0
0,1,-1
0,0,0
3,0,3
0,0,0
2,0,2
1,0,1
1,2,-1
18,18,0
6,2,4
4,19,-15
8,0,8
1,0,1
11,11,0
0,3,-3
1,5,-4
0,4,-4
10,8,2
5,5,0
0,14,-14
34,18,16
19,8,11
0,0,0
3,0,3
21,21,0
6,14,-8
64,64,0
0,1,-1
11,31,-20
2,8,-6
4,1,3
7,13,-6
1,19,-18
5,5,0
11,10,1
54,54,0
10,13,-3
5,11,-6
0,0,0
0,8,-8
2,1,1
4,0,4
7,1,6
6,7,-1
0,3,-3
1,1,0
8,7,1
4,4,0
4,0,4
9,38,-29
0,0,0
3,3,0
1,0,1
1,2,-1
1,3,-2
1,2,-1
6,5,1
0,21,-21
9,11,-2
9,0,9
0,0,0
8,8,0
0,0,0
0,0,0
5,7,-2
33,1,32
2,0,2
6,27,-21
47,47,0
7,18,-11
2,1,1
9,10,-1
2,0,2
12,12,0
0,3,-3
1,11,-10
1,0,1
0,0,0
1,26,-25
12,5,7
4,1,3
3,6,-3
27,27,0
0,0,0
1,1,0
9,6,3
0,4,-4
4,4,0
1,0,1
13,2,11
6,0,6
10,10,0
1,5,-4
1,1,0
5,5,0
0,10,-10
1,1,0
6,14,-8
4,2,2
14,1,13
5,5,0
1,1,0
0,0,0
1,0,1
7,5,2
4,0,4
0,3,-3
5,6,-1
0,8,-8
2,3,-1
3,0,3
8,7,1
16,5,11
26,3,23
1,4,-3
2,6,-4
4,34,-30
1,45,-44
1,0,1
30,0,30
16,5,11
0,0,0
0,0,0
0,0,0
0,0,0
0,0,0
5,1,4
1,0,1
0,0,0
6,0,6
25,25,0
1,0,1
0,1,-1
4,1,3
1,3,-2
2,13,-11
34,35,-1
4,4,0
1,2,-1
3,6,-3
2,2,0
1,0,1
9,9,0
1,1,0
1,0,1
6,0,6
3,16,-13
43,14,29
2,2,0
10,5,5
0,3,-3
1,0,1
40,0,40
18,9,9
2,6,-4
20,20,0
0,0,0
4,8,-4
0,0,0
4,9,-5
4,34,-30
0,0,0
3,0,3
2,2,0
2,2,0
2,1,1
13,7,6
1,1,0
1,0,1
8,0,8
0,0,0
24,24,0
2,1,1
7,1,6
7,6,1
29,15,14
1,14,-13
29,29,0
16,13,3
12,0,12
11,5,6
12,17,-5
2,2,0
11,0,11
1,35,-34
5,0,5
3,0,3
1,1,0
0,3,-3
65,65,0
1,0,1
7,7,0
0,35,-35
20,20,0
18,18,0
20,20,0
2,0,2
0,0,0
15,4,11
23,29,-6
2,2,0
7,11,-4
9,2,7
4,9,-5
11,11,0
2,7,-5
2,1,1
0,0,0
3,0,3
1,32,-31
45,45,0
0,0,0
0,1,-1
2,0,2
1,0,1
2,6,-4
1,1,0
3,3,0
4,0,4
0,2,-2
9,15,-6
11,0,11
0,0,0
5,6,-1
4,1,3
8,9,-1
17,7,10
17,19,-2
5,6,-1
0,0,0
2,1,1
11,22,-11
9,3,6
0,2,-2
0,0,0
2,2,0
1,0,1
11,7,4
7,7,0
7,7,0
0,0,0
3,1,2
0,12,-12
17,9,8
5,7,-2
15,20,-5
0,3,-3
6,7,-1
11,4,7
2,2,0
7,0,7
9,20,-11
16,2,14
0,0,0
0,1,-1
0,0,0
6,3,3
4,4,0
2,1,1
18,4,14
0,0,0
1,0,1
1,4,-3
1,0,1
5,5,0
0,0,0
0,0,0
8,36,-28
5,7,-2
0,0,0
0,4,-4
0,0,0
8,21,-13
19,4,15
90,2,88
10,3,7
6,4,2
1,9,-8
2,0,2
3,5,-2
7,7,0
2,2,0
2,1,1
6,9,-3
0,0,0
5,2,3
12,2,10
6,11,-5
9,15,-6
0,0,0
0,0,0
0,2,-2
14,0,14
2,6,-4
1,0,1
1,0,1
1,0,1
10,4,6
1,2,-1
1,1,0
2,9,-7
10,10,0
11,6,5
9,0,9
10,18,-8
10,49,-39
6,6,0
10,10,0
0,0,0
5,1,4
0,16,-16
13,1,12
10,5,5
0,0,0
2,0,2
19,21,-2
44,18,26
3,8,-5
0,1,-1
3,2,1
1,0,1
10,10,0
0,0,0
8,5,3
5,2,3
2,13,-11
0,0,0
7,2,5
4,0,4
4,4,0
25,32,-7
1,15,-14
14,19,-5
3,1,2
9,4,5
7,3,4
8,20,-12
22,22,0
0,0,0
7,1,6
3,1,2
4,4,0
1,0,1
13,4,9
23,7,16
7,7,0
11,11,0
12,12,0
6,2,4
4,3,1
3,7,-4
22,43,-21
4,16,-12
2,2,0
22,3,19
22,20,2
0,7,-7
1,7,-6
3,3,0
0,6,-6
1,12,-11
0,0,0
1,0,1
6,0,6
6,3,3
1,1,0
6,6,0
14,1,13
3,4,-1
8,34,-26
1,1,0
10,0,10
0,6,-6
3,2,1
0,0,0
1,2,-1
3,0,3
3,19,-16
1,0,1
2,16,-14
24,21,3
6,2,4
1,1,0
0,12,-12
3,10,-7
5,5,0
24,24,0
8,6,2
13,13,0
6,16,-10
5,3,2
10,15,-5
3,3,0
10,10,0
1,1,0
1,0,1
5,1,4
8,1,7
10,3,7
14,27,-13
0,4,-4
22,21,1
6,1,5
1,1,0
7,7,0
8,1,7
8,20,-12
11,9,2
2,0,2
0,0,0
2,0,2
1,1,0
15,2,13
12,18,-6
0,1,-1
14,8,6
3,20,-17
8,15,-7
0,0,0
4,11,-7
12,12,0
2,2,0
5,2,3
1,2,-1
3,2,1
8,8,0
2,2,0
24,42,-18
1,0,1
3,8,-5
1,1,0
2,1,1
0,0,0
8,47,-39
1,0,1
1,0,1
1,4,-3
4,4,0
4,4,0
1,0,1
8,8,0
8,8,0
5,5,0
10,10,0
0,0,0
7,1,6
4,0,4
4,0,4
1,13,-12
5,5,0
0,0,0
0,21,-21
1,0,1
4,1,3
0,11,-11
5,5,0
7,0,7
1,0,1
3,0,3
8,8,0
0,2,-2
0,0,0
4,4,0
2,2,0
1,2,-1
0,0,0
0,1,-1
0,0,0
26,0,26
2,13,-11
4,4,0
0,0,0
11,11,0
0,0,0
0,0,0
5,24,-19
0,0,0
11,3,8
2,3,-1
7,7,0
0,2,-2
52,52,0
3,4,-1
8,8,0
3,0,3
40,40,0
21,29,-8
0,46,-46
9,9,0
12,12,0
0,0,0
32,32,0
4,0,4
4,0,4
1,1,0
0,1,-1
16,39,-23
18,18,0
8,8,0
10,8,2
1,2,-1
0,1,-1
16,26,-10
39,53,-14
1,0,1
0,8,-8
4,15,-11
14,8,6
2,0,2
4,0,4
0,0,0
3,0,3
8,6,2
5,2,3
21,21,0
2,3,-1
5,4,1
9,10,-1
16,29,-13
0,0,0
1,6,-5
15,4,11
0,0,0
4,0,4
0,5,-5
1,17,-16
7,0,7
19,5,14
5,2,3
8,23,-15
5,2,3
21,4,17
2,4,-2
1,0,1
29,29,0
7,7,0
4,4,0
0,0,0
3,3,0
0,1,-1
35,5,30
8,5,3
3,2,1
4,1,3
0,0,0
21,4,17
1,2,-1
1,0,1
3,20,-17
8,8,0
31,5,26
42,42,0
0,16,-16
2,0,2
2,10,-8
2,3,-1
3,20,-17
9,6,3
0,0,0
0,6,-6
1,0,1
12,12,0
0,0,0
4,1,3
10,10,0
1,0,1
1,0,1
7,4,3
0,12,-12
14,14,0
1,0,1
0,3,-3
0,7,-7
1,0,1
0,0,0
0,0,0
17,17,0
1,0,1
0,0,0
10,7,3
1,4,-3
5,5,0
7,10,-3
11,0,11
30,30,0
2,2,0
22,29,-7
12,12,0
22,22,0
3,3,0
9,9,0
3,3,0
5,0,5
3,3,0
1,2,-1
5,15,-10
1,7,-6
1,1,0
11,2,9
4,8,-4
8,8,0
3,0,3
1,0,1
14,15,-1
1,0,1
9,9,0
9,1,8
27,27,0
1,1,0
8,4,4
9,2,7
10,10,0
12,12,0
3,0,3
3,3,0
1,0,1
60,19,41
11,2,9
2,1,1
7,7,0
5,2,3
2,2,0
0,0,0
4,10,-6
2,0,2
0,5,-5
30,9,21
7,19,-12
1,0,1
0,0,0
24,29,-5
1,42,-41
7,7,0
3,15,-12
0,0,0
1,14,-13
2,2,0
7,11,-4
13,13,0
2,2,0
6,1,5
12,2,10
0,0,0
5,0,5
1,0,1
1,3,-2
2,0,2
5,0,5
2,2,0
1,7,-6
8,0,8
0,4,-4
1,1,0
8,8,0
2,7,-5
6,6,0
6,30,-24
3,3,0
6,11,-5
6,6,0
21,12,9
2,1,1
3,3,0
40,9,31
8,9,-1
0,45,-45
0,0,0
1,0,1
0,5,-5
6,1,5
2,5,-3
4,1,3
16,8,8
0,0,0
7,7,0
2,2,0
0,0,0
2,2,0
1,30,-29
1,14,-13
31,10,21
14,14,0
6,5,1
1,21,-20
3,3,0
0,0,0
9,0,9
1,4,-3
10,10,0
6,2,4
31,2,29
2,3,-1
19,2,17
5,5,0
3,3,0
0,9,-9
2,0,2
8,3,5
0,0,0
1,1,0
4,9,-5
15,1,14
11,11,0
3,3,0
6,6,0
7,3,4
1,0,1
0,20,-20
5,27,-22
0,0,0
3,0,3
0,0,0
10,9,1
7,7,0
1,0,1
25,18,7
3,1,2
0,0,0
10,10,0
1,1,0
14,14,0
0,2,-2
10,10,0
15,13,2
11,11,0
2,0,2
4,2,2
10,0,10
4,1,3
5,11,-6
0,2,-2
0,3,-3
0,0,0
4,26,-22
1,1,0
19,1,18
12,22,-10
22,22,0
0,21,-21
0,0,0
1,8,-7
4,0,4
7,7,0
9,9,0
29,29,0
2,2,0
19,19,0
17,1,16
8,29,-21
5,0,5
17,0,17
12,3,9
10,7,3
3,11,-8
0,1,-1
10,10,0
0,5,-5
1,13,-12
12,1,11
3,0,3
25,31,-6
3,0,3
0,0,0
2,3,-1
1,0,1
3,3,0
19,12,7
1,0,1
0,0,0
0,0,0
5,5,0
1,1,0
6,3,3
15,15,0
32,32,0
3,0,3
0,0,0
17,17,0
2,2,0
0,6,-6
13,15,-2
6,5,1
23,23,0
5,8,-3
5,7,-2
0,1,-1
13,0,13
47,11,36
1,1,0
8,0,8
1,5,-4
0,0,0
8,9,-1
8,8,0
7,10,-3
4,16,-12
1,4,-3
7,7,0
7,0,7
11,1,10
2,1,1
11,2,9
0,0,0
0,0,0
5,5,0
14,2,12
1,0,1
29,29,0
28,1,27
3,12,-9
3,2,1
15,3,12
10,10,0
3,3,0
4,19,-15
8,0,8
7,4,3
0,0,0
16,16,0
6,6,0
7,0,7
6,12,-6
1,0,1
0,0,0
54,54,0
11,11,0
1,1,0
4,25,-21
3,3,0
5,0,5
10,10,0
0,34,-34
0,15,-15
4,0,4
12,28,-16
1,1,0
12,20,-8
1,0,1
0,0,0
2,6,-4
37,13,24
4,5,-1
1,1,0
11,1,10
3,5,-2
0,0,0
14,1,13
15,15,0
7,7,0
2,0,2
0,0,0
30,0,30
0,0,0
0,0,0
27,25,2
4,0,4
1,2,-1
0,0,0
7,0,7
26,5,21
6,6,0
0,0,0
4,0,4
3,28,-25
4,12,-8
2,8,-6
11,2,9
2,4,-2
18,5,13
27,5,22
0,0,0
34,34,0
10,10,0
0,0,0
6,6,0
3,1,2
13,13,0
30,21,9
3,3,0
0,0,0
0,0,0
2,2,0
1,0,1
1,0,1
0,0,0
2,2,0
1,3,-2
16,1,15
1,7,-6
33,33,0
1,1,0
6,6,0
1,5,-4
6,16,-10
4,0,4
0,0,0
0,4,-4
12,0,12
3,5,-2
28,13,15
10,0,10
39,1,38
9,4,5
6,6,0
4,4,0
5,2,3
10,2,8
0,0,0
3,3,0
7,33,-26
23,23,0
0,8,-8
0,0,0
7,0,7
1,30,-29
0,0,0
1,8,-7
7,1,6
1,12,-11
1,0,1
18,23,-5
2,12,-10
2,0,2
2,35,-33
0,0,0
3,0,3
0,0,0
2,2,0
4,4,0
0,0,0
1,1,0
4,6,-2
2,1,1
31,9,22
0,0,0
1,3,-2
6,0,6
6,0,6
3,0,3
10,10,0
4,0,4
2,0,2
19,1,18
19,4,15
8,3,5
3,0,3
5,5,0
11,3,8
12,4,8
8,0,8
10,10,0
7,5,2
6,2,4
0,3,-3
7,15,-8
3,14,-11
43,38,5
4,4,0
7,7,0
0,2,-2
8,8,0
9,5,4
0,0,0
3,0,3
3,3,0
1,0,1
0,0,0
9,0,9
0,3,-3
2,0,2
13,7,6
0,6,-6
1,1,0
8,8,0
1,0,1
6,13,-7
23,16,7
7,7,0
1,0,1
1,46,-45
1,1,0
53,11,42
2,3,-1
0,4,-4
17,17,0
4,0,4
2,2,0
9,9,0
0,0,0
9,5,4
0,4,-4
11,23,-12
4,0,4
4,4,0
17,1,16
0,0,0
0,0,0
21,11,10
28,2,26
0,1,-1
1,0,1
7,4,3
0,0,0
0,0,0
9,72,-63
0,2,-2
21,2,19
20,22,-2
38,0,38
4,20,-16
0,0,0
2,2,0
12,0,12
5,5,0
6,0,6
5,1,4
1,0,1
8,7,1
2,0,2
0,8,-8
18,7,11
1,1,0
6,5,1
7,52,-45
6,6,0
0,9,-9
2,2,0
4,0,4
15,30,-15
2,2,0
10,6,4
0,0,0
2,3,-1
2,0,2
2,3,-1
5,1,4
1,6,-5
10,13,-3
16,20,-4
0,0,0
4,2,2
6,6,0
13,13,0
0,1,-1
1,12,-11
1,1,0
1,0,1
0,8,-8
1,0,1
23,23,0
1,15,-14
17,26,-9
0,1,-1
2,5,-3
7,0,7
10,10,0
4,0,4
1,0,1
4,0,4
0,2,-2
25,17,8
2,12,-10
8,0,8
6,0,6
4,16,-12
1,0,1
7,11,-4
4,18,-14
0,2,-2
9,1,8
5,34,-29
2,2,0
16,3,13
2,19,-17
4,2,2
0,0,0
15,1,14
2,0,2
0,0,0
11,24,-13
18,11,7
11,11,0
1,1,0
22,22,0
3,0,3
9,17,-8
5,4,1
0,0,0
20,30,-10
2,0,2
0,0,0
5,8,-3
12,12,0
13,5,8
5,5,0
4,4,0
6,6,0
2,20,-18
11,0,11
0,37,-37
32,32,0
11,15,-4
11,11,0
16,16,0
14,10,4
4,21,-17
3,0,3
5,5,0
17,22,-5
8,11,-3
7,22,-15
3,6,-3
12,9,3
3,3,0
0,0,0
7,9,-2
2,2,0
1,1,0
7,2,5
8,15,-7
0,0,0
5,5,0
3,5,-2
0,0,0
80,29,51
3,6,-3
7,1,6
27,47,-20
6,6,0
4,5,-1
2,0,2
2,6,-4
0,0,0
1,0,1
10,1,9
23,36,-13
2,0,2
5,0,5
5,19,-14
3,16,-13
8,9,-1
0,0,0
11,11,0
0,0,0
1,25,-24
8,3,5
2,8,-6
2,42,-40
1,3,-2
15,17,-2
0,4,-4
11,22,-11
10,0,10
1,1,0
1,1,0
0,0,0
13,20,-7
7,2,5
0,0,0
1,9,-8
7,7,0
0,1,-1
0,5,-5
7,5,2
28,28,0
14,3,11
5,5,0
3,4,-1
0,0,0
4,0,4
2,2,0
4,14,-10
2,1,1
14,0,14
13,18,-5
12,0,12
1,0,1
0,0,0
13,1,12
0,7,-7
4,20,-16
21,6,15
0,5,-5
4,4,0
10,2,8
12,7,5
11,8,3
0,13,-13
5,3,2
0,0,0
0,2,-2
0,19,-19
0,5,-5
0,0,0
8,8,0
6,6,0
20,2,18
4,1,3
0,0,0
35,3,32
0,1,-1
6,5,1
7,0,7
0,11,-11
0,0,0
13,13,0
9,3,6
5,0,5
0,1,-1
11,18,-7
18,1,17
7,1,6
0,0,0
47,7,40
24,24,0
53,53,0
0,1,-1
12,8,4
3,0,3
0,20,-20
2,2,0
7,7,0
1,0,1
0,0,0
5,8,-3
16,0,16
3,5,-2
2,0,2
4,0,4
13,8,5
13,6,7
1,0,1
5,31,-26
1,25,-24
31,0,31
2,0,2
4,6,-2
7,0,7
6,6,0
5,11,-6
5,1,4
0,5,-5
1,1,0
12,12,0
9,24,-15
0,0,0
2,19,-17
7,0,7
2,2,0
0,0,0
2,1,1
1,1,0
5,0,5
0,0,0
0,5,-5
4,4,0
2,2,0
11,35,-24
3,23,-20
4,4,0
14,14,0
22,2,20
2,2,0
0,0,0
16,13,3
24,3,21
0,0,0
0,0,0
2,1,1
4,4,0
4,4,0
3,3,0
1,42,-41
7,0,7
12,2,10
24,0,24
27,27,0
4,10,-6
11,11,0
23,0,23
12,4,8
1,1,0
3,3,0
0,0,0
7,4,3
3,0,3
0,0,0
0,1,-1
0,0,0
12,9,3
8,8,0
1,1,0
0,18,-18
0,6,-6
3,4,-1
16,0,16
1,2,-1
13,8,5
1,1,0
0,0,0
12,12,0
16,16,0
24,24,0
1,7,-6
6,6,0
0,0,0
0,0,0
3,0,3
5,1,4
3,3,0
1,15,-14
2,20,-18
0,0,0
0,0,0
7,17,-10
0,0,0
0,0,0
6,6,0
3,12,-9
0,0,0
0,0,0
18,9,9
0,0,0
5,0,5
0,16,-16
10,1,9
19,8,11
2,24,-22
5,5,0
7,1,6
16,17,-1
18,2,16
9,7,2
11,5,6
8,25,-17
1,6,-5
0,2,-2
1,22,-21
1,0,1
12,5,7
4,11,-7
2,5,-3
2,1,1
1,7,-6
3,3,0
9,1,8
3,5,-2
4,0,4
25,9,16
12,12,0
1,0,1
0,8,-8
0,1,-1
4,13,-9
0,0,0
1,1,0
8,2,6
3,0,3
2,0,2
6,6,0
2,2,0
5,0,5
18,0,18
4,0,4
40,40,0
37,37,0
10,3,7
6,0,6
2,8,-6
8,10,-2
8,8,0
2,0,2
1,0,1
3,11,-8
1,18,-17
5,5,0
9,5,4
3,1,2
2,0,2
1,10,-9
0,7,-7
37,10,27
0,5,-5
6,10,-4
0,0,0
4,7,-3
2,3,-1
0,9,-9
0,21,-21
8,32,-24
1,10,-9
0,0,0
1,1,0
5,0,5
0,0,0
3,8,-5
0,0,0
0,0,0
5,5,0
2,2,0
23,23,0
7,7,0
4,11,-7
6,5,1
7,7,0
25,25,0
0,0,0
3,3,0
0,0,0
2,4,-2
3,1,2
2,19,-17
32,8,24
4,19,-15
2,17,-15
1,5,-4
4,0,4
6,6,0
22,22,0
20,0,20
15,2,13
4,4,0
0,0,0
4,4,0
5,5,0
6,6,0
4,0,4
0,7,-7
6,52,-46
7,7,0
3,2,1
7,7,0
15,15,0
2,4,-2
0,1,-1
5,2,3
2,9,-7
8,5,3
3,0,3
61,61,0
7,0,7
9,9,0
3,3,0
16,5,11
18,35,-17
3,3,0
1,3,-2
5,3,2
0,5,-5
13,0,13
7,7,0
0,0,0
89,89,0
13,6,7
5,8,-3
14,20,-6
0,1,-1
2,7,-5
20,42,-22
4,4,0
18,14,4
4,9,-5
4,4,0
4,7,-3
12,7,5
7,8,-1
15,15,0
4,4,0
0,0,0
0,0,0
4,11,-7
0,0,0
0,0,0
2,0,2
8,0,8
35,27,8
14,6,8
16,27,-11
6,1,5
0,3,-3
4,0,4
9,5,4
7,10,-3
0,0,0
0,0,0
10,2,8
29,0,29
2,0,2
2,2,0
5,17,-12
1,7,-6
3,0,3
10,8,2
2,1,1
2,2,0
1,8,-7
9,0,9
0,0,0
0,0,0
0,0,0
1,1,0
5,5,0
28,4,24
8,11,-3
3,2,1
4,11,-7
64,14,50
13,28,-15
0,5,-5
4,4,0
19,1,18
6,1,5
2,4,-2
0,4,-4
4,4,0
10,1,9
27,1,26
4,0,4
3,3,0
6,2,4
22,22,0
15,0,15
6,0,6
0,0,0
2,2,0
3,16,-13
3,4,-1
10,8,2
3,3,0
22,22,0
4,11,-7
18,7,11
18,26,-8
1,11,-10
1,19,-18
0,4,-4
12,0,12
18,9,9
5,1,4
21,12,9
12,11,1
16,15,1
6,8,-2
4,4,0
4,9,-5
5,18,-13
6,0,6
4,3,1
2,6,-4
9,10,-1
7,0,7
5,2,3
3,3,0
2,2,0
8,26,-18
45,45,0
4,1,3
9,5,4
0,0,0
3,31,-28
3,3,0
0,0,0
13,14,-1
0,0,0
10,7,3
20,24,-4
17,9,8
9,9,0
6,4,2
16,14,2
29,29,0
1,1,0
2,2,0
12,13,-1
11,12,-1
0,1,-1
10,0,10
12,8,4
12,10,2
17,26,-9
0,0,0
7,2,5
13,11,2
16,16,0
0,0,0
1,1,0
8,5,3
2,28,-26
6,19,-13
10,5,5
1,24,-23
0,8,-8
7,14,-7
0,0,0
11,11,0
1,5,-4
1,1,0
3,7,-4
2,2,0
10,2,8
8,8,0
12,6,6
16,7,9
3,1,2
1,20,-19
6,11,-5
5,0,5
1,10,-9
7,2,5
0,0,0
3,3,0
0,0,0
5,0,5
2,6,-4
0,16,-16
0,0,0
4,0,4
10,15,-5
5,5,0
0,0,0
9,9,0
4,15,-11
9,12,-3
0,0,0
0,0,0
7,7,0
1,0,1
2,2,0
12,12,0
3,26,-23
6,8,-2
44,12,32
5,5,0
3,3,0
2,0,2
2,2,0
3,3,0
0,0,0
0,0,0
22,17,5
1,1,0
4,2,2
1,6,-5
0,0,0
6,3,3
9,17,-8
0,0,0
2,2,0
50,0,50
0,6,-6
6,4,2
0,7,-7
13,7,6
19,3,16
2,0,2
0,1,-1
5,0,5
25,3,22
0,0,0
5,0,5
16,6,10
1,1,0
12,5,7
10,17,-7
0,0,0
0,0,0
11,11,0
2,2,0
1,0,1
3,2,1
8,8,0
20,7,13
2,2,0
10,22,-12
0,0,0
0,1,-1
0,36,-36
41,8,33
0,0,0
2,17,-15
5,0,5
10,1,9
0,0,0
4,11,-7
3,29,-26
2,2,0
6,6,0
34,48,-14
3,3,0
1,0,1
8,8,0
0,2,-2
0,0,0
5,0,5
71,71,0
9,0,9
27,13,14
5,1,4
63,1,62
12,10,2
0,0,0
0,0,0
3,1,2
6,1,5
1,0,1
7,2,5
16,3,13
0,1,-1
0,0,0
5,2,3
13,13,0
2,1,1
0,0,0
19,19,0
0,2,-2
4,2,2
1,2,-1
0,17,-17
9,14,-5
0,6,-6
1,0,1
2,0,2
1,17,-16
30,30,0
2,2,0
0,3,-3
3,3,0
2,3,-1
18,1,17
2,0,2
33,9,24
8,18,-10
3,1,2
20,20,0
8,39,-31
20,6,14
0,4,-4
53,18,35
0,6,-6
15,22,-7
3,17,-14
11,6,5
3,13,-10
0,2,-2
12,12,0
2,0,2
1,1,0
5,5,0
6,35,-29
2,26,-24
3,0,3
3,7,-4
0,12,-12
4,0,4
9,9,0
13,13,0
6,6,0
1,9,-8
4,0,4
0,0,0
15,1,14
15,5,10
6,6,0
2,0,2
2,12,-10
0,0,0
0,0,0
0,0,0
0,0,0
0,0,0
12,12,0
0,16,-16
0,1,-1
2,2,0
1,0,1
2,6,-4
0,0,0
29,10,19
26,58,-32
37,7,30
6,7,-1
49,14,35
12,27,-15
6,4,2
7,3,4
15,15,0
5,5,0
0,0,0
1,1,0
1,2,-1
2,2,0
15,13,2
1,1,0
1,3,-2
8,17,-9
2,0,2
0,0,0
1,0,1
23,16,7
2,1,1
18,18,0
6,7,-1
0,18,-18
19,2,17
5,5,0
8,8,0
6,3,3
12,12,0
2,0,2
0,8,-8
12,12,0
11,11,0
0,1,-1
11,20,-9
0,0,0
1,1,0
1,1,0
6,4,2
7,1,6
1,1,0
0,11,-11
1,13,-12
39,28,11
6,9,-3
2,8,-6
0,0,0
0,0,0
0,1,-1
2,2,0
21,0,21
17,0,17
6,6,0
0,0,0
0,0,0
0,0,0
2,0,2
0,1,-1
0,0,0
3,1,2
1,1,0
2,0,2
8,7,1
4,4,0
3,3,0
7,16,-9
7,0,7
4,0,4
6,0,6
1,5,-4
0,12,-12
7,0,7
8,8,0
3,3,0
0,20,-20
5,5,0
0,2,-2
14,18,-4
2,0,2
3,8,-5
12,12,0
3,0,3
0,73,-73
1,1,0
79,30,49
19,0,19
1,11,-10
1,1,0
1,1,0
5,5,0
4,5,-1
1,1,0
3,0,3
1,0,1
1,0,1
5,16,-11
0,0,0
21,28,-7
10,2,8
0,3,-3
1,1,0
1,0,1
16,16,0
3,3,0
0,0,0
8,8,0
15,15,0
0,8,-8
4,4,0
1,12,-11
13,0,13
5,16,-11
12,0,12
6,1,5
2,31,-29
10,7,3
1,1,0
5,5,0
0,13,-13
2,2,0
1,7,-6
22,30,-8
0,0,0
5,10,-5
0,0,0
1,1,0
1,1,0
6,6,0
1,6,-5
2,0,2
3,3,0
0,0,0
13,0,13
0,0,0
1,18,-17
2,2,0
0,0,0
1,0,1
3,0,3
19,0,19
7,7,0
3,19,-16
2,0,2
6,1,5
3,0,3
11,11,0
6,9,-3
1,21,-20
0,12,-12
7,7,0
8,0,8
4,2,2
4,4,0
12,1,11
0,0,0
4,0,4
0,0,0
24,24,0
14,10,4
12,12,0
9,10,-1
9,9,0
0,0,0
2,14,-12
6,0,6
8,12,-4
2,4,-2
0,1,-1
5,20,-15
0,0,0
4,4,0
2,0,2
14,4,10
3,0,3
2,2,0
11,1,10
14,6,8
23,2,21
0,0,0
20,20,0
24,24,0
2,9,-7
3,3,0
1,0,1
3,3,0
1,1,0
4,0,4
21,21,0
2,5,-3
3,3,0
3,4,-1
11,0,11
2,0,2
10,4,6
5,0,5
1,2,-1
2,11,-9
8,0,8
0,42,-42
33,37,-4
0,0,0
0,3,-3
2,2,0
7,7,0
14,11,3
0,0,0
0,8,-8
2,2,0
0,29,-29
0,2,-2
0,0,0
9,9,0
0,4,-4
0,0,0
16,0,16
7,7,0
20,30,-10
2,0,2
4,5,-1
23,10,13
1,2,-1
5,3,2
0,0,0
29,5,24
3,10,-7
12,0,12
13,13,0
17,11,6
9,10,-1
0,2,-2
8,0,8
0,0,0
4,3,1
0,3,-3
5,5,0
14,14,0
0,0,0
5,0,5
4,4,0
3,3,0
0,0,0
1,0,1
1,3,-2
4,3,1
49,49,0
2,3,-1
0,0,0
2,0,2
0,20,-20
14,0,14
1,4,-3
20,11,9
25,4,21
10,9,1
0,6,-6
1,1,0
7,7,0
0,0,0
3,1,2
1,0,1
1,0,1
0,15,-15
4,3,1
22,22,0
2,0,2
28,29,-1
3,16,-13
2,2,0
2,0,2
6,6,0
1,4,-3
3,26,-23
4,3,1
14,41,-27
1,0,1
1,2,-1
1,10,-9
3,0,3
0,5,-5
0,0,0
1,1,0
1,1,0
3,0,3
2,2,0
0,0,0
25,7,18
0,0,0
0,1,-1
6,2,4
0,0,0
6,8,-2
9,9,0
10,10,0
0,0,0
5,6,-1
9,1,8
7,0,7
17,22,-5
0,0,0
2,9,-7
0,0,0
2,11,-9
4,0,4
0,19,-19
6,7,-1
28,1,27
0,0,0
18,18,0
3,3,0
5,0,5
19,19,0
0,0,0
18,1,17
1,0,1
5,14,-9
7,26,-19
2,2,0
2,1,1
21,7,14
11,1,10
1,1,0
3,3,0
0,20,-20
37,12,25
8,0,8
4,29,-25
14,30,-16
24,16,8
13,0,13
0,0,0
3,10,-7
20,1,19
17,51,-34
1,1,0
2,2,0
7,7,0
12,12,0
0,11,-11
6,3,3
2,9,-7
2,2,0
7,12,-5
11,3,8
5,11,-6
3,3,0
1,0,1
1,1,0
0,0,0
10,2,8
11,14,-3
43,1,42
13,12,1
3,1,2
0,0,0
11,22,-11
7,14,-7
6,6,0
1,16,-15
9,9,0
0,0,0
23,1,22
1,11,-10
5,0,5
1,1,0
1,0,1
5,5,0
1,4,-3
2,2,0
10,10,0
14,14,0
11,29,-18
8,8,0
11,5,6
5,3,2
1,8,-7
51,14,37
6,4,2
9,0,9
4,18,-14
2,1,1
0,2,-2
0,0,0
78,6,72
0,2,-2
3,3,0
1,1,0
0,0,0
13,36,-23
0,0,0
0,0,0
0,19,-19
1,1,0
36,36,0
0,3,-3
12,18,-6
11,11,0
6,1,5
0,0,0
3,0,3
2,0,2
0,0,0
6,24,-18
0,23,-23
6,6,0
6,2,4
7,24,-17
2,16,-14
0,0,0
35,33,2
1,13,-12
7,10,-3
17,0,17
1,5,-4
3,3,0
0,3,-3
2,1,1
0,30,-30
30,1,29
0,0,0
27,17,10
0,10,-10
5,5,0
4,4,0
9,0,9
7,25,-18
1,1,0
14,14,0
29,11,18
1,1,0
0,0,0
1,1,0
0,11,-11
3,9,-6
0,0,0
12,1,11
2,2,0
1,1,0
2,0,2
5,5,0
7,1,6
6,6,0
5,5,0
24,34,-10
4,5,-1
4,3,1
10,10,0
0,0,0
16,16,0
15,7,8
1,8,-7
1,1,0
17,0,17
0,0,0
1,0,1
0,2,-2
5,13,-8
12,71,-59
2,2,0
8,8,0
19,16,3
2,2,0
3,5,-2
0,0,0
2,0,2
6,7,-1
1,1,0
2,2,0
7,14,-7
1,8,-7
2,2,0
18,11,7
1,2,-1
22,14,8
14,12,2
2,1,1
4,11,-7
0,2,-2
9,9,0
0,2,-2
32,32,0
1,0,1
3,2,1
3,3,0
0,38,-38
0,0,0
2,32,-30
8,8,0
1,25,-24
1,0,1
3,3,0
1,18,-17
5,5,0
23,23,0
7,4,3
20,29,-9
2,19,-17
0,0,0
4,4,0
5,7,-2
4,4,0
1,17,-16
12,0,12
4,7,-3
4,2,2
2,10,-8
3,23,-20
0,0,0
9,19,-10
2,2,0
7,7,0
0,1,-1
8,6,2
3,0,3
5,2,3
2,2,0
0,21,-21
28,21,7
6,21,-15
1,3,-2
4,6,-2
16,16,0
3,3,0
5,7,-2
1,7,-6
1,19,-18
7,7,0
5,7,-2
24,24,0
0,0,0
5,5,0
1,6,-5
22,13,9
1,4,-3
0,0,0
5,0,5
1,0,1
10,10,0
4,4,0
5,35,-30
7,7,0
17,7,10
12,7,5
5,11,-6
2,10,-8
25,25,0
10,0,10
5,9,-4
5,5,0
24,42,-18
7,7,0
0,25,-25
0,5,-5
2,2,0
0,1,-1
0,11,-11
6,11,-5
2,2,0
9,4,5
24,24,0
16,2,14
0,37,-37
4,4,0
6,3,3
0,2,-2
0,0,0
1,3,-2
17,17,0
1,9,-8
1,0,1
7,5,2
26,15,11
2,2,0
3,3,0
10,19,-9
0,12,-12
1,0,1
1,26,-25
0,1,-1
2,2,0
2,0,2
13,1,12
7,7,0
0,0,0
0,0,0
2,2,0
20,3,17
3,0,3
9,0,9
0,1,-1
1,3,-2
10,26,-16
5,2,3
9,2,7
0,13,-13
3,3,0
3,13,-10
39,1,38
8,2,6
13,8,5
2,0,2
8,0,8
7,17,-10
6,6,0
1,3,-2
3,4,-1
25,28,-3
13,0,13
15,28,-13
3,0,3
4,4,0
0,4,-4
2,0,2
12,22,-10
5,0,5
1,1,0
3,0,3
6,17,-11
1,2,-1
3,3,0
9,2,7
1,9,-8
0,0,0
1,4,-3
0,0,0
0,0,0
0,0,0
1,2,-1
8,3,5
4,4,0
1,0,1
1,0,1
14,25,-11
29,29,0
1,14,-13
5,9,-4
9,25,-16
4,17,-13
12,12,0
3,2,1
14,12,2
2,1,1
1,1,0
1,1,0
8,22,-14
6,4,2
16,1,15
23,5,18
54,3,51
8,0,8
20,2,18
0,0,0
7,7,0
5,0,5
1,10,-9
1,1,0
0,0,0
1,4,-3
4,4,0
13,6,7
9,9,0
13,4,9
11,0,11
6,4,2
4,5,-1
7,7,0
1,0,1
7,1,6
1,0,1
3,0,3
2,1,1
4,0,4
19,10,9
22,19,3
18,5,13
4,4,0
4,6,-2
1,1,0
9,9,0
0,0,0
5,3,2
0,19,-19
4,4,0
5,4,1
0,9,-9
0,3,-3
5,2,3
6,6,0
7,0,7
0,0,0
12,8,4
2,39,-37
4,4,0
2,2,0
4,0,4
4,1,3
0,0,0
8,8,0
8,15,-7
0,0,0
5,6,-1
0,5,-5
3,6,-3
2,2,0
4,4,0
1,0,1
0,0,0
6,3,3
1,28,-27
0,0,0
4,1,3
0,0,0
2,2,0
22,22,0
0,0,0
2,2,0
9,9,0
2,0,2
4,4,0
3,1,2
18,8,10
2,7,-5
0,1,-1
9,9,0
6,0,6
0,0,0
21,0,21
0,8,-8
4,11,-7
34,17,17
36,1,35
4,4,0
12,12,0
0,0,0
17,13,4
6,6,0
3,3,0
15,18,-3
0,4,-4
8,5,3
4,2,2
7,0,7
5,10,-5
0,0,0
16,16,0
13,13,0
1,11,-10
41,12,29
5,3,2
5,12,-7
0,0,0
2,2,0
7,1,6
1,1,0
11,3,8
9,2,7
1,19,-18
1,11,-10
3,0,3
2,0,2
12,12,0
6,6,0
5,0,5
9,9,0
1,14,-13
1,1,0
6,3,3
27,17,10
0,36,-36
12,12,0
0,5,-5
4,9,-5
4,10,-6
3,0,3
0,0,0
2,28,-26
28,5,23
10,7,3
3,0,3
1,38,-37
8,1,7
0,0,0
0,0,0
4,4,0
6,15,-9
10,1,9
1,1,0
5,3,2
0,0,0
1,3,-2
13,28,-15
17,5,12
3,3,0
0,0,0
3,12,-9
2,2,0
5,0,5
2,9,-7
4,1,3
5,9,-4
2,2,0
10,5,5
0,4,-4
0,3,-3
2,2,0
7,3,4
0,0,0
0,0,0
0,0,0
11,32,-21
6,0,6
0,0,0
2,13,-11
0,1,-1
11,4,7
10,5,5
17,0,17
6,4,2
4,4,0
13,13,0
7,16,-9
1,19,-18
13,7,6
0,0,0
2,3,-1
1,0,1
1,2,-1
15,31,-16
2,0,2
6,0,6
10,10,0
4,8,-4
0,0,0
5,5,0
8,0,8
4,3,1
14,11,3
7,7,0
0,0,0
1,0,1
24,7,17
3,3,0
1,0,1
1,3,-2
10,3,7
0,0,0
1,0,1
17,17,0
0,0,0
8,17,-9
5,21,-16
13,13,0
14,8,6
14,4,10
0,0,0
3,3,0
3,19,-16
4,1,3
32,1,31
1,0,1
3,10,-7
15,15,0
11,5,6
1,0,1
2,0,2
0,0,0
5,4,1
10,10,0
0,8,-8
0,0,0
14,14,0
6,6,0
14,8,6
6,0,6
0,0,0
2,1,1
0,2,-2
6,10,-4
0,0,0
8,8,0
13,33,-20
31,14,17
0,0,0
7,22,-15
4,12,-8
3,8,-5
0,0,0
1,1,0
11,11,0
44,4,40
1,1,0
8,0,8
0,0,0
2,2,0
2,1,1
3,3,0
14,5,9
0,0,0
13,22,-9
5,17,-12
2,2,0
1,0,1
18,18,0
19,19,0
41,5,36
13,7,6
0,0,0
48,48,0
9,3,6
2,57,-55
5,24,-19
4,4,0
2,0,2
8,13,-5
12,12,0
0,12,-12
2,2,0
2,0,2
1,1,0
16,7,9
4,4,0
13,13,0
3,0,3
14,14,0
2,1,1
7,5,2
4,19,-15
6,4,2
1,1,0
6,8,-2
0,0,0
7,1,6
1,0,1
11,3,8
4,4,0
7,7,0
2,2,0
6,0,6
3,22,-19
1,0,1
3,3,0
3,3,0
9,9,0
0,0,0
5,2,3
0,7,-7
1,1,0
18,1,17
2,1,1
1,49,-48
5,4,1
2,3,-1
4,5,-1
0,0,0
3,4,-1
11,41,-30
1,1,0
4,0,4
4,7,-3
8,8,0
0,0,0
0,0,0
4,11,-7
7,3,4
15,15,0
0,4,-4
10,1,9
0,0,0
27,11,16
0,0,0
3,1,2
8,0,8
13,13,0
45,6,39
0,0,0
7,7,0
4,4,0
4,4,0
1,4,-3
6,1,5
4,5,-1
5,3,2
9,9,0
3,12,-9
0,0,0
1,5,-4
5,5,0
20,0,20
7,9,-2
1,1,0
0,7,-7
18,2,16
3,3,0
1,22,-21
3,1,2
0,0,0
0,0,0
8,8,0
6,6,0
14,14,0
0,0,0
3,12,-9
16,16,0
5,5,0
12,12,0
5,12,-7
25,25,0
2,3,-1
0,0,0
9,0,9
5,0,5
0,0,0
13,13,0
12,14,-2
3,6,-3
0,0,0
9,16,-7
0,2,-2
7,27,-20
34,16,18
5,7,-2
4,4,0
0,0,0
0,0,0
7,11,-4
1,1,0
3,0,3
2,2,0
1,0,1
26,26,0
3,3,0
0,0,0
4,6,-2
9,6,3
12,0,12
0,0,0
10,10,0
8,7,1
0,0,0
0,0,0
11,0,11
12,2,10
1,3,-2
0,0,0
0,0,0
11,0,11
0,1,-1
13,8,5
0,0,0
8,8,0
69,69,0
28,0,28
0,1,-1
0,0,0
2,0,2
1,1,0
1,2,-1
19,15,4
7,7,0
8,8,0
2,2,0
0,0,0
1,23,-22
21,10,11
0,0,0
2,14,-12
1,31,-30
2,3,-1
0,0,0
6,12,-6
0,0,0
2,0,2
8,14,-6
2,0,2
5,6,-1
7,42,-35
11,0,11
6,11,-5
0,21,-21
0,0,0
0,0,0
2,0,2
14,14,0
21,21,0
1,1,0
7,7,0
2,0,2
7,3,4
21,21,0
3,3,0
5,5,0
7,39,-32
23,23,0
2,1,1
19,42,-23
4,0,4
8,8,0
0,8,-8
1,0,1
8,13,-5
2,0,2
28,1,27
11,0,11
2,4,-2
4,1,3
10,8,2
5,0,5
1,7,-6
5,5,0
1,0,1
18,1,17
4,0,4
3,3,0
7,7,0
11,11,0
2,0,2
7,0,7
1,1,0
22,21,1
0,0,0
4,4,0
1,2,-1
10,2,8
0,0,0
1,19,-18
11,11,0
5,5,0
27,27,0
1,0,1
0,0,0
0,0,0
5,0,5
5,2,3
2,10,-8
6,6,0
6,2,4
43,24,19
11,11,0
1,1,0
1,16,-15
8,9,-1
2,23,-21
4,21,-17
0,6,-6
0,0,0
24,24,0
8,8,0
5,5,0
5,4,1
4,28,-24
11,2,9
1,0,1
0,7,-7
23,23,0
7,19,-12
24,24,0
31,19,12
22,3,19
0,0,0
5,5,0
2,19,-17
1,0,1
4,4,0
30,3,27
5,3,2
2,2,0
1,0,1
0,15,-15
5,0,5
0,0,0
4,4,0
0,10,-10
2,3,-1
1,0,1
0,0,0
12,3,9
15,7,8
13,13,0
4,4,0
1,12,-11
0,17,-17
4,1,3
1,6,-5
26,27,-1
1,0,1
5,1,4
2,0,2
0,0,0
2,8,-6
24,23,1
14,14,0
4,4,0
11,11,0
1,7,-6
28,25,3
31,31,0
0,0,0
4,4,0
23,23,0
0,0,0
5,1,4
2,45,-43
5,5,0
0,0,0
4,4,0
1,0,1
0,4,-4
6,6,0
0,0,0
9,10,-1
0,0,0
0,0,0
1,1,0
5,0,5
10,4,6
15,4,11
0,1,-1
32,13,19
10,0,10
5,5,0
0,3,-3
6,9,-3
18,6,12
22,22,0
2,0,2
1,0,1
5,4,1
3,4,-1
12,8,4
4,7,-3
3,0,3
4,0,4
27,27,0
2,0,2
1,0,1
1,0,1
7,6,1
1,0,1
7,0,7
0,0,0
1,0,1
3,0,3
0,0,0
2,0,2
16,34,-18
0,0,0
2,0,2
1,12,-11
2,2,0
29,11,18
5,0,5
24,29,-5
3,0,3
0,0,0
8,0,8
3,6,-3
2,0,2
6,5,1
3,8,-5
4,11,-7
10,9,1
0,25,-25
13,7,6
0,0,0
4,0,4
1,13,-12
0,0,0
0,8,-8
2,0,2
1,4,-3
3,29,-26
4,5,-1
1,9,-8
2,7,-5
5,11,-6
5,3,2
2,3,-1
1,9,-8
0,0,0
11,11,0
0,0,0
8,0,8
10,3,7
4,4,0
6,37,-31
3,3,0
11,11,0
2,2,0
0,0,0
9,9,0
21,21,0
5,8,-3
9,9,0
1,0,1
1,3,-2
0,2,-2
0,2,-2
31,6,25
5,3,2
29,29,0
9,7,2
23,4,19
1,22,-21
3,9,-6
7,0,7
3,3,0
2,0,2
8,1,7
4,4,0
0,0,0
1,1,0
7,7,0
1,2,-1
7,7,0
3,3,0
11,11,0
7,9,-2
1,0,1
3,3,0
7,7,0
6,6,0
0,3,-3
5,7,-2
4,0,4
1,1,0
3,3,0
1,0,1
5,22,-17
13,3,10
3,19,-16
0,3,-3
6,0,6
12,12,0
34,34,0
0,0,0
16,3,13
9,3,6
3,5,-2
7,2,5
2,0,2
0,2,-2
12,5,7
4,22,-18
4,21,-17
2,2,0
2,29,-27
5,31,-26
9,2,7
8,8,0
0,0,0
0,0,0
15,15,0
2,9,-7
0,0,0
5,14,-9
8,8,0
2,1,1
12,8,4
2,3,-1
1,2,-1
1,4,-3
3,3,0
0,0,0
13,14,-1
9,11,-2
7,7,0
14,1,13
15,17,-2
10,3,7
2,0,2
1,1,0
5,2,3
14,1,13
4,0,4
0,0,0
0,0,0
78,25,53
3,3,0
0,0,0
9,9,0
6,6,0
6,0,6
0,19,-19
2,10,-8
2,0,2
10,5,5
10,1,9
5,7,-2
2,5,-3
3,3,0
5,5,0
2,1,1
0,0,0
2,0,2
0,0,0
1,0,1
0,0,0
39,1,38
1,1,0
0,4,-4
1,1,0
0,6,-6
0,0,0
0,0,0
0,0,0
0,0,0
9,0,9
4,3,1
6,1,5
5,0,5
12,12,0
9,4,5
5,4,1
4,2,2
2,0,2
0,0,0
2,1,1
13,2,11
0,19,-19
19,19,0
0,7,-7
4,4,0
15,5,10
8,0,8
7,7,0
0,5,-5
8,0,8
0,0,0
0,0,0
10,4,6
10,13,-3
5,1,4
2,16,-14
28,0,28
2,12,-10
4,4,0
11,0,11
4,10,-6
57,0,57
4,1,3
2,0,2
2,11,-9
0,0,0
2,8,-6
4,4,0
0,0,0
3,2,1
0,3,-3
1,1,0
1,1,0
1,0,1
6,6,0
6,3,3
6,8,-2
3,29,-26
1,0,1
5,19,-14
12,27,-15
13,1,12
7,23,-16
6,6,0
3,0,3
13,9,4
1,1,0
0,0,0
13,2,11
1,1,0
4,7,-3
6,6,0
2,0,2
2,2,0
40,11,29
23,11,12
8,0,8
4,1,3
7,7,0
2,4,-2
1,0,1
3,11,-8
0,21,-21
27,27,0
8,8,0
10,3,7
2,0,2
1,3,-2
9,11,-2
8,8,0
11,11,0
0,0,0
3,6,-3
8,0,8
43,18,25
15,15,0
5,4,1
7,17,-10
2,2,0
2,2,0
11,13,-2
4,17,-13
2,0,2
4,0,4
3,13,-10
31,31,0
15,15,0
0,6,-6
4,4,0
4,4,0
9,59,-50
0,0,0
0,0,0
20,15,5
12,12,0
7,7,0
23,15,8
19,19,0
5,23,-18
0,0,0
14,7,7
0,0,0
1,1,0
1,1,0
0,0,0
18,18,0
1,0,1
11,25,-14
5,12,-7
0,3,-3
0,0,0
4,4,0
2,0,2
22,22,0
0,0,0
0,0,0
7,9,-2
3,27,-24
0,0,0
6,3,3
17,12,5
1,2,-1
4,4,0
4,1,3
1,6,-5
3,3,0
1,2,-1
2,0,2
5,0,5
2,2,0
27,5,22
14,14,0
2,10,-8
1,1,0
19,5,14
7,7,0
1,4,-3
1,27,-26
3,9,-6
4,2,2
5,11,-6
2,24,-22
9,1,8
9,8,1
20,12,8
0,34,-34
0,0,0
1,1,0
7,13,-6
8,0,8
7,1,6
5,5,0
9,0,9
2,9,-7
24,24,0
3,0,3
4,50,-46
13,17,-4
9,9,0
15,15,0
0,0,0
10,8,2
4,6,-2
0,0,0
8,8,0
0,0,0
2,8,-6
1,1,0
3,3,0
26,15,11
2,0,2
16,2,14
0,0,0
11,11,0
8,4,4
1,1,0
7,15,-8
6,22,-16
3,0,3
6,6,0
34,34,0
4,2,2
0,0,0
1,13,-12
0,0,0
2,2,0
8,8,0
11,4,7
9,13,-4
1,1,0
1,1,0
6,0,6
6,8,-2
0,0,0
61,22,39
8,11,-3
0,0,0
25,0,25
5,4,1
3,2,1
1,3,-2
0,0,0
10,12,-2
13,19,-6
4,4,0
0,0,0
0,0,0
14,0,14
35,2,33
1,2,-1
8,49,-41
5,12,-7
28,11,17
6,3,3
0,0,0
2,2,0
4,9,-5
13,13,0
1,2,-1
1,0,1
29,19,10
2,0,2
0,0,0
2,0,2
0,0,0
16,42,-26
11,5,6
3,3,0
2,1,1
0,0,0
8,8,0
2,2,0
1,0,1
3,17,-14
0,1,-1
3,0,3
0,0,0
5,17,-12
0,0,0
11,2,9
2,9,-7
1,0,1
0,2,-2
12,30,-18
17,0,17
15,15,0
19,12,7
16,13,3
3,0,3
6,6,0
11,31,-20
10,10,0
20,20,0
18,18,0
14,13,1
9,20,-11
2,32,-30
4,4,0
0,1,-1
13,1,12
0,0,0
1,13,-12
13,1,12
1,1,0
2,0,2
0,0,0
7,7,0
54,8,46
9,9,0
18,14,4
2,0,2
2,0,2
0,0,0
9,9,0
3,3,0
8,2,6
4,1,3
1,24,-23
0,0,0
4,1,3
0,7,-7
0,0,0
6,3,3
7,2,5
3,4,-1
1,8,-7
32,19,13
5,28,-23
5,3,2
29,14,15
0,0,0
1,0,1
0,10,-10
21,21,0
1,0,1
17,7,10
6,1,5
1,1,0
2,2,0
15,15,0
3,1,2
2,4,-2
16,16,0
0,0,0
0,19,-19
2,0,2
11,18,-7
1,6,-5
6,4,2
2,19,-17
3,0,3
11,0,11
2,0,2
8,0,8
9,9,0
3,8,-5
2,2,0
10,8,2
2,2,0
5,27,-22
0,0,0
0,21,-21
16,9,7
2,0,2
1,5,-4
16,16,0
4,7,-3
8,2,6
0,0,0
5,3,2
13,18,-5
4,8,-4
0,7,-7
25,18,7
1,0,1
16,5,11
9,28,-19
4,0,4
6,9,-3
5,0,5
9,9,0
0,0,0
14,14,0
9,5,4
0,0,0
1,2,-1
3,0,3
6,6,0
4,2,2
0,0,0
7,7,0
20,4,16
11,5,6
3,3,0
29,7,22
1,1,0
8,18,-10
1,1,0
5,5,0
4,2,2
9,14,-5
0,2,-2
4,4,0
9,1,8
0,0,0
2,3,-1
0,0,0
2,3,-1
2,13,-11
0,32,-32
0,0,0
0,0,0
11,15,-4
0,1,-1
5,2,3
12,9,3
0,2,-2
3,24,-21
1,8,-7
33,32,1
7,3,4
13,13,0
9,2,7
8,13,-5
1,1,0
1,1,0
10,9,1
10,9,1
0,11,-11
2,2,0
12,0,12
0,0,0
9,0,9
0,0,0
6,3,3
7,18,-11
10,8,2
103,103,0
4,2,2
15,2,13
6,6,0
2,13,-11
1,0,1
6,6,0
5,5,0
3,11,-8
6,2,4
0,6,-6
14,4,10
9,9,0
1,0,1
0,0,0
5,0,5
8,13,-5
4,22,-18
3,3,0
0,1,-1
4,1,3
0,2,-2
2,1,1
0,0,0
0,8,-8
4,12,-8
1,1,0
18,18,0
1,0,1
1,9,-8
4,36,-32
32,54,-22
2,3,-1
6,0,6
13,0,13
0,8,-8
0,5,-5
22,22,0
2,2,0
13,13,0
0,0,0
14,5,9
12,2,10
15,4,11
13,13,0
0,23,-23
6,6,0
2,1,1
0,2,-2
0,2,-2
0,2,-2
1,2,-1
4,18,-14
1,1,0
1,0,1
3,0,3
17,9,8
0,0,0
0,0,0
5,5,0
22,16,6
3,1,2
10,5,5
8,15,-7
13,3,10
4,6,-2
4,18,-14
1,0,1
1,0,1
7,11,-4
9,5,4
0,3,-3
20,20,0
1,0,1
14,3,11
5,7,-2
0,0,0
5,10,-5
6,27,-21
0,0,0
13,0,13
10,7,3
1,1,0
9,1,8
4,8,-4
8,8,0
6,0,6
9,2,7
1,1,0
0,5,-5
0,1,-1
4,11,-7
0,0,0
1,12,-11
2,1,1
12,1,11
0,21,-21
4,4,0
16,26,-10
14,17,-3
5,2,3
0,0,0
0,0,0
34,34,0
3,19,-16
9,0,9
0,24,-24
11,17,-6
0,3,-3
1,1,0
11,19,-8
13,7,6
7,14,-7
0,0,0
2,15,-13
17,17,0
1,1,0
0,9,-9
4,13,-9
0,0,0
2,2,0
3,7,-4
29,10,19
16,20,-4
13,5,8
12,2,10
0,0,0
8,27,-19
27,27,0
5,5,0
3,3,0
0,6,-6
0,2,-2
0,0,0
10,10,0
1,0,1
1,0,1
27,27,0
4,4,0
3,0,3
1,5,-4
0,19,-19
2,13,-11
7,3,4
3,11,-8
1,1,0
12,4,8
8,8,0
11,18,-7
5,2,3
3,3,0
0,0,0
1,6,-5
6,6,0
0,0,0
1,7,-6
0,0,0
1,1,0
14,32,-18
4,4,0
12,1,11
0,15,-15
1,1,0
22,22,0
0,1,-1
0,0,0
0,12,-12
1,4,-3
16,5,11
19,0,19
0,1,-1
10,10,0
0,0,0
2,2,0
9,9,0
3,5,-2
15,1,14
3,3,0
4,4,0
2,3,-1
1,6,-5
7,7,0
4,4,0
28,26,2
0,2,-2
5,4,1
0,0,0
3,9,-6
5,5,0
0,14,-14
1,1,0
5,2,3
28,15,13
12,0,12
0,0,0
0,3,-3
8,19,-11
8,11,-3
9,18,-9
0,3,-3
1,3,-2
4,15,-11
1,1,0
7,7,0
0,1,-1
2,26,-24
1,12,-11
2,1,1
8,2,6
3,0,3
2,12,-10
10,7,3
26,26,0
3,4,-1
13,0,13
0,0,0
13,22,-9
0,0,0
3,0,3
0,3,-3
2,1,1
8,2,6
4,4,0
9,3,6
0,0,0
0,0,0
29,3,26
2,2,0
0,2,-2
2,7,-5
3,10,-7
8,3,5
11,11,0
21,20,1
3,7,-4
13,13,0
3,7,-4
2,2,0
0,0,0
2,2,0
44,23,21
1,0,1
1,0,1
5,5,0
0,2,-2
6,30,-24
19,26,-7
3,3,0
1,12,-11
11,10,1
16,29,-13
0,6,-6
9,9,0
7,0,7
0,1,-1
9,1,8
5,5,0
1,1,0
40,40,0
1,0,1
26,11,15
4,3,1
3,0,3
0,5,-5
1,0,1
10,7,3
11,0,11
3,4,-1
5,5,0
8,8,0
1,0,1
9,0,9
11,14,-3
5,5,0
0,0,0
1,1,0
9,15,-6
3,4,-1
59,5,54
0,0,0
6,3,3
2,15,-13
3,3,0
2,0,2
2,3,-1
5,0,5
11,3,8
4,4,0
17,3,14
0,0,0
1,2,-1
13,18,-5
7,7,0
1,1,0
3,1,2
1,0,1
0,0,0
3,8,-5
2,2,0
0,0,0
1,0,1
0,0,0
3,3,0
6,6,0
1,0,1
3,9,-6
3,3,0
17,17,0
0,0,0
6,14,-8
7,13,-6
3,0,3
4,4,0
3,0,3
0,0,0
2,0,2
1,5,-4
2,4,-2
0,5,-5
3,3,0
8,8,0
12,0,12
18,4,14
11,11,0
0,24,-24
1,1,0
0,17,-17
6,0,6
0,14,-14
2,0,2
48,55,-7
0,0,0
0,79,-79
2,2,0
2,2,0
2,2,0
3,3,0
0,5,-5
11,11,0
9,0,9
6,21,-15
23,23,0
2,7,-5
0,0,0
4,0,4
22,7,15
22,0,22
7,7,0
0,0,0
1,1,0
7,7,0
17,16,1
1,2,-1
11,5,6
29,14,15
0,0,0
1,15,-14
0,8,-8
0,0,0
0,0,0
3,0,3
4,0,4
9,7,2
0,0,0
2,8,-6
16,15,1
13,13,0
3,0,3
1,1,0
37,37,0
1,0,1
15,12,3
0,0,0
0,2,-2
0,0,0
1,0,1
1,3,-2
1,0,1
3,7,-4
9,9,0
3,24,-21
0,0,0
0,1,-1
1,0,1
1,1,0
0,0,0
45,20,25
11,23,-12
0,2,-2
18,0,18
5,5,0
13,13,0
15,40,-25
6,2,4
8,0,8
6,2,4
35,1,34
8,2,6
2,16,-14
0,1,-1
1,0,1
0,0,0
5,5,0
0,0,0
1,0,1
0,0,0
0,3,-3
13,13,0
7,21,-14
10,7,3
1,11,-10
8,4,4
10,0,10
12,12,0
0,0,0
11,1,10
11,6,5
0,0,0
1,19,-18
6,6,0
9,9,0
15,6,9
0,7,-7
3,3,0
0,0,0
0,0,0
2,12,-10
1,1,0
7,4,3
0,1,-1
14,1,13
1,1,0
0,17,-17
0,0,0
7,0,7
11,5,6
0,0,0
0,0,0
0,4,-4
8,7,1
32,21,11
22,20,2
6,11,-5
8,8,0
1,1,0
4,5,-1
0,0,0
3,0,3
6,0,6
1,0,1
9,2,7
7,7,0
10,0,10
1,0,1
3,0,3
16,14,2
2,2,0
0,0,0
0,3,-3
4,3,1
3,27,-24
0,0,0
0,3,-3
0,0,0
1,1,0
9,0,9
2,11,-9
6,0,6
11,2,9
0,0,0
1,1,0
25,8,17
4,4,0
66,66,0
18,18,0
15,3,12
8,20,-12
12,12,0
6,12,-6
1,2,-1
23,16,7
31,25,6
12,0,12
24,19,5
0,0,0
21,19,2
2,0,2
0,0,0
18,10,8
0,0,0
10,10,0
9,1,8
7,0,7
7,27,-20
0,15,-15
3,5,-2
14,13,1
16,17,-1
3,1,2
4,15,-11
15,9,6
3,3,0
15,2,13
2,1,1
11,24,-13
2,0,2
1,7,-6
3,0,3
6,14,-8
0,0,0
2,2,0
1,0,1
2,8,-6
1,2,-1
3,3,0
15,15,0
2,2,0
1,1,0
2,0,2
17,17,0
12,12,0
27,27,0
3,0,3
6,0,6
0,0,0
8,2,6
3,5,-2
7,2,5
5,11,-6
0,0,0
3,1,2
22,22,0
12,12,0
0,0,0
0,0,0
3,3,0
4,4,0
1,13,-12
1,1,0
2,1,1
0,3,-3
1,1,0
4,1,3
2,7,-5
0,0,0
1,22,-21
0,1,-1
4,4,0
12,12,0
4,6,-2
3,0,3
11,0,11
1,1,0
6,6,0
4,4,0
10,0,10
1,0,1
13,11,2
1,0,1
10,10,0
0,18,-18
19,8,11
6,3,3
5,4,1
0,0,0
13,6,7
0,0,0
6,6,0
8,8,0
0,0,0
0,0,0
9,0,9
0,0,0
1,1,0
34,34,0
6,24,-18
0,0,0
1,16,-15
1,0,1
15,15,0
8,3,5
10,8,2
1,0,1
16,3,13
2,0,2
41,23,18
2,3,-1
3,0,3
4,3,1
0,0,0
0,0,0
1,0,1
0,0,0
0,0,0
40,29,11
13,7,6
5,2,3
5,4,1
3,3,0
17,17,0
2,2,0
2,5,-3
0,0,0
4,0,4
2,3,-1
3,3,0
11,9,2
4,4,0
4,16,-12
0,10,-10
37,37,0
11,20,-9
7,3,4
2,20,-18
4,4,0
3,14,-11
1,1,0
0,0,0
12,2,10
0,2,-2
3,24,-21
0,0,0
0,0,0
5,0,5
4,12,-8
0,0,0
1,0,1
10,0,10
5,2,3
7,16,-9
0,0,0
5,0,5
2,6,-4
2,20,-18
0,1,-1
16,4,12
6,0,6
7,7,0
11,11,0
1,1,0
3,0,3
0,0,0
2,2,0
3,2,1
4,36,-32
0,10,-10
23,6,17
19,33,-14
0,0,0
27,27,0
2,2,0
4,0,4
8,4,4
5,0,5
1,0,1
12,5,7
15,3,12
0,0,0
2,12,-10
18,10,8
0,0,0
6,6,0
0,0,0
2,0,2
3,10,-7
1,8,-7
0,0,0
1,6,-5
1,0,1
21,41,-20
0,26,-26
0,0,0
8,7,1
1,1,0
0,4,-4
6,1,5
11,9,2
10,10,0
1,1,0
0,0,0
3,3,0
2,5,-3
4,1,3
0,0,0
0,26,-26
0,0,0
6,3,3
34,40,-6
0,0,0
0,0,0
9,0,9
3,1,2
8,3,5
7,11,-4
1,1,0
19,19,0
0,1,-1
6,8,-2
0,0,0
2,2,0
2,2,0
6,0,6
4,0,4
11,27,-16
0,0,0
7,12,-5
2,5,-3
3,0,3
7,20,-13
24,24,0
6,6,0
1,3,-2
16,2,14
5,27,-22
2,2,0
2,0,2
0,0,0
3,3,0
10,15,-5
12,44,-32
3,3,0
25,2,23
8,7,1
8,9,-1
0,0,0
3,0,3
0,25,-25
56,3,53
0,0,0
8,2,6
1,1,0
11,3,8
5,5,0
3,3,0
44,16,28
0,16,-16
21,21,0
24,2,22
0,2,-2
0,7,-7
13,7,6
0,0,0
1,12,-11
25,25,0
26,26,0
4,2,2
9,11,-2
59,59,0
4,3,1
10,2,8
4,4,0
0,0,0
8,2,6
1,0,1
10,10,0
34,30,4
6,6,0
0,0,0
0,14,-14
0,1,-1
7,2,5
3,1,2
10,10,0
17,7,10
0,0,0
0,0,0
1,1,0
16,0,16
26,23,3
7,7,0
2,2,0
2,0,2
11,2,9
9,9,0
1,9,-8
35,20,15
0,0,0
0,0,0
3,0,3
0,0,0
1,1,0
0,0,0
9,2,7
2,2,0
2,14,-12
5,9,-4
0,0,0
0,0,0
14,1,13
6,6,0
12,0,12
12,12,0
1,0,1
5,5,0
1,1,0
1,0,1
18,3,15
3,17,-14
6,6,0
3,6,-3
3,6,-3
4,3,1
9,1,8
9,9,0
2,0,2
0,0,0
0,5,-5
2,0,2
2,0,2
5,5,0
1,0,1
4,4,0
9,3,6
13,3,10
28,9,19
26,26,0
0,2,-2
2,1,1
4,5,-1
1,0,1
9,2,7
1,29,-28
19,19,0
0,0,0
1,0,1
3,5,-2
8,0,8
1,1,0
16,18,-2
1,9,-8
10,10,0
4,12,-8
6,1,5
0,9,-9
6,4,2
10,11,-1
10,3,7
4,0,4
1,1,0
11,5,6
3,6,-3
0,0,0
1,0,1
11,2,9
20,6,14
12,1,11
8,0,8
19,2,17
4,6,-2
4,0,4
1,2,-1
0,0,0
2,2,0
2,24,-22
1,1,0
4,4,0
5,2,3
9,0,9
0,4,-4
1,1,0
2,9,-7
1,0,1
46,3,43
2,26,-24
20,0,20
5,8,-3
2,6,-4
2,2,0
1,0,1
17,0,17
5,2,3
1,6,-5
0,0,0
0,0,0
1,0,1
0,0,0
2,5,-3
5,0,5
39,6,33
0,0,0
0,0,0
5,5,0
26,12,14
2,2,0
3,5,-2
2,8,-6
3,9,-6
6,4,2
4,4,0
5,5,0
2,2,0
10,5,5
0,1,-1
7,2,5
1,1,0
0,0,0
6,5,1
2,2,0
0,0,0
18,18,0
6,6,0
6,1,5
0,0,0
1,1,0
22,12,10
0,16,-16
8,8,0
14,1,13
0,0,0
0,0,0
0,0,0
5,38,-33
1,4,-3
7,8,-1
38,31,7
2,2,0
19,20,-1
7,15,-8
2,12,-10
3,6,-3
1,14,-13
17,1,16
13,7,6
0,0,0
37,4,33
14,8,6
10,3,7
7,7,0
10,10,0
14,14,0
6,6,0
12,19,-7
0,0,0
2,2,0
14,0,14
0,0,0
0,0,0
5,4,1
6,12,-6
0,12,-12
34,34,0
5,5,0
1,7,-6
0,0,0
9,12,-3
3,8,-5
14,14,0
14,16,-2
0,7,-7
0,3,-3
0,0,0
15,15,0
3,3,0
1,5,-4
27,2,25
0,0,0
4,13,-9
7,10,-3
13,13,0
0,0,0
0,0,0
4,5,-1
1,7,-6
1,13,-12
1,1,0
9,17,-8
7,7,0
2,2,0
11,13,-2
19,34,-15
4,10,-6
0,12,-12
3,6,-3
2,3,-1
0,1,-1
8,0,8
9,4,5
2,2,0
2,1,1
16,17,-1
3,18,-15
5,4,1
15,15,0
1,0,1
4,6,-2
0,0,0
0,0,0
10,10,0
7,2,5
4,3,1
2,0,2
0,15,-15
13,1,12
0,6,-6
7,3,4
24,24,0
4,0,4
2,0,2
5,10,-5
0,20,-20
27,23,4
2,7,-5
0,0,0
1,1,0
0,10,-10
4,5,-1
3,14,-11
1,0,1
0,0,0
1,29,-28
11,2,9
23,0,23
0,0,0
8,10,-2
25,10,15
9,1,8
1,0,1
1,0,1
7,18,-11
2,2,0
9,9,0
0,0,0
7,15,-8
0,0,0
0,0,0
7,2,5
0,0,0
0,0,0
10,10,0
8,22,-14
12,0,12
5,7,-2
11,27,-16
2,1,1
5,5,0
1,0,1
7,1,6
3,6,-3
0,0,0
0,8,-8
1,11,-10
6,10,-4
0,0,0
2,9,-7
2,0,2
6,6,0
3,13,-10
9,8,1
10,10,0
1,0,1
5,0,5
1,1,0
16,7,9
5,0,5
3,7,-4
22,37,-15
12,12,0
1,0,1
11,11,0
1,0,1
12,1,11
1,1,0
3,3,0
4,0,4
15,10,5
16,14,2
6,12,-6
8,5,3
3,2,1
3,11,-8
5,5,0
17,17,0
10,0,10
5,5,0
16,11,5
27,8,19
14,3,11
1,0,1
0,0,0
2,2,0
3,3,0
11,0,11
11,11,0
7,0,7
33,33,0
7,7,0
1,1,0
0,0,0
5,11,-6
4,7,-3
9,0,9
9,9,0
13,1,12
25,25,0
20,20,0
0,0,0
0,2,-2
4,42,-38
0,0,0
45,45,0
10,15,-5
10,5,5
5,2,3
6,13,-7
6,5,1
2,0,2
0,0,0
1,1,0
1,12,-11
8,8,0
37,33,4
16,6,10
2,5,-3
3,1,2
17,2,15
12,12,0
0,0,0
24,4,20
3,3,0
0,0,0
16,16,0
0,0,0
3,3,0
3,3,0
20,20,0
4,14,-10
4,4,0
0,0,0
4,6,-2
0,0,0
0,0,0
0,0,0
5,5,0
2,7,-5
15,9,6
5,3,2
5,11,-6
9,9,0
4,7,-3
17,6,11
3,3,0
5,5,0
18,1,17
1,0,1
8,0,8
4,0,4
0,5,-5
11,11,0
3,3,0
45,1,44
14,14,0
1,0,1
0,0,0
3,0,3
9,20,-11
6,6,0
5,0,5
3,11,-8
3,0,3
1,0,1
3,0,3
12,5,7
7,7,0
1,0,1
0,1,-1
20,30,-10
40,40,0
44,44,0
2,0,2
3,3,0
4,17,-13
1,10,-9
0,0,0
16,16,0
1,9,-8
13,4,9
0,3,-3
9,3,6
12,2,10
1,9,-8
31,0,31
4,4,0
27,32,-5
14,8,6
1,0,1
2,0,2
0,0,0
1,1,0
0,7,-7
4,6,-2
9,0,9
8,1,7
2,2,0
7,0,7
5,0,5
0,0,0
11,17,-6
16,2,14
25,4,21
16,2,14
0,3,-3
19,24,-5
0,2,-2
0,3,-3
21,14,7
5,3,2
3,6,-3
7,18,-11
2,2,0
2,36,-34
0,0,0
5,5,0
27,16,11
0,0,0
0,0,0
0,0,0
0,2,-2
1,4,-3
0,8,-8
3,0,3
20,0,20
3,7,-4
3,5,-2
1,9,-8
1,0,1
19,11,8
0,0,0
0,0,0
3,2,1
11,23,-12
0,0,0
1,1,0
5,5,0
4,0,4
3,2,1
3,4,-1
19,1,18
11,10,1
44,44,0
0,0,0
4,6,-2
0,0,0
6,24,-18
2,2,0
4,3,1
4,8,-4
0,0,0
7,7,0
3,8,-5
6,12,-6
0,8,-8
2,1,1
0,5,-5
0,0,0
1,1,0
1,5,-4
4,0,4
36,10,26
12,8,4
3,8,-5
0,5,-5
0,2,-2
13,37,-24
20,5,15
11,3,8
5,5,0
0,0,0
11,6,5
5,0,5
7,7,0
3,4,-1
0,8,-8
1,1,0
4,4,0
2,2,0
3,3,0
5,0,5
1,5,-4
15,15,0
0,4,-4
48,13,35
1,0,1
3,13,-10
8,1,7
32,20,12
18,44,-26
4,4,0
4,0,4
21,8,13
0,3,-3
16,0,16
0,9,-9
2,11,-9
8,8,0
1,12,-11
36,36,0
17,30,-13
28,28,0
2,14,-12
0,1,-1
4,0,4
10,19,-9
2,2,0
2,0,2
2,0,2
0,0,0
8,50,-42
8,8,0
5,12,-7
0,0,0
12,0,12
6,6,0
0,0,0
13,68,-55
5,5,0
10,24,-14
1,11,-10
0,4,-4
2,15,-13
19,19,0
2,21,-19
4,13,-9
1,10,-9
2,0,2
16,5,11
0,0,0
0,0,0
2,2,0
0,0,0
2,1,1
3,3,0
0,0,0
0,10,-10
2,1,1
0,0,0
0,0,0
0,0,0
1,0,1
3,7,-4
12,11,1
0,2,-2
0,0,0
9,6,3
32,32,0
4,2,2
9,9,0
0,0,0
5,1,4
6,6,0
1,1,0
35,43,-8
1,39,-38
11,0,11
9,0,9
4,0,4
3,2,1
18,1,17
0,1,-1
0,0,0
1,10,-9
3,3,0
3,0,3
11,21,-10
0,0,0
0,0,0
3,6,-3
0,0,0
7,0,7
32,1,31
3,2,1
2,2,0
10,10,0
3,0,3
2,7,-5
10,10,0
9,9,0
3,3,0
3,0,3
3,30,-27
1,5,-4
2,0,2
20,20,0
0,49,-49
16,16,0
0,0,0
8,0,8
4,4,0
1,9,-8
15,2,13
3,1,2
9,8,1
10,3,7
7,7,0
1,0,1
23,7,16
10,10,0
2,0,2
15,6,9
2,6,-4
12,27,-15
2,1,1
2,2,0
8,2,6
2,2,0
4,0,4
3,2,1
0,0,0
7,0,7
0,0,0
0,12,-12
0,7,-7
22,4,18
3,1,2
8,7,1
10,8,2
8,1,7
1,15,-14
2,2,0
36,46,-10
15,14,1
31,7,24
6,6,0
6,6,0
0,0,0
4,1,3
2,4,-2
2,2,0
44,1,43
13,13,0
6,6,0
1,0,1
3,0,3
1,0,1
5,1,4
4,4,0
1,1,0
14,0,14
0,0,0
3,0,3
5,5,0
5,5,0
1,8,-7
10,7,3
11,11,0
0,0,0
1,0,1
21,0,21
9,2,7
1,18,-17
1,2,-1
5,2,3
2,7,-5
6,1,5
4,4,0
7,7,0
3,0,3
0,9,-9
26,10,16
0,13,-13
2,0,2
0,0,0
0,0,0
1,0,1
60,7,53
6,2,4
3,0,3
16,8,8
39,52,-13
9,9,0
9,42,-33
24,3,21
3,0,3
17,10,7
8,2,6
2,2,0
4,4,0
13,15,-2
3,11,-8
0,0,0
6,1,5
2,3,-1
4,11,-7
0,15,-15
2,2,0
44,44,0
1,1,0
11,1,10
0,1,-1
3,3,0
9,12,-3
7,10,-3
0,1,-1
18,18,0
11,0,11
15,0,15
0,0,0
0,0,0
1,3,-2
0,13,-13
2,2,0
8,3,5
3,1,2
7,7,0
0,6,-6
2,2,0
5,0,5
17,1,16
5,5,0
0,6,-6
7,1,6
3,0,3
13,15,-2
4,4,0
0,1,-1
0,0,0
0,0,0
4,1,3
5,8,-3
4,5,-1
0,0,0
1,8,-7
4,0,4
0,4,-4
21,21,0
3,3,0
23,25,-2
38,11,27
5,1,4
2,1,1
3,3,0
6,6,0
0,1,-1
1,11,-10
1,0,1
4,4,0
7,2,5
31,31,0
13,0,13
11,5,6
8,8,0
9,5,4
0,0,0
0,0,0
0,0,0
2,2,0
2,0,2
4,0,4
8,28,-20
2,0,2
9,23,-14
4,9,-5
4,6,-2
4,0,4
30,17,13
0,0,0
20,11,9
37,2,35
0,0,0
6,1,5
7,7,0
3,3,0
0,4,-4
0,0,0
8,8,0
0,16,-16
0,0,0
17,9,8
0,10,-10
0,2,-2
22,5,17
32,32,0
3,2,1
2,5,-3
0,0,0
4,2,2
14,7,7
1,1,0
2,1,1
2,4,-2
19,15,4
0,0,0
2,51,-49
0,0,0
2,2,0
1,0,1
0,5,-5
10,10,0
2,2,0
2,2,0
4,12,-8
12,0,12
25,25,0
2,2,0
32,25,7
1,32,-31
0,8,-8
8,3,5
0,0,0
0,0,0
0,0,0
0,0,0
1,1,0
14,27,-13
11,11,0
7,6,1
2,2,0
3,2,1
5,5,0
0,0,0
6,6,0
10,2,8
6,23,-17
4,17,-13
5,7,-2
5,4,1
0,0,0
4,2,2
5,3,2
6,6,0
1,0,1
1,2,-1
0,2,-2
1,6,-5
1,1,0
5,5,0
4,22,-18
0,0,0
1,1,0
3,0,3
1,0,1
3,0,3
2,9,-7
0,8,-8
2,0,2
1,1,0
1,12,-11
4,0,4
5,1,4
24,1,23
3,3,0
2,3,-1
8,0,8
13,13,0
0,0,0
17,17,0
0,0,0
13,4,9
28,34,-6
12,12,0
0,0,0
1,34,-33
2,0,2
2,10,-8
1,1,0
4,4,0
1,1,0
28,28,0
9,25,-16
0,0,0
0,0,0
13,0,13
17,0,17
28,28,0
0,0,0
13,13,0
7,10,-3
1,1,0
4,25,-21
1,0,1
1,0,1
2,2,0
15,15,0
0,0,0
2,3,-1
1,0,1
2,3,-1
8,9,-1
3,8,-5
13,13,0
2,6,-4
8,0,8
1,0,1
5,0,5
12,7,5
0,0,0
0,15,-15
0,1,-1
1,2,-1
16,11,5
3,29,-26
0,1,-1
25,6,19
10,8,2
16,10,6
0,0,0
0,0,0
12,12,0
6,9,-3
6,1,5
1,41,-40
1,0,1
0,0,0
8,8,0
2,0,2
4,4,0
8,27,-19
7,7,0
6,3,3
6,2,4
6,22,-16
0,23,-23
0,2,-2
9,21,-12
2,0,2
4,14,-10
1,1,0
0,0,0
7,7,0
5,5,0
4,2,2
9,0,9
6,6,0
20,29,-9
1,10,-9
0,1,-1
1,1,0
1,0,1
4,4,0
0,0,0
3,10,-7
1,0,1
4,19,-15
0,0,0
2,0,2
1,1,0
1,0,1
1,18,-17
33,13,20
0,0,0
1,0,1
5,7,-2
4,31,-27
2,2,0
5,6,-1
9,23,-14
0,0,0
4,4,0
1,0,1
0,0,0
6,0,6
47,40,7
26,12,14
2,4,-2
1,0,1
0,9,-9
13,13,0
0,0,0
29,4,25
4,0,4
3,0,3
2,6,-4
0,0,0
1,14,-13
0,1,-1
30,15,15
0,0,0
14,3,11
11,4,7
1,13,-12
31,5,26
15,15,0
20,2,18
11,11,0
0,0,0
2,12,-10
2,2,0
0,3,-3
22,7,15
2,16,-14
1,1,0
0,2,-2
17,0,17
0,0,0
8,26,-18
12,12,0
0,0,0
3,0,3
1,8,-7
10,7,3
0,25,-25
0,25,-25
7,0,7
4,7,-3
16,15,1
0,0,0
5,5,0
5,2,3
7,6,1
7,5,2
9,0,9
0,15,-15
2,2,0
19,19,0
5,36,-31
12,8,4
17,10,7
2,0,2
0,1,-1
0,0,0
2,0,2
1,1,0
0,14,-14
17,17,0
0,0,0
29,29,0
2,2,0
10,2,8
0,8,-8
5,12,-7
4,4,0
1,1,0
0,0,0
8,18,-10
9,9,0
6,8,-2
8,5,3
4,0,4
0,3,-3
1,0,1
2,2,0
0,3,-3
2,2,0
33,33,0
7,3,4
8,8,0
10,6,4
3,3,0
0,0,0
14,5,9
8,8,0
9,6,3
0,0,0
0,2,-2
0,0,0
2,2,0
5,5,0
0,0,0
0,0,0
0,0,0
6,6,0
11,5,6
17,2,15
41,12,29
7,0,7
2,3,-1
0,0,0
0,0,0
1,0,1
1,1,0
0,7,-7
13,8,5
0,7,-7
5,0,5
0,0,0
6,2,4
7,7,0
6,2,4
21,52,-31
35,35,0
18,18,0
11,8,3
1,1,0
0,0,0
15,17,-2
11,12,-1
4,1,3
2,0,2
9,8,1
3,38,-35
1,0,1
21,21,0
9,9,0
6,0,6
2,1,1
2,2,0
1,1,0
2,1,1
5,0,5
3,3,0
0,46,-46
0,21,-21
9,18,-9
4,16,-12
6,1,5
2,0,2
14,14,0
2,11,-9
6,6,0
4,0,4
17,17,0
7,0,7
6,0,6
15,15,0
3,2,1
23,23,0
3,1,2
0,14,-14
2,21,-19
12,8,4
12,12,0
1,0,1
4,12,-8
5,5,0
3,43,-40
10,8,2
2,1,1
1,0,1
8,5,3
4,8,-4
1,0,1
3,0,3
3,10,-7
1,26,-25
0,0,0
3,12,-9
1,2,-1
1,9,-8
5,2,3
5,9,-4
6,0,6
12,11,1
0,28,-28
22,3,19
47,47,0
12,9,3
7,7,0
8,3,5
4,0,4
3,4,-1
3,0,3
3,0,3
0,0,0
8,1,7
1,10,-9
14,1,13
4,4,0
0,0,0
3,0,3
0,0,0
10,0,10
9,7,2
4,38,-34
12,12,0
10,17,-7
0,0,0
8,8,0
2,2,0
1,0,1
1,4,-3
2,30,-28
1,1,0
10,10,0
3,9,-6
1,1,0
0,0,0
0,0,0
11,7,4
12,8,4
2,2,0
9,9,0
6,3,3
8,1,7
1,1,0
8,16,-8
13,13,0
24,12,12
3,3,0
1,1,0
3,18,-15
7,7,0
0,0,0
3,40,-37
0,0,0
13,5,8
0,0,0
5,5,0
3,12,-9
10,0,10
1,5,-4
9,11,-2
6,6,0
13,0,13
18,8,10
4,5,-1
9,0,9
0,0,0
18,16,2
29,1,28
2,2,0
2,2,0
1,5,-4
3,0,3
0,0,0
6,22,-16
0,0,0
4,4,0
0,0,0
15,1,14
1,5,-4
0,0,0
0,0,0
34,3,31
1,18,-17
2,13,-11
2,2,0
0,8,-8
0,1,-1
0,2,-2
6,6,0
1,10,-9
1,3,-2
6,18,-12
0,7,-7
15,9,6
0,0,0
1,31,-30
0,8,-8
6,2,4
5,5,0
3,14,-11
0,0,0
1,8,-7
11,4,7
1,2,-1
1,1,0
7,8,-1
4,0,4
2,0,2
4,30,-26
0,4,-4
3,1,2
2,20,-18
2,2,0
0,0,0
1,11,-10
3,3,0
29,1,28
0,44,-44
2,0,2
2,0,2
10,13,-3
1,4,-3
0,0,0
11,8,3
0,0,0
1,0,1
0,0,0
18,3,15
12,12,0
45,2,43
0,23,-23
1,1,0
4,1,3
9,10,-1
14,14,0
0,0,0
59,7,52
15,0,15
2,0,2
8,2,6
2,4,-2
5,16,-11
7,7,0
0,8,-8
7,12,-5
2,7,-5
13,0,13
7,7,0
12,5,7
1,4,-3
3,9,-6
2,25,-23
1,12,-11
5,5,0
10,6,4
2,17,-15
10,2,8
16,16,0
0,0,0
6,6,0
0,10,-10
9,11,-2
28,37,-9
8,21,-13
1,6,-5
7,7,0
14,14,0
15,2,13
3,0,3
0,1,-1
4,3,1
14,0,14
0,2,-2
1,5,-4
14,14,0
4,10,-6
0,0,0
0,0,0
5,10,-5
7,4,3
15,2,13
0,0,0
3,38,-35
2,9,-7
10,2,8
7,12,-5
32,5,27
10,7,3
0,11,-11
10,9,1
0,0,0
2,2,0
9,9,0
29,23,6
2,2,0
5,3,2
1,0,1
0,0,0
9,3,6
5,9,-4
2,15,-13
2,2,0
3,3,0
2,25,-23
3,13,-10
0,17,-17
10,12,-2
2,7,-5
22,0,22
27,6,21
5,0,5
0,0,0
15,1,14
6,6,0
0,4,-4
4,4,0
2,31,-29
0,0,0
7,0,7
0,0,0
2,0,2
2,6,-4
6,2,4
9,14,-5
10,13,-3
7,7,0
1,0,1
0,0,0
0,2,-2
7,7,0
1,0,1
1,0,1
0,0,0
2,2,0
5,5,0
2,2,0
0,0,0
29,29,0
0,0,0
5,5,0
6,11,-5
5,6,-1
12,1,11
3,10,-7
18,18,0
2,0,2
1,0,1
19,39,-20
14,5,9
0,29,-29
5,51,-46
1,1,0
5,13,-8
13,5,8
0,6,-6
2,0,2
2,0,2
0,0,0
0,0,0
6,16,-10
0,2,-2
4,15,-11
15,7,8
27,2,25
1,5,-4
13,13,0
4,5,-1
5,0,5
5,0,5
7,7,0
0,0,0
14,17,-3
7,2,5
0,0,0
0,2,-2
1,1,0
0,0,0
2,16,-14
24,24,0
2,2,0
2,0,2
1,27,-26
9,13,-4
4,4,0
26,26,0
8,2,6
1,1,0
7,7,0
1,0,1
0,0,0
18,16,2
13,1,12
17,36,-19
2,14,-12
6,0,6
0,6,-6
0,0,0
1,1,0
1,0,1
1,1,0
1,1,0
24,6,18
8,8,0
16,16,0
1,1,0
9,1,8
17,34,-17
12,20,-8
18,18,0
3,3,0
1,0,1
0,0,0
1,0,1
2,4,-2
1,1,0
10,10,0
3,0,3
0,6,-6
0,0,0
7,17,-10
2,9,-7
1,1,0
3,24,-21
6,7,-1
5,1,4
3,0,3
0,3,-3
7,7,0
10,10,0
3,4,-1
0,2,-2
32,32,0
22,17,5
0,0,0
14,7,7
2,12,-10
3,0,3
7,10,-3
1,6,-5
1,0,1
10,1,9
0,0,0
15,7,8
0,0,0
9,13,-4
1,0,1
2,13,-11
3,14,-11
5,2,3
0,0,0
6,13,-7
3,3,0
0,0,0
5,5,0
5,1,4
17,1,16
51,51,0
5,7,-2
1,0,1
4,16,-12
8,8,0
12,1,11
0,27,-27
7,2,5
15,6,9
54,52,2
4,3,1
1,1,0
0,0,0
0,0,0
3,3,0
6,0,6
4,2,2
0,0,0
14,14,0
4,37,-33
26,7,19
1,0,1
0,0,0
6,0,6
0,12,-12
13,0,13
1,7,-6
33,1,32
1,0,1
0,0,0
0,5,-5
2,2,0
8,8,0
11,17,-6
9,9,0
2,16,-14
6,10,-4
29,41,-12
1,1,0
5,5,0
2,2,0
15,42,-27
4,11,-7
7,37,-30
1,1,0
8,2,6
2,2,0
10,4,6
7,0,7
3,11,-8
0,20,-20
1,0,1
0,6,-6
0,0,0
11,11,0
28,5,23
0,0,0
18,1,17
2,0,2
0,0,0
0,15,-15
5,2,3
6,12,-6
6,3,3
2,0,2
5,1,4
1,1,0
0,0,0
1,1,0
36,1,35
4,5,-1
3,3,0
36,3,33
0,5,-5
5,6,-1
3,3,0
12,12,0
2,3,-1
11,9,2
10,25,-15
4,8,-4
8,15,-7
3,11,-8
11,9,2
2,1,1
5,2,3
2,2,0
46,46,0
0,10,-10
16,6,10
12,4,8
8,29,-21
28,28,0
14,4,10
10,10,0
3,1,2
6,13,-7
6,3,3
16,16,0
8,5,3
15,15,0
8,5,3
1,1,0
37,37,0
8,1,7
14,14,0
0,0,0
4,18,-14
0,0,0
2,0,2
8,8,0
1,1,0
33,33,0
3,4,-1
10,11,-1
0,0,0
0,0,0
7,26,-19
74,2,72
24,17,7
12,14,-2
0,0,0
1,0,1
0,0,0
13,7,6
1,1,0
0,0,0
34,5,29
0,0,0
0,0,0
3,2,1
5,16,-11
13,13,0
3,0,3
6,0,6
0,0,0
0,4,-4
0,17,-17
3,3,0
11,11,0
59,17,42
2,9,-7
0,0,0
0,0,0
0,0,0
2,0,2
0,0,0
11,7,4
8,8,0
2,10,-8
7,8,-1
4,25,-21
0,7,-7
14,5,9
3,9,-6
4,3,1
5,5,0
4,4,0
2,2,0
4,11,-7
5,5,0
0,0,0
12,1,11
4,3,1
19,6,13
0,9,-9
1,0,1
8,15,-7
0,18,-18
20,7,13
18,0,18
2,0,2
1,0,1
3,0,3
12,13,-1
0,0,0
1,0,1
7,7,0
7,7,0
0,6,-6
8,12,-4
8,8,0
0,0,0
9,6,3
5,5,0
2,15,-13
1,0,1
31,31,0
0,2,-2
1,1,0
12,0,12
3,3,0
45,18,27
1,0,1
8,8,0
2,2,0
12,12,0
7,15,-8
0,2,-2
0,25,-25
4,3,1
0,0,0
8,22,-14
7,8,-1
4,4,0
0,7,-7
2,2,0
2,0,2
1,0,1
14,14,0
3,3,0
29,29,0
6,1,5
8,25,-17
20,46,-26
1,22,-21
1,0,1
6,14,-8
19,16,3
9,9,0
6,14,-8
6,6,0
1,10,-9
16,2,14
0,0,0
24,16,8
2,0,2
11,11,0
0,0,0
15,2,13
5,5,0
12,11,1
10,15,-5
6,18,-12
3,2,1
10,10,0
4,2,2
0,13,-13
0,8,-8
7,5,2
2,16,-14
1,0,1
1,0,1
1,7,-6
19,0,19
0,0,0
0,0,0
1,1,0
2,2,0
2,2,0
1,4,-3
2,0,2
6,2,4
27,10,17
8,8,0
3,4,-1
0,0,0
10,6,4
1,7,-6
3,0,3
0,0,0
20,1,19
9,1,8
8,7,1
2,19,-17
0,2,-2
1,17,-16
8,0,8
8,6,2
12,6,6
19,39,-20
0,0,0
1,8,-7
57,1,56
8,3,5
1,1,0
1,4,-3
0,0,0
13,8,5
5,1,4
6,9,-3
0,11,-11
2,20,-18
15,15,0
6,1,5
7,7,0
1,3,-2
0,0,0
14,0,14
0,3,-3
7,10,-3
2,2,0
0,0,0
5,5,0
1,7,-6
0,0,0
10,10,0
6,20,-14
15,11,4
0,0,0
11,2,9
0,4,-4
0,0,0
6,2,4
5,5,0
5,1,4
1,16,-15
2,8,-6
0,0,0
0,8,-8
16,7,9
37,11,26
5,5,0
1,10,-9
1,40,-39
1,1,0
1,1,0
1,11,-10
4,0,4
3,3,0
21,1,20
0,0,0
0,0,0
36,0,36
2,2,0
1,0,1
10,0,10
46,46,0
0,0,0
4,2,2
7,23,-16
5,5,0
1,1,0
21,21,0
0,0,0
1,13,-12
0,0,0
11,0,11
1,2,-1
3,4,-1
0,39,-39
2,4,-2
0,0,0
32,32,0
0,3,-3
1,2,-1
6,6,0
0,2,-2
0,4,-4
3,3,0
2,0,2
0,1,-1
7,7,0
2,2,0
0,0,0
8,8,0
0,0,0
10,0,10
8,6,2
0,0,0
5,10,-5
1,5,-4
37,37,0
2,2,0
4,0,4
4,4,0
5,1,4
2,10,-8
9,10,-1
2,1,1
1,0,1
5,2,3
8,24,-16
34,11,23
6,0,6
6,1,5
8,5,3
0,0,0
7,0,7
2,0,2
2,2,0
0,0,0
36,36,0
10,3,7
3,3,0
1,1,0
4,0,4
0,0,0
25,25,0
78,9,69
2,12,-10
65,74,-9
3,15,-12
2,4,-2
5,13,-8
0,42,-42
0,13,-13
4,12,-8
7,7,0
0,0,0
34,26,8
9,9,0
8,27,-19
5,5,0
0,0,0
20,24,-4
0,0,0
0,0,0
6,5,1
1,2,-1
0,0,0
24,15,9
0,49,-49
0,6,-6
1,1,0
11,1,10
3,3,0
6,6,0
2,0,2
11,3,8
0,0,0
0,0,0
0,0,0
0,3,-3
14,25,-11
18,18,0
8,8,0
0,4,-4
7,1,6
9,0,9
6,0,6
14,14,0
12,9,3
0,0,0
0,0,0
0,0,0
24,2,22
1,0,1
0,0,0
28,28,0
3,3,0
29,1,28
0,0,0
0,55,-55
2,2,0
2,2,0
8,8,0
0,0,0
1,8,-7
0,0,0
0,0,0
1,0,1
4,2,2
0,1,-1
0,3,-3
4,0,4
5,0,5
5,5,0
0,0,0
39,1,38
3,19,-16
15,1,14
1,0,1
0,0,0
1,1,0
19,16,3
12,12,0
1,0,1
1,0,1
7,7,0
8,11,-3
10,8,2
12,1,11
26,26,0
1,1,0
0,0,0
0,0,0
17,17,0
6,9,-3
13,5,8
9,2,7
0,0,0
0,0,0
0,0,0
7,9,-2
0,0,0
0,1,-1
33,33,0
2,2,0
13,13,0
0,15,-15
8,8,0
0,0,0
0,0,0
4,4,0
1,0,1
12,12,0
2,1,1
7,12,-5
0,0,0
2,0,2
10,1,9
1,1,0
6,5,1
1,25,-24
12,5,7
2,2,0
1,14,-13
0,7,-7
11,6,5
41,10,31
10,10,0
5,0,5
12,12,0
1,0,1
5,3,2
10,10,0
17,1,16
2,2,0
4,8,-4
0,0,0
1,1,0
2,2,0
8,18,-10
2,2,0
11,13,-2
5,5,0
0,0,0
5,13,-8
4,4,0
0,0,0
0,0,0
6,6,0
4,4,0
1,0,1
10,18,-8
1,0,1
5,5,0
7,40,-33
10,39,-29
8,0,8
2,1,1
14,0,14
10,5,5
6,4,2
21,6,15
4,0,4
6,10,-4
6,8,-2
13,13,0
1,0,1
6,2,4
1,0,1
3,12,-9
0,19,-19
0,27,-27
39,26,13
6,6,0
0,1,-1
11,25,-14
0,0,0
5,14,-9
25,2,23
9,11,-2
52,52,0
0,0,0
18,0,18
0,0,0
5,5,0
14,4,10
4,0,4
0,0,0
0,0,0
19,2,17
18,9,9
1,1,0
8,5,3
8,0,8
7,3,4
0,0,0
12,0,12
8,8,0
0,0,0
2,2,0
1,1,0
6,27,-21
0,0,0
64,37,27
5,42,-37
9,7,2
8,0,8
0,1,-1
5,5,0
7,11,-4
2,1,1
8,10,-2
10,10,0
9,9,0
6,5,1
1,0,1
16,12,4
4,4,0
12,5,7
3,3,0
9,6,3
8,8,0
5,10,-5
21,21,0
10,12,-2
10,28,-18
2,0,2
6,26,-20
16,2,14
3,0,3
0,7,-7
3,6,-3
1,2,-1
6,15,-9
54,24,30
1,0,1
1,8,-7
7,12,-5
3,8,-5
5,3,2
4,20,-16
15,6,9
0,0,0
16,2,14
25,25,0
7,2,5
11,11,0
10,8,2
11,4,7
0,0,0
1,1,0
15,13,2
18,0,18
2,2,0
0,0,0
7,10,-3
3,6,-3
1,15,-14
12,0,12
2,0,2
14,34,-20
24,24,0
9,2,7
0,0,0
25,1,24
5,41,-36
0,0,0
10,4,6
0,0,0
0,10,-10
5,3,2
16,16,0
3,6,-3
3,6,-3
6,10,-4
3,3,0
6,17,-11
0,0,0
1,4,-3
2,2,0
6,0,6
0,0,0
5,8,-3
13,2,11
7,5,2
5,1,4
26,0,26
9,48,-39
7,4,3
2,2,0
1,1,0
25,25,0
3,13,-10
11,12,-1
9,9,0
14,13,1
26,44,-18
1,0,1
0,0,0
1,1,0
6,0,6
8,7,1
0,0,0
1,1,0
0,4,-4
18,3,15
2,2,0
7,0,7
1,0,1
1,0,1
3,0,3
5,6,-1
2,1,1
1,2,-1
8,8,0
1,0,1
0,0,0
0,1,-1
8,8,0
17,8,9
0,1,-1
3,6,-3
1,1,0
10,10,0
4,4,0
1,4,-3
27,27,0
2,9,-7
11,3,8
8,8,0
7,13,-6
42,0,42
21,40,-19
3,0,3
0,0,0
4,4,0
3,3,0
3,2,1
11,11,0
1,3,-2
2,0,2
18,4,14
0,0,0
6,4,2
20,20,0
3,2,1
4,7,-3
3,17,-14
4,6,-2
21,6,15
1,1,0
0,0,0
2,8,-6
7,17,-10
5,0,5
7,23,-16
5,6,-1
0,4,-4
29,34,-5
2,5,-3
9,9,0
16,0,16
43,43,0
17,3,14
0,0,0
5,4,1
23,4,19
0,1,-1
27,0,27
11,10,1
0,35,-35
3,0,3
1,32,-31
1,7,-6
0,0,0
2,36,-34
31,1,30
2,6,-4
16,10,6
0,0,0
4,4,0
1,8,-7
0,6,-6
1,0,1
5,14,-9
0,0,0
1,17,-16
1,1,0
3,5,-2
0,0,0
3,6,-3
14,1,13
3,3,0
5,20,-15
0,2,-2
1,22,-21
0,0,0
13,24,-11
1,0,1
0,7,-7
2,6,-4
5,5,0
10,2,8
1,2,-1
0,0,0
6,6,0
6,0,6
1,1,0
5,5,0
0,0,0
0,14,-14
0,5,-5
20,6,14
1,0,1
5,0,5
14,1,13
12,0,12
0,0,0
18,0,18
1,2,-1
3,1,2
0,0,0
9,11,-2
0,18,-18
3,0,3
2,0,2
1,0,1
14,14,0
2,17,-15
16,16,0
0,13,-13
12,0,12
0,0,0
0,1,-1
5,1,4
11,3,8
1,0,1
0,0,0
1,0,1
1,5,-4
20,20,0
3,2,1
8,49,-41
2,9,-7
3,0,3
1,10,-9
13,2,11
2,1,1
7,16,-9
0,0,0
10,10,0
3,9,-6
7,31,-24
24,24,0
7,0,7
14,6,8
0,0,0
1,15,-14
20,20,0
1,1,0
5,2,3
1,4,-3
5,4,1
7,0,7
2,2,0
18,6,12
27,0,27
11,11,0
10,0,10
0,0,0
0,0,0
32,27,5
0,1,-1
3,1,2
8,25,-17
0,0,0
3,0,3
3,0,3
10,1,9
8,1,7
3,3,0
10,10,0
0,0,0
3,5,-2
2,2,0
1,7,-6
2,2,0
5,9,-4
11,1,10
6,1,5
3,2,1
13,13,0
17,9,8
1,2,-1
3,23,-20
6,6,0
6,0,6
0,0,0
7,1,6
0,1,-1
61,3,58
22,17,5
15,15,0
0,0,0
5,1,4
4,14,-10
7,26,-19
13,5,8
6,6,0
2,0,2
5,3,2
22,23,-1
34,30,4
7,7,0
4,4,0
8,16,-8
0,0,0
25,17,8
15,0,15
0,0,0
2,4,-2
14,0,14
5,5,0
3,5,-2
1,1,0
5,0,5
2,2,0
1,3,-2
8,15,-7
1,0,1
9,31,-22
16,2,14
10,14,-4
1,5,-4
0,6,-6
17,7,10
0,0,0
29,29,0
0,0,0
6,0,6
3,0,3
7,6,1
9,2,7
11,0,11
10,1,9
0,2,-2
0,8,-8
22,11,11
0,0,0
16,11,5
0,0,0
7,1,6
0,0,0
21,4,17
3,19,-16
6,2,4
17,1,16
9,0,9
4,1,3
31,31,0
7,7,0
5,5,0
6,1,5
0,1,-1
6,6,0
0,0,0
0,7,-7
1,0,1
1,0,1
15,16,-1
3,3,0
0,0,0
0,4,-4
0,0,0
16,38,-22
3,3,0
0,39,-39
0,0,0
10,10,0
1,5,-4
1,27,-26
7,9,-2
0,1,-1
20,11,9
5,9,-4
5,5,0
3,1,2
2,0,2
6,8,-2
3,2,1
4,0,4
0,11,-11
5,8,-3
1,7,-6
0,0,0
13,13,0
0,0,0
3,1,2
5,5,0
12,1,11
10,10,0
14,9,5
5,23,-18
14,6,8
2,13,-11
10,10,0
0,16,-16
1,1,0
2,2,0
0,0,0
30,10,20
7,7,0
3,0,3
3,0,3
8,2,6
7,4,3
11,2,9
6,6,0
4,18,-14
31,31,0
14,0,14
9,9,0
0,31,-31
23,6,17
5,3,2
6,6,0
3,1,2
5,5,0
2,0,2
3,6,-3
4,16,-12
17,16,1
3,7,-4
1,1,0
39,39,0
1,1,0
1,2,-1
0,8,-8
8,16,-8
1,1,0
1,1,0
3,18,-15
8,2,6
7,38,-31
0,0,0
10,6,4
1,21,-20
0,27,-27
8,8,0
2,6,-4
26,6,20
6,0,6
1,1,0
2,0,2
1,4,-3
11,0,11
2,2,0
21,1,20
0,6,-6
18,7,11
2,6,-4
9,9,0
25,25,0
3,0,3
7,15,-8
0,0,0
2,0,2
12,2,10
0,5,-5
1,1,0
9,9,0
6,1,5
5,5,0
0,0,0
0,0,0
8,2,6
20,2,18
1,0,1
3,1,2
3,2,1
8,6,2
4,3,1
25,19,6
4,0,4
6,19,-13
19,49,-30
1,6,-5
1,1,0
1,1,0
12,12,0
46,17,29
1,1,0
9,0,9
4,4,0
0,3,-3
15,26,-11
1,2,-1
0,0,0
8,0,8
5,11,-6
1,7,-6
16,16,0
4,5,-1
17,0,17
0,0,0
19,0,19
0,0,0
0,0,0
3,16,-13
0,0,0
5,5,0
0,0,0
0,8,-8
12,14,-2
0,0,0
0,0,0
13,0,13
21,22,-1
27,27,0
11,10,1
29,0,29
1,14,-13
5,4,1
7,4,3
10,2,8
9,2,7
15,15,0
3,0,3
7,18,-11
20,20,0
1,1,0
5,20,-15
0,0,0
12,31,-19
2,5,-3
1,1,0
2,0,2
18,13,5
4,7,-3
8,4,4
74,0,74
14,14,0
0,4,-4
16,9,7
12,23,-11
2,0,2
16,13,3
0,5,-5
5,5,0
1,2,-1
14,14,0
27,27,0
15,0,15
0,7,-7
3,6,-3
2,0,2
0,1,-1
5,2,3
0,12,-12
2,2,0
0,8,-8
0,1,-1
1,2,-1
1,0,1
3,4,-1
7,19,-12
1,0,1
5,1,4
1,1,0
19,19,0
3,3,0
1,31,-30
9,9,0
3,24,-21
9,20,-11
9,5,4
0,3,-3
1,1,0
2,2,0
4,1,3
14,2,12
19,1,18
4,0,4
2,0,2
6,8,-2
10,6,4
9,9,0
1,31,-30
9,2,7
6,23,-17
0,0,0
29,12,17
7,3,4
29,1,28
5,6,-1
4,5,-1
0,0,0
26,6,20
18,29,-11
3,3,0
6,8,-2
36,1,35
4,18,-14
0,0,0
2,2,0
4,1,3
0,7,-7
10,58,-48
2,9,-7
8,11,-3
10,3,7
23,19,4
1,0,1
1,2,-1
1,40,-39
5,15,-10
2,2,0
0,0,0
0,0,0
2,2,0
0,0,0
0,0,0
2,5,-3
9,1,8
10,10,0
4,8,-4
5,5,0
15,7,8
5,0,5
14,14,0
4,0,4
9,7,2
35,35,0
1,0,1
30,30,0
0,0,0
5,5,0
20,17,3
10,3,7
0,2,-2
25,41,-16
0,5,-5
37,37,0
1,9,-8
1,17,-16
22,7,15
14,16,-2
2,0,2
16,28,-12
3,3,0
11,8,3
2,0,2
5,0,5
0,1,-1
2,0,2
7,36,-29
14,10,4
7,5,2
2,15,-13
2,0,2
6,3,3
1,8,-7
0,0,0
7,7,0
0,22,-22
0,0,0
9,9,0
15,15,0
5,8,-3
9,25,-16
0,18,-18
0,1,-1
6,8,-2
3,6,-3
2,0,2
9,9,0
9,16,-7
4,14,-10
14,22,-8
2,1,1
10,10,0
4,4,0
4,4,0
1,1,0
18,1,17
15,15,0
5,3,2
7,6,1
11,10,1
5,8,-3
1,33,-32
7,15,-8
1,8,-7
3,0,3
6,6,0
2,2,0
30,38,-8
17,9,8
5,5,0
0,0,0
13,55,-42
1,0,1
1,0,1
4,0,4
15,15,0
5,3,2
15,0,15
0,4,-4
1,0,1
2,0,2
1,5,-4
15,6,9
5,8,-3
5,5,0
6,3,3
16,16,0
2,1,1
13,13,0
16,16,0
1,6,-5
7,1,6
21,3,18
1,0,1
4,4,0
10,8,2
0,12,-12
4,11,-7
5,12,-7
0,5,-5
49,49,0
0,4,-4
1,0,1
4,4,0
4,4,0
1,0,1
7,10,-3
3,3,0
19,11,8
4,1,3
0,1,-1
0,0,0
0,0,0
24,0,24
0,3,-3
3,1,2
8,7,1
0,0,0
26,26,0
12,0,12
7,0,7
0,15,-15
7,11,-4
14,14,0
10,10,0
1,2,-1
0,25,-25
20,32,-12
1,14,-13
0,0,0
0,0,0
1,0,1
1,2,-1
0,0,0
3,11,-8
23,10,13
3,30,-27
22,18,4
7,10,-3
0,0,0
9,9,0
1,1,0
0,0,0
0,1,-1
6,6,0
13,13,0
8,0,8
79,60,19
24,24,0
0,12,-12
11,11,0
12,1,11
0,1,-1
0,11,-11
3,6,-3
0,3,-3
5,5,0
7,42,-35
42,1,41
2,1,1
5,5,0
6,6,0
7,7,0
4,4,0
1,1,0
14,8,6
1,9,-8
4,0,4
10,10,0
14,1,13
5,5,0
5,0,5
60,1,59
6,4,2
3,4,-1
17,17,0
0,0,0
0,0,0
1,0,1
5,5,0
8,2,6
2,0,2
10,7,3
0,27,-27
33,25,8
0,0,0
12,12,0
8,1,7
51,0,51
9,10,-1
3,6,-3
0,4,-4
7,15,-8
5,5,0
10,10,0
2,2,0
6,0,6
3,1,2
2,8,-6
4,4,0
12,27,-15
4,4,0
5,5,0
8,6,2
11,11,0
5,0,5
8,14,-6
2,0,2
9,0,9
4,0,4
3,3,0
10,2,8
0,0,0
0,0,0
11,0,11
0,0,0
1,8,-7
51,16,35
10,10,0
6,6,0
1,0,1
0,0,0
5,3,2
5,5,0
3,3,0
9,2,7
4,0,4
1,13,-12
14,14,0
0,0,0
0,0,0
1,5,-4
3,3,0
1,0,1
3,0,3
12,34,-22
13,0,13
7,2,5
1,0,1
4,4,0
26,8,18
2,0,2
6,6,0
16,16,0
0,0,0
2,1,1
10,0,10
24,24,0
0,0,0
3,1,2
32,4,28
0,5,-5
7,7,0
35,35,0
2,0,2
2,4,-2
8,0,8
0,0,0
5,5,0
1,1,0
6,6,0
19,0,19
17,4,13
6,9,-3
3,8,-5
0,0,0
12,12,0
11,11,0
0,2,-2
2,0,2
4,2,2
0,0,0
17,1,16
3,15,-12
0,0,0
1,0,1
0,1,-1
21,7,14
4,4,0
17,6,11
1,0,1
0,0,0
15,3,12
5,2,3
8,3,5
6,5,1
8,8,0
6,6,0
0,0,0
1,0,1
2,0,2
23,23,0
2,36,-34
19,1,18
0,0,0
12,12,0
6,10,-4
0,0,0
1,1,0
0,0,0
2,6,-4
0,5,-5
1,1,0
5,1,4
1,1,0
9,9,0
1,0,1
0,0,0
1,2,-1
12,12,0
2,8,-6
2,2,0
9,9,0
21,27,-6
0,10,-10
0,0,0
5,29,-24
12,12,0
1,0,1
10,0,10
2,0,2
10,10,0
6,6,0
0,3,-3
3,3,0
5,10,-5
14,14,0
0,7,-7
0,0,0
2,2,0
15,15,0
0,0,0
15,10,5
14,3,11
5,10,-5
4,0,4
7,0,7
2,5,-3
26,22,4
4,7,-3
0,0,0
3,36,-33
3,3,0
21,5,16
2,2,0
0,2,-2
5,1,4
4,1,3
6,6,0
10,10,0
9,9,0
6,22,-16
0,0,0
1,9,-8
0,0,0
1,8,-7
7,4,3
6,6,0
13,21,-8
3,19,-16
17,2,15
0,0,0
11,5,6
4,2,2
12,24,-12
6,2,4
20,20,0
3,0,3
0,41,-41
8,8,0
5,24,-19
3,16,-13
28,28,0
17,17,0
17,0,17
0,21,-21
2,0,2
0,0,0
8,8,0
5,10,-5
5,16,-11
8,17,-9
3,3,0
7,7,0
1,0,1
2,2,0
8,12,-4
9,3,6
9,2,7
30,3,27
11,11,0
3,18,-15
3,3,0
6,7,-1
0,0,0
2,0,2
3,3,0
3,9,-6
5,1,4
0,0,0
4,29,-25
1,2,-1
3,2,1
2,0,2
0,4,-4
7,7,0
8,0,8
0,7,-7
2,4,-2
1,2,-1
27,27,0
12,0,12
9,1,8
5,0,5
3,3,0
2,2,0
11,0,11
2,8,-6
13,13,0
4,4,0
61,5,56
7,16,-9
1,1,0
1,0,1
6,3,3
14,1,13
4,5,-1
5,5,0
3,5,-2
2,6,-4
9,9,0
1,1,0
15,20,-5
0,0,0
3,16,-13
0,1,-1
6,1,5
2,2,0
0,0,0
2,14,-12
1,0,1
4,9,-5
10,7,3
5,2,3
0,0,0
0,1,-1
5,5,0
0,0,0
12,16,-4
0,4,-4
2,3,-1
1,1,0
31,31,0
0,1,-1
0,4,-4
3,10,-7
4,20,-16
13,4,9
0,3,-3
3,14,-11
3,12,-9
10,2,8
10,0,10
4,4,0
20,18,2
12,11,1
20,1,19
47,47,0
4,14,-10
0,43,-43
5,2,3
1,7,-6
4,12,-8
3,10,-7
3,2,1
51,5,46
17,0,17
23,12,11
1,3,-2
0,23,-23
3,11,-8
1,14,-13
33,6,27
8,10,-2
2,0,2
0,0,0
3,0,3
1,4,-3
14,13,1
12,2,10
1,0,1
4,7,-3
11,13,-2
15,15,0
2,12,-10
0,0,0
14,1,13
1,1,0
3,25,-22
2,0,2
0,0,0
0,0,0
0,0,0
0,2,-2
3,0,3
7,17,-10
4,4,0
2,2,0
3,1,2
7,9,-2
0,0,0
4,8,-4
2,2,0
7,7,0
4,1,3
14,10,4
0,1,-1
2,1,1
4,0,4
3,3,0
0,0,0
21,15,6
9,9,0
4,1,3
0,0,0
0,0,0
1,1,0
14,0,14
19,4,15
2,1,1
5,9,-4
0,0,0
111,1,110
8,8,0
2,1,1
25,8,17
3,9,-6
9,9,0
14,14,0
7,10,-3
2,21,-19
4,1,3
4,1,3
14,23,-9
45,45,0
6,10,-4
4,6,-2
0,0,0
11,5,6
3,3,0
12,1,11
0,2,-2
1,2,-1
0,0,0
21,20,1
2,6,-4
6,2,4
1,1,0
1,1,0
12,1,11
10,14,-4
33,2,31
1,0,1
0,0,0
15,15,0
0,0,0
20,20,0
0,6,-6
1,1,0
4,0,4
0,3,-3
2,7,-5
25,19,6
4,4,0
3,2,1
80,80,0
20,8,12
1,0,1
4,2,2
13,52,-39
4,2,2
0,0,0
0,0,0
4,4,0
4,0,4
0,0,0
5,6,-1
4,18,-14
16,3,13
7,7,0
3,3,0
3,3,0
3,6,-3
0,1,-1
0,0,0
6,9,-3
3,0,3
3,2,1
1,1,0
0,0,0
9,9,0
20,20,0
0,2,-2
10,10,0
6,6,0
16,11,5
0,0,0
1,1,0
17,11,6
3,7,-4
11,1,10
0,1,-1
0,0,0
16,4,12
11,0,11
3,3,0
12,12,0
0,1,-1
0,5,-5
1,1,0
1,0,1
4,2,2
0,0,0
4,6,-2
5,4,1
3,0,3
8,8,0
1,1,0
3,0,3
1,1,0
3,15,-12
2,0,2
0,7,-7
15,17,-2
0,0,0
1,2,-1
15,0,15
11,0,11
18,13,5
0,0,0
3,0,3
14,3,11
0,6,-6
1,1,0
0,0,0
0,2,-2
4,4,0
56,56,0
11,8,3
7,14,-7
0,0,0
36,36,0
6,0,6
0,0,0
5,2,3
2,2,0
1,2,-1
3,4,-1
1,0,1
6,13,-7
21,21,0
4,22,-18
1,1,0
2,2,0
10,2,8
1,0,1
7,7,0
1,0,1
4,11,-7
12,12,0
15,0,15
6,6,0
8,8,0
14,14,0
52,0,52
6,6,0
10,3,7
1,19,-18
8,11,-3
6,14,-8
13,13,0
7,7,0
17,17,0
1,15,-14
0,0,0
4,4,0
1,2,-1
0,0,0
2,8,-6
5,33,-28
13,10,3
9,0,9
12,12,0
17,13,4
36,36,0
0,4,-4
11,3,8
4,2,2
3,0,3
3,3,0
4,0,4
4,0,4
2,2,0
9,9,0
1,0,1
0,16,-16
8,1,7
20,0,20
9,0,9
4,2,2
1,12,-11
0,0,0
1,1,0
1,1,0
4,4,0
0,7,-7
9,9,0
1,2,-1
0,3,-3
0,0,0
2,2,0
2,2,0
39,39,0
1,2,-1
2,5,-3
3,3,0
1,5,-4
2,8,-6
21,29,-8
1,1,0
0,7,-7
4,13,-9
2,5,-3
0,0,0
2,2,0
0,0,0
39,5,34
12,3,9
11,4,7
3,0,3
43,8,35
0,8,-8
0,2,-2
0,6,-6
17,18,-1
1,1,0
20,5,15
9,0,9
6,0,6
0,0,0
0,0,0
7,7,0
9,12,-3
1,12,-11
11,1,10
1,3,-2
3,3,0
4,0,4
0,0,0
0,2,-2
5,0,5
7,20,-13
33,33,0
15,1,14
1,1,0
0,0,0
31,2,29
1,1,0
1,1,0
7,1,6
0,2,-2
15,1,14
2,1,1
1,3,-2
3,5,-2
6,12,-6
36,28,8
18,12,6
0,13,-13
5,5,0
26,26,0
10,10,0
16,0,16
4,23,-19
0,2,-2
17,9,8
14,5,9
23,23,0
9,10,-1
60,19,41
7,0,7
17,17,0
2,0,2
0,0,0
11,6,5
19,17,2
2,0,2
6,1,5
2,1,1
1,3,-2
9,3,6
4,7,-3
7,7,0
1,1,0
11,11,0
2,2,0
18,18,0
0,0,0
3,5,-2
0,0,0
4,4,0
2,2,0
0,0,0
8,8,0
13,13,0
0,0,0
3,9,-6
5,5,0
14,14,0
5,5,0
22,10,12
0,7,-7
7,7,0
12,14,-2
1,0,1
7,22,-15
2,27,-25
18,1,17
57,57,0
1,19,-18
6,30,-24
7,6,1
3,3,0
8,8,0
37,37,0
0,0,0
2,1,1
0,0,0
4,3,1
3,5,-2
4,0,4
9,9,0
9,9,0
0,2,-2
0,3,-3
2,14,-12
8,8,0
5,5,0
1,7,-6
8,6,2
10,33,-23
2,8,-6
1,0,1
1,1,0
8,8,0
0,2,-2
9,7,2
10,0,10
7,6,1
0,2,-2
13,13,0
0,0,0
12,1,11
6,0,6
8,0,8
11,27,-16
0,0,0
0,2,-2
5,5,0
9,5,4
14,0,14
4,4,0
1,1,0
17,3,14
3,2,1
7,7,0
1,3,-2
0,3,-3
2,0,2
1,1,0
2,3,-1
9,9,0
0,0,0
13,12,1
73,4,69
5,5,0
2,3,-1
4,1,3
10,12,-2
7,10,-3
3,3,0
9,9,0
16,5,11
1,3,-2
4,2,2
1,16,-15
1,5,-4
0,1,-1
2,2,0
0,0,0
6,2,4
24,1,23
2,0,2
8,7,1
8,3,5
3,3,0
0,2,-2
11,0,11
1,0,1
0,0,0
5,9,-4
1,0,1
2,2,0
0,0,0
4,0,4
2,16,-14
10,14,-4
3,1,2
16,10,6
7,28,-21
10,19,-9
4,2,2
1,0,1
6,0,6
1,0,1
2,0,2
8,8,0
1,23,-22
2,6,-4
7,7,0
10,10,0
7,1,6
0,0,0
1,0,1
1,0,1
0,2,-2
2,5,-3
0,0,0
26,2,24
4,1,3
3,0,3
1,10,-9
8,5,3
15,38,-23
2,2,0
13,13,0
15,10,5
0,0,0
0,0,0
15,2,13
2,11,-9
9,0,9
8,13,-5
1,6,-5
4,7,-3
5,0,5
3,3,0
10,35,-25
1,2,-1
5,34,-29
7,0,7
3,3,0
3,0,3
5,5,0
82,0,82
12,1,11
4,6,-2
3,3,0
1,2,-1
0,0,0
7,11,-4
0,0,0
8,0,8
0,0,0
0,23,-23
7,0,7
0,0,0
23,23,0
4,20,-16
4,4,0
7,7,0
0,2,-2
0,0,0
3,2,1
5,6,-1
1,8,-7
15,1,14
0,0,0
0,3,-3
0,5,-5
10,2,8
28,28,0
0,0,0
1,11,-10
7,7,0
21,21,0
48,25,23
1,27,-26
39,39,0
6,4,2
2,14,-12
8,15,-7
6,5,1
0,0,0
0,0,0
9,18,-9
4,0,4
2,20,-18
2,1,1
40,40,0
0,1,-1
9,9,0
0,6,-6
6,4,2
2,2,0
5,5,0
1,1,0
5,5,0
4,0,4
7,7,0
0,2,-2
1,13,-12
18,9,9
8,8,0
26,3,23
5,5,0
2,1,1
4,7,-3
13,30,-17
2,0,2
2,0,2
4,2,2
32,14,18
12,15,-3
3,3,0
0,0,0
4,0,4
17,3,14
7,20,-13
0,2,-2
2,10,-8
4,3,1
11,11,0
1,16,-15
0,0,0
0,0,0
4,8,-4
1,0,1
1,0,1
0,0,0
5,5,0
2,21,-19
0,0,0
5,0,5
5,5,0
0,0,0
0,1,-1
14,10,4
3,0,3
3,5,-2
0,0,0
0,2,-2
2,1,1
14,14,0
11,1,10
3,14,-11
1,5,-4
5,10,-5
2,0,2
25,21,4
15,4,11
6,4,2
1,1,0
2,2,0
17,17,0
6,0,6
5,5,0
12,3,9
31,31,0
0,0,0
0,0,0
1,0,1
7,7,0
27,8,19
9,0,9
4,0,4
0,0,0
0,0,0
1,0,1
0,0,0
3,3,0
23,4,19
0,0,0
5,12,-7
6,6,0
9,17,-8
50,10,40
0,5,-5
0,12,-12
6,7,-1
13,28,-15
1,1,0
2,0,2
3,3,0
18,18,0
17,21,-4
17,17,0
16,16,0
2,0,2
6,0,6
0,0,0
1,17,-16
0,0,0
4,0,4
23,2,21
2,0,2
3,0,3
0,29,-29
5,5,0
0,1,-1
23,1,22
2,2,0
24,24,0
3,7,-4
0,4,-4
1,1,0
7,7,0
9,2,7
7,0,7
25,25,0
1,5,-4
0,0,0
1,0,1
13,3,10
13,13,0
6,7,-1
4,4,0
0,11,-11
34,55,-21
3,3,0
2,0,2
9,6,3
1,0,1
16,2,14
2,0,2
2,3,-1
2,13,-11
0,0,0
11,0,11
8,0,8
9,16,-7
14,0,14
77,48,29
7,2,5
9,0,9
1,15,-14
8,8,0
4,14,-10
1,12,-11
0,17,-17
0,0,0
6,3,3
4,8,-4
29,29,0
12,12,0
1,0,1
14,14,0
18,18,0
15,15,0
17,1,16
6,7,-1
7,13,-6
1,0,1
6,5,1
6,15,-9
1,48,-47
22,22,0
0,0,0
25,25,0
13,0,13
30,3,27
0,0,0
6,13,-7
8,1,7
0,0,0
0,0,0
5,12,-7
0,1,-1
25,55,-30
42,26,16
19,33,-14
3,0,3
11,8,3
11,4,7
0,0,0
12,18,-6
2,8,-6
0,0,0
2,2,0
2,0,2
0,0,0
15,1,14
4,5,-1
0,0,0
5,0,5
15,11,4
3,3,0
0,0,0
0,0,0
1,0,1
0,1,-1
0,7,-7
22,4,18
2,0,2
37,20,17
7,0,7
1,10,-9
5,0,5
6,3,3
2,2,0
13,13,0
1,0,1
2,2,0
12,12,0
5,0,5
1,2,-1
5,22,-17
3,0,3
2,1,1
29,29,0
2,2,0
4,3,1
0,0,0
14,0,14
0,0,0
4,29,-25
9,9,0
0,0,0
6,22,-16
5,2,3
3,6,-3
0,0,0
9,9,0
23,10,13
0,0,0
14,33,-19
1,0,1
0,0,0
0,0,0
14,13,1
0,0,0
3,0,3
2,11,-9
9,6,3
40,13,27
4,4,0
19,0,19
4,2,2
0,0,0
0,0,0
6,2,4
8,2,6
1,10,-9
6,11,-5
21,7,14
8,10,-2
0,3,-3
3,2,1
2,0,2
1,0,1
0,0,0
0,0,0
5,1,4
3,8,-5
3,5,-2
0,18,-18
43,43,0
0,0,0
28,1,27
0,10,-10
3,3,0
4,2,2
6,10,-4
21,9,12
1,6,-5
8,8,0
10,7,3
0,12,-12
5,0,5
6,13,-7
4,4,0
5,3,2
1,0,1
0,12,-12
0,0,0
0,0,0
8,16,-8
0,0,0
6,12,-6
0,0,0
3,23,-20
10,10,0
1,13,-12
17,1,16
1,1,0
2,0,2
0,0,0
8,1,7
3,3,0
9,4,5
19,19,0
7,18,-11
4,4,0
6,4,2
4,6,-2
1,1,0
6,9,-3
1,1,0
1,1,0
7,7,0
0,0,0
2,6,-4
8,1,7
0,2,-2
9,9,0
0,0,0
11,33,-22
16,14,2
24,8,16
0,0,0
2,15,-13
0,4,-4
4,4,0
1,23,-22
4,1,3
0,0,0
11,1,10
7,7,0
2,1,1
31,24,7
0,3,-3
1,0,1
5,1,4
1,19,-18
0,36,-36
3,2,1
0,0,0
1,1,0
0,0,0
1,0,1
35,35,0
11,11,0
5,1,4
0,18,-18
11,6,5
1,0,1
6,4,2
0,1,-1
9,9,0
1,23,-22
1,1,0
4,4,0
2,1,1
0,0,0
0,0,0
13,5,8
24,24,0
10,7,3
8,15,-7
6,6,0
8,19,-11
2,2,0
0,0,0
0,2,-2
1,5,-4
7,7,0
2,5,-3
0,11,-11
4,4,0
12,15,-3
4,4,0
5,17,-12
12,5,7
9,16,-7
2,4,-2
4,3,1
19,19,0
1,17,-16
1,0,1
4,9,-5
3,1,2
3,3,0
14,14,0
13,41,-28
0,8,-8
8,0,8
13,13,0
0,8,-8
12,1,11
21,20,1
10,7,3
1,1,0
0,0,0
1,13,-12
0,19,-19
0,1,-1
5,5,0
15,1,14
3,3,0
0,0,0
5,5,0
5,18,-13
31,31,0
0,7,-7
5,5,0
5,66,-61
0,0,0
0,0,0
12,8,4
3,0,3
4,4,0
2,2,0
4,29,-25
6,1,5
0,0,0
8,0,8
18,18,0
5,39,-34
3,3,0
0,8,-8
1,3,-2
4,1,3
3,3,0
7,1,6
18,9,9
8,0,8
2,44,-42
0,0,0
16,5,11
5,5,0
4,8,-4
3,14,-11
0,0,0
0,0,0
4,17,-13
8,3,5
3,0,3
3,6,-3
5,27,-22
0,0,0
1,0,1
0,0,0
6,6,0
0,1,-1
0,7,-7
0,18,-18
5,6,-1
4,2,2
18,25,-7
2,2,0
7,6,1
22,28,-6
0,0,0
0,0,0
0,0,0
23,17,6
24,0,24
3,2,1
27,9,18
0,0,0
0,0,0
0,0,0
1,1,0
5,1,4
8,6,2
4,6,-2
4,4,0
0,0,0
17,4,13
2,0,2
8,6,2
3,1,2
38,15,23
28,7,21
1,12,-11
0,0,0
8,10,-2
1,0,1
5,23,-18
21,10,11
4,1,3
0,0,0
1,1,0
0,0,0
10,2,8
18,36,-18
4,4,0
5,24,-19
2,13,-11
17,17,0
1,15,-14
6,12,-6
8,4,4
11,1,10
1,6,-5
3,3,0
0,0,0
25,25,0
1,14,-13
5,0,5
0,0,0
2,0,2
4,1,3
9,9,0
0,4,-4
2,11,-9
6,6,0
4,0,4
7,19,-12
1,1,0
0,0,0
4,2,2
8,16,-8
0,15,-15
14,1,13
15,8,7
10,7,3
7,4,3
3,0,3
6,0,6
2,0,2
4,0,4
10,0,10
0,0,0
12,9,3
3,3,0
1,0,1
6,6,0
10,7,3
0,0,0
12,12,0
6,6,0
4,0,4
0,0,0
9,2,7
0,0,0
2,10,-8
0,12,-12
17,17,0
5,3,2
0,0,0
7,1,6
7,13,-6
2,0,2
7,1,6
2,2,0
0,0,0
6,16,-10
7,19,-12
1,11,-10
1,0,1
17,17,0
45,45,0
44,44,0
0,8,-8
0,44,-44
9,0,9
3,0,3
4,4,0
13,0,13
4,11,-7
33,2,31
13,14,-1
3,3,0
1,0,1
23,5,18
5,2,3
10,2,8
2,0,2
6,0,6
1,1,0
7,16,-9
25,39,-14
13,11,2
0,0,0
4,0,4
4,0,4
15,15,0
6,6,0
1,3,-2
1,1,0
0,0,0
7,9,-2
24,15,9
0,0,0
2,3,-1
0,0,0
0,7,-7
0,0,0
12,1,11
7,0,7
0,11,-11
1,1,0
3,3,0
22,7,15
6,4,2
2,0,2
0,0,0
1,0,1
2,14,-12
1,0,1
2,28,-26
6,6,0
24,24,0
11,3,8
6,6,0
1,1,0
1,3,-2
16,18,-2
6,10,-4
2,10,-8
6,6,0
6,0,6
0,7,-7
11,3,8
5,4,1
3,0,3
11,1,10
0,2,-2
0,0,0
0,9,-9
14,1,13
5,1,4
1,1,0
8,4,4
4,4,0
1,0,1
3,8,-5
6,1,5
0,6,-6
9,0,9
1,2,-1
18,0,18
2,7,-5
0,0,0
0,0,0
8,15,-7
12,5,7
28,6,22
16,3,13
5,4,1
0,30,-30
2,0,2
3,2,1
1,1,0
3,3,0
3,2,1
6,8,-2
7,7,0
6,6,0
5,14,-9
5,0,5
1,0,1
20,0,20
3,1,2
15,4,11
38,38,0
6,3,3
0,0,0
8,13,-5
1,6,-5
0,0,0
9,9,0
2,4,-2
3,1,2
8,8,0
41,18,23
4,3,1
2,11,-9
0,7,-7
4,3,1
8,0,8
2,0,2
22,3,19
20,15,5
5,5,0
21,21,0
1,3,-2
20,20,0
28,8,20
3,14,-11
0,0,0
21,21,0
2,0,2
5,0,5
10,10,0
0,0,0
70,41,29
1,2,-1
6,4,2
2,2,0
4,1,3
1,15,-14
3,3,0
40,40,0
0,0,0
5,0,5
20,8,12
11,11,0
4,7,-3
12,5,7
2,4,-2
1,0,1
3,3,0
1,9,-8
0,0,0
4,34,-30
1,4,-3
13,13,0
0,0,0
13,12,1
0,3,-3
9,1,8
1,0,1
16,2,14
0,28,-28
5,5,0
5,7,-2
2,0,2
12,0,12
3,6,-3
3,0,3
2,0,2
5,25,-20
0,45,-45
4,4,0
0,1,-1
3,3,0
26,7,19
8,8,0
0,0,0
0,0,0
0,2,-2
22,22,0
27,30,-3
0,0,0
3,1,2
18,18,0
0,0,0
7,25,-18
0,0,0
15,15,0
14,1,13
0,0,0
1,0,1
24,24,0
3,2,1
2,13,-11
14,0,14
10,7,3
3,6,-3
0,14,-14
1,1,0
22,15,7
16,16,0
0,0,0
11,11,0
0,1,-1
2,7,-5
11,11,0
3,11,-8
10,6,4
0,0,0
0,0,0
4,4,0
2,2,0
1,0,1
3,0,3
16,16,0
1,1,0
10,10,0
0,0,0
10,9,1
0,0,0
4,0,4
4,11,-7
0,0,0
3,0,3
0,4,-4
10,7,3
3,4,-1
2,1,1
17,16,1
0,3,-3
22,22,0
0,3,-3
4,3,1
7,13,-6
21,8,13
14,14,0
1,1,0
8,0,8
2,2,0
4,24,-20
0,7,-7
10,2,8
4,7,-3
1,8,-7
21,11,10
0,4,-4
2,1,1
3,3,0
6,8,-2
7,7,0
7,7,0
2,53,-51
1,2,-1
6,6,0
5,2,3
8,19,-11
7,2,5
16,1,15
0,0,0
0,0,0
4,0,4
29,17,12
0,0,0
6,6,0
0,7,-7
0,4,-4
0,0,0
6,11,-5
2,0,2
11,0,11
0,21,-21
7,4,3
16,12,4
8,6,2
15,15,0
38,51,-13
0,11,-11
15,15,0
3,0,3
3,0,3
9,7,2
66,66,0
21,27,-6
35,35,0
0,0,0
55,55,0
6,6,0
3,0,3
0,12,-12
6,6,0
2,0,2
10,4,6
9,2,7
33,7,26
1,1,0
0,0,0
0,0,0
0,2,-2
29,28,1
2,5,-3
0,0,0
4,11,-7
11,7,4
6,12,-6
31,31,0
2,2,0
3,1,2
6,6,0
1,21,-20
10,10,0
19,2,17
3,0,3
7,8,-1
21,13,8
12,5,7
2,7,-5
6,6,0
2,7,-5
0,28,-28
3,3,0
7,4,3
0,0,0
6,12,-6
13,13,0
2,8,-6
3,6,-3
0,0,0
8,2,6
0,22,-22
4,19,-15
19,0,19
0,0,0
0,0,0
4,1,3
5,21,-16
1,9,-8
14,14,0
4,10,-6
19,16,3
0,0,0
6,48,-42
7,4,3
22,22,0
0,0,0
7,5,2
1,1,0
19,19,0
1,6,-5
4,4,0
1,1,0
25,0,25
1,1,0
0,0,0
35,35,0
0,0,0
14,11,3
25,4,21
1,25,-24
1,3,-2
10,6,4
0,6,-6
28,14,14
0,16,-16
2,2,0
3,3,0
5,0,5
11,0,11
2,2,0
6,0,6
18,12,6
1,5,-4
38,9,29
6,12,-6
6,6,0
11,12,-1
2,0,2
0,0,0
17,12,5
17,11,6
6,9,-3
1,0,1
30,19,11
4,0,4
1,4,-3
2,0,2
3,2,1
0,0,0
0,6,-6
11,7,4
1,7,-6
2,26,-24
8,18,-10
1,2,-1
0,0,0
4,3,1
1,1,0
0,5,-5
2,5,-3
1,1,0
6,3,3
35,35,0
5,5,0
8,8,0
3,2,1
0,0,0
16,0,16
16,16,0
1,15,-14
0,11,-11
0,8,-8
7,1,6
1,6,-5
2,21,-19
2,0,2
14,15,-1
6,6,0
3,3,0
7,7,0
1,5,-4
4,2,2
14,9,5
0,16,-16
5,10,-5
6,13,-7
12,5,7
1,3,-2
18,18,0
2,2,0
9,9,0
0,0,0
2,0,2
2,2,0
45,3,42
5,38,-33
11,5,6
0,1,-1
64,26,38
0,0,0
0,8,-8
0,0,0
7,2,5
3,1,2
0,0,0
12,4,8
10,6,4
2,19,-17
23,1,22
2,9,-7
0,0,0
27,27,0
2,2,0
1,0,1
0,1,-1
3,3,0
0,0,0
0,5,-5
11,4,7
0,0,0
7,0,7
10,9,1
11,20,-9
25,9,16
0,0,0
24,20,4
6,6,0
1,2,-1
2,1,1
0,0,0
2,0,2
11,11,0
25,25,0
2,3,-1
3,3,0
7,20,-13
6,5,1
1,6,-5
10,10,0
3,3,0
21,37,-16
9,2,7
7,1,6
1,1,0
1,0,1
1,1,0
4,4,0
2,0,2
2,2,0
40,0,40
17,18,-1
0,0,0
2,6,-4
7,27,-20
8,0,8
19,13,6
2,11,-9
0,0,0
1,1,0
4,0,4
0,2,-2
9,9,0
2,9,-7
0,0,0
25,25,0
7,2,5
28,28,0
7,2,5
21,17,4
9,6,3
0,0,0
11,11,0
21,4,17
7,7,0
8,17,-9
7,7,0
3,3,0
0,0,0
23,11,12
2,8,-6
7,7,0
2,2,0
0,2,-2
2,0,2
0,0,0
11,2,9
12,12,0
0,0,0
0,0,0
3,3,0
1,5,-4
0,25,-25
0,0,0
5,7,-2
0,0,0
32,32,0
25,25,0
12,18,-6
19,19,0
4,27,-23
3,0,3
2,7,-5
4,4,0
0,23,-23
2,26,-24
1,1,0
10,10,0
3,3,0
0,3,-3
0,11,-11
8,8,0
23,1,22
28,6,22
14,14,0
0,0,0
0,13,-13
0,1,-1
3,2,1
1,0,1
2,0,2
2,0,2
5,5,0
4,1,3
0,0,0
0,2,-2
0,0,0
0,0,0
0,1,-1
0,0,0
0,3,-3
11,11,0
5,2,3
10,0,10
6,5,1
1,0,1
5,5,0
4,0,4
1,2,-1
2,7,-5
3,3,0
35,21,14
0,0,0
3,0,3
0,2,-2
7,7,0
6,0,6
0,23,-23
0,0,0
51,3,48
5,4,1
0,1,-1
8,16,-8
1,10,-9
11,6,5
8,12,-4
33,33,0
1,2,-1
3,9,-6
6,7,-1
25,7,18
3,4,-1
6,6,0
11,14,-3
1,3,-2
8,0,8
0,22,-22
2,2,0
6,14,-8
1,6,-5
0,0,0
0,7,-7
15,1,14
1,1,0
6,0,6
5,5,0
7,8,-1
3,26,-23
1,7,-6
2,0,2
13,13,0
24,1,23
9,17,-8
0,5,-5
2,9,-7
0,0,0
0,0,0
9,3,6
0,0,0
8,1,7
8,5,3
14,14,0
9,9,0
0,5,-5
20,0,20
1,0,1
0,3,-3
4,7,-3
0,0,0
1,8,-7
4,8,-4
1,28,-27
1,1,0
9,9,0
3,2,1
5,0,5
0,4,-4
4,0,4
4,4,0
0,0,0
5,9,-4
2,0,2
14,5,9
3,0,3
4,0,4
13,13,0
9,9,0
14,0,14
15,3,12
69,24,45
6,6,0
24,26,-2
0,22,-22
1,0,1
0,0,0
19,0,19
1,20,-19
4,0,4
4,0,4
4,4,0
0,2,-2
3,3,0
0,0,0
1,4,-3
14,4,10
16,16,0
1,1,0
3,0,3
3,1,2
6,8,-2
24,24,0
3,2,1
1,1,0
23,47,-24
0,5,-5
2,12,-10
0,9,-9
20,20,0
3,7,-4
19,38,-19
11,0,11
35,31,4
6,6,0
9,0,9
8,8,0
0,0,0
11,11,0
9,3,6
27,3,24
1,3,-2
2,3,-1
5,5,0
2,2,0
0,0,0
0,0,0
6,5,1
30,30,0
0,11,-11
4,7,-3
5,1,4
0,0,0
0,0,0
14,0,14
3,3,0
2,0,2
6,0,6
4,0,4
0,0,0
8,14,-6
1,0,1
2,0,2
3,4,-1
22,24,-2
3,2,1
3,11,-8
8,8,0
5,1,4
0,2,-2
51,18,33
9,9,0
3,3,0
6,6,0
1,10,-9
4,11,-7
0,5,-5
10,31,-21
12,12,0
3,3,0
25,37,-12
31,19,12
1,2,-1
31,8,23
7,4,3
4,4,0
6,9,-3
32,3,29
2,7,-5
15,4,11
10,13,-3
1,1,0
2,2,0
0,9,-9
6,6,0
10,1,9
20,15,5
0,0,0
7,7,0
1,0,1
2,8,-6
0,6,-6
0,0,0
3,21,-18
3,5,-2
9,6,3
27,27,0
18,6,12
1,13,-12
1,3,-2
11,11,0
2,14,-12
0,0,0
3,0,3
2,0,2
5,5,0
2,2,0
6,15,-9
22,22,0
0,2,-2
9,35,-26
6,1,5
17,28,-11
3,6,-3
1,4,-3
1,1,0
0,4,-4
22,22,0
11,1,10
16,1,15
0,2,-2
10,1,9
6,2,4
0,0,0
28,27,1
1,1,0
6,6,0
0,3,-3
5,5,0
18,1,17
3,3,0
3,9,-6
12,12,0
4,29,-25
6,3,3
2,0,2
0,1,-1
0,31,-31
15,15,0
12,2,10
8,2,6
13,13,0
27,27,0
3,3,0
3,0,3
26,0,26
0,0,0
1,1,0
22,1,21
0,0,0
1,1,0
7,7,0
4,17,-13
9,9,0
5,0,5
2,2,0
12,1,11
14,26,-12
0,0,0
1,11,-10
2,0,2
3,0,3
5,1,4
6,1,5
44,44,0
5,0,5
1,1,0
0,7,-7
1,1,0
2,2,0
6,6,0
1,7,-6
1,0,1
2,2,0
11,11,0
12,2,10
0,0,0
4,1,3
29,13,16
1,1,0
5,13,-8
0,0,0
8,7,1
1,5,-4
0,0,0
22,32,-10
1,0,1
2,2,0
10,20,-10
18,11,7
20,20,0
11,11,0
7,0,7
10,10,0
16,53,-37
0,1,-1
3,0,3
0,0,0
3,3,0
0,3,-3
5,5,0
16,35,-19
0,12,-12
0,0,0
7,7,0
7,0,7
6,2,4
7,5,2
13,13,0
1,1,0
7,11,-4
3,0,3
7,7,0
0,9,-9
1,2,-1
6,18,-12
2,0,2
17,0,17
3,2,1
15,20,-5
0,0,0
0,3,-3
0,10,-10
20,3,17
7,3,4
24,8,16
47,25,22
19,19,0
17,17,0
0,8,-8
7,11,-4
3,0,3
1,16,-15
0,6,-6
3,3,0
15,17,-2
12,12,0
3,0,3
0,0,0
7,7,0
0,0,0
5,4,1
2,0,2
6,4,2
3,0,3
52,19,33
20,1,19
8,8,0
6,3,3
1,8,-7
21,27,-6
8,18,-10
12,3,9
1,0,1
1,8,-7
15,15,0
0,0,0
2,0,2
0,11,-11
1,1,0
2,1,1
8,3,5
2,2,0
2,8,-6
18,21,-3
1,7,-6
1,0,1
14,14,0
4,4,0
19,9,10
8,8,0
2,0,2
1,1,0
10,3,7
8,15,-7
17,5,12
3,0,3
0,0,0
1,1,0
7,7,0
34,5,29
3,8,-5
9,9,0
7,22,-15
2,0,2
0,1,-1
12,6,6
5,0,5
0,0,0
0,4,-4
1,11,-10
36,5,31
4,4,0
1,11,-10
0,15,-15
23,18,5
4,0,4
1,1,0
2,0,2
12,10,2
4,4,0
4,0,4
10,3,7
14,16,-2
9,4,5
1,7,-6
6,6,0
0,3,-3
3,1,2
1,0,1
1,2,-1
34,1,33
8,3,5
1,1,0
1,34,-33
42,42,0
0,0,0
6,16,-10
0,2,-2
1,0,1
1,3,-2
6,1,5
1,5,-4
5,5,0
10,10,0
1,0,1
6,10,-4
2,3,-1
2,11,-9
5,3,2
2,15,-13
8,5,3
1,8,-7
2,0,2
10,6,4
0,0,0
1,0,1
4,0,4
0,4,-4
8,4,4
1,1,0
12,12,0
9,5,4
5,6,-1
3,3,0
2,0,2
7,21,-14
1,18,-17
2,0,2
2,2,0
12,6,6
2,6,-4
4,0,4
0,0,0
5,5,0
10,16,-6
11,9,2
8,11,-3
15,5,10
1,0,1
3,0,3
9,8,1
4,7,-3
4,4,0
7,4,3
7,21,-14
26,26,0
17,17,0
5,12,-7
8,9,-1
1,0,1
22,6,16
0,0,0
3,4,-1
0,0,0
1,2,-1
0,0,0
1,17,-16
1,1,0
2,3,-1
6,7,-1
0,0,0
1,1,0
27,7,20
1,2,-1
4,8,-4
0,0,0
1,0,1
2,5,-3
3,10,-7
2,20,-18
12,0,12
29,15,14
0,15,-15
3,0,3
8,0,8
53,49,4
1,1,0
5,0,5
16,10,6
4,3,1
6,4,2
0,0,0
9,3,6
1,1,0
26,6,20
1,0,1
1,1,0
6,0,6
0,0,0
1,55,-54
2,6,-4
18,4,14
3,13,-10
5,9,-4
6,2,4
43,1,42
0,13,-13
3,4,-1
0,0,0
0,0,0
10,21,-11
0,0,0
1,1,0
1,5,-4
0,19,-19
6,0,6
0,0,0
15,15,0
1,0,1
22,22,0
6,6,0
0,0,0
4,8,-4
8,1,7
0,0,0
0,7,-7
23,14,9
3,1,2
13,6,7
16,13,3
1,2,-1
0,0,0
1,0,1
9,9,0
44,7,37
14,8,6
1,0,1
3,3,0
0,5,-5
0,0,0
0,0,0
24,0,24
0,0,0
3,12,-9
4,9,-5
2,28,-26
6,6,0
6,0,6
1,7,-6
6,6,0
18,8,10
10,3,7
1,4,-3
5,15,-10
7,0,7
1,0,1
5,3,2
10,3,7
14,6,8
0,0,0
0,0,0
20,21,-1
0,0,0
10,2,8
0,25,-25
1,1,0
4,0,4
1,4,-3
0,13,-13
4,1,3
0,0,0
14,1,13
2,0,2
0,0,0
3,2,1
1,19,-18
14,14,0
0,3,-3
3,3,0
3,0,3
30,30,0
1,0,1
0,0,0
2,2,0
0,0,0
1,1,0
8,11,-3
3,4,-1
18,9,9
0,0,0
13,2,11
7,11,-4
5,6,-1
3,3,0
1,8,-7
8,2,6
4,0,4
1,1,0
9,2,7
15,15,0
7,9,-2
1,0,1
0,0,0
0,21,-21
5,10,-5
3,1,2
6,8,-2
8,8,0
3,3,0
19,19,0
7,0,7
10,10,0
4,24,-20
3,15,-12
0,0,0
16,15,1
5,5,0
5,1,4
5,4,1
23,20,3
13,44,-31
7,7,0
35,16,19
12,12,0
5,5,0
0,0,0
5,4,1
9,9,0
13,7,6
4,7,-3
0,0,0
8,0,8
24,24,0
10,2,8
12,6,6
0,4,-4
10,5,5
8,3,5
5,0,5
16,16,0
0,0,0
3,35,-32
2,0,2
34,6,28
6,0,6
0,0,0
3,6,-3
0,0,0
10,6,4
6,0,6
0,0,0
1,0,1
1,12,-11
2,0,2
7,10,-3
4,13,-9
11,10,1
2,6,-4
12,2,10
4,4,0
27,52,-25
26,26,0
3,3,0
9,0,9
1,0,1
0,0,0
1,0,1
0,0,0
0,3,-3
2,0,2
39,28,11
11,11,0
1,0,1
11,11,0
18,18,0
8,7,1
7,7,0
1,1,0
4,1,3
12,12,0
8,8,0
0,0,0
5,24,-19
3,3,0
4,7,-3
0,9,-9
6,8,-2
2,0,2
3,0,3
5,3,2
12,12,0
4,0,4
0,0,0
0,0,0
5,14,-9
8,8,0
0,0,0
7,31,-24
5,0,5
6,0,6
9,9,0
7,7,0
19,0,19
9,0,9
4,5,-1
16,16,0
1,0,1
4,7,-3
25,6,19
0,9,-9
0,4,-4
12,7,5
17,0,17
4,4,0
4,4,0
8,2,6
2,72,-70
9,9,0
10,10,0
8,8,0
3,30,-27
4,35,-31
37,23,14
30,19,11
1,0,1
11,2,9
10,5,5
3,3,0
0,0,0
3,3,0
25,1,24
3,0,3
22,0,22
0,0,0
1,0,1
2,13,-11
11,11,0
6,10,-4
1,0,1
0,0,0
19,1,18
16,38,-22
10,0,10
13,13,0
11,7,4
6,6,0
13,13,0
1,0,1
0,0,0
37,26,11
3,3,0
6,6,0
3,0,3
1,3,-2
19,0,19
26,17,9
2,0,2
13,0,13
1,3,-2
5,5,0
1,1,0
3,0,3
7,12,-5
1,0,1
13,13,0
12,1,11
10,3,7
25,10,15
13,5,8
0,0,0
5,17,-12
0,0,0
0,43,-43
1,0,1
2,0,2
2,0,2
11,10,1
5,0,5
5,5,0
8,9,-1
0,0,0
0,32,-32
4,1,3
16,16,0
0,3,-3
0,32,-32
6,23,-17
14,14,0
12,0,12
2,32,-30
9,1,8
1,1,0
2,19,-17
0,1,-1
0,7,-7
15,1,14
0,0,0
22,22,0
1,7,-6
0,9,-9
0,0,0
2,6,-4
17,17,0
3,5,-2
0,0,0
0,8,-8
3,1,2
1,0,1
20,79,-59
5,0,5
0,0,0
3,13,-10
6,6,0
5,5,0
6,5,1
7,5,2
6,2,4
6,1,5
5,1,4
3,3,0
2,9,-7
1,25,-24
4,4,0
3,13,-10
0,11,-11
14,0,14
2,2,0
4,2,2
1,1,0
1,0,1
2,5,-3
4,0,4
16,16,0
0,1,-1
0,2,-2
32,32,0
0,0,0
7,22,-15
10,3,7
2,9,-7
14,14,0
10,27,-17
0,0,0
5,5,0
35,22,13
8,8,0
3,16,-13
4,0,4
3,3,0
0,1,-1
11,11,0
0,0,0
10,13,-3
2,11,-9
3,0,3
9,11,-2
8,8,0
25,35,-10
5,0,5
1,0,1
0,0,0
21,5,16
19,15,4
0,11,-11
0,14,-14
4,4,0
1,15,-14
21,29,-8
0,0,0
13,4,9
7,7,0
0,0,0
7,48,-41
2,0,2
0,0,0
22,33,-11
5,1,4
1,18,-17
0,8,-8
2,0,2
3,2,1
1,0,1
4,2,2
0,0,0
28,0,28
5,0,5
2,6,-4
13,12,1
7,7,0
2,32,-30
4,4,0
0,0,0
0,5,-5
10,10,0
2,9,-7
1,0,1
2,20,-18
18,18,0
3,5,-2
19,5,14
1,0,1
15,11,4
3,3,0
1,7,-6
1,0,1
5,0,5
6,3,3
4,0,4
24,24,0
1,2,-1
16,16,0
3,0,3
7,7,0
15,25,-10
10,5,5
14,14,0
6,5,1
3,2,1
13,2,11
5,10,-5
6,6,0
0,0,0
10,0,10
0,0,0
1,3,-2
6,4,2
25,0,25
5,7,-2
6,1,5
11,10,1
0,6,-6
13,19,-6
0,2,-2
15,15,0
1,47,-46
1,1,0
1,0,1
11,11,0
0,0,0
1,0,1
0,0,0
2,0,2
6,6,0
18,18,0
3,11,-8
18,4,14
3,0,3
11,2,9
1,0,1
30,30,0
2,2,0
8,6,2
1,1,0
1,7,-6
9,9,0
1,1,0
0,15,-15
9,12,-3
0,0,0
15,2,13
1,4,-3
11,0,11
41,41,0
20,14,6
6,11,-5
6,29,-23
5,0,5
10,29,-19
12,4,8
0,7,-7
4,4,0
13,13,0
10,2,8
12,12,0
13,18,-5
5,11,-6
2,2,0
0,0,0
8,0,8
0,0,0
11,11,0
1,4,-3
20,1,19
18,2,16
3,8,-5
9,9,0
1,6,-5
16,16,0
12,12,0
2,7,-5
6,6,0
1,0,1
1,4,-3
2,2,0
5,14,-9
3,7,-4
10,19,-9
1,1,0
0,0,0
2,7,-5
5,9,-4
6,29,-23
3,20,-17
0,2,-2
3,2,1
0,0,0
1,7,-6
6,0,6
1,0,1
5,5,0
5,2,3
3,3,0
1,2,-1
2,29,-27
6,0,6
0,0,0
12,4,8
8,8,0
3,0,3
10,8,2
3,6,-3
17,17,0
12,12,0
3,3,0
3,12,-9
0,9,-9
1,1,0
1,6,-5
12,12,0
3,2,1
4,22,-18
15,3,12
0,0,0
0,7,-7
14,1,13
2,3,-1
11,13,-2
18,0,18
8,36,-28
4,4,0
12,12,0
3,7,-4
24,1,23
3,6,-3
2,1,1
35,36,-1
23,23,0
3,3,0
0,39,-39
3,0,3
0,0,0
3,1,2
15,2,13
1,0,1
4,14,-10
0,0,0
21,8,13
4,7,-3
6,13,-7
5,24,-19
2,0,2
27,10,17
0,0,0
0,2,-2
8,8,0
1,0,1
22,18,4
0,21,-21
3,3,0
0,15,-15
3,16,-13
2,2,0
2,9,-7
3,3,0
11,24,-13
1,6,-5
4,1,3
1,1,0
0,0,0
53,54,-1
9,11,-2
0,0,0
14,14,0
2,25,-23
2,2,0
4,0,4
0,0,0
2,1,1
0,0,0
5,0,5
4,0,4
10,5,5
22,2,20
4,8,-4
11,0,11
5,11,-6
0,3,-3
5,8,-3
10,1,9
11,11,0
4,0,4
31,16,15
5,0,5
2,2,0
16,6,10
21,32,-11
15,10,5
4,6,-2
2,0,2
30,1,29
6,1,5
7,9,-2
16,7,9
14,4,10
26,12,14
22,22,0
2,2,0
5,0,5
10,0,10
0,0,0
1,0,1
18,18,0
4,4,0
4,0,4
0,0,0
38,38,0
8,1,7
24,24,0
2,2,0
0,2,-2
14,17,-3
4,10,-6
0,0,0
13,2,11
2,18,-16
5,7,-2
0,0,0
0,0,0
1,0,1
0,0,0
0,9,-9
15,21,-6
29,29,0
42,14,28
0,2,-2
6,6,0
8,6,2
1,2,-1
3,71,-68
21,21,0
8,0,8
8,8,0
1,1,0
6,5,1
0,0,0
18,11,7
8,0,8
0,11,-11
2,6,-4
14,17,-3
1,0,1
6,0,6
13,8,5
0,0,0
11,0,11
3,3,0
3,3,0
7,2,5
0,4,-4
1,6,-5
7,0,7
5,0,5
0,14,-14
3,26,-23
13,13,0
3,0,3
12,12,0
0,0,0
3,7,-4
0,2,-2
16,2,14
4,17,-13
0,0,0
20,0,20
37,4,33
6,0,6
7,7,0
1,2,-1
9,5,4
1,0,1
0,5,-5
0,0,0
8,0,8
34,20,14
33,5,28
0,0,0
14,14,0
1,0,1
3,9,-6
2,0,2
0,0,0
1,0,1
4,4,0
0,44,-44
6,4,2
5,0,5
1,1,0
0,2,-2
1,5,-4
1,2,-1
10,29,-19
6,0,6
3,3,0
1,0,1
4,4,0
2,0,2
6,6,0
40,14,26
1,9,-8
9,9,0
0,0,0
8,8,0
0,3,-3
0,5,-5
5,0,5
22,16,6
6,11,-5
2,0,2
9,1,8
0,0,0
0,2,-2
0,0,0
0,24,-24
4,9,-5
0,0,0
1,1,0
1,1,0
5,5,0
0,9,-9
6,17,-11
17,6,11
0,0,0
0,6,-6
5,5,0
5,3,2
1,1,0
4,0,4
17,5,12
5,2,3
2,2,0
1,1,0
9,18,-9
8,15,-7
6,0,6
0,0,0
6,4,2
5,51,-46
3,3,0
0,0,0
3,20,-17
19,19,0
3,9,-6
11,12,-1
9,25,-16
7,7,0
0,0,0
1,3,-2
5,18,-13
4,4,0
5,27,-22
0,1,-1
1,9,-8
5,0,5
0,0,0
7,22,-15
1,2,-1
0,0,0
3,12,-9
3,2,1
1,1,0
0,6,-6
2,0,2
32,32,0
1,23,-22
0,10,-10
1,0,1
9,2,7
40,40,0
4,4,0
33,35,-2
1,7,-6
3,0,3
0,1,-1
4,3,1
9,2,7
16,16,0
3,3,0
12,13,-1
9,6,3
2,3,-1
1,1,0
10,10,0
8,8,0
1,3,-2
14,14,0
4,0,4
2,1,1
1,1,0
20,20,0
18,26,-8
2,0,2
2,2,0
1,1,0
12,7,5
5,5,0
1,9,-8
24,0,24
2,0,2
0,0,0
0,0,0
4,4,0
1,0,1
0,0,0
24,6,18
10,10,0
10,8,2
1,1,0
1,0,1
1,1,0
9,9,0
0,6,-6
7,0,7
8,25,-17
8,0,8
0,0,0
8,5,3
4,4,0
6,6,0
19,0,19
16,16,0
3,31,-28
8,12,-4
8,3,5
2,7,-5
2,2,0
11,8,3
8,7,1
2,4,-2
3,7,-4
4,4,0
3,14,-11
1,5,-4
3,12,-9
2,2,0
6,1,5
45,5,40
4,13,-9
6,2,4
43,43,0
7,5,2
7,2,5
0,0,0
0,0,0
5,0,5
0,2,-2
8,0,8
0,0,0
9,0,9
2,2,0
6,6,0
11,0,11
1,13,-12
12,12,0
6,0,6
8,8,0
1,0,1
5,3,2
11,11,0
3,0,3
0,5,-5
10,16,-6
7,22,-15
0,28,-28
8,8,0
1,3,-2
4,6,-2
6,13,-7
8,1,7
2,0,2
18,18,0
6,16,-10
0,0,0
1,28,-27
3,2,1
5,4,1
2,2,0
2,22,-20
10,1,9
0,0,0
1,0,1
0,0,0
0,0,0
0,1,-1
6,5,1
5,0,5
1,0,1
0,0,0
5,4,1
1,1,0
0,0,0
0,1,-1
2,2,0
7,13,-6
0,0,0
39,28,11
14,13,1
18,6,12
2,2,0
7,5,2
9,8,1
12,1,11
5,15,-10
3,23,-20
7,7,0
5,5,0
3,3,0
15,5,10
8,0,8
34,34,0
8,3,5
0,0,0
9,28,-19
26,0,26
1,0,1
7,27,-20
3,3,0
26,36,-10
11,7,4
9,11,-2
6,6,0
6,5,1
5,25,-20
5,4,1
2,0,2
1,2,-1
0,0,0
7,4,3
1,0,1
48,27,21
9,9,0
0,0,0
1,0,1
4,0,4
5,1,4
4,0,4
11,7,4
2,5,-3
2,3,-1
3,4,-1
6,12,-6
0,0,0
1,1,0
3,0,3
22,22,0
4,10,-6
4,6,-2
0,0,0
0,0,0
1,0,1
1,0,1
19,4,15
10,10,0
4,7,-3
3,11,-8
8,8,0
0,0,0
28,9,19
3,2,1
8,3,5
10,15,-5
3,1,2
6,6,0
6,1,5
8,7,1
13,3,10
7,0,7
0,15,-15
10,10,0
3,9,-6
4,0,4
1,0,1
1,1,0
10,10,0
11,3,8
16,2,14
7,8,-1
4,1,3
13,13,0
1,1,0
2,31,-29
25,45,-20
1,4,-3
2,3,-1
2,0,2
9,2,7
3,1,2
2,15,-13
2,0,2
17,13,4
14,0,14
0,30,-30
3,3,0
0,0,0
3,2,1
19,4,15
6,8,-2
4,4,0
1,3,-2
2,8,-6
31,0,31
4,9,-5
14,0,14
1,2,-1
10,3,7
13,1,12
14,14,0
10,7,3
4,5,-1
6,2,4
7,27,-20
0,1,-1
1,10,-9
2,4,-2
30,30,0
5,2,3
13,4,9
0,0,0
4,4,0
3,18,-15
0,0,0
11,0,11
1,8,-7
1,10,-9
3,3,0
57,11,46
1,8,-7
0,0,0
4,4,0
5,0,5
5,1,4
2,15,-13
1,1,0
0,26,-26
6,6,0
0,8,-8
3,7,-4
3,3,0
0,24,-24
2,1,1
8,1,7
2,2,0
0,7,-7
20,20,0
2,2,0
11,10,1
14,14,0
2,2,0
16,0,16
2,0,2
0,0,0
1,1,0
0,0,0
2,0,2
19,36,-17
21,9,12
2,11,-9
1,1,0
5,5,0
7,18,-11
61,5,56
0,22,-22
2,0,2
7,0,7
0,0,0
4,0,4
9,31,-22
11,11,0
0,4,-4
10,10,0
0,0,0
1,1,0
5,10,-5
0,0,0
8,19,-11
2,2,0
4,9,-5
7,2,5
6,3,3
3,15,-12
0,0,0
2,5,-3
2,13,-11
1,1,0
5,14,-9
2,6,-4
1,0,1
0,0,0
4,2,2
3,23,-20
0,4,-4
1,6,-5
2,1,1
20,20,0
0,0,0
32,7,25
17,8,9
8,1,7
9,4,5
3,5,-2
2,2,0
5,2,3
3,28,-25
1,0,1
1,0,1
3,19,-16
5,0,5
6,6,0
1,1,0
0,14,-14
5,7,-2
7,0,7
39,39,0
8,0,8
0,0,0
0,0,0
0,8,-8
0,0,0
12,1,11
1,16,-15
4,10,-6
3,13,-10
2,2,0
1,0,1
0,0,0
4,17,-13
19,19,0
47,2,45
2,2,0
1,8,-7
0,5,-5
0,1,-1
4,1,3
1,2,-1
7,10,-3
7,5,2
4,4,0
2,2,0
12,5,7
0,0,0
0,0,0
1,1,0
0,0,0
2,5,-3
7,5,2
1,1,0
2,0,2
3,1,2
2,0,2
3,7,-4
1,9,-8
7,5,2
0,0,0
0,0,0
12,26,-14
2,8,-6
3,1,2
0,1,-1
2,15,-13
2,2,0
23,1,22
7,2,5
0,10,-10
1,2,-1
5,29,-24
14,21,-7
9,4,5
6,3,3
1,1,0
9,8,1
2,0,2
0,0,0
7,7,0
6,1,5
2,2,0
3,3,0
2,0,2
5,1,4
3,13,-10
0,0,0
7,1,6
4,14,-10
17,0,17
1,13,-12
0,0,0
4,11,-7
0,0,0
0,0,0
2,6,-4
7,11,-4
28,28,0
3,7,-4
2,2,0
0,2,-2
30,15,15
0,2,-2
0,5,-5
10,40,-30
1,2,-1
2,1,1
8,8,0
9,6,3
12,0,12
0,1,-1
6,13,-7
26,26,0
8,8,0
5,5,0
10,10,0
2,1,1
7,9,-2
0,0,0
1,0,1
0,1,-1
9,9,0
0,0,0
0,0,0
0,2,-2
0,0,0
0,0,0
25,9,16
30,30,0
3,2,1
1,1,0
5,2,3
1,6,-5
2,7,-5
0,0,0
1,28,-27
0,0,0
6,5,1
3,3,0
5,3,2
0,28,-28
15,2,13
2,16,-14
0,2,-2
2,23,-21
9,6,3
4,16,-12
7,14,-7
5,2,3
5,12,-7
15,15,0
0,2,-2
4,4,0
6,1,5
8,0,8
25,25,0
0,0,0
13,21,-8
5,0,5
0,4,-4
19,5,14
1,0,1
4,4,0
2,0,2
11,8,3
14,25,-11
0,21,-21
4,6,-2
0,11,-11
2,0,2
3,16,-13
4,4,0
34,34,0
2,2,0
0,17,-17
9,9,0
15,0,15
4,4,0
4,4,0
7,1,6
7,7,0
0,0,0
20,2,18
8,0,8
0,7,-7
12,12,0
4,2,2
7,3,4
0,10,-10
2,0,2
0,0,0
2,2,0
2,2,0
19,19,0
3,6,-3
35,35,0
6,7,-1
7,0,7
5,23,-18
12,19,-7
9,4,5
0,0,0
1,6,-5
15,11,4
0,8,-8
0,12,-12
4,10,-6
3,0,3
2,29,-27
5,5,0
6,10,-4
0,1,-1
7,2,5
0,14,-14
25,4,21
0,31,-31
1,0,1
2,1,1
1,37,-36
2,0,2
19,8,11
30,23,7
4,0,4
2,0,2
0,16,-16
3,14,-11
1,0,1
0,0,0
0,2,-2
5,14,-9
8,10,-2
1,0,1
4,9,-5
0,0,0
8,8,0
0,0,0
6,21,-15
0,1,-1
8,14,-6
0,0,0
5,39,-34
3,5,-2
12,1,11
0,3,-3
0,0,0
0,3,-3
0,0,0
20,20,0
4,0,4
3,4,-1
3,20,-17
7,3,4
7,7,0
0,1,-1
14,34,-20
7,21,-14
0,0,0
11,11,0
4,7,-3
16,8,8
25,0,25
9,4,5
4,3,1
8,8,0
55,46,9
0,1,-1
49,49,0
12,2,10
0,0,0
4,0,4
6,0,6
2,8,-6
16,7,9
5,0,5
0,12,-12
15,15,0
0,0,0
9,9,0
0,0,0
15,12,3
4,4,0
33,6,27
0,0,0
46,46,0
47,3,44
2,34,-32
2,2,0
31,31,0
0,0,0
5,0,5
24,6,18
0,0,0
3,0,3
1,0,1
9,9,0
1,5,-4
4,28,-24
8,10,-2
0,43,-43
9,9,0
2,9,-7
4,0,4
2,3,-1
0,0,0
3,17,-14
0,0,0
9,9,0
9,9,0
3,45,-42
8,8,0
4,1,3
16,16,0
5,0,5
1,0,1
0,3,-3
13,4,9
10,10,0
1,0,1
3,3,0
18,2,16
2,0,2
4,33,-29
2,5,-3
14,4,10
0,6,-6
5,0,5
3,11,-8
5,0,5
6,11,-5
3,3,0
13,0,13
0,0,0
3,6,-3
0,0,0
6,2,4
18,18,0
10,10,0
1,0,1
2,1,1
11,11,0
28,32,-4
8,8,0
8,1,7
3,1,2
1,0,1
1,2,-1
7,7,0
1,2,-1
0,5,-5
3,0,3
11,14,-3
2,0,2
3,3,0
10,1,9
3,10,-7
1,0,1
5,5,0
3,12,-9
1,8,-7
3,3,0
2,9,-7
2,12,-10
0,0,0
0,1,-1
2,0,2
4,6,-2
4,4,0
3,23,-20
15,0,15
3,3,0
7,7,0
4,4,0
34,24,10
1,2,-1
3,6,-3
2,27,-25
5,2,3
5,2,3
1,1,0
14,3,11
9,9,0
37,60,-23
1,1,0
4,4,0
27,13,14
9,8,1
3,0,3
1,5,-4
8,0,8
5,5,0
1,1,0
8,9,-1
15,15,0
13,7,6
0,14,-14
1,0,1
9,9,0
3,0,3
43,43,0
10,7,3
8,0,8
0,0,0
3,3,0
1,0,1
12,1,11
5,0,5
0,0,0
51,51,0
1,2,-1
5,2,3
38,16,22
6,14,-8
1,0,1
0,0,0
13,13,0
2,13,-11
15,15,0
0,3,-3
0,5,-5
12,0,12
16,13,3
2,1,1
1,1,0
4,3,1
2,2,0
3,1,2
8,8,0
2,2,0
2,0,2
8,1,7
2,2,0
0,16,-16
4,4,0
0,0,0
24,24,0
5,5,0
5,6,-1
12,12,0
1,0,1
1,1,0
11,2,9
0,1,-1
0,0,0
2,0,2
3,3,0
9,2,7
3,3,0
27,27,0
4,10,-6
36,36,0
4,1,3
4,0,4
4,4,0
5,5,0
0,0,0
10,3,7
11,11,0
0,1,-1
3,0,3
18,18,0
0,0,0
2,2,0
0,0,0
2,2,0
3,4,-1
4,0,4
0,0,0
1,3,-2
0,0,0
7,7,0
1,19,-18
1,5,-4
0,0,0
1,1,0
15,4,11
0,3,-3
6,3,3
18,18,0
0,0,0
3,0,3
29,59,-30
0,6,-6
2,0,2
5,1,4
0,2,-2
3,23,-20
15,14,1
0,0,0
2,7,-5
0,0,0
3,15,-12
5,5,0
15,15,0
8,1,7
4,9,-5
21,21,0
16,16,0
1,1,0
0,8,-8
7,15,-8
3,0,3
1,2,-1
7,4,3
1,23,-22
3,2,1
16,15,1
4,4,0
5,0,5
8,6,2
2,2,0
8,3,5
24,0,24
6,32,-26
0,0,0
0,0,0
3,22,-19
0,1,-1
6,4,2
2,0,2
0,15,-15
19,5,14
11,14,-3
1,0,1
10,13,-3
4,4,0
6,2,4
2,29,-27
11,9,2
1,0,1
2,0,2
30,30,0
8,1,7
8,0,8
2,0,2
1,1,0
0,8,-8
5,5,0
14,35,-21
12,10,2
2,0,2
0,75,-75
24,10,14
25,25,0
2,7,-5
2,2,0
1,1,0
13,3,10
5,7,-2
2,0,2
23,5,18
5,0,5
31,14,17
1,4,-3
1,0,1
0,3,-3
4,0,4
5,5,0
0,0,0
3,0,3
0,0,0
1,7,-6
33,36,-3
12,2,10
9,9,0
6,6,0
1,1,0
5,6,-1
2,3,-1
1,0,1
1,3,-2
1,1,0
1,0,1
6,0,6
9,17,-8
2,1,1
25,9,16
5,15,-10
1,1,0
5,11,-6
0,0,0
7,7,0
2,0,2
11,2,9
4,43,-39
6,6,0
7,0,7
0,0,0
0,4,-4
2,2,0
3,3,0
9,10,-1
1,9,-8
0,3,-3
7,5,2
0,0,0
1,0,1
11,11,0
36,1,35
0,1,-1
4,6,-2
0,0,0
0,2,-2
11,3,8
19,19,0
3,0,3
2,1,1
0,1,-1
5,4,1
11,11,0
6,9,-3
3,3,0
6,5,1
0,0,0
2,13,-11
0,0,0
1,0,1
10,1,9
14,14,0
1,7,-6
0,0,0
0,0,0
3,10,-7
0,5,-5
1,3,-2
9,28,-19
0,0,0
36,50,-14
1,4,-3
5,4,1
25,25,0
0,16,-16
14,37,-23
13,24,-11
4,2,2
1,0,1
4,13,-9
3,2,1
4,4,0
0,1,-1
1,1,0
6,6,0
2,0,2
26,2,24
13,1,12
3,3,0
3,3,0
3,0,3
0,0,0
3,11,-8
41,14,27
2,0,2
0,0,0
4,8,-4
4,4,0
17,24,-7
5,0,5
0,0,0
4,4,0
21,11,10
0,0,0
3,2,1
10,0,10
6,6,0
1,12,-11
7,13,-6
0,0,0
0,0,0
0,7,-7
10,0,10
9,0,9
1,1,0
6,6,0
0,1,-1
3,2,1
4,4,0
2,10,-8
21,7,14
8,11,-3
1,6,-5
1,0,1
0,0,0
37,4,33
1,0,1
3,3,0
3,4,-1
18,31,-13
35,19,16
3,3,0
2,0,2
9,3,6
1,1,0
2,8,-6
8,8,0
0,0,0
1,6,-5
6,6,0
14,4,10
15,15,0
1,0,1
11,0,11
3,22,-19
12,12,0
1,0,1
12,12,0
1,5,-4
0,0,0
16,13,3
27,2,25
1,1,0
0,0,0
0,0,0
16,13,3
7,3,4
0,0,0
0,0,0
1,1,0
1,2,-1
1,12,-11
7,7,0
0,0,0
2,0,2
5,10,-5
20,20,0
0,0,0
6,0,6
3,18,-15
11,22,-11
0,0,0
8,14,-6
15,1,14
16,1,15
21,21,0
1,1,0
1,5,-4
4,2,2
9,14,-5
2,5,-3
6,6,0
0,0,0
0,0,0
0,0,0
2,6,-4
11,23,-12
0,0,0
4,7,-3
25,11,14
13,13,0
0,6,-6
1,0,1
0,0,0
8,28,-20
1,0,1
5,1,4
34,3,31
1,23,-22
1,5,-4
1,1,0
32,32,0
0,0,0
27,16,11
14,14,0
1,1,0
0,13,-13
0,0,0
3,0,3
1,7,-6
11,6,5
0,0,0
6,3,3
13,13,0
4,2,2
2,23,-21
7,31,-24
3,5,-2
2,4,-2
2,0,2
10,14,-4
12,12,0
17,33,-16
1,1,0
0,1,-1
14,4,10
4,23,-19
14,11,3
1,3,-2
11,14,-3
1,9,-8
2,0,2
1,1,0
20,4,16
15,4,11
25,3,22
3,4,-1
0,23,-23
16,9,7
4,7,-3
0,3,-3
4,10,-6
21,1,20
6,14,-8
1,1,0
1,5,-4
6,6,0
8,19,-11
0,4,-4
2,2,0
0,0,0
5,5,0
5,1,4
0,0,0
0,0,0
14,16,-2
2,0,2
12,0,12
1,0,1
6,0,6
1,1,0
4,4,0
5,5,0
4,10,-6
0,9,-9
14,3,11
3,25,-22
9,9,0
14,9,5
3,2,1
9,9,0
8,2,6
2,2,0
0,0,0
2,2,0
10,10,0
9,5,4
18,18,0
7,2,5
13,11,2
2,13,-11
4,14,-10
3,3,0
11,11,0
34,13,21
19,19,0
2,2,0
8,8,0
2,2,0
6,7,-1
1,1,0
0,1,-1
1,0,1
15,2,13
0,0,0
1,0,1
3,21,-18
0,0,0
12,12,0
3,0,3
9,9,0
20,2,18
1,1,0
7,3,4
5,5,0
3,2,1
2,7,-5
0,11,-11
14,14,0
15,20,-5
2,14,-12
2,2,0
32,25,7
25,0,25
1,8,-7
0,4,-4
4,4,0
1,1,0
13,3,10
1,0,1
1,29,-28
2,3,-1
35,35,0
7,7,0
11,2,9
9,1,8
0,2,-2
1,20,-19
6,10,-4
10,10,0
2,29,-27
4,3,1
13,3,10
7,7,0
1,0,1
3,21,-18
19,19,0
9,3,6
1,0,1
14,6,8
0,9,-9
15,5,10
7,7,0
0,0,0
5,1,4
7,7,0
2,2,0
0,7,-7
42,10,32
8,8,0
6,9,-3
2,7,-5
2,0,2
6,2,4
56,56,0
6,6,0
7,7,0
0,0,0
1,0,1
0,1,-1
0,12,-12
0,0,0
5,0,5
0,2,-2
3,0,3
11,4,7
3,3,0
2,3,-1
21,2,19
28,5,23
0,0,0
33,38,-5
0,13,-13
8,55,-47
6,0,6
4,11,-7
1,0,1
0,15,-15
6,2,4
1,1,0
10,39,-29
1,3,-2
20,27,-7
4,0,4
2,0,2
15,10,5
19,13,6
0,0,0
0,0,0
12,16,-4
2,2,0
1,16,-15
3,1,2
2,9,-7
14,0,14
3,0,3
1,0,1
5,5,0
7,5,2
10,0,10
6,3,3
1,0,1
0,11,-11
10,11,-1
0,5,-5
6,6,0
4,4,0
4,13,-9
9,17,-8
3,3,0
10,10,0
2,1,1
12,12,0
0,3,-3
6,3,3
1,0,1
9,28,-19
0,6,-6
20,37,-17
14,22,-8
5,0,5
5,0,5
5,3,2
0,0,0
2,5,-3
14,8,6
1,24,-23
0,0,0
3,11,-8
5,1,4
1,0,1
1,17,-16
9,9,0
0,1,-1
30,30,0
6,4,2
20,19,1
18,1,17
5,7,-2
16,16,0
0,11,-11
2,2,0
51,3,48
0,0,0
10,10,0
17,5,12
3,0,3
16,16,0
6,6,0
0,2,-2
4,4,0
5,5,0
4,0,4
24,3,21
12,12,0
0,5,-5
8,7,1
12,10,2
19,19,0
1,0,1
9,0,9
0,0,0
10,23,-13
4,1,3
1,1,0
5,4,1
1,2,-1
6,15,-9
3,3,0
28,28,0
0,0,0
1,1,0
1,1,0
6,3,3
12,1,11
2,0,2
5,11,-6
1,26,-25
3,8,-5
1,5,-4
2,0,2
8,20,-12
4,0,4
1,0,1
3,3,0
4,0,4
51,1,50
4,4,0
20,31,-11
88,20,68
0,0,0
4,1,3
0,0,0
5,12,-7
10,4,6
8,0,8
14,17,-3
0,0,0
6,16,-10
12,10,2
0,0,0
0,0,0
15,6,9
20,20,0
18,18,0
0,0,0
1,4,-3
5,0,5
0,3,-3
14,3,11
6,9,-3
0,0,0
0,1,-1
7,4,3
0,4,-4
3,17,-14
0,11,-11
12,1,11
3,4,-1
1,2,-1
2,3,-1
3,7,-4
1,0,1
34,34,0
1,1,0
14,0,14
1,1,0
23,18,5
19,4,15
4,4,0
10,3,7
5,6,-1
2,2,0
5,8,-3
17,0,17
4,4,0
15,3,12
6,3,3
9,11,-2
6,14,-8
2,0,2
1,1,0
13,8,5
5,5,0
0,2,-2
4,17,-13
0,2,-2
1,1,0
0,23,-23
40,15,25
5,5,0
8,19,-11
12,12,0
6,0,6
1,9,-8
17,2,15
10,7,3
5,7,-2
7,15,-8
10,7,3
0,0,0
15,15,0
12,6,6
1,0,1
0,3,-3
9,31,-22
8,27,-19
4,2,2
1,0,1
0,0,0
16,16,0
24,2,22
0,0,0
5,6,-1
17,15,2
0,0,0
6,6,0
6,1,5
1,1,0
5,17,-12
8,2,6
1,1,0
16,4,12
6,6,0
8,0,8
8,8,0
19,1,18
22,8,14
5,17,-12
0,1,-1
0,8,-8
0,0,0
28,4,24
0,0,0
5,1,4
0,3,-3
1,7,-6
0,17,-17
1,1,0
7,7,0
3,3,0
0,26,-26
0,17,-17
0,4,-4
2,1,1
1,16,-15
7,7,0
2,2,0
7,10,-3
3,2,1
0,0,0
8,8,0
0,35,-35
0,0,0
1,1,0
0,14,-14
1,0,1
5,1,4
8,2,6
1,7,-6
4,2,2
16,41,-25
10,6,4
2,4,-2
21,5,16
36,0,36
0,6,-6
25,25,0
12,16,-4
0,0,0
0,11,-11
16,2,14
18,0,18
22,27,-5
4,7,-3
2,17,-15
20,12,8
3,2,1
1,0,1
42,15,27
2,27,-25
13,2,11
7,3,4
4,0,4
5,5,0
1,7,-6
3,0,3
7,7,0
3,7,-4
0,0,0
1,0,1
0,0,0
7,4,3
2,0,2
5,5,0
3,12,-9
32,13,19
4,2,2
3,3,0
0,4,-4
11,5,6
9,9,0
2,15,-13
8,0,8
9,13,-4
23,13,10
3,1,2
1,0,1
3,24,-21
0,0,0
1,0,1
33,37,-4
12,12,0
6,14,-8
0,0,0
23,23,0
0,0,0
0,6,-6
7,0,7
4,0,4
6,2,4
37,12,25
0,0,0
1,1,0
0,1,-1
8,8,0
11,11,0
11,5,6
5,5,0
5,0,5
5,13,-8
2,4,-2
4,3,1
47,47,0
1,0,1
3,2,1
14,0,14
10,6,4
5,0,5
5,0,5
5,5,0
4,7,-3
1,0,1
3,3,0
7,1,6
2,4,-2
23,12,11
1,4,-3
3,3,0
16,7,9
1,0,1
13,1,12
17,17,0
0,1,-1
6,6,0
5,1,4
0,0,0
11,1,10
3,10,-7
3,15,-12
1,11,-10
1,9,-8
3,0,3
1,9,-8
0,0,0
7,11,-4
0,0,0
13,13,0
4,17,-13
4,4,0
9,9,0
11,2,9
6,5,1
5,0,5
2,0,2
1,0,1
1,3,-2
8,25,-17
9,24,-15
2,1,1
0,0,0
10,28,-18
5,0,5
2,3,-1
2,2,0
1,2,-1
2,2,0
0,0,0
2,0,2
12,12,0
3,16,-13
4,2,2
4,2,2
0,4,-4
10,10,0
1,3,-2
12,1,11
4,7,-3
1,0,1
2,8,-6
2,0,2
0,0,0
0,0,0
6,1,5
0,0,0
22,22,0
7,17,-10
3,6,-3
0,0,0
23,5,18
6,6,0
0,0,0
7,7,0
0,0,0
0,12,-12
4,5,-1
7,3,4
40,30,10
0,0,0
6,15,-9
5,5,0
14,14,0
1,1,0
1,6,-5
14,23,-9
15,15,0
0,0,0
11,13,-2
0,0,0
1,0,1
4,6,-2
1,0,1
4,8,-4
15,8,7
9,2,7
1,1,0
3,3,0
5,0,5
0,7,-7
1,0,1
43,6,37
4,0,4
0,2,-2
4,0,4
0,9,-9
12,17,-5
0,0,0
4,1,3
6,6,0
0,0,0
0,4,-4
8,6,2
3,5,-2
19,19,0
6,2,4
3,0,3
11,11,0
0,19,-19
3,3,0
1,0,1
1,2,-1
24,24,0
0,19,-19
2,2,0
0,0,0
1,0,1
19,7,12
9,9,0
2,28,-26
2,4,-2
0,0,0
0,0,0
0,17,-17
9,7,2
28,37,-9
1,0,1
13,5,8
5,1,4
14,10,4
0,0,0
6,0,6
0,0,0
0,2,-2
4,1,3
1,0,1
2,2,0
3,1,2
4,0,4
0,0,0
15,0,15
12,15,-3
0,0,0
5,3,2
7,2,5
6,2,4
3,5,-2
3,1,2
0,1,-1
1,15,-14
8,29,-21
2,13,-11
34,11,23
0,0,0
35,5,30
18,2,16
5,5,0
6,15,-9
15,12,3
8,5,3
9,9,0
9,9,0
0,1,-1
1,3,-2
2,2,0
5,7,-2
1,1,0
1,9,-8
0,2,-2
0,2,-2
2,0,2
4,4,0
6,5,1
43,12,31
1,0,1
22,9,13
5,0,5
14,14,0
10,3,7
3,11,-8
20,20,0
0,2,-2
0,5,-5
14,24,-10
10,1,9
2,17,-15
2,2,0
5,1,4
6,6,0
4,9,-5
2,2,0
2,7,-5
3,3,0
2,9,-7
15,0,15
6,0,6
16,30,-14
61,5,56
17,17,0
20,20,0
23,0,23
5,4,1
0,4,-4
6,2,4
1,1,0
6,8,-2
0,5,-5
8,8,0
0,0,0
10,6,4
14,14,0
19,25,-6
7,0,7
9,9,0
46,46,0
0,8,-8
0,6,-6
3,3,0
6,6,0
5,1,4
1,5,-4
4,0,4
7,8,-1
13,13,0
65,15,50
3,7,-4
0,4,-4
3,0,3
4,28,-24
47,19,28
1,0,1
0,0,0
0,5,-5
1,1,0
64,64,0
9,3,6
8,18,-10
5,2,3
2,5,-3
1,1,0
1,2,-1
0,3,-3
2,9,-7
0,12,-12
12,10,2
6,11,-5
4,2,2
0,0,0
12,12,0
3,3,0
1,25,-24
1,7,-6
0,0,0
9,20,-11
1,1,0
5,5,0
2,2,0
7,10,-3
2,0,2
3,3,0
8,39,-31
7,0,7
11,17,-6
4,13,-9
0,31,-31
2,2,0
2,2,0
8,5,3
14,14,0
17,6,11
8,19,-11
18,11,7
3,0,3
5,6,-1
1,0,1
24,0,24
15,9,6
7,4,3
3,12,-9
5,5,0
5,7,-2
0,18,-18
0,0,0
8,13,-5
19,37,-18
0,0,0
0,4,-4
15,15,0
6,14,-8
1,0,1
0,0,0
0,15,-15
1,0,1
1,0,1
6,5,1
0,0,0
0,0,0
0,0,0
0,4,-4
0,19,-19
8,8,0
6,3,3
6,14,-8
0,0,0
9,10,-1
1,1,0
1,5,-4
6,42,-36
13,19,-6
3,23,-20
0,7,-7
1,0,1
6,6,0
8,3,5
5,5,0
20,5,15
1,0,1
1,0,1
3,3,0
19,31,-12
3,8,-5
0,44,-44
1,0,1
2,2,0
0,0,0
12,12,0
1,1,0
9,27,-18
3,3,0
0,0,0
4,0,4
4,1,3
4,3,1
8,4,4
4,15,-11
7,9,-2
0,8,-8
1,0,1
1,10,-9
2,5,-3
0,0,0
1,0,1
0,11,-11
0,7,-7
15,15,0
4,1,3
5,4,1
10,7,3
7,5,2
0,10,-10
0,0,0
0,0,0
6,11,-5
53,4,49
4,14,-10
4,53,-49
0,2,-2
0,13,-13
0,0,0
5,0,5
6,0,6
10,10,0
1,1,0
11,1,10
1,1,0
2,0,2
3,22,-19
1,1,0
54,50,4
14,14,0
0,18,-18
16,16,0
5,14,-9
2,5,-3
9,2,7
0,0,0
2,5,-3
0,0,0
0,0,0
2,0,2
9,0,9
11,5,6
0,10,-10
1,7,-6
3,21,-18
2,0,2
2,9,-7
2,0,2
1,0,1
1,0,1
10,10,0
9,0,9
18,4,14
1,1,0
3,0,3
0,27,-27
26,26,0
0,0,0
0,0,0
1,0,1
0,0,0
2,2,0
0,0,0
9,1,8
11,0,11
2,2,0
2,0,2
2,1,1
9,0,9
7,1,6
0,0,0
0,0,0
11,2,9
0,9,-9
20,6,14
9,3,6
4,26,-22
11,11,0
5,13,-8
18,13,5
3,3,0
5,3,2
5,0,5
0,7,-7
0,5,-5
2,0,2
1,9,-8
2,0,2
18,18,0
0,2,-2
7,21,-14
0,6,-6
5,6,-1
7,7,0
0,27,-27
4,6,-2
7,14,-7
4,0,4
3,7,-4
7,7,0
1,8,-7
5,0,5
0,0,0
0,1,-1
0,0,0
10,0,10
1,10,-9
2,4,-2
0,0,0
1,0,1
14,17,-3
0,3,-3
4,32,-28
8,12,-4
0,0,0
1,1,0
0,3,-3
3,28,-25
2,0,2
2,2,0
4,10,-6
4,0,4
0,0,0
3,3,0
33,33,0
6,6,0
6,6,0
4,1,3
0,1,-1
7,7,0
1,0,1
6,6,0
9,1,8
1,0,1
2,5,-3
17,10,7
7,7,0
13,13,0
6,6,0
0,0,0
0,0,0
3,19,-16
6,15,-9
0,0,0
3,7,-4
0,1,-1
0,0,0
23,4,19
7,2,5
0,0,0
9,9,0
0,1,-1
1,0,1
2,2,0
19,14,5
8,8,0
28,28,0
1,23,-22
2,2,0
17,14,3
7,1,6
5,5,0
4,16,-12
1,2,-1
16,0,16
4,4,0
1,4,-3
7,7,0
0,0,0
3,2,1
0,7,-7
15,15,0
8,9,-1
19,8,11
7,0,7
0,0,0
8,1,7
8,3,5
3,0,3
0,0,0
0,0,0
3,3,0
0,5,-5
7,7,0
3,3,0
14,14,0
14,6,8
5,3,2
0,0,0
9,1,8
3,3,0
2,0,2
0,9,-9
4,1,3
15,15,0
5,2,3
5,0,5
61,0,61
28,28,0
21,3,18
5,5,0
11,11,0
19,3,16
0,1,-1
0,0,0
4,40,-36
10,10,0
0,8,-8
4,4,0
7,7,0
6,14,-8
3,0,3
2,2,0
14,44,-30
4,4,0
10,10,0
0,2,-2
3,3,0
7,11,-4
2,7,-5
1,2,-1
4,4,0
1,1,0
16,5,11
0,2,-2
17,17,0
10,13,-3
1,0,1
2,2,0
34,34,0
29,17,12
1,1,0
4,5,-1
1,1,0
0,7,-7
16,14,2
14,16,-2
8,20,-12
2,1,1
4,1,3
0,0,0
2,15,-13
10,30,-20
0,0,0
0,2,-2
1,1,0
1,47,-46
15,3,12
30,21,9
9,9,0
12,12,0
1,1,0
0,0,0
1,1,0
24,6,18
0,21,-21
10,10,0
0,0,0
18,15,3
0,0,0
3,0,3
17,17,0
14,14,0
2,2,0
3,0,3
23,38,-15
0,5,-5
3,3,0
2,3,-1
5,5,0
3,3,0
5,6,-1
4,0,4
5,5,0
24,48,-24
1,1,0
7,1,6
52,52,0
3,10,-7
0,12,-12
1,0,1
2,6,-4
10,13,-3
10,6,4
2,0,2
0,4,-4
19,19,0
1,1,0
0,6,-6
6,6,0
12,12,0
17,0,17
1,1,0
4,28,-24
2,5,-3
2,6,-4
0,1,-1
8,26,-18
6,1,5
4,4,0
3,3,0
14,10,4
3,0,3
15,0,15
0,4,-4
1,0,1
4,19,-15
0,0,0
8,5,3
1,5,-4
2,4,-2
5,6,-1
1,4,-3
10,0,10
2,2,0
0,4,-4
1,1,0
1,2,-1
1,14,-13
36,9,27
21,0,21
0,0,0
2,2,0
4,4,0
2,0,2
6,2,4
5,1,4
38,14,24
1,1,0
0,0,0
3,3,0
14,6,8
5,5,0
1,10,-9
11,8,3
1,1,0
1,2,-1
2,0,2
8,14,-6
6,1,5
1,11,-10
0,0,0
0,0,0
5,5,0
7,13,-6
1,3,-2
1,2,-1
7,18,-11
1,1,0
6,0,6
11,1,10
2,5,-3
4,4,0
1,2,-1
17,20,-3
9,15,-6
7,25,-18
5,5,0
3,0,3
2,2,0
51,23,28
7,12,-5
0,0,0
8,8,0
6,1,5
2,5,-3
0,0,0
7,1,6
4,3,1
16,16,0
0,11,-11
4,9,-5
0,23,-23
5,2,3
4,12,-8
7,7,0
10,10,0
2,2,0
4,4,0
10,4,6
9,3,6
8,1,7
32,32,0
28,28,0
0,0,0
0,0,0
5,5,0
1,5,-4
30,0,30
0,0,0
0,0,0
4,4,0
1,0,1
7,7,0
8,25,-17
7,0,7
4,7,-3
1,16,-15
23,12,11
0,6,-6
2,2,0
0,0,0
0,0,0
0,0,0
0,0,0
0,2,-2
7,22,-15
0,0,0
12,5,7
2,0,2
0,13,-13
0,0,0
13,11,2
4,1,3
17,17,0
7,4,3
4,4,0
11,0,11
12,12,0
1,7,-6
12,3,9
0,15,-15
24,25,-1
0,0,0
34,0,34
0,1,-1
0,0,0
2,18,-16
11,11,0
5,3,2
0,0,0
4,4,0
10,0,10
5,5,0
4,4,0
6,15,-9
1,0,1
0,0,0
40,40,0
12,12,0
36,36,0
6,19,-13
3,4,-1
2,0,2
9,9,0
7,19,-12
13,4,9
0,0,0
1,0,1
5,5,0
11,11,0
0,0,0
1,11,-10
1,0,1
5,0,5
10,3,7
0,0,0
18,8,10
3,3,0
1,0,1
0,0,0
0,7,-7
3,9,-6
6,8,-2
3,0,3
3,1,2
0,0,0
2,15,-13
8,4,4
0,0,0
0,0,0
6,6,0
2,2,0
19,0,19
0,9,-9
7,7,0
0,6,-6
0,0,0
0,0,0
8,8,0
20,20,0
4,4,0
85,0,85
0,14,-14
3,2,1
1,0,1
2,0,2
10,7,3
1,0,1
5,5,0
0,32,-32
8,17,-9
4,14,-10
33,33,0
2,1,1
2,4,-2
15,30,-15
11,11,0
2,0,2
0,1,-1
1,0,1
0,8,-8
7,4,3
12,8,4
2,0,2
1,31,-30
0,0,0
2,9,-7
0,15,-15
1,5,-4
0,0,0
24,24,0
3,2,1
33,0,33
0,0,0
13,13,0
2,2,0
4,2,2
1,6,-5
5,0,5
16,17,-1
1,29,-28
0,1,-1
1,0,1
7,3,4
3,3,0
77,24,53
19,8,11
20,17,3
1,8,-7
1,0,1
51,20,31
13,13,0
14,6,8
10,5,5
18,1,17
6,12,-6
3,0,3
10,34,-24
4,4,0
9,13,-4
0,0,0
0,3,-3
2,11,-9
9,1,8
1,3,-2
0,4,-4
9,17,-8
15,8,7
2,8,-6
2,1,1
23,3,20
6,8,-2
14,1,13
0,0,0
3,1,2
1,8,-7
2,0,2
19,6,13
0,1,-1
2,15,-13
5,7,-2
15,54,-39
3,3,0
83,0,83
14,5,9
3,1,2
3,2,1
17,17,0
4,7,-3
1,0,1
1,13,-12
15,12,3
1,2,-1
8,25,-17
0,0,0
4,12,-8
10,3,7
0,0,0
21,0,21
9,4,5
1,1,0
0,0,0
0,34,-34
15,13,2
1,1,0
0,0,0
2,0,2
0,0,0
17,17,0
0,0,0
4,4,0
32,41,-9
2,0,2
11,14,-3
1,0,1
15,1,14
0,4,-4
12,7,5
5,3,2
1,0,1
0,0,0
9,9,0
1,18,-17
6,6,0
0,0,0
0,1,-1
1,0,1
0,0,0
2,4,-2
1,0,1
3,7,-4
4,12,-8
6,23,-17
9,9,0
19,19,0
7,3,4
1,0,1
10,5,5
0,0,0
15,7,8
11,11,0
0,2,-2
2,2,0
6,6,0
0,0,0
0,2,-2
21,21,0
0,5,-5
4,0,4
17,14,3
0,0,0
6,6,0
9,9,0
15,0,15
7,7,0
3,10,-7
1,6,-5
2,8,-6
8,3,5
1,18,-17
0,31,-31
0,0,0
29,29,0
13,2,11
1,1,0
0,28,-28
36,36,0
0,0,0
5,20,-15
4,4,0
0,0,0
14,14,0
8,8,0
1,0,1
2,2,0
19,19,0
2,2,0
2,29,-27
8,5,3
11,11,0
7,20,-13
12,33,-21
2,2,0
0,1,-1
5,5,0
5,13,-8
0,0,0
6,8,-2
0,0,0
1,0,1
8,3,5
3,3,0
0,0,0
1,1,0
1,1,0
0,0,0
3,1,2
8,8,0
11,2,9
13,13,0
0,0,0
21,1,20
2,2,0
1,0,1
4,0,4
6,15,-9
1,0,1
2,13,-11
6,9,-3
2,1,1
0,2,-2
18,7,11
17,17,0
8,3,5
1,1,0
20,10,10
2,2,0
3,3,0
10,0,10
0,0,0
3,7,-4
6,0,6
4,3,1
2,1,1
0,0,0
4,4,0
11,1,10
1,21,-20
0,0,0
1,1,0
18,1,17
15,15,0
0,0,0
9,9,0
2,16,-14
0,0,0
15,21,-6
12,12,0
5,11,-6
6,6,0
6,0,6
12,12,0
16,13,3
1,3,-2
13,21,-8
5,5,0
1,0,1
43,43,0
2,3,-1
0,5,-5
0,4,-4
5,25,-20
12,4,8
8,10,-2
0,0,0
0,29,-29
9,9,0
3,15,-12
11,15,-4
4,14,-10
2,2,0
7,7,0
6,9,-3
12,0,12
1,0,1
20,20,0
5,12,-7
0,8,-8
2,2,0
7,2,5
4,3,1
7,5,2
1,31,-30
2,0,2
7,6,1
1,0,1
28,16,12
3,12,-9
4,3,1
25,25,0
5,1,4
0,11,-11
6,6,0
5,5,0
5,24,-19
0,0,0
10,9,1
2,11,-9
3,0,3
10,12,-2
2,0,2
0,0,0
5,7,-2
21,3,18
10,10,0
2,3,-1
13,13,0
5,6,-1
0,0,0
2,2,0
8,9,-1
6,1,5
5,3,2
0,2,-2
2,2,0
0,18,-18
0,0,0
42,42,0
1,18,-17
5,12,-7
11,12,-1
0,0,0
0,0,0
0,0,0
1,8,-7
0,7,-7
35,0,35
9,6,3
14,17,-3
1,11,-10
2,12,-10
0,2,-2
6,6,0
15,7,8
0,0,0
0,0,0
0,0,0
11,11,0
3,3,0
0,0,0
3,0,3
1,9,-8
5,8,-3
10,10,0
36,36,0
2,2,0
21,9,12
0,0,0
6,2,4
5,5,0
8,0,8
4,4,0
0,21,-21
7,6,1
0,3,-3
8,8,0
0,19,-19
25,25,0
8,8,0
3,13,-10
0,0,0
0,10,-10
0,0,0
0,0,0
56,10,46
13,24,-11
21,0,21
0,1,-1
1,1,0
0,0,0
11,17,-6
4,4,0
16,13,3
3,3,0
2,9,-7
0,9,-9
6,6,0
0,0,0
2,0,2
14,28,-14
2,0,2
4,41,-37
16,1,15
2,0,2
10,13,-3
0,0,0
12,9,3
14,4,10
1,1,0
18,3,15
11,22,-11
1,5,-4
3,0,3
1,0,1
15,0,15
9,9,0
9,2,7
12,18,-6
0,0,0
15,15,0
1,2,-1
7,30,-23
18,18,0
8,1,7
2,2,0
7,1,6
4,5,-1
12,0,12
2,2,0
0,15,-15
0,0,0
0,0,0
0,3,-3
4,1,3
21,21,0
0,0,0
11,6,5
5,5,0
15,15,0
3,4,-1
8,15,-7
3,5,-2
9,0,9
1,1,0
17,1,16
10,10,0
2,2,0
0,0,0
2,8,-6
11,2,9
5,19,-14
21,10,11
0,0,0
0,0,0
4,4,0
16,15,1
3,5,-2
3,3,0
11,9,2
9,7,2
1,0,1
2,6,-4
6,14,-8
5,13,-8
10,7,3
9,9,0
0,0,0
0,0,0
6,1,5
12,8,4
3,36,-33
5,5,0
0,25,-25
0,0,0
2,2,0
10,2,8
4,4,0
3,5,-2
3,1,2
8,8,0
0,3,-3
0,5,-5
1,2,-1
1,1,0
3,26,-23
20,1,19
1,0,1
0,1,-1
11,11,0
5,5,0
14,14,0
1,1,0
0,0,0
29,29,0
13,0,13
7,10,-3
11,18,-7
16,6,10
3,3,0
1,1,0
3,0,3
2,2,0
7,7,0
1,5,-4
12,17,-5
4,21,-17
1,4,-3
18,1,17
14,8,6
5,3,2
2,0,2
9,22,-13
0,0,0
0,11,-11
3,0,3
1,1,0
1,26,-25
2,0,2
3,0,3
0,0,0
0,0,0
0,0,0
0,0,0
0,30,-30
3,3,0
5,3,2
2,2,0
1,0,1
0,0,0
1,4,-3
0,0,0
15,11,4
10,4,6
6,6,0
18,18,0
9,15,-6
17,12,5
6,12,-6
2,1,1
1,0,1
0,0,0
5,5,0
0,0,0
7,16,-9
1,2,-1
5,9,-4
19,1,18
0,12,-12
3,12,-9
4,3,1
3,3,0
1,5,-4
4,4,0
16,27,-11
6,36,-30
9,9,0
0,1,-1
0,0,0
1,0,1
13,0,13
3,3,0
0,5,-5
6,1,5
9,0,9
12,2,10
81,3,78
0,6,-6
7,7,0
15,1,14
3,13,-10
0,0,0
2,7,-5
13,3,10
0,0,0
2,2,0
1,1,0
9,9,0
1,2,-1
0,0,0
2,0,2
2,10,-8
23,29,-6
2,2,0
12,12,0
2,2,0
1,0,1
11,11,0
1,2,-1
0,0,0
1,0,1
12,12,0
10,16,-6
14,3,11
2,0,2
2,2,0
1,9,-8
9,9,0
0,1,-1
4,8,-4
16,16,0
3,4,-1
0,0,0
4,18,-14
17,51,-34
2,15,-13
1,0,1
2,0,2
6,8,-2
3,3,0
1,1,0
2,2,0
4,15,-11
15,2,13
1,23,-22
5,5,0
2,4,-2
0,0,0
0,0,0
15,13,2
0,0,0
0,0,0
8,29,-21
8,8,0
0,0,0
11,4,7
0,0,0
4,4,0
0,0,0
2,6,-4
6,10,-4
19,18,1
2,3,-1
0,44,-44
16,2,14
0,0,0
3,0,3
5,1,4
2,2,0
0,1,-1
11,13,-2
4,14,-10
1,15,-14
3,6,-3
1,22,-21
5,22,-17
0,3,-3
1,0,1
16,6,10
12,11,1
23,29,-6
0,7,-7
16,16,0
6,6,0
6,1,5
6,7,-1
0,0,0
3,0,3
1,12,-11
0,6,-6
10,16,-6
3,0,3
16,7,9
6,19,-13
7,20,-13
4,15,-11
12,21,-9
3,0,3
0,0,0
4,3,1
17,5,12
42,1,41
3,3,0
15,6,9
6,6,0
6,6,0
0,0,0
4,3,1
1,0,1
4,0,4
0,0,0
0,0,0
4,4,0
1,1,0
16,0,16
0,0,0
1,0,1
0,10,-10
1,39,-38
6,5,1
7,11,-4
4,1,3
0,7,-7
5,13,-8
31,0,31
1,1,0
1,1,0
0,0,0
5,5,0
1,0,1
8,0,8
6,0,6
6,6,0
4,0,4
8,8,0
24,24,0
7,3,4
5,6,-1
8,7,1
71,71,0
21,7,14
10,1,9
12,12,0
0,8,-8
9,9,0
7,7,0
1,2,-1
10,6,4
2,0,2
12,17,-5
13,24,-11
18,3,15
4,0,4
6,0,6
1,37,-36
8,8,0
0,0,0
0,0,0
1,24,-23
11,11,0
6,4,2
8,1,7
1,2,-1
7,11,-4
4,35,-31
2,5,-3
0,6,-6
4,5,-1
11,39,-28
11,0,11
6,0,6
0,12,-12
16,16,0
1,1,0
0,0,0
1,2,-1
0,0,0
13,13,0
20,20,0
0,0,0
13,13,0
8,6,2
0,0,0
9,3,6
1,1,0
13,0,13
1,0,1
19,4,15
0,0,0
1,0,1
23,23,0
0,0,0
17,0,17
28,28,0
3,0,3
8,35,-27
2,5,-3
2,15,-13
0,7,-7
18,4,14
17,14,3
0,0,0
2,2,0
0,4,-4
0,1,-1
1,0,1
32,32,0
52,7,45
11,11,0
0,0,0
1,0,1
5,5,0
6,10,-4
1,1,0
15,15,0
2,4,-2
1,2,-1
0,0,0
0,1,-1
2,6,-4
0,0,0
8,1,7
23,2,21
0,0,0
0,14,-14
11,1,10
5,6,-1
36,36,0
2,3,-1
5,2,3
1,0,1
13,13,0
39,22,17
0,0,0
1,1,0
24,7,17
6,36,-30
1,0,1
0,0,0
24,27,-3
10,10,0
7,1,6
1,1,0
16,1,15
0,3,-3
0,0,0
9,1,8
28,28,0
1,1,0
0,0,0
7,8,-1
7,7,0
1,6,-5
20,20,0
29,5,24
8,8,0
1,7,-6
1,1,0
9,1,8
11,4,7
2,0,2
0,0,0
35,35,0
10,10,0
4,4,0
0,0,0
0,0,0
11,17,-6
4,9,-5
14,5,9
5,0,5
1,25,-24
0,6,-6
3,5,-2
7,0,7
0,3,-3
13,13,0
2,24,-22
1,1,0
1,14,-13
3,4,-1
34,34,0
1,5,-4
5,13,-8
2,0,2
3,3,0
7,1,6
1,15,-14
0,17,-17
12,7,5
21,11,10
5,5,0
0,0,0
25,25,0
13,0,13
1,1,0
3,0,3
1,0,1
0,2,-2
4,3,1
0,7,-7
0,0,0
2,2,0
4,61,-57
12,8,4
1,1,0
12,30,-18
7,7,0
4,5,-1
5,3,2
9,3,6
30,37,-7
6,6,0
6,1,5
6,6,0
8,2,6
58,1,57
16,9,7
10,1,9
4,1,3
7,20,-13
8,15,-7
5,5,0
4,0,4
5,0,5
11,11,0
0,2,-2
3,3,0
1,1,0
4,0,4
49,49,0
11,11,0
0,0,0
3,0,3
3,0,3
1,1,0
3,4,-1
8,4,4
2,2,0
1,1,0
1,6,-5
7,7,0
0,5,-5
8,8,0
1,1,0
0,0,0
0,0,0
8,0,8
1,8,-7
2,14,-12
60,60,0
4,11,-7
4,6,-2
16,12,4
3,11,-8
10,10,0
1,1,0
0,0,0
6,28,-22
12,12,0
4,37,-33
4,7,-3
8,6,2
5,16,-11
2,0,2
4,7,-3
16,1,15
17,1,16
4,10,-6
2,6,-4
0,1,-1
28,12,16
0,13,-13
14,7,7
0,0,0
11,3,8
6,11,-5
4,0,4
1,0,1
9,12,-3
5,5,0
10,10,0
21,3,18
8,8,0
10,0,10
0,13,-13
9,14,-5
8,18,-10
3,0,3
9,0,9
16,16,0
2,0,2
10,10,0
0,17,-17
1,1,0
13,12,1
2,2,0
1,15,-14
5,5,0
0,11,-11
0,0,0
17,11,6
2,0,2
9,20,-11
2,0,2
4,4,0
1,24,-23
2,0,2
3,0,3
0,1,-1
4,4,0
2,0,2
0,3,-3
1,0,1
4,6,-2
1,1,0
0,4,-4
0,0,0
10,5,5
9,9,0
2,2,0
8,5,3
11,11,0
9,13,-4
12,22,-10
3,1,2
1,5,-4
3,12,-9
2,2,0
19,19,0
11,9,2
22,4,18
1,1,0
2,0,2
17,17,0
19,19,0
31,7,24
1,0,1
0,0,0
2,8,-6
5,1,4
0,0,0
1,0,1
8,3,5
0,0,0
1,4,-3
0,7,-7
2,7,-5
17,17,0
7,0,7
3,3,0
11,11,0
1,1,0
12,2,10
2,1,1
0,0,0
6,0,6
8,2,6
7,3,4
0,2,-2
1,0,1
1,0,1
2,0,2
6,11,-5
39,1,38
6,46,-40
0,12,-12
0,0,0
1,4,-3
55,1,54
2,0,2
5,0,5
2,1,1
35,10,25
12,4,8
3,6,-3
9,29,-20
6,0,6
18,19,-1
13,6,7
2,2,0
1,1,0
4,7,-3
0,1,-1
12,12,0
4,5,-1
5,8,-3
4,0,4
4,4,0
2,2,0
4,5,-1
0,0,0
0,8,-8
3,8,-5
8,18,-10
1,13,-12
3,7,-4
2,1,1
4,4,0
14,6,8
0,0,0
0,0,0
7,2,5
32,32,0
0,2,-2
3,2,1
0,0,0
0,0,0
4,29,-25
21,21,0
0,0,0
0,0,0
0,0,0
7,7,0
4,1,3
0,2,-2
3,6,-3
7,7,0
0,34,-34
9,5,4
5,5,0
0,0,0
2,0,2
2,19,-17
3,52,-49
0,0,0
2,8,-6
0,0,0
1,2,-1
0,4,-4
72,0,72
0,0,0
2,4,-2
6,9,-3
2,21,-19
5,0,5
0,0,0
4,0,4
5,2,3
0,0,0
6,7,-1
0,0,0
2,0,2
10,9,1
0,1,-1
1,8,-7
1,11,-10
1,1,0
18,15,3
2,1,1
18,8,10
8,8,0
4,1,3
23,0,23
1,0,1
19,0,19
8,6,2
2,0,2
2,2,0
0,3,-3
0,0,0
19,2,17
9,9,0
2,3,-1
4,0,4
8,7,1
24,24,0
13,8,5
10,4,6
2,1,1
13,0,13
5,34,-29
0,0,0
8,6,2
20,20,0
2,0,2
21,21,0
9,9,0
9,0,9
0,2,-2
1,5,-4
11,0,11
20,20,0
0,9,-9
3,1,2
0,0,0
20,7,13
12,5,7
0,0,0
4,7,-3
0,0,0
3,3,0
25,25,0
2,5,-3
0,0,0
0,0,0
9,9,0
2,28,-26
0,0,0
11,11,0
0,0,0
1,9,-8
1,46,-45
1,0,1
1,18,-17
3,0,3
3,2,1
3,3,0
1,2,-1
0,1,-1
2,2,0
2,6,-4
15,4,11
14,0,14
18,5,13
12,12,0
3,1,2
14,14,0
24,0,24
1,1,0
0,0,0
10,10,0
0,3,-3
5,0,5
11,11,0
8,8,0
6,6,0
3,0,3
4,4,0
9,8,1
2,3,-1
2,2,0
0,0,0
16,3,13
0,0,0
5,5,0
13,17,-4
1,30,-29
1,2,-1
12,25,-13
7,4,3
0,0,0
0,0,0
2,0,2
1,0,1
15,15,0
2,0,2
3,3,0
18,18,0
8,2,6
0,1,-1
4,4,0
0,0,0
16,13,3
38,9,29
10,10,0
1,15,-14
8,8,0
2,0,2
0,5,-5
9,0,9
0,0,0
5,5,0
2,8,-6
0,0,0
3,0,3
1,1,0
8,1,7
0,14,-14
7,25,-18
2,3,-1
6,15,-9
3,3,0
9,9,0
3,0,3
0,0,0
6,6,0
0,3,-3
2,4,-2
12,14,-2
26,26,0
0,7,-7
3,30,-27
4,1,3
16,16,0
1,11,-10
12,12,0
16,5,11
11,2,9
0,2,-2
3,0,3
6,0,6
14,8,6
0,0,0
3,1,2
6,0,6
10,10,0
2,0,2
11,23,-12
2,14,-12
2,1,1
4,2,2
2,0,2
6,8,-2
16,16,0
16,18,-2
1,1,0
1,0,1
3,3,0
0,0,0
0,0,0
4,0,4
6,3,3
13,9,4
2,0,2
2,0,2
16,7,9
11,6,5
13,13,0
5,5,0
7,2,5
21,21,0
0,0,0
30,30,0
14,14,0
11,3,8
2,2,0
2,0,2
4,1,3
16,23,-7
18,6,12
0,2,-2
2,43,-41
0,8,-8
6,0,6
11,10,1
0,0,0
0,0,0
0,4,-4
0,0,0
9,0,9
3,3,0
11,11,0
29,3,26
2,6,-4
2,0,2
0,0,0
3,8,-5
26,46,-20
3,8,-5
0,0,0
0,0,0
10,17,-7
5,6,-1
2,2,0
10,5,5
23,22,1
20,20,0
14,6,8
5,0,5
0,0,0
9,9,0
10,0,10
12,12,0
5,5,0
1,2,-1
1,1,0
26,20,6
12,2,10
1,1,0
2,2,0
0,5,-5
33,4,29
27,25,2
2,14,-12
39,5,34
14,7,7
0,0,0
0,15,-15
6,5,1
1,0,1
0,0,0
4,4,0
2,1,1
2,0,2
1,0,1
2,1,1
51,34,17
2,28,-26
5,7,-2
0,16,-16
1,1,0
2,4,-2
0,5,-5
3,0,3
31,14,17
2,12,-10
17,17,0
5,4,1
10,0,10
0,4,-4
6,15,-9
0,0,0
12,12,0
7,1,6
2,5,-3
0,0,0
1,0,1
0,0,0
5,0,5
0,0,0
0,8,-8
13,13,0
60,6,54
13,9,4
6,8,-2
0,2,-2
10,12,-2
0,0,0
14,32,-18
6,13,-7
10,10,0
1,0,1
14,0,14
5,7,-2
18,18,0
22,32,-10
16,0,16
1,13,-12
3,5,-2
5,8,-3
21,16,5
2,1,1
5,2,3
11,11,0
0,3,-3
2,1,1
2,2,0
9,5,4
16,6,10
1,1,0
0,35,-35
5,5,0
3,3,0
20,15,5
2,1,1
3,6,-3
0,2,-2
0,0,0
9,13,-4
1,0,1
2,14,-12
3,3,0
3,0,3
16,4,12
2,0,2
4,2,2
1,0,1
1,1,0
3,5,-2
7,10,-3
0,0,0
1,8,-7
7,16,-9
11,11,0
2,2,0
8,8,0
0,19,-19
2,5,-3
43,8,35
5,14,-9
1,5,-4
2,12,-10
1,0,1
1,10,-9
9,9,0
12,12,0
1,0,1
0,0,0
2,2,0
2,20,-18
5,5,0
11,4,7
35,35,0
10,34,-24
2,0,2
0,2,-2
17,20,-3
4,2,2
0,1,-1
4,4,0
1,1,0
3,0,3
1,0,1
1,0,1
7,1,6
23,7,16
0,0,0
57,11,46
1,0,1
5,0,5
16,5,11
0,0,0
10,1,9
0,18,-18
35,36,-1
6,0,6
1,0,1
7,7,0
12,12,0
3,8,-5
3,2,1
8,26,-18
3,43,-40
4,9,-5
1,7,-6
0,5,-5
24,0,24
4,14,-10
3,3,0
1,4,-3
11,3,8
2,5,-3
0,0,0
8,8,0
1,5,-4
9,14,-5
10,7,3
0,5,-5
23,0,23
8,8,0
7,3,4
4,10,-6
2,6,-4
1,1,0
3,2,1
6,31,-25
2,3,-1
4,4,0
3,3,0
35,26,9
0,1,-1
15,15,0
8,19,-11
0,0,0
1,5,-4
7,30,-23
5,5,0
5,9,-4
7,7,0
0,0,0
2,10,-8
2,25,-23
0,6,-6
0,0,0
19,19,0
9,8,1
20,20,0
1,9,-8
0,5,-5
3,4,-1
13,13,0
15,15,0
1,4,-3
4,3,1
0,2,-2
9,6,3
6,13,-7
1,0,1
12,15,-3
5,2,3
2,2,0
2,6,-4
9,1,8
17,6,11
5,17,-12
13,13,0
22,19,3
16,6,10
3,3,0
14,30,-16
0,0,0
13,15,-2
0,0,0
0,0,0
13,0,13
2,6,-4
3,5,-2
2,1,1
2,1,1
3,6,-3
0,0,0
1,17,-16
0,0,0
0,0,0
6,1,5
2,8,-6
22,8,14
0,0,0
17,0,17
1,6,-5
3,0,3
2,2,0
10,1,9
2,9,-7
7,8,-1
4,18,-14
15,4,11
8,4,4
0,0,0
8,25,-17
24,24,0
4,0,4
21,0,21
4,4,0
5,11,-6
5,0,5
0,3,-3
1,27,-26
9,9,0
5,24,-19
6,3,3
1,1,0
3,8,-5
5,18,-13
22,13,9
0,0,0
0,1,-1
0,3,-3
0,0,0
2,16,-14
0,0,0
25,25,0
7,7,0
3,4,-1
4,1,3
4,0,4
0,0,0
7,7,0
1,1,0
0,0,0
1,0,1
0,10,-10
7,25,-18
7,7,0
14,14,0
12,5,7
4,16,-12
0,0,0
0,21,-21
9,7,2
13,3,10
12,2,10
0,6,-6
8,19,-11
0,0,0
1,13,-12
7,3,4
21,6,15
2,6,-4
0,0,0
2,26,-24
4,4,0
0,0,0
0,0,0
1,1,0
7,7,0
5,5,0
10,8,2
1,1,0
3,6,-3
3,6,-3
0,16,-16
1,0,1
1,1,0
1,0,1
3,37,-34
1,2,-1
10,10,0
0,0,0
8,7,1
9,9,0
3,3,0
1,9,-8
2,10,-8
13,0,13
5,0,5
37,37,0
12,14,-2
6,2,4
32,21,11
10,29,-19
7,7,0
9,23,-14
41,41,0
11,14,-3
5,5,0
0,0,0
0,4,-4
1,5,-4
13,13,0
20,0,20
7,5,2
8,8,0
2,1,1
3,6,-3
13,35,-22
0,0,0
0,0,0
1,15,-14
0,20,-20
1,11,-10
0,0,0
3,0,3
13,13,0
2,0,2
1,0,1
0,0,0
5,17,-12
9,11,-2
0,1,-1
1,1,0
5,5,0
15,4,11
109,109,0
2,3,-1
34,23,11
1,1,0
4,3,1
13,5,8
0,16,-16
0,7,-7
5,3,2
5,18,-13
1,1,0
2,2,0
1,0,1
1,20,-19
1,3,-2
6,11,-5
1,5,-4
11,1,10
12,1,11
4,4,0
2,1,1
8,0,8
2,5,-3
6,6,0
0,2,-2
7,3,4
0,2,-2
12,12,0
35,2,33
1,2,-1
5,17,-12
2,2,0
0,7,-7
16,2,14
0,17,-17
5,2,3
5,8,-3
16,16,0
14,14,0
17,1,16
17,6,11
2,2,0
12,14,-2
0,5,-5
2,13,-11
7,1,6
5,9,-4
1,0,1
8,8,0
20,8,12
6,6,0
13,27,-14
16,11,5
1,0,1
9,14,-5
16,4,12
1,14,-13
1,0,1
0,0,0
2,7,-5
24,2,22
0,1,-1
0,0,0
0,0,0
20,15,5
7,12,-5
11,13,-2
0,0,0
2,20,-18
1,1,0
12,21,-9
2,2,0
2,10,-8
26,10,16
4,22,-18
8,14,-6
0,9,-9
10,10,0
1,0,1
6,41,-35
7,3,4
10,5,5
3,44,-41
11,3,8
0,11,-11
7,0,7
8,2,6
34,27,7
4,1,3
7,21,-14
14,22,-8
0,0,0
10,27,-17
5,10,-5
0,0,0
3,9,-6
0,0,0
15,15,0
3,10,-7
5,5,0
2,40,-38
28,28,0
12,10,2
0,10,-10
1,2,-1
4,2,2
9,0,9
13,9,4
1,0,1
1,17,-16
11,6,5
2,3,-1
9,5,4
0,2,-2
0,0,0
3,0,3
4,6,-2
23,23,0
11,11,0
7,11,-4
24,2,22
4,13,-9
17,8,9
0,18,-18
13,6,7
0,0,0
0,0,0
7,7,0
4,0,4
31,31,0
15,26,-11
31,31,0
6,6,0
5,13,-8
16,7,9
1,4,-3
0,1,-1
2,6,-4
5,0,5
0,0,0
0,0,0
10,10,0
0,1,-1
1,0,1
1,5,-4
0,0,0
4,0,4
7,0,7
4,0,4
0,0,0
0,2,-2
4,4,0
15,19,-4
0,5,-5
0,8,-8
10,10,0
7,7,0
23,23,0
35,35,0
0,0,0
0,0,0
6,6,0
0,0,0
30,2,28
9,18,-9
4,1,3
5,5,0
10,4,6
7,7,0
0,0,0
18,20,-2
7,2,5
1,1,0
3,15,-12
0,1,-1
3,3,0
70,1,69
3,5,-2
6,6,0
28,1,27
14,11,3
0,0,0
5,5,0
1,18,-17
6,8,-2
5,0,5
0,0,0
11,11,0
0,0,0
1,22,-21
5,31,-26
0,0,0
0,0,0
10,0,10
16,5,11
1,2,-1
2,2,0
2,7,-5
7,8,-1
1,0,1
3,0,3
1,11,-10
0,0,0
1,9,-8
7,7,0
8,0,8
6,4,2
13,0,13
14,0,14
4,0,4
0,0,0
18,2,16
1,1,0
9,23,-14
3,4,-1
20,20,0
1,1,0
2,17,-15
0,0,0
18,18,0
0,0,0
4,5,-1
30,26,4
0,0,0
0,0,0
15,0,15
3,3,0
15,17,-2
0,0,0
14,3,11
1,2,-1
4,7,-3
14,11,3
11,1,10
31,31,0
16,10,6
0,17,-17
32,0,32
15,3,12
12,3,9
0,20,-20
1,7,-6
3,3,0
0,4,-4
4,4,0
6,6,0
6,6,0
4,4,0
54,20,34
1,2,-1
0,7,-7
0,0,0
20,0,20
22,2,20
18,3,15
14,21,-7
4,3,1
0,19,-19
13,14,-1
0,5,-5
2,2,0
5,2,3
1,1,0
20,10,10
4,2,2
2,6,-4
2,13,-11
8,0,8
7,7,0
2,1,1
2,18,-16
1,0,1
16,16,0
21,1,20
4,2,2
18,7,11
18,24,-6
13,13,0
5,5,0
0,12,-12
2,2,0
0,1,-1
3,2,1
3,4,-1
25,1,24
15,0,15
2,10,-8
1,8,-7
3,6,-3
5,5,0
1,1,0
0,7,-7
10,0,10
1,0,1
22,22,0
1,10,-9
16,5,11
3,3,0
2,0,2
3,0,3
1,0,1
0,0,0
0,0,0
2,7,-5
15,13,2
28,0,28
10,15,-5
15,2,13
29,29,0
0,1,-1
9,1,8
6,6,0
0,10,-10
0,0,0
7,7,0
1,0,1
16,1,15
4,10,-6
3,3,0
3,3,0
6,6,0
0,0,0
12,31,-19
13,10,3
15,15,0
16,1,15
10,4,6
0,0,0
0,0,0
0,48,-48
19,0,19
27,27,0
59,59,0
0,0,0
0,0,0
0,5,-5
0,0,0
5,0,5
10,10,0
22,22,0
12,12,0
4,1,3
7,0,7
9,31,-22
20,20,0
2,12,-10
1,1,0
4,19,-15
8,1,7
18,13,5
2,20,-18
1,32,-31
12,12,0
1,0,1
5,5,0
1,5,-4
19,36,-17
1,7,-6
0,0,0
22,0,22
19,19,0
26,26,0
10,0,10
4,11,-7
5,1,4
0,0,0
9,12,-3
8,0,8
6,14,-8
1,0,1
10,22,-12
7,4,3
13,13,0
7,7,0
14,14,0
3,9,-6
16,0,16
0,0,0
13,0,13
19,19,0
12,12,0
0,0,0
2,7,-5
0,0,0
1,1,0
6,3,3
0,2,-2
7,3,4
13,0,13
6,6,0
11,11,0
8,26,-18
3,5,-2
18,0,18
0,4,-4
2,7,-5
7,7,0
8,6,2
6,28,-22
2,0,2
4,1,3
6,0,6
0,0,0
33,5,28
8,8,0
6,9,-3
4,1,3
5,11,-6
0,3,-3
16,1,15
1,0,1
19,7,12
4,4,0
0,0,0
4,4,0
0,0,0
1,2,-1
1,10,-9
0,0,0
9,9,0
11,11,0
5,13,-8
4,0,4
6,6,0
2,11,-9
3,4,-1
1,3,-2
10,2,8
0,24,-24
1,13,-12
3,1,2
10,8,2
6,6,0
15,0,15
0,0,0
0,15,-15
7,6,1
3,36,-33
0,0,0
1,0,1
1,5,-4
7,2,5
1,1,0
5,3,2
1,19,-18
0,0,0
0,0,0
5,17,-12
9,1,8
0,0,0
2,2,0
5,2,3
1,1,0
10,10,0
5,5,0
4,0,4
1,1,0
5,6,-1
6,6,0
2,0,2
1,0,1
2,6,-4
2,1,1
26,6,20
17,13,4
1,5,-4
4,4,0
21,21,0
5,2,3
0,0,0
0,1,-1
10,10,0
3,3,0
0,3,-3
4,0,4
1,1,0
0,15,-15
1,2,-1
18,37,-19
8,17,-9
0,3,-3
15,3,12
2,7,-5
2,1,1
10,1,9
3,0,3
0,0,0
5,4,1
12,12,0
31,12,19
52,52,0
3,0,3
6,4,2
15,2,13
0,38,-38
7,7,0
6,15,-9
0,1,-1
2,0,2
2,0,2
2,1,1
1,0,1
0,0,0
6,12,-6
2,6,-4
3,1,2
0,3,-3
6,22,-16
5,3,2
4,0,4
0,0,0
5,5,0
28,5,23
22,0,22
3,6,-3
7,14,-7
0,0,0
8,8,0
32,32,0
2,3,-1
2,0,2
0,5,-5
1,0,1
0,9,-9
11,7,4
6,17,-11
0,9,-9
27,27,0
3,0,3
1,20,-19
3,3,0
3,3,0
9,22,-13
3,6,-3
5,2,3
4,0,4
1,0,1
5,22,-17
11,2,9
50,50,0
11,11,0
3,11,-8
0,0,0
18,13,5
14,8,6
2,1,1
31,31,0
3,3,0
0,9,-9
11,1,10
0,2,-2
2,2,0
2,11,-9
3,7,-4
1,1,0
0,0,0
7,7,0
21,8,13
0,0,0
17,5,12
6,0,6
0,0,0
0,0,0
0,20,-20
7,3,4
1,0,1
8,13,-5
6,8,-2
0,0,0
36,36,0
1,2,-1
0,0,0
7,7,0
2,2,0
2,0,2
0,0,0
17,37,-20
10,0,10
0,0,0
3,4,-1
1,0,1
0,0,0
17,35,-18
7,25,-18
0,29,-29
0,15,-15
7,2,5
20,2,18
2,5,-3
22,5,17
1,4,-3
0,2,-2
22,2,20
23,11,12
2,2,0
8,8,0
20,2,18
0,0,0
0,0,0
0,0,0
7,15,-8
12,20,-8
1,0,1
21,21,0
3,7,-4
1,1,0
2,2,0
1,1,0
5,19,-14
29,0,29
1,1,0
1,13,-12
3,0,3
6,6,0
0,0,0
0,7,-7
0,1,-1
2,0,2
13,6,7
2,2,0
1,0,1
8,20,-12
35,2,33
13,10,3
0,0,0
2,2,0
0,0,0
4,4,0
21,4,17
9,12,-3
29,29,0
2,25,-23
4,5,-1
1,1,0
4,1,3
11,9,2
0,0,0
4,0,4
7,1,6
0,2,-2
0,0,0
4,4,0
1,0,1
1,1,0
6,6,0
3,0,3
7,7,0
1,0,1
1,1,0
0,0,0
20,20,0
2,3,-1
3,3,0
5,8,-3
4,1,3
19,19,0
5,1,4
24,0,24
8,5,3
1,11,-10
1,24,-23
8,0,8
3,2,1
1,0,1
0,0,0
17,15,2
0,17,-17
2,1,1
0,0,0
10,5,5
0,46,-46
10,28,-18
1,10,-9
0,0,0
30,8,22
0,0,0
3,2,1
4,0,4
3,3,0
3,0,3
8,8,0
2,1,1
13,8,5
0,12,-12
18,18,0
0,14,-14
5,0,5
23,23,0
10,10,0
7,16,-9
22,1,21
10,7,3
7,2,5
0,0,0
0,0,0
5,0,5
5,7,-2
12,2,10
8,8,0
1,5,-4
9,2,7
2,6,-4
3,0,3
1,1,0
21,21,0
7,2,5
1,1,0
13,41,-28
12,12,0
5,0,5
2,11,-9
2,0,2
21,3,18
13,13,0
2,1,1
10,10,0
2,2,0
7,2,5
1,0,1
5,2,3
1,6,-5
0,0,0
20,0,20
0,0,0
1,9,-8
8,8,0
6,5,1
0,12,-12
40,8,32
0,0,0
0,7,-7
19,15,4
0,0,0
0,0,0
1,2,-1
4,4,0
0,0,0
4,4,0
0,0,0
1,3,-2
1,8,-7
13,14,-1
6,0,6
11,7,4
0,10,-10
0,0,0
8,15,-7
5,7,-2
1,1,0
4,4,0
34,8,26
0,0,0
20,20,0
8,2,6
7,7,0
0,0,0
1,0,1
1,0,1
2,24,-22
8,8,0
1,0,1
14,14,0
0,16,-16
4,1,3
2,5,-3
3,3,0
0,0,0
14,0,14
1,10,-9
4,4,0
0,0,0
15,17,-2
3,39,-36
2,0,2
2,9,-7
1,17,-16
5,7,-2
10,4,6
16,16,0
15,14,1
6,18,-12
3,34,-31
7,3,4
46,20,26
35,35,0
2,2,0
6,22,-16
0,0,0
3,0,3
11,0,11
3,3,0
15,15,0
20,30,-10
1,1,0
5,0,5
8,4,4
0,37,-37
13,13,0
8,18,-10
48,23,25
10,9,1
0,0,0
0,8,-8
11,6,5
0,0,0
1,3,-2
17,20,-3
0,0,0
0,4,-4
7,27,-20
4,0,4
1,1,0
9,5,4
2,0,2
2,0,2
0,0,0
3,4,-1
4,2,2
0,0,0
9,28,-19
12,18,-6
16,5,11
4,4,0
6,6,0
2,0,2
0,0,0
0,52,-52
3,0,3
1,0,1
0,4,-4
0,0,0
28,0,28
6,24,-18
0,0,0
0,0,0
1,0,1
9,3,6
1,1,0
0,6,-6
8,2,6
0,0,0
6,41,-35
13,0,13
6,1,5
4,0,4
3,0,3
2,2,0
15,9,6
2,0,2
1,0,1
1,0,1
30,7,23
0,14,-14
8,0,8
4,0,4
0,5,-5
1,0,1
5,5,0
6,26,-20
11,1,10
17,6,11
1,22,-21
0,0,0
1,5,-4
0,0,0
4,4,0
35,7,28
0,25,-25
11,34,-23
11,14,-3
16,13,3
0,2,-2
2,6,-4
2,2,0
27,27,0
7,0,7
0,0,0
11,11,0
8,13,-5
5,4,1
0,1,-1
0,0,0
7,0,7
0,0,0
20,20,0
9,1,8
10,3,7
6,0,6
0,0,0
4,0,4
2,1,1
4,4,0
0,0,0
3,0,3
0,0,0
4,1,3
0,0,0
2,0,2
0,1,-1
3,16,-13
4,17,-13
2,0,2
2,4,-2
2,46,-44
3,3,0
8,23,-15
14,20,-6
79,2,77
13,20,-7
9,9,0
3,13,-10
0,0,0
0,2,-2
44,44,0
1,0,1
11,2,9
12,22,-10
0,0,0
0,1,-1
3,3,0
18,18,0
9,9,0
2,7,-5
0,0,0
9,9,0
0,3,-3
4,10,-6
1,0,1
6,15,-9
6,6,0
7,7,0
7,0,7
2,3,-1
1,1,0
3,0,3
2,5,-3
3,1,2
1,1,0
7,17,-10
2,2,0
18,18,0
0,6,-6
3,6,-3
4,0,4
0,0,0
0,0,0
26,15,11
11,27,-16
5,3,2
4,2,2
1,0,1
0,0,0
1,0,1
13,13,0
2,5,-3
6,1,5
27,27,0
32,32,0
4,0,4
30,30,0
14,25,-11
2,0,2
1,1,0
4,2,2
7,2,5
5,22,-17
12,3,9
0,0,0
5,7,-2
2,11,-9
12,10,2
3,4,-1
6,6,0
7,7,0
17,5,12
8,0,8
2,2,0
1,8,-7
0,5,-5
0,0,0
76,21,55
1,1,0
3,12,-9
10,0,10
4,0,4
14,14,0
10,1,9
0,0,0
1,0,1
5,14,-9
10,12,-2
2,1,1
5,2,3
18,2,16
4,33,-29
9,9,0
14,20,-6
4,7,-3
0,0,0
9,4,5
4,4,0
14,10,4
36,13,23
3,1,2
1,1,0
6,6,0
0,0,0
2,2,0
0,1,-1
24,7,17
27,9,18
24,1,23
10,10,0
5,0,5
0,51,-51
8,8,0
1,0,1
3,20,-17
0,7,-7
3,3,0
5,0,5
13,10,3
3,3,0
0,1,-1
1,13,-12
3,3,0
1,5,-4
0,13,-13
11,23,-12
1,1,0
3,13,-10
2,1,1
1,3,-2
11,11,0
2,21,-19
1,6,-5
4,0,4
1,47,-46
0,0,0
0,2,-2
0,1,-1
1,2,-1
1,1,0
1,16,-15
1,5,-4
3,5,-2
8,8,0
23,23,0
9,9,0
24,24,0
9,7,2
7,7,0
1,0,1
10,10,0
1,6,-5
8,8,0
4,5,-1
17,10,7
2,8,-6
6,0,6
1,1,0
6,7,-1
3,2,1
0,4,-4
9,1,8
0,0,0
7,4,3
4,4,0
10,17,-7
1,1,0
4,4,0
4,4,0
1,1,0
2,2,0
3,18,-15
20,23,-3
6,1,5
8,8,0
1,1,0
1,0,1
7,4,3
14,14,0
0,5,-5
10,1,9
1,1,0
56,20,36
0,0,0
0,3,-3
1,0,1
1,0,1
27,3,24
56,16,40
1,0,1
5,5,0
35,7,28
2,2,0
1,1,0
0,26,-26
7,3,4
11,1,10
0,0,0
1,2,-1
1,7,-6
1,0,1
16,16,0
0,0,0
7,2,5
1,1,0
24,16,8
0,0,0
0,0,0
13,2,11
6,1,5
2,2,0
25,25,0
2,5,-3
5,5,0
6,20,-14
2,7,-5
1,0,1
8,11,-3
3,3,0
2,3,-1
8,8,0
14,14,0
7,5,2
9,25,-16
0,26,-26
4,4,0
8,8,0
78,15,63
3,24,-21
8,7,1
1,0,1
2,12,-10
20,8,12
0,0,0
3,1,2
19,13,6
0,1,-1
0,0,0
7,5,2
1,0,1
2,2,0
18,20,-2
0,19,-19
6,0,6
0,0,0
3,4,-1
0,11,-11
7,1,6
0,0,0
7,3,4
54,54,0
7,0,7
15,8,7
7,0,7
11,11,0
4,19,-15
18,18,0
2,0,2
6,0,6
15,12,3
5,5,0
4,8,-4
1,1,0
0,0,0
0,0,0
11,11,0
1,0,1
7,1,6
0,1,-1
2,0,2
3,22,-19
17,14,3
33,12,21
11,8,3
2,4,-2
5,5,0
4,4,0
1,0,1
3,29,-26
0,0,0
6,0,6
22,22,0
1,11,-10
0,4,-4
0,0,0
4,12,-8
17,17,0
12,11,1
7,7,0
7,4,3
7,3,4
3,10,-7
0,2,-2
36,12,24
2,2,0
3,3,0
8,0,8
11,1,10
8,0,8
6,1,5
10,12,-2
8,7,1
7,7,0
0,0,0
0,1,-1
3,1,2
7,1,6
3,22,-19
1,1,0
2,0,2
4,1,3
10,10,0
2,0,2
2,3,-1
4,0,4
3,0,3
0,0,0
0,0,0
8,0,8
15,22,-7
4,9,-5
11,13,-2
2,2,0
25,25,0
1,5,-4
4,4,0
2,2,0
6,0,6
3,3,0
6,6,0
1,0,1
4,2,2
0,24,-24
0,4,-4
0,0,0
5,7,-2
8,4,4
0,0,0
3,3,0
0,0,0
24,11,13
6,40,-34
4,4,0
6,6,0
13,21,-8
2,2,0
2,2,0
0,0,0
18,18,0
1,25,-24
0,0,0
0,0,0
2,2,0
4,7,-3
1,13,-12
19,20,-1
0,0,0
1,0,1
1,0,1
1,0,1
0,1,-1
1,0,1
7,6,1
1,1,0
36,36,0
1,0,1
21,21,0
5,5,0
14,5,9
2,11,-9
0,13,-13
9,12,-3
12,12,0
9,6,3
5,5,0
1,0,1
4,0,4
8,8,0
9,34,-25
1,1,0
1,1,0
3,2,1
0,2,-2
0,0,0
0,2,-2
0,14,-14
3,3,0
12,10,2
6,6,0
0,0,0
8,2,6
3,0,3
7,12,-5
7,7,0
2,9,-7
3,29,-26
0,0,0
11,19,-8
0,31,-31
2,2,0
7,7,0
0,3,-3
3,6,-3
16,26,-10
2,0,2
9,10,-1
1,5,-4
0,0,0
0,14,-14
19,19,0
5,7,-2
5,2,3
7,2,5
6,0,6
4,0,4
3,0,3
0,0,0
1,2,-1
2,0,2
0,2,-2
3,0,3
9,9,0
0,4,-4
5,0,5
5,12,-7
13,0,13
8,8,0
0,0,0
0,0,0
1,0,1
1,1,0
4,9,-5
12,2,10
15,31,-16
17,17,0
1,0,1
2,2,0
0,0,0
4,4,0
0,5,-5
14,14,0
7,12,-5
0,12,-12
5,2,3
3,1,2
11,2,9
0,0,0
30,30,0
0,0,0
3,0,3
3,3,0
0,12,-12
3,4,-1
2,1,1
4,4,0
4,4,0
11,34,-23
0,14,-14
1,21,-20
0,0,0
3,0,3
0,11,-11
10,5,5
4,4,0
1,0,1
1,0,1
1,1,0
1,4,-3
0,0,0
0,1,-1
15,15,0
12,9,3
1,1,0
0,0,0
7,7,0
3,3,0
0,0,0
2,8,-6
35,0,35
11,0,11
0,1,-1
9,17,-8
14,14,0
6,2,4
1,0,1
2,12,-10
1,1,0
0,0,0
1,0,1
8,13,-5
1,1,0
47,22,25
0,0,0
6,1,5
15,8,7
15,15,0
2,0,2
15,11,4
25,15,10
24,24,0
5,1,4
19,12,7
1,1,0
11,21,-10
0,13,-13
0,0,0
20,25,-5
2,0,2
1,25,-24
8,6,2
0,0,0
10,10,0
6,1,5
22,22,0
2,1,1
8,3,5
0,6,-6
20,20,0
13,19,-6
12,12,0
0,0,0
0,23,-23
3,55,-52
16,0,16
2,22,-20
0,0,0
4,12,-8
11,16,-5
4,12,-8
0,0,0
0,0,0
2,2,0
34,29,5
4,4,0
2,2,0
0,0,0
0,0,0
53,12,41
1,1,0
5,7,-2
0,0,0
1,0,1
1,1,0
0,0,0
1,1,0
22,13,9
4,26,-22
4,1,3
4,4,0
0,1,-1
6,7,-1
4,0,4
31,18,13
0,0,0
3,0,3
4,4,0
14,14,0
22,22,0
4,4,0
2,0,2
0,0,0
7,9,-2
45,17,28
5,0,5
5,0,5
5,0,5
17,6,11
0,0,0
1,1,0
10,10,0
1,1,0
24,24,0
21,21,0
7,7,0
10,3,7
4,4,0
1,3,-2
0,0,0
3,0,3
13,11,2
3,0,3
0,0,0
8,34,-26
9,10,-1
39,39,0
9,9,0
3,3,0
0,0,0
10,12,-2
12,18,-6
25,13,12
1,28,-27
12,3,9
0,3,-3
6,5,1
9,2,7
2,17,-15
1,1,0
0,0,0
2,4,-2
15,15,0
4,4,0
7,22,-15
1,0,1
1,0,1
10,5,5
0,0,0
0,0,0
30,30,0
1,0,1
1,0,1
0,0,0
1,12,-11
38,12,26
8,8,0
6,8,-2
6,8,-2
0,7,-7
12,1,11
6,25,-19
13,2,11
18,4,14
9,7,2
9,2,7
3,17,-14
0,5,-5
1,0,1
10,10,0
0,0,0
0,0,0
6,12,-6
17,26,-9
9,0,9
22,32,-10
0,0,0
4,0,4
3,7,-4
5,1,4
1,0,1
1,5,-4
4,0,4
2,13,-11
5,7,-2
4,1,3
0,0,0
1,0,1
6,4,2
4,4,0
8,8,0
2,2,0
0,0,0
3,0,3
10,36,-26
20,12,8
1,8,-7
6,5,1
8,8,0
2,0,2
1,17,-16
2,2,0
7,1,6
9,9,0
9,6,3
7,14,-7
0,7,-7
3,12,-9
6,20,-14
5,0,5
3,20,-17
7,0,7
9,9,0
2,0,2
23,23,0
1,1,0
7,7,0
7,0,7
1,9,-8
1,1,0
7,2,5
4,2,2
8,8,0
0,0,0
2,8,-6
12,25,-13
7,2,5
5,9,-4
16,2,14
10,7,3
0,0,0
2,2,0
0,0,0
13,10,3
1,23,-22
13,29,-16
17,3,14
3,6,-3
0,0,0
0,0,0
0,6,-6
25,2,23
15,0,15
4,4,0
8,1,7
5,0,5
2,2,0
1,1,0
4,0,4
14,12,2
0,0,0
11,14,-3
2,2,0
1,2,-1
22,22,0
12,12,0
0,3,-3
0,1,-1
0,0,0
0,7,-7
18,4,14
8,6,2
0,1,-1
16,16,0
1,0,1
3,1,2
0,0,0
15,15,0
0,1,-1
0,0,0
10,3,7
13,0,13
3,8,-5
1,1,0
5,11,-6
2,25,-23
0,0,0
7,0,7
6,4,2
1,9,-8
4,29,-25
6,0,6
10,4,6
17,13,4
10,7,3
16,0,16
11,35,-24
12,3,9
25,29,-4
5,35,-30
1,1,0
4,19,-15
0,17,-17
18,18,0
1,1,0
7,6,1
20,17,3
0,18,-18
19,16,3
0,2,-2
1,45,-44
0,0,0
7,7,0
1,0,1
76,76,0
1,0,1
1,1,0
2,1,1
0,0,0
6,6,0
8,0,8
7,7,0
6,1,5
4,1,3
8,22,-14
5,34,-29
0,0,0
0,0,0
8,11,-3
1,1,0
1,0,1
0,20,-20
23,9,14
5,5,0
1,0,1
0,0,0
14,2,12
2,5,-3
14,13,1
8,2,6
0,3,-3
3,9,-6
1,1,0
1,26,-25
9,4,5
1,25,-24
1,0,1
1,4,-3
7,7,0
15,2,13
15,7,8
11,4,7
6,16,-10
2,2,0
3,3,0
2,12,-10
0,3,-3
11,1,10
4,2,2
9,9,0
6,6,0
0,4,-4
2,0,2
1,0,1
5,4,1
6,6,0
7,7,0
62,6,56
0,3,-3
4,6,-2
1,1,0
5,12,-7
13,16,-3
6,5,1
8,23,-15
16,10,6
9,9,0
4,26,-22
0,0,0
1,3,-2
1,0,1
1,1,0
1,1,0
2,2,0
7,3,4
9,4,5
0,0,0
1,0,1
4,4,0
3,5,-2
1,0,1
3,0,3
0,0,0
4,15,-11
1,1,0
8,0,8
0,4,-4
2,14,-12
4,4,0
1,2,-1
9,9,0
0,0,0
2,8,-6
3,0,3
0,9,-9
5,3,2
31,13,18
5,4,1
0,0,0
1,1,0
4,4,0
3,13,-10
2,4,-2
18,26,-8
0,0,0
1,4,-3
1,0,1
10,5,5
13,1,12
2,3,-1
7,7,0
0,0,0
11,12,-1
0,3,-3
6,1,5
2,3,-1
8,0,8
17,17,0
2,5,-3
4,19,-15
1,0,1
0,0,0
20,6,14
2,0,2
3,10,-7
0,0,0
0,1,-1
2,1,1
17,3,14
0,0,0
16,1,15
3,0,3
15,15,0
0,0,0
12,6,6
0,0,0
3,2,1
19,7,12
3,3,0
7,1,6
2,5,-3
5,51,-46
0,0,0
3,4,-1
5,14,-9
18,1,17
0,4,-4
18,17,1
7,17,-10
1,4,-3
0,0,0
0,0,0
1,0,1
3,6,-3
11,23,-12
3,3,0
0,3,-3
4,4,0
0,0,0
21,21,0
4,0,4
0,1,-1
7,0,7
15,3,12
3,7,-4
2,0,2
20,28,-8
4,28,-24
7,7,0
1,15,-14
1,11,-10
0,0,0
0,22,-22
1,4,-3
4,7,-3
0,5,-5
3,0,3
2,2,0
0,5,-5
6,22,-16
0,3,-3
10,0,10
7,12,-5
4,7,-3
1,0,1
6,3,3
13,13,0
0,0,0
11,0,11
6,2,4
28,28,0
8,4,4
0,2,-2
4,4,0
26,7,19
9,9,0
3,0,3
0,0,0
1,1,0
3,6,-3
3,3,0
32,32,0
10,12,-2
10,3,7
0,0,0
3,16,-13
3,2,1
9,10,-1
5,2,3
2,2,0
3,3,0
3,23,-20
4,15,-11
3,1,2
35,54,-19
5,19,-14
7,5,2
10,10,0
9,9,0
1,0,1
6,11,-5
10,4,6
0,8,-8
0,0,0
4,1,3
2,2,0
0,3,-3
2,18,-16
3,3,0
1,0,1
1,1,0
0,0,0
3,12,-9
9,9,0
2,29,-27
8,8,0
2,0,2
0,0,0
5,0,5
0,12,-12
0,0,0
42,23,19
2,2,0
15,50,-35
23,15,8
12,12,0
3,2,1
0,2,-2
8,14,-6
2,2,0
7,7,0
5,5,0
0,0,0
0,4,-4
3,1,2
9,5,4
15,26,-11
0,0,0
11,11,0
5,16,-11
13,13,0
7,7,0
0,10,-10
0,0,0
3,0,3
1,28,-27
3,6,-3
6,6,0
4,4,0
0,3,-3
1,0,1
2,0,2
0,18,-18
0,0,0
1,17,-16
5,0,5
2,2,0
10,13,-3
7,9,-2
0,0,0
3,26,-23
6,7,-1
4,1,3
1,0,1
1,0,1
0,4,-4
0,3,-3
2,2,0
0,0,0
19,34,-15
0,0,0
0,20,-20
5,5,0
19,19,0
13,2,11
9,0,9
1,9,-8
10,6,4
10,8,2
8,0,8
12,3,9
1,1,0
0,0,0
5,22,-17
7,7,0
5,1,4
0,0,0
9,4,5
3,3,0
8,0,8
0,0,0
5,28,-23
5,5,0
9,9,0
5,5,0
11,3,8
6,6,0
33,3,30
0,0,0
5,5,0
4,1,3
27,16,11
0,4,-4
3,0,3
14,14,0
1,1,0
20,20,0
0,0,0
13,13,0
6,6,0
7,4,3
8,8,0
0,22,-22
11,60,-49
26,26,0
2,32,-30
5,2,3
1,42,-41
0,4,-4
0,9,-9
0,1,-1
13,7,6
0,5,-5
1,1,0
37,37,0
10,0,10
6,0,6
0,0,0
2,2,0
15,0,15
6,34,-28
11,11,0
1,0,1
0,0,0
0,4,-4
44,4,40
2,3,-1
24,1,23
5,5,0
4,5,-1
0,0,0
0,12,-12
1,8,-7
5,0,5
13,10,3
0,0,0
4,0,4
38,2,36
0,0,0
4,1,3
10,18,-8
9,26,-17
14,19,-5
1,2,-1
27,9,18
1,8,-7
5,2,3
18,13,5
5,5,0
13,15,-2
5,5,0
3,0,3
7,15,-8
1,0,1
2,4,-2
3,1,2
2,2,0
3,5,-2
3,1,2
2,0,2
0,1,-1
0,0,0
7,1,6
7,7,0
0,0,0
14,1,13
15,15,0
18,2,16
15,15,0
3,8,-5
2,21,-19
6,32,-26
5,0,5
8,5,3
2,0,2
0,3,-3
0,4,-4
9,14,-5
13,0,13
8,3,5
3,0,3
18,3,15
4,0,4
1,1,0
22,22,0
0,1,-1
6,5,1
2,2,0
21,2,19
2,1,1
44,44,0
0,4,-4
2,1,1
1,20,-19
0,0,0
5,2,3
4,1,3
1,6,-5
28,34,-6
12,0,12
19,4,15
2,2,0
7,5,2
1,4,-3
0,0,0
0,2,-2
23,38,-15
2,0,2
0,15,-15
0,0,0
6,28,-22
10,1,9
1,10,-9
0,11,-11
0,9,-9
2,1,1
5,10,-5
20,17,3
8,8,0
9,10,-1
10,10,0
3,3,0
3,2,1
2,0,2
3,0,3
6,2,4
8,10,-2
6,18,-12
3,0,3
10,2,8
5,7,-2
0,0,0
0,2,-2
22,22,0
3,3,0
0,1,-1
5,2,3
16,14,2
0,5,-5
21,0,21
4,0,4
6,1,5
8,0,8
21,21,0
1,0,1
1,0,1
13,8,5
0,1,-1
1,6,-5
1,2,-1
12,1,11
30,3,27
1,1,0
17,6,11
9,6,3
36,16,20
15,3,12
3,7,-4
6,15,-9
3,0,3
5,4,1
2,0,2
6,14,-8
18,2,16
0,2,-2
5,22,-17
0,0,0
0,14,-14
1,0,1
1,0,1
10,6,4
3,5,-2
14,11,3
5,1,4
16,2,14
9,4,5
8,10,-2
42,46,-4
36,1,35
10,2,8
5,8,-3
1,1,0
7,7,0
16,23,-7
19,1,18
4,0,4
3,5,-2
6,3,3
3,18,-15
5,5,0
3,11,-8
80,80,0
15,12,3
16,8,8
1,21,-20
7,5,2
0,1,-1
0,0,0
1,0,1
4,6,-2
0,2,-2
17,10,7
14,21,-7
15,15,0
23,4,19
1,3,-2
23,23,0
2,15,-13
25,34,-9
8,3,5
4,11,-7
4,4,0
1,23,-22
2,0,2
14,2,12
9,9,0
5,2,3
1,0,1
1,5,-4
5,7,-2
1,0,1
10,2,8
6,2,4
1,0,1
32,5,27
0,0,0
2,0,2
0,10,-10
0,0,0
2,2,0
9,35,-26
4,4,0
1,30,-29
11,11,0
0,1,-1
0,18,-18
5,3,2
18,18,0
0,0,0
4,4,0
3,3,0
0,1,-1
1,0,1
12,40,-28
16,1,15
2,0,2
7,10,-3
3,0,3
1,1,0
23,10,13
5,13,-8
3,3,0
0,15,-15
5,3,2
0,4,-4
4,4,0
4,0,4
4,4,0
3,0,3
10,10,0
5,2,3
7,7,0
4,4,0
2,18,-16
0,11,-11
2,1,1
6,28,-22
4,11,-7
5,5,0
8,8,0
3,3,0
0,11,-11
3,27,-24
0,4,-4
0,0,0
5,5,0
1,0,1
8,8,0
0,6,-6
1,0,1
4,0,4
2,2,0
34,1,33
2,2,0
1,0,1
29,15,14
0,0,0
1,15,-14
3,0,3
17,0,17
5,9,-4
2,16,-14
0,0,0
0,4,-4
0,0,0
7,16,-9
0,2,-2
0,5,-5
7,0,7
8,11,-3
20,11,9
5,0,5
2,0,2
6,0,6
2,21,-19
26,0,26
6,6,0
3,7,-4
0,11,-11
5,4,1
0,0,0
0,0,0
7,5,2
6,3,3
12,1,11
0,0,0
1,1,0
0,0,0
0,0,0
1,0,1
0,0,0
6,0,6
1,25,-24
3,45,-42
1,1,0
6,32,-26
45,13,32
2,2,0
1,3,-2
3,6,-3
17,13,4
6,1,5
5,4,1
13,13,0
2,22,-20
6,6,0
0,4,-4
5,0,5
3,2,1
0,0,0
60,16,44
7,19,-12
0,3,-3
5,2,3
8,4,4
1,2,-1
4,1,3
5,5,0
3,3,0
2,0,2
12,1,11
3,0,3
0,2,-2
25,25,0
4,0,4
3,3,0
1,0,1
1,1,0
3,7,-4
0,0,0
9,9,0
3,18,-15
1,2,-1
17,0,17
0,5,-5
4,2,2
2,9,-7
22,0,22
0,1,-1
25,7,18
9,11,-2
1,5,-4
0,6,-6
5,2,3
20,20,0
0,6,-6
7,7,0
2,0,2
0,0,0
6,2,4
6,1,5
21,1,20
1,0,1
2,0,2
0,0,0
6,6,0
18,4,14
15,1,14
0,1,-1
1,6,-5
2,26,-24
0,0,0
6,28,-22
10,7,3
11,30,-19
0,5,-5
6,6,0
3,3,0
9,0,9
5,0,5
3,25,-22
1,1,0
1,1,0
7,7,0
0,0,0
2,2,0
26,26,0
0,8,-8
0,0,0
7,7,0
6,6,0
11,11,0
3,3,0
7,7,0
8,8,0
0,3,-3
5,0,5
2,2,0
1,4,-3
9,23,-14
17,0,17
1,4,-3
2,1,1
0,0,0
0,2,-2
10,6,4
6,3,3
1,1,0
1,20,-19
0,0,0
12,12,0
4,1,3
1,0,1
4,5,-1
0,0,0
19,7,12
7,14,-7
0,0,0
14,2,12
1,9,-8
5,6,-1
5,5,0
20,1,19
9,5,4
0,0,0
1,7,-6
1,23,-22
4,0,4
9,0,9
0,0,0
11,7,4
8,1,7
32,1,31
1,17,-16
0,1,-1
7,7,0
10,22,-12
28,5,23
17,17,0
2,3,-1
3,3,0
6,4,2
2,0,2
0,0,0
2,1,1
0,4,-4
1,0,1
0,0,0
0,19,-19
3,3,0
13,0,13
15,22,-7
10,11,-1
8,7,1
13,13,0
10,2,8
3,10,-7
4,0,4
6,6,0
2,23,-21
5,5,0
7,8,-1
7,0,7
1,0,1
2,3,-1
7,10,-3
18,18,0
3,15,-12
8,2,6
0,14,-14
7,0,7
4,8,-4
1,1,0
0,1,-1
2,2,0
9,3,6
8,37,-29
6,2,4
2,11,-9
10,10,0
2,2,0
17,10,7
5,3,2
0,0,0
0,0,0
5,3,2
0,37,-37
0,1,-1
7,1,6
1,11,-10
0,1,-1
5,0,5
2,0,2
1,4,-3
25,6,19
19,16,3
0,0,0
0,13,-13
1,0,1
0,10,-10
77,36,41
3,11,-8
1,4,-3
2,5,-3
0,0,0
1,0,1
4,30,-26
19,46,-27
6,3,3
5,0,5
3,3,0
13,11,2
15,29,-14
9,27,-18
0,42,-42
1,0,1
2,6,-4
15,9,6
3,6,-3
4,3,1
6,8,-2
37,3,34
9,9,0
1,5,-4
16,4,12
11,0,11
13,13,0
1,0,1
5,20,-15
9,9,0
2,7,-5
19,17,2
14,0,14
8,8,0
0,0,0
23,25,-2
5,5,0
11,9,2
5,8,-3
3,3,0
0,0,0
0,0,0
0,10,-10
5,0,5
1,6,-5
8,8,0
0,4,-4
11,9,2
2,1,1
20,26,-6
0,0,0
8,2,6
3,27,-24
5,5,0
1,1,0
1,0,1
0,16,-16
4,21,-17
18,18,0
2,8,-6
0,20,-20
2,0,2
2,2,0
1,0,1
0,0,0
1,3,-2
4,10,-6
24,10,14
2,9,-7
0,0,0
0,0,0
0,27,-27
10,10,0
3,0,3
9,35,-26
2,2,0
9,0,9
7,5,2
1,0,1
15,15,0
0,6,-6
0,0,0
3,20,-17
0,1,-1
0,2,-2
0,30,-30
4,4,0
1,22,-21
3,3,0
26,26,0
6,5,1
5,4,1
2,2,0
3,6,-3
8,17,-9
1,0,1
26,33,-7
0,2,-2
0,0,0
0,0,0
0,7,-7
8,9,-1
1,18,-17
6,4,2
5,5,0
7,13,-6
2,7,-5
1,0,1
2,2,0
45,20,25
7,7,0
4,6,-2
2,5,-3
0,10,-10
7,23,-16
18,0,18
4,21,-17
10,1,9
3,3,0
7,9,-2
5,10,-5
70,32,38
0,0,0
10,10,0
11,10,1
18,18,0
10,3,7
7,35,-28
3,1,2
4,4,0
1,1,0
0,0,0
34,8,26
18,7,11
6,10,-4
6,1,5
4,4,0
2,14,-12
1,1,0
9,0,9
1,1,0
4,3,1
10,8,2
3,0,3
8,5,3
5,1,4
8,8,0
18,4,14
1,21,-20
8,31,-23
19,11,8
0,0,0
5,8,-3
0,0,0
4,4,0
4,1,3
5,0,5
3,11,-8
18,9,9
9,9,0
2,8,-6
7,5,2
4,32,-28
2,0,2
0,0,0
0,0,0
0,3,-3
9,2,7
13,3,10
8,9,-1
9,10,-1
5,24,-19
3,12,-9
8,10,-2
10,10,0
4,1,3
0,39,-39
3,0,3
2,8,-6
1,23,-22
9,1,8
29,29,0
2,3,-1
1,5,-4
7,2,5
6,19,-13
7,0,7
2,2,0
17,16,1
8,0,8
1,2,-1
1,0,1
5,4,1
34,34,0
13,4,9
1,0,1
0,0,0
33,22,11
5,5,0
3,9,-6
12,12,0
11,8,3
14,4,10
1,1,0
2,2,0
3,1,2
3,1,2
0,3,-3
3,7,-4
4,8,-4
8,8,0
7,0,7
10,13,-3
15,1,14
0,0,0
4,2,2
15,16,-1
26,26,0
1,7,-6
1,1,0
0,0,0
0,6,-6
0,13,-13
0,0,0
6,0,6
3,1,2
2,0,2
1,5,-4
3,1,2
0,0,0
1,0,1
2,7,-5
6,8,-2
1,0,1
1,0,1
3,0,3
5,0,5
8,8,0
2,0,2
12,12,0
0,11,-11
0,3,-3
8,21,-13
20,18,2
11,6,5
0,0,0
8,8,0
3,0,3
1,35,-34
3,3,0
19,19,0
5,2,3
0,0,0
2,2,0
1,0,1
3,2,1
2,5,-3
2,14,-12
21,12,9
0,7,-7
17,1,16
7,1,6
0,0,0
13,13,0
0,35,-35
17,17,0
0,0,0
3,28,-25
4,29,-25
0,0,0
0,2,-2
3,0,3
5,2,3
8,2,6
3,3,0
0,0,0
5,1,4
0,0,0
2,2,0
4,10,-6
1,0,1
12,1,11
1,1,0
0,0,0
16,5,11
38,13,25
13,14,-1
2,2,0
13,21,-8
3,0,3
8,0,8
6,16,-10
0,5,-5
10,7,3
2,0,2
9,6,3
11,11,0
18,18,0
2,0,2
5,5,0
0,30,-30
3,3,0
8,8,0
3,1,2
0,15,-15
21,2,19
16,16,0
7,1,6
0,0,0
1,0,1
6,1,5
0,13,-13
1,1,0
0,0,0
1,2,-1
0,2,-2
2,10,-8
0,0,0
1,9,-8
15,21,-6
4,0,4
12,12,0
9,9,0
11,11,0
2,0,2
1,7,-6
6,1,5
25,18,7
4,16,-12
0,0,0
1,4,-3
1,10,-9
0,11,-11
1,2,-1
6,3,3
3,7,-4
1,0,1
7,8,-1
7,7,0
28,28,0
7,7,0
5,48,-43
0,0,0
2,2,0
2,9,-7
1,3,-2
4,17,-13
1,2,-1
0,3,-3
16,0,16
0,10,-10
21,6,15
2,4,-2
4,3,1
11,5,6
4,8,-4
7,18,-11
9,16,-7
5,0,5
8,18,-10
1,1,0
1,0,1
75,75,0
5,3,2
5,0,5
4,9,-5
1,21,-20
0,0,0
5,5,0
3,0,3
0,1,-1
0,1,-1
0,0,0
7,0,7
1,1,0
8,8,0
27,1,26
11,11,0
0,0,0
3,0,3
13,0,13
10,11,-1
0,0,0
0,2,-2
13,26,-13
10,1,9
0,0,0
1,45,-44
7,17,-10
20,8,12
0,7,-7
23,7,16
19,15,4
2,2,0
14,29,-15
1,4,-3
18,28,-10
11,11,0
4,1,3
3,4,-1
17,14,3
4,8,-4
3,0,3
1,1,0
0,0,0
0,13,-13
3,20,-17
10,7,3
7,0,7
4,4,0
0,4,-4
1,1,0
2,25,-23
3,41,-38
2,2,0
11,10,1
1,12,-11
1,4,-3
0,0,0
0,0,0
14,11,3
13,13,0
2,3,-1
4,15,-11
12,13,-1
1,0,1
20,20,0
1,1,0
9,1,8
21,21,0
9,1,8
0,21,-21
2,0,2
1,4,-3
5,36,-31
0,0,0
7,4,3
0,0,0
2,2,0
0,0,0
0,3,-3
0,4,-4
8,8,0
0,0,0
4,16,-12
4,4,0
1,16,-15
18,17,1
3,0,3
1,1,0
4,0,4
14,7,7
11,1,10
0,0,0
0,4,-4
3,0,3
2,2,0
3,3,0
24,24,0
3,5,-2
19,19,0
1,5,-4
0,0,0
3,0,3
0,0,0
0,0,0
3,5,-2
1,1,0
16,17,-1
1,1,0
14,1,13
1,1,0
1,14,-13
4,8,-4
4,1,3
45,45,0
2,4,-2
0,0,0
8,9,-1
0,3,-3
1,7,-6
0,0,0
1,1,0
0,0,0
0,0,0
0,7,-7
1,0,1
8,6,2
38,38,0
2,26,-24
5,5,0
1,0,1
1,0,1
2,3,-1
14,14,0
2,6,-4
0,5,-5
0,0,0
0,0,0
3,0,3
6,6,0
0,7,-7
20,12,8
15,1,14
2,2,0
15,9,6
2,2,0
0,0,0
1,1,0
12,14,-2
15,15,0
0,9,-9
0,0,0
25,25,0
2,7,-5
0,0,0
3,3,0
12,12,0
76,33,43
0,7,-7
15,15,0
9,3,6
1,3,-2
13,13,0
2,2,0
21,1,20
14,0,14
0,1,-1
6,6,0
9,9,0
0,0,0
29,0,29
1,12,-11
0,0,0
13,13,0
0,0,0
41,41,0
4,0,4
0,0,0
0,0,0
1,8,-7
11,4,7
0,0,0
0,3,-3
18,2,16
3,13,-10
29,29,0
0,17,-17
2,8,-6
0,0,0
3,0,3
33,21,12
8,8,0
18,1,17
8,9,-1
1,1,0
1,1,0
2,0,2
3,2,1
2,0,2
1,14,-13
2,7,-5
30,30,0
1,0,1
0,0,0
0,2,-2
11,0,11
14,14,0
7,0,7
0,0,0
24,0,24
0,0,0
1,31,-30
8,9,-1
3,0,3
11,9,2
2,0,2
17,7,10
16,9,7
8,16,-8
9,9,0
37,37,0
0,10,-10
11,11,0
15,15,0
0,3,-3
2,2,0
2,2,0
14,21,-7
5,5,0
1,5,-4
0,0,0
0,0,0
4,4,0
11,1,10
2,28,-26
29,12,17
6,9,-3
2,2,0
1,0,1
14,11,3
0,9,-9
0,0,0
3,0,3
5,3,2
7,2,5
0,11,-11
3,0,3
6,7,-1
1,0,1
2,27,-25
0,6,-6
5,27,-22
27,41,-14
5,1,4
1,0,1
3,30,-27
4,15,-11
4,4,0
0,0,0
10,10,0
11,11,0
3,0,3
60,3,57
1,0,1
33,1,32
4,4,0
5,1,4
7,0,7
25,0,25
5,13,-8
0,3,-3
2,2,0
1,21,-20
3,1,2
1,0,1
1,10,-9
11,3,8
0,0,0
0,1,-1
1,1,0
2,12,-10
3,6,-3
20,20,0
1,9,-8
9,9,0
9,4,5
0,0,0
0,0,0
14,1,13
3,11,-8
16,30,-14
3,15,-12
26,26,0
20,20,0
4,6,-2
15,15,0
3,30,-27
3,11,-8
4,40,-36
4,0,4
3,0,3
11,11,0
0,44,-44
7,4,3
2,7,-5
7,7,0
7,17,-10
7,16,-9
2,2,0
2,9,-7
6,5,1
1,1,0
0,0,0
0,0,0
6,9,-3
30,8,22
0,10,-10
1,1,0
51,2,49
6,1,5
2,11,-9
0,11,-11
4,9,-5
5,1,4
2,0,2
1,6,-5
0,4,-4
0,0,0
7,0,7
30,27,3
0,23,-23
1,0,1
0,0,0
0,0,0
0,0,0
25,10,15
2,2,0
15,30,-15
1,5,-4
0,3,-3
11,11,0
1,7,-6
4,2,2
36,9,27
3,6,-3
6,1,5
4,4,0
9,30,-21
1,1,0
4,1,3
4,0,4
9,3,6
2,19,-17
3,3,0
0,0,0
9,0,9
3,7,-4
6,0,6
17,17,0
7,13,-6
0,0,0
6,6,0
1,1,0
14,6,8
0,0,0
14,16,-2
14,1,13
0,2,-2
0,13,-13
8,6,2
25,10,15
3,0,3
4,8,-4
0,3,-3
4,0,4
0,0,0
10,10,0
0,4,-4
1,15,-14
0,0,0
10,10,0
1,4,-3
0,0,0
0,0,0
0,0,0
2,0,2
0,0,0
23,6,17
14,14,0
20,20,0
44,9,35
2,0,2
17,0,17
0,0,0
4,12,-8
5,2,3
8,0,8
1,40,-39
5,2,3
23,7,16
30,10,20
0,0,0
14,17,-3
7,6,1
5,4,1
5,4,1
27,8,19
3,0,3
3,0,3
1,1,0
5,13,-8
4,8,-4
0,0,0
0,1,-1
0,2,-2
1,9,-8
1,3,-2
6,9,-3
12,2,10
19,13,6
0,0,0
0,8,-8
12,12,0
50,50,0
4,4,0
7,7,0
2,9,-7
5,5,0
38,38,0
22,22,0
1,0,1
4,0,4
7,7,0
1,0,1
15,10,5
4,8,-4
2,0,2
14,14,0
2,2,0
2,2,0
4,0,4
3,11,-8
7,7,0
1,41,-40
1,1,0
21,21,0
4,7,-3
3,0,3
0,14,-14
2,1,1
3,0,3
12,11,1
4,2,2
14,44,-30
1,6,-5
5,1,4
3,0,3
2,2,0
6,6,0
1,0,1
4,26,-22
0,0,0
0,1,-1
2,1,1
28,7,21
0,0,0
14,4,10
0,0,0
3,4,-1
2,1,1
0,0,0
8,8,0
3,11,-8
12,8,4
4,4,0
13,4,9
1,1,0
1,1,0
10,10,0
16,5,11
2,0,2
6,2,4
5,0,5
1,53,-52
8,8,0
4,4,0
1,0,1
19,26,-7
11,19,-8
4,4,0
19,15,4
27,15,12
0,0,0
14,3,11
0,9,-9
2,2,0
0,1,-1
5,0,5
11,2,9
14,14,0
3,0,3
18,41,-23
1,4,-3
7,5,2
1,1,0
14,14,0
3,12,-9
7,6,1
2,0,2
2,2,0
0,0,0
13,4,9
1,0,1
6,0,6
4,21,-17
5,2,3
9,14,-5
3,3,0
4,1,3
1,0,1
9,9,0
29,6,23
2,0,2
37,0,37
13,6,7
1,3,-2
31,2,29
43,16,27
9,9,0
9,15,-6
2,1,1
1,7,-6
0,0,0
3,5,-2
0,0,0
2,2,0
2,2,0
9,2,7
2,0,2
3,3,0
1,1,0
3,27,-24
10,9,1
1,1,0
2,2,0
3,9,-6
1,5,-4
1,0,1
2,8,-6
9,12,-3
0,12,-12
7,10,-3
9,0,9
3,0,3
15,22,-7
5,0,5
3,6,-3
10,0,10
1,0,1
35,18,17
4,4,0
0,11,-11
2,4,-2
2,3,-1
1,1,0
1,0,1
3,3,0
2,3,-1
0,0,0
1,1,0
2,5,-3
12,8,4
6,2,4
2,2,0
25,9,16
37,37,0
44,0,44
1,1,0
4,8,-4
13,13,0
13,13,0
53,53,0
0,4,-4
1,0,1
20,14,6
1,0,1
13,1,12
1,0,1
5,0,5
1,20,-19
0,0,0
24,14,10
6,12,-6
6,9,-3
14,14,0
17,21,-4
7,7,0
6,14,-8
1,2,-1
10,2,8
1,0,1
3,0,3
1,3,-2
54,32,22
11,31,-20
2,5,-3
0,15,-15
4,20,-16
1,1,0
1,17,-16
5,0,5
5,10,-5
10,10,0
6,0,6
1,1,0
0,5,-5
6,19,-13
1,1,0
1,5,-4
9,32,-23
9,9,0
2,4,-2
8,1,7
1,0,1
8,8,0
2,2,0
0,4,-4
4,8,-4
6,14,-8
3,3,0
0,0,0
0,7,-7
0,0,0
0,0,0
6,0,6
0,2,-2
0,0,0
34,7,27
4,2,2
10,0,10
0,4,-4
2,2,0
24,24,0
8,0,8
3,15,-12
9,9,0
50,33,17
8,2,6
15,27,-12
6,6,0
2,2,0
6,6,0
2,2,0
7,3,4
11,11,0
4,3,1
57,0,57
0,0,0
6,2,4
3,0,3
10,10,0
0,0,0
16,49,-33
10,1,9
3,3,0
19,19,0
2,0,2
1,2,-1
1,1,0
0,0,0
7,5,2
12,12,0
0,0,0
3,1,2
2,6,-4
18,4,14
62,8,54
54,7,47
3,0,3
5,3,2
3,0,3
9,3,6
2,2,0
12,12,0
10,10,0
3,22,-19
1,1,0
13,7,6
0,22,-22
24,0,24
2,1,1
11,0,11
5,28,-23
2,4,-2
0,0,0
18,24,-6
5,5,0
2,2,0
1,1,0
2,3,-1
0,0,0
6,0,6
1,0,1
1,11,-10
18,16,2
10,16,-6
9,0,9
4,28,-24
1,46,-45
14,0,14
0,8,-8
4,10,-6
4,4,0
1,0,1
1,1,0
20,20,0
1,1,0
16,6,10
31,31,0
26,3,23
2,0,2
4,38,-34
14,2,12
0,5,-5
5,4,1
5,0,5
3,8,-5
3,1,2
0,9,-9
5,4,1
3,21,-18
0,0,0
1,7,-6
21,21,0
1,1,0
0,10,-10
6,7,-1
11,2,9
0,0,0
0,0,0
0,0,0
6,5,1
5,5,0
4,0,4
6,7,-1
5,5,0
4,2,2
4,2,2
5,4,1
1,28,-27
0,4,-4
0,2,-2
2,5,-3
15,0,15
0,11,-11
7,5,2
0,0,0
2,0,2
9,9,0
0,0,0
4,4,0
9,20,-11
33,16,17
0,7,-7
2,2,0
0,6,-6
0,3,-3
4,0,4
0,0,0
4,2,2
3,3,0
1,1,0
0,0,0
0,7,-7
1,12,-11
2,1,1
34,15,19
5,6,-1
30,0,30
3,2,1
0,5,-5
4,4,0
3,0,3
5,31,-26
3,0,3
1,1,0
3,9,-6
0,0,0
4,16,-12
5,5,0
7,1,6
0,4,-4
1,0,1
2,6,-4
25,25,0
6,13,-7
4,20,-16
5,13,-8
0,2,-2
1,19,-18
1,0,1
12,15,-3
0,0,0
26,14,12
1,0,1
14,11,3
1,23,-22
5,9,-4
2,1,1
0,0,0
12,12,0
0,0,0
28,15,13
0,20,-20
0,30,-30
4,16,-12
7,5,2
22,14,8
15,2,13
0,0,0
3,2,1
3,11,-8
3,3,0
0,0,0
0,0,0
17,37,-20
5,2,3
9,2,7
3,0,3
0,0,0
12,19,-7
4,26,-22
34,3,31
9,0,9
4,0,4
3,8,-5
21,22,-1
10,25,-15
12,2,10
9,34,-25
21,21,0
13,1,12
11,0,11
1,4,-3
0,6,-6
17,14,3
14,14,0
5,14,-9
0,0,0
11,7,4
7,7,0
41,14,27
5,5,0
0,0,0
24,8,16
0,0,0
6,25,-19
5,0,5
22,5,17
1,5,-4
3,5,-2
18,18,0
0,0,0
2,0,2
0,2,-2
7,25,-18
0,53,-53
5,5,0
5,3,2
26,1,25
23,2,21
4,5,-1
2,2,0
1,0,1
8,0,8
4,2,2
0,0,0
0,6,-6
1,12,-11
1,0,1
8,21,-13
0,0,0
5,0,5
1,1,0
8,12,-4
9,0,9
9,17,-8
3,21,-18
1,5,-4
3,0,3
3,18,-15
2,2,0
0,0,0
4,0,4
0,2,-2
6,6,0
0,10,-10
1,5,-4
2,0,2
10,3,7
9,9,0
2,3,-1
6,6,0
10,10,0
1,0,1
26,0,26
1,0,1
24,32,-8
0,0,0
7,7,0
7,4,3
5,0,5
16,7,9
20,1,19
5,6,-1
28,7,21
11,2,9
31,31,0
1,6,-5
0,2,-2
4,7,-3
12,12,0
0,0,0
0,28,-28
2,0,2
11,9,2
1,0,1
3,0,3
2,2,0
0,0,0
0,2,-2
1,26,-25
0,0,0
4,51,-47
5,5,0
0,0,0
3,14,-11
2,4,-2
0,0,0
4,2,2
1,1,0
19,4,15
2,6,-4
9,8,1
0,0,0
0,1,-1
16,7,9
0,0,0
1,3,-2
2,5,-3
16,0,16
9,9,0
0,0,0
2,4,-2
0,0,0
0,0,0
0,0,0
5,5,0
9,9,0
8,3,5
0,0,0
18,37,-19
24,2,22
2,5,-3
12,0,12
9,2,7
6,17,-11
1,0,1
4,4,0
5,6,-1
0,4,-4
4,4,0
0,0,0
14,13,1
4,2,2
24,21,3
2,0,2
4,0,4
0,17,-17
31,10,21
2,3,-1
9,52,-43
4,4,0
1,0,1
0,3,-3
20,20,0
0,0,0
12,5,7
2,5,-3
7,16,-9
0,0,0
0,1,-1
4,0,4
2,3,-1
11,3,8
3,2,1
2,2,0
1,1,0
2,1,1
0,0,0
10,0,10
0,0,0
0,9,-9
7,0,7
2,0,2
9,27,-18
0,35,-35
3,3,0
30,11,19
3,3,0
1,1,0
2,2,0
23,12,11
1,0,1
5,5,0
6,16,-10
18,18,0
2,5,-3
3,0,3
0,0,0
3,0,3
7,21,-14
0,0,0
2,1,1
2,3,-1
4,31,-27
3,0,3
3,2,1
0,0,0
14,9,5
1,1,0
0,7,-7
46,1,45
3,3,0
11,11,0
8,10,-2
0,2,-2
1,24,-23
0,28,-28
2,2,0
0,0,0
8,0,8
3,0,3
1,2,-1
11,11,0
6,11,-5
1,0,1
0,0,0
6,6,0
25,25,0
1,0,1
1,1,0
0,55,-55
1,12,-11
5,17,-12
0,0,0
21,21,0
5,5,0
0,0,0
0,2,-2
4,1,3
7,7,0
2,5,-3
10,10,0
33,7,26
0,0,0
2,13,-11
4,0,4
1,0,1
7,1,6
0,0,0
0,0,0
2,3,-1
3,5,-2
0,0,0
28,24,4
0,0,0
2,4,-2
7,7,0
0,0,0
0,0,0
6,6,0
0,46,-46
7,7,0
0,3,-3
5,3,2
1,3,-2
7,7,0
4,4,0
0,0,0
7,5,2
1,1,0
0,0,0
5,10,-5
0,0,0
2,2,0
5,5,0
0,8,-8
0,6,-6
2,3,-1
3,3,0
6,10,-4
10,2,8
3,8,-5
2,2,0
1,1,0
0,1,-1
5,1,4
3,4,-1
8,8,0
5,1,4
0,1,-1
0,0,0
0,1,-1
12,29,-17
18,0,18
2,0,2
2,0,2
2,6,-4
41,41,0
12,18,-6
1,2,-1
1,0,1
1,1,0
4,4,0
0,7,-7
41,2,39
2,11,-9
0,0,0
5,3,2
3,8,-5
0,23,-23
7,0,7
12,0,12
0,1,-1
3,0,3
18,13,5
6,2,4
0,20,-20
1,0,1
0,1,-1
0,0,0
1,0,1
3,5,-2
2,2,0
25,28,-3
20,0,20
0,0,0
9,0,9
1,0,1
0,6,-6
2,25,-23
0,0,0
18,33,-15
9,9,0
6,8,-2
16,28,-12
3,7,-4
8,15,-7
35,3,32
2,2,0
6,0,6
2,2,0
0,0,0
1,8,-7
9,9,0
11,0,11
7,4,3
0,0,0
8,8,0
3,1,2
3,3,0
18,18,0
4,0,4
7,18,-11
1,0,1
0,3,-3
9,7,2
1,0,1
5,1,4
0,3,-3
1,1,0
11,2,9
3,0,3
8,9,-1
3,0,3
1,7,-6
1,12,-11
6,21,-15
2,5,-3
7,2,5
0,0,0
0,1,-1
0,0,0
0,0,0
5,0,5
27,11,16
1,2,-1
1,36,-35
14,3,11
11,5,6
45,8,37
0,0,0
0,1,-1
1,1,0
12,31,-19
1,1,0
1,0,1
0,0,0
1,0,1
0,1,-1
0,0,0
0,0,0
12,10,2
5,2,3
12,0,12
0,0,0
11,0,11
3,0,3
27,22,5
4,0,4
12,12,0
0,1,-1
6,4,2
24,24,0
2,7,-5
0,0,0
22,1,21
1,17,-16
9,22,-13
0,0,0
4,0,4
22,12,10
0,1,-1
14,14,0
11,20,-9
3,7,-4
6,6,0
12,4,8
0,0,0
18,8,10
5,5,0
3,1,2
2,2,0
3,9,-6
0,12,-12
2,2,0
0,0,0
3,11,-8
2,0,2
19,5,14
20,20,0
0,0,0
10,10,0
9,0,9
15,5,10
2,28,-26
9,6,3
0,5,-5
16,6,10
13,3,10
24,0,24
0,0,0
6,6,0
2,2,0
3,18,-15
2,3,-1
0,0,0
3,0,3
0,0,0
1,0,1
0,1,-1
9,9,0
53,53,0
4,0,4
9,22,-13
6,1,5
0,9,-9
0,2,-2
1,7,-6
2,7,-5
5,5,0
10,18,-8
17,17,0
4,0,4
16,16,0
4,4,0
1,1,0
3,0,3
0,8,-8
58,19,39
3,3,0
0,0,0
1,0,1
0,22,-22
0,0,0
4,4,0
1,1,0
1,0,1
0,0,0
0,0,0
8,10,-2
0,2,-2
1,1,0
5,8,-3
3,0,3
23,2,21
2,5,-3
1,7,-6
0,0,0
2,0,2
10,0,10
1,12,-11
11,1,10
3,3,0
13,9,4
1,0,1
11,2,9
1,0,1
1,0,1
11,11,0
0,1,-1
2,0,2
2,1,1
7,7,0
2,0,2
13,4,9
15,15,0
15,0,15
21,25,-4
1,0,1
0,3,-3
6,28,-22
2,3,-1
0,0,0
4,2,2
2,1,1
11,1,10
4,1,3
14,7,7
12,0,12
0,54,-54
0,0,0
0,0,0
22,12,10
33,6,27
4,17,-13
8,0,8
2,0,2
2,0,2
9,13,-4
1,8,-7
0,0,0
0,5,-5
10,5,5
5,5,0
1,5,-4
2,2,0
2,0,2
5,7,-2
0,0,0
13,7,6
1,19,-18
20,5,15
15,0,15
10,10,0
10,19,-9
1,9,-8
0,0,0
0,1,-1
0,6,-6
4,0,4
2,2,0
10,11,-1
0,0,0
3,3,0
4,11,-7
0,0,0
0,0,0
2,2,0
3,3,0
20,3,17
0,1,-1
5,5,0
6,14,-8
11,11,0
0,0,0
0,3,-3
2,6,-4
0,4,-4
39,39,0
12,14,-2
26,26,0
2,2,0
33,33,0
0,0,0
1,10,-9
4,4,0
1,5,-4
3,28,-25
0,0,0
6,11,-5
2,2,0
10,10,0
0,0,0
4,2,2
17,10,7
8,3,5
3,7,-4
5,5,0
0,17,-17
4,1,3
7,7,0
8,19,-11
10,0,10
1,0,1
0,0,0
8,36,-28
12,11,1
13,13,0
1,5,-4
19,0,19
8,0,8
6,6,0
13,18,-5
0,19,-19
5,5,0
2,0,2
3,0,3
0,3,-3
0,0,0
5,16,-11
4,0,4
2,0,2
9,9,0
1,1,0
8,36,-28
3,0,3
5,5,0
7,0,7
4,4,0
0,0,0
27,27,0
0,16,-16
0,11,-11
13,14,-1
1,9,-8
4,0,4
6,0,6
0,0,0
7,1,6
1,18,-17
14,18,-4
3,11,-8
0,11,-11
0,0,0
4,14,-10
3,0,3
3,8,-5
0,0,0
52,0,52
4,1,3
63,19,44
2,0,2
9,0,9
21,21,0
2,14,-12
3,19,-16
48,48,0
4,0,4
0,2,-2
15,15,0
10,10,0
16,16,0
11,4,7
1,1,0
13,13,0
28,4,24
23,1,22
2,10,-8
0,1,-1
0,0,0
11,17,-6
13,13,0
10,10,0
21,13,8
11,11,0
6,6,0
1,2,-1
10,0,10
3,2,1
28,28,0
19,5,14
6,5,1
7,0,7
1,7,-6
1,0,1
9,2,7
1,3,-2
1,1,0
8,7,1
0,0,0
7,11,-4
8,0,8
0,0,0
1,0,1
5,7,-2
5,18,-13
1,0,1
37,21,16
0,0,0
1,1,0
0,2,-2
7,8,-1
1,18,-17
11,4,7
8,0,8
1,22,-21
2,0,2
10,10,0
7,1,6
6,9,-3
33,60,-27
3,1,2
5,0,5
23,1,22
0,0,0
3,1,2
0,1,-1
4,3,1
3,2,1
0,3,-3
0,0,0
33,2,31
10,1,9
1,0,1
1,0,1
0,2,-2
4,6,-2
0,0,0
7,17,-10
0,0,0
1,0,1
1,2,-1
8,2,6
5,16,-11
3,10,-7
7,28,-21
2,2,0
36,36,0
62,62,0
3,3,0
13,10,3
10,0,10
0,0,0
0,0,0
50,50,0
14,14,0
17,1,16
2,0,2
2,0,2
3,1,2
2,7,-5
28,28,0
3,16,-13
2,0,2
5,7,-2
0,0,0
0,2,-2
6,2,4
2,0,2
1,0,1
14,14,0
2,8,-6
2,0,2
0,1,-1
0,6,-6
5,5,0
0,0,0
2,2,0
19,19,0
1,9,-8
19,24,-5
6,0,6
4,40,-36
7,7,0
3,2,1
6,6,0
22,26,-4
7,13,-6
1,0,1
12,20,-8
15,12,3
30,0,30
9,9,0
11,11,0
4,31,-27
7,3,4
7,7,0
0,0,0
1,0,1
0,17,-17
0,0,0
11,11,0
1,0,1
0,0,0
0,14,-14
2,2,0
0,10,-10
2,6,-4
1,0,1
9,9,0
3,8,-5
0,17,-17
2,23,-21
2,1,1
19,14,5
1,1,0
10,35,-25
5,4,1
5,11,-6
3,14,-11
0,10,-10
14,1,13
0,4,-4
22,41,-19
9,3,6
17,19,-2
7,7,0
5,20,-15
23,0,23
55,55,0
17,0,17
8,8,0
1,1,0
14,14,0
3,3,0
12,7,5
0,0,0
9,37,-28
0,3,-3
11,4,7
31,24,7
34,34,0
2,2,0
1,1,0
2,2,0
5,2,3
9,9,0
12,12,0
2,8,-6
9,2,7
3,3,0
2,9,-7
0,0,0
7,7,0
2,17,-15
0,0,0
3,8,-5
5,0,5
6,5,1
2,1,1
34,27,7
16,9,7
12,12,0
2,0,2
20,20,0
5,0,5
2,2,0
6,15,-9
12,7,5
1,5,-4
0,0,0
5,2,3
2,7,-5
5,0,5
2,0,2
2,0,2
0,0,0
12,0,12
1,0,1
6,0,6
15,2,13
3,2,1
0,0,0
6,3,3
6,14,-8
11,11,0
35,35,0
6,1,5
12,24,-12
0,0,0
5,19,-14
0,0,0
21,17,4
4,1,3
4,11,-7
6,6,0
21,21,0
3,5,-2
0,4,-4
15,0,15
1,1,0
15,15,0
1,2,-1
2,0,2
11,9,2
0,0,0
5,2,3
10,0,10
12,12,0
9,2,7
0,3,-3
2,25,-23
1,0,1
8,8,0
2,11,-9
21,21,0
1,0,1
1,4,-3
3,1,2
19,0,19
3,1,2
0,0,0
35,1,34
7,0,7
0,8,-8
0,0,0
8,6,2
0,12,-12
3,6,-3
3,3,0
0,0,0
11,11,0
3,2,1
2,0,2
1,3,-2
8,5,3
5,0,5
0,23,-23
0,0,0
13,8,5
1,24,-23
4,1,3
10,12,-2
14,6,8
2,8,-6
3,11,-8
20,3,17
3,12,-9
2,2,0
3,9,-6
4,12,-8
1,0,1
1,0,1
1,1,0
0,0,0
3,26,-23
1,0,1
2,2,0
7,1,6
44,44,0
3,3,0
0,13,-13
7,1,6
4,4,0
6,6,0
0,3,-3
6,2,4
0,0,0
31,31,0
13,29,-16
0,12,-12
0,12,-12
69,69,0
6,28,-22
0,0,0
0,0,0
5,0,5
1,1,0
12,1,11
2,34,-32
5,1,4
4,4,0
1,35,-34
38,23,15
6,2,4
2,0,2
13,11,2
4,3,1
6,4,2
14,20,-6
0,15,-15
19,20,-1
1,0,1
1,1,0
1,1,0
5,5,0
0,0,0
3,5,-2
3,0,3
0,0,0
4,17,-13
4,4,0
6,4,2
3,0,3
6,20,-14
0,0,0
0,3,-3
1,0,1
2,15,-13
1,12,-11
1,0,1
3,11,-8
0,1,-1
32,32,0
0,3,-3
3,3,0
1,1,0
2,2,0
3,2,1
7,0,7
16,16,0
4,0,4
0,14,-14
1,8,-7
1,1,0
0,5,-5
6,0,6
13,1,12
1,13,-12
7,1,6
10,0,10
6,0,6
9,9,0
1,15,-14
10,18,-8
4,0,4
5,0,5
3,4,-1
1,4,-3
0,19,-19
32,32,0
4,4,0
6,41,-35
30,4,26
10,10,0
1,1,0
14,12,2
10,10,0
10,10,0
0,0,0
8,11,-3
8,5,3
6,0,6
60,34,26
17,43,-26
18,2,16
1,13,-12
7,2,5
1,0,1
12,4,8
7,2,5
7,1,6
26,7,19
0,1,-1
0,31,-31
5,19,-14
8,8,0
3,4,-1
0,0,0
12,12,0
28,28,0
6,6,0
16,5,11
4,4,0
4,5,-1
2,1,1
1,12,-11
9,1,8
0,3,-3
5,6,-1
4,4,0
7,0,7
5,5,0
12,11,1
13,13,0
0,0,0
0,0,0
11,11,0
16,1,15
6,6,0
2,2,0
12,10,2
18,15,3
6,11,-5
2,2,0
4,4,0
3,7,-4
29,4,25
3,3,0
11,14,-3
0,0,0
0,0,0
2,0,2
0,0,0
8,8,0
5,5,0
14,14,0
3,1,2
3,7,-4
1,0,1
1,1,0
5,5,0
44,15,29
6,4,2
13,26,-13
21,28,-7
0,0,0
11,11,0
0,0,0
0,2,-2
9,10,-1
0,0,0
3,0,3
0,2,-2
0,8,-8
6,20,-14
6,6,0
5,1,4
0,8,-8
0,48,-48
7,0,7
16,8,8
0,0,0
9,9,0
3,24,-21
18,18,0
42,4,38
35,14,21
0,0,0
0,0,0
0,0,0
0,0,0
6,17,-11
1,9,-8
3,25,-22
1,6,-5
15,0,15
15,2,13
1,1,0
7,10,-3
3,0,3
3,2,1
6,22,-16
19,19,0
1,0,1
10,11,-1
0,0,0
11,11,0
17,30,-13
17,17,0
3,11,-8
9,9,0
0,0,0
1,0,1
4,2,2
0,0,0
7,23,-16
2,1,1
18,35,-17
3,28,-25
0,3,-3
2,0,2
5,5,0
29,29,0
10,10,0
8,76,-68
16,17,-1
12,0,12
0,1,-1
21,48,-27
2,0,2
9,0,9
1,5,-4
11,6,5
0,0,0
4,0,4
14,3,11
1,0,1
0,0,0
14,5,9
6,8,-2
7,0,7
6,0,6
0,0,0
1,1,0
2,2,0
9,31,-22
22,21,1
1,0,1
29,7,22
5,5,0
22,6,16
18,18,0
13,2,11
0,0,0
8,2,6
75,6,69
2,4,-2
0,0,0
3,3,0
11,3,8
9,20,-11
3,0,3
0,2,-2
22,25,-3
19,7,12
6,26,-20
0,0,0
10,8,2
7,5,2
1,0,1
9,5,4
13,11,2
5,5,0
2,12,-10
21,21,0
9,3,6
1,17,-16
0,0,0
1,1,0
2,2,0
6,2,4
10,10,0
27,24,3
1,1,0
1,16,-15
16,16,0
4,4,0
11,9,2
1,1,0
5,5,0
15,3,12
1,24,-23
0,0,0
1,1,0
7,2,5
0,5,-5
1,7,-6
0,3,-3
1,0,1
0,12,-12
6,6,0
0,0,0
5,5,0
2,0,2
3,3,0
1,4,-3
2,2,0
2,13,-11
2,12,-10
4,4,0
3,3,0
0,0,0
0,0,0
9,10,-1
4,0,4
3,15,-12
32,2,30
3,2,1
9,3,6
2,0,2
11,5,6
13,1,12
7,7,0
8,5,3
5,0,5
8,11,-3
6,3,3
1,6,-5
3,13,-10
0,0,0
10,2,8
0,1,-1
2,5,-3
5,1,4
6,7,-1
11,14,-3
6,6,0
2,0,2
6,3,3
0,1,-1
2,0,2
2,2,0
13,2,11
0,0,0
4,2,2
18,0,18
16,15,1
1,24,-23
7,5,2
8,8,0
2,39,-37
0,1,-1
9,5,4
0,0,0
0,0,0
0,0,0
0,0,0
1,0,1
4,9,-5
2,0,2
3,3,0
14,14,0
4,4,0
21,18,3
8,13,-5
38,2,36
6,6,0
25,25,0
27,27,0
17,47,-30
9,1,8
1,26,-25
1,31,-30
1,3,-2
0,0,0
1,1,0
38,0,38
3,3,0
4,4,0
33,27,6
36,36,0
0,5,-5
0,1,-1
0,2,-2
1,55,-54
0,1,-1
8,0,8
0,30,-30
5,4,1
3,0,3
3,3,0
9,7,2
0,14,-14
13,1,12
3,26,-23
2,0,2
1,1,0
7,0,7
0,0,0
10,41,-31
0,1,-1
23,11,12
0,0,0
6,72,-66
19,19,0
35,3,32
7,7,0
14,14,0
2,11,-9
0,0,0
10,10,0
4,3,1
1,1,0
1,8,-7
0,1,-1
67,67,0
1,13,-12
0,0,0
0,0,0
3,3,0
3,0,3
2,18,-16
0,0,0
36,0,36
7,9,-2
2,0,2
1,8,-7
2,1,1
5,3,2
22,7,15
2,0,2
1,6,-5
3,19,-16
5,4,1
3,5,-2
10,10,0
6,6,0
29,29,0
0,0,0
0,1,-1
0,0,0
5,1,4
0,0,0
2,2,0
14,38,-24
0,0,0
1,4,-3
14,0,14
2,2,0
45,45,0
0,4,-4
5,5,0
5,7,-2
4,4,0
5,0,5
0,7,-7
8,2,6
0,0,0
18,18,0
0,0,0
9,1,8
6,6,0
35,35,0
6,0,6
11,1,10
2,0,2
1,0,1
5,11,-6
3,0,3
6,0,6
5,7,-2
2,7,-5
9,0,9
1,0,1
17,0,17
3,2,1
12,12,0
0,0,0
0,20,-20
3,0,3
13,6,7
9,10,-1
2,2,0
6,11,-5
0,0,0
0,4,-4
26,11,15
9,9,0
7,0,7
3,4,-1
3,3,0
12,3,9
5,5,0
13,13,0
15,0,15
2,0,2
6,12,-6
7,7,0
20,36,-16
1,18,-17
6,6,0
1,1,0
1,1,0
0,0,0
1,0,1
3,0,3
3,7,-4
27,27,0
0,5,-5
0,0,0
6,13,-7
11,48,-37
19,12,7
0,0,0
13,5,8
6,6,0
14,14,0
13,23,-10
1,0,1
0,0,0
2,3,-1
1,2,-1
2,0,2
1,4,-3
7,7,0
33,33,0
1,0,1
11,2,9
9,21,-12
58,29,29
28,42,-14
1,1,0
6,20,-14
0,1,-1
0,0,0
13,21,-8
1,14,-13
0,7,-7
2,2,0
6,3,3
1,2,-1
1,0,1
17,17,0
1,4,-3
3,25,-22
1,0,1
2,2,0
2,0,2
23,22,1
14,8,6
10,14,-4
14,34,-20
6,29,-23
5,2,3
8,22,-14
4,0,4
4,4,0
2,11,-9
0,0,0
30,30,0
7,3,4
14,26,-12
22,4,18
0,54,-54
9,9,0
0,0,0
0,15,-15
0,1,-1
2,8,-6
4,4,0
2,0,2
0,28,-28
16,3,13
1,0,1
12,12,0
0,2,-2
0,0,0
3,1,2
10,0,10
2,2,0
4,0,4
5,4,1
3,38,-35
8,8,0
1,3,-2
1,0,1
4,0,4
0,0,0
5,5,0
2,2,0
3,0,3
1,1,0
0,0,0
1,0,1
7,0,7
24,2,22
27,27,0
12,6,6
3,1,2
1,0,1
7,6,1
11,2,9
8,2,6
20,20,0
7,38,-31
7,7,0
2,0,2
0,8,-8
26,0,26
3,1,2
6,1,5
3,2,1
2,19,-17
0,0,0
1,24,-23
6,6,0
3,0,3
5,5,0
4,7,-3
0,0,0
4,3,1
11,1,10
3,3,0
0,1,-1
27,35,-8
16,0,16
0,0,0
17,17,0
10,10,0
0,0,0
1,7,-6
2,3,-1
16,0,16
10,10,0
0,9,-9
6,4,2
6,1,5
1,9,-8
9,6,3
3,8,-5
1,11,-10
2,0,2
0,1,-1
17,18,-1
8,8,0
16,3,13
2,4,-2
7,7,0
0,0,0
8,2,6
2,1,1
8,12,-4
0,0,0
26,3,23
0,0,0
8,8,0
0,10,-10
1,1,0
1,0,1
2,7,-5
4,3,1
3,3,0
0,0,0
11,11,0
0,0,0
6,27,-21
21,9,12
0,3,-3
3,0,3
3,1,2
3,8,-5
9,4,5
22,22,0
0,0,0
2,6,-4
18,5,13
1,0,1
1,0,1
1,1,0
0,0,0
1,0,1
3,7,-4
0,1,-1
0,3,-3
13,12,1
2,2,0
0,7,-7
5,5,0
1,17,-16
25,25,0
11,4,7
0,1,-1
8,0,8
0,0,0
4,8,-4
13,13,0
5,5,0
2,1,1
40,12,28
0,0,0
2,2,0
0,0,0
15,15,0
2,6,-4
7,35,-28
3,0,3
21,21,0
2,5,-3
10,0,10
9,6,3
0,12,-12
6,8,-2
2,1,1
11,11,0
5,5,0
11,2,9
13,1,12
16,16,0
9,16,-7
0,0,0
0,0,0
0,0,0
0,0,0
0,3,-3
0,0,0
2,9,-7
15,2,13
2,0,2
0,0,0
20,20,0
0,0,0
15,8,7
13,25,-12
0,0,0
2,2,0
3,21,-18
8,4,4
30,4,26
9,13,-4
1,12,-11
3,2,1
0,0,0
12,12,0
0,6,-6
7,12,-5
23,23,0
5,5,0
1,4,-3
0,2,-2
1,2,-1
10,10,0
6,0,6
10,2,8
0,0,0
5,5,0
0,4,-4
2,0,2
8,0,8
2,0,2
1,0,1
1,3,-2
2,0,2
9,5,4
4,8,-4
1,0,1
0,0,0
24,5,19
0,0,0
8,11,-3
3,13,-10
3,8,-5
15,15,0
19,1,18
0,0,0
15,15,0
0,0,0
24,36,-12
0,0,0
3,2,1
10,2,8
0,0,0
0,0,0
14,0,14
2,2,0
13,13,0
4,4,0
1,1,0
10,10,0
17,17,0
5,1,4
4,4,0
1,0,1
2,12,-10
1,1,0
26,22,4
42,42,0
14,1,13
11,11,0
4,4,0
13,1,12
26,12,14
2,2,0
12,12,0
10,10,0
0,5,-5
8,3,5
6,6,0
0,0,0
1,4,-3
4,4,0
13,2,11
0,0,0
1,9,-8
1,1,0
13,6,7
17,18,-1
1,1,0
0,0,0
2,2,0
0,29,-29
1,11,-10
1,0,1
6,0,6
0,0,0
25,2,23
4,0,4
1,1,0
0,0,0
2,2,0
1,0,1
0,0,0
5,19,-14
1,0,1
6,6,0
0,0,0
0,3,-3
2,5,-3
0,0,0
4,26,-22
9,9,0
5,63,-58
15,12,3
20,20,0
1,1,0
12,12,0
0,0,0
0,0,0
0,4,-4
5,5,0
10,10,0
0,0,0
16,5,11
0,0,0
6,27,-21
1,5,-4
6,0,6
20,16,4
2,0,2
3,3,0
4,4,0
0,6,-6
7,1,6
0,0,0
10,2,8
1,1,0
0,0,0
9,0,9
9,1,8
20,1,19
4,4,0
0,0,0
5,3,2
8,8,0
12,25,-13
0,6,-6
1,1,0
1,1,0
0,6,-6
0,1,-1
0,9,-9
13,4,9
9,11,-2
1,2,-1
0,9,-9
16,18,-2
4,3,1
0,0,0
1,1,0
0,7,-7
5,3,2
3,3,0
16,4,12
19,12,7
0,2,-2
11,16,-5
13,17,-4
1,1,0
4,24,-20
10,10,0
0,0,0
17,18,-1
9,5,4
5,1,4
10,5,5
2,0,2
4,1,3
1,1,0
7,13,-6
8,8,0
10,2,8
9,9,0
0,4,-4
45,45,0
0,0,0
2,1,1
0,0,0
1,0,1
19,24,-5
4,4,0
2,0,2
0,8,-8
0,2,-2
0,13,-13
9,4,5
3,3,0
4,12,-8
31,62,-31
13,33,-20
5,5,0
0,14,-14
9,9,0
3,3,0
0,0,0
4,0,4
9,22,-13
0,0,0
7,25,-18
6,5,1
0,0,0
3,0,3
0,0,0
4,4,0
4,1,3
2,2,0
5,4,1
2,76,-74
1,1,0
2,1,1
0,5,-5
41,8,33
3,0,3
2,2,0
1,2,-1
0,1,-1
3,7,-4
1,0,1
0,0,0
0,0,0
7,1,6
2,0,2
0,1,-1
1,2,-1
10,10,0
9,9,0
0,0,0
1,1,0
1,5,-4
6,13,-7
14,0,14
4,3,1
0,34,-34
9,12,-3
14,4,10
0,0,0
16,7,9
1,7,-6
9,8,1
14,0,14
1,0,1
14,13,1
5,5,0
13,10,3
5,0,5
7,8,-1
19,0,19
0,0,0
0,0,0
28,28,0
0,0,0
19,3,16
3,19,-16
21,7,14
2,2,0
2,1,1
7,10,-3
0,2,-2
11,9,2
1,1,0
0,0,0
15,2,13
4,3,1
4,0,4
40,22,18
12,7,5
0,0,0
0,0,0
1,20,-19
4,9,-5
4,2,2
31,31,0
1,0,1
6,2,4
1,0,1
11,11,0
2,0,2
8,8,0
13,1,12
21,21,0
1,1,0
8,7,1
6,6,0
1,4,-3
1,0,1
4,18,-14
14,0,14
1,0,1
0,2,-2
10,7,3
15,3,12
1,14,-13
6,1,5
5,0,5
15,15,0
10,2,8
0,17,-17
1,1,0
12,12,0
1,0,1
17,0,17
1,3,-2
0,9,-9
4,1,3
7,7,0
0,0,0
1,0,1
32,0,32
5,4,1
2,0,2
4,4,0
4,0,4
0,0,0
0,6,-6
2,0,2
5,3,2
15,3,12
0,42,-42
9,1,8
10,7,3
1,1,0
7,7,0
9,9,0
0,1,-1
1,1,0
1,0,1
0,0,0
8,12,-4
1,3,-2
5,0,5
2,2,0
4,7,-3
5,10,-5
0,1,-1
2,4,-2
4,4,0
16,5,11
0,0,0
2,1,1
5,4,1
2,0,2
5,5,0
1,0,1
3,3,0
0,3,-3
11,11,0
31,14,17
1,12,-11
9,9,0
0,0,0
5,0,5
0,0,0
5,2,3
5,5,0
0,0,0
1,0,1
0,0,0
7,3,4
12,12,0
13,2,11
4,20,-16
8,16,-8
5,5,0
4,2,2
2,11,-9
0,30,-30
0,0,0
3,1,2
8,7,1
3,3,0
5,5,0
12,10,2
1,6,-5
9,1,8
0,0,0
0,0,0
6,0,6
4,2,2
4,3,1
3,3,0
3,3,0
3,2,1
9,6,3
2,0,2
3,1,2
5,5,0
1,21,-20
1,1,0
5,5,0
4,0,4
20,20,0
5,8,-3
16,16,0
8,4,4
14,14,0
10,10,0
28,19,9
10,3,7
3,3,0
0,0,0
3,6,-3
31,31,0
0,0,0
7,1,6
4,5,-1
2,11,-9
35,2,33
1,5,-4
2,0,2
3,0,3
22,27,-5
5,8,-3
0,6,-6
6,0,6
12,10,2
0,0,0
1,6,-5
2,2,0
44,8,36
0,23,-23
0,0,0
8,8,0
2,14,-12
45,1,44
5,3,2
1,1,0
6,16,-10
6,0,6
0,4,-4
12,8,4
1,7,-6
0,6,-6
0,0,0
13,3,10
2,0,2
3,18,-15
0,0,0
4,11,-7
0,1,-1
1,1,0
7,13,-6
2,2,0
1,1,0
13,0,13
0,0,0
0,1,-1
28,28,0
25,40,-15
7,17,-10
12,8,4
10,44,-34
2,0,2
8,13,-5
3,0,3
7,7,0
2,25,-23
7,25,-18
2,2,0
11,11,0
3,8,-5
1,1,0
8,8,0
15,2,13
1,3,-2
6,6,0
2,2,0
0,9,-9
0,0,0
0,0,0
2,1,1
1,0,1
2,1,1
7,33,-26
2,21,-19
31,31,0
9,18,-9
0,0,0
0,13,-13
12,0,12
7,21,-14
6,6,0
0,0,0
38,31,7
6,17,-11
37,4,33
5,1,4
0,13,-13
49,49,0
12,0,12
20,20,0
7,0,7
0,4,-4
14,5,9
2,2,0
4,3,1
3,0,3
0,0,0
9,9,0
2,1,1
5,0,5
2,9,-7
7,4,3
2,3,-1
2,1,1
4,4,0
1,1,0
0,0,0
0,1,-1
0,1,-1
9,5,4
29,5,24
0,8,-8
6,0,6
10,10,0
0,0,0
2,3,-1
39,39,0
2,27,-25
1,0,1
9,9,0
4,4,0
3,3,0
5,5,0
3,0,3
0,0,0
1,1,0
2,18,-16
2,14,-12
4,2,2
0,0,0
7,3,4
1,0,1
8,0,8
4,3,1
2,3,-1
0,11,-11
1,1,0
0,0,0
9,6,3
2,5,-3
1,1,0
20,4,16
3,3,0
7,8,-1
2,2,0
10,2,8
20,7,13
8,8,0
1,1,0
2,2,0
0,0,0
7,0,7
1,1,0
1,18,-17
5,5,0
5,22,-17
14,17,-3
5,4,1
7,7,0
7,0,7
3,8,-5
2,0,2
5,17,-12
11,4,7
2,0,2
25,25,0
3,9,-6
5,7,-2
11,2,9
17,17,0
0,6,-6
2,0,2
0,3,-3
9,27,-18
2,4,-2
12,12,0
2,0,2
1,1,0
0,0,0
0,8,-8
24,54,-30
1,1,0
5,9,-4
12,12,0
0,0,0
29,29,0
3,5,-2
8,8,0
0,11,-11
15,0,15
16,0,16
0,0,0
3,47,-44
2,21,-19
9,7,2
0,7,-7
13,44,-31
12,0,12
1,0,1
3,6,-3
4,4,0
0,0,0
1,0,1
2,0,2
25,0,25
8,30,-22
6,5,1
8,5,3
0,2,-2
12,13,-1
11,11,0
6,4,2
4,5,-1
14,14,0
16,7,9
19,21,-2
19,19,0
0,0,0
3,17,-14
4,4,0
33,0,33
0,0,0
0,0,0
8,40,-32
5,2,3
0,2,-2
20,37,-17
9,9,0
2,2,0
5,0,5
3,1,2
11,37,-26
0,8,-8
25,13,12
10,0,10
7,41,-34
0,3,-3
0,0,0
2,2,0
0,5,-5
1,1,0
3,1,2
5,2,3
4,2,2
0,3,-3
4,4,0
18,0,18
3,3,0
44,6,38
3,0,3
0,3,-3
0,0,0
0,0,0
5,0,5
1,0,1
0,0,0
17,1,16
4,4,0
3,0,3
3,3,0
3,1,2
3,3,0
3,24,-21
11,11,0
1,0,1
5,5,0
4,1,3
35,8,27
0,2,-2
15,15,0
22,10,12
2,2,0
4,2,2
1,6,-5
2,2,0
10,2,8
0,2,-2
1,0,1
0,0,0
4,1,3
3,0,3
5,28,-23
4,0,4
1,1,0
0,0,0
14,21,-7
0,0,0
0,0,0
0,0,0
0,5,-5
1,31,-30
5,22,-17
1,0,1
49,13,36
19,19,0
78,48,30
1,1,0
0,0,0
4,0,4
7,1,6
15,17,-2
11,7,4
17,32,-15
5,9,-4
5,13,-8
19,10,9
3,6,-3
0,0,0
0,0,0
1,2,-1
1,8,-7
4,4,0
25,1,24
0,0,0
0,2,-2
0,0,0
0,0,0
0,0,0
16,15,1
0,0,0
12,12,0
26,6,20
47,1,46
7,2,5
5,0,5
10,1,9
3,7,-4
2,12,-10
6,6,0
1,1,0
2,0,2
3,2,1
0,1,-1
3,3,0
15,13,2
4,15,-11
16,0,16
3,0,3
48,29,19
8,29,-21
7,7,0
3,0,3
6,15,-9
1,18,-17
2,8,-6
14,12,2
8,37,-29
0,0,0
0,0,0
0,4,-4
1,1,0
40,40,0
24,18,6
7,7,0
0,9,-9
0,0,0
1,1,0
18,5,13
8,12,-4
3,0,3
9,23,-14
1,1,0
2,26,-24
11,11,0
2,15,-13
1,0,1
1,1,0
3,4,-1
3,3,0
33,17,16
12,6,6
2,0,2
9,20,-11
2,8,-6
2,2,0
17,2,15
2,2,0
5,5,0
1,0,1
1,12,-11
4,4,0
3,0,3
4,0,4
12,13,-1
0,1,-1
1,6,-5
0,2,-2
57,57,0
47,0,47
51,51,0
0,0,0
4,0,4
6,6,0
1,0,1
7,1,6
0,11,-11
16,0,16
2,3,-1
3,1,2
13,23,-10
5,4,1
10,17,-7
1,3,-2
3,2,1
4,6,-2
0,1,-1
12,12,0
0,0,0
3,15,-12
5,17,-12
2,0,2
15,16,-1
6,20,-14
2,0,2
15,3,12
0,0,0
6,8,-2
5,0,5
5,1,4
1,9,-8
5,10,-5
6,0,6
19,19,0
2,6,-4
0,14,-14
1,0,1
4,40,-36
4,6,-2
8,8,0
13,2,11
0,0,0
2,1,1
14,14,0
9,9,0
0,3,-3
1,5,-4
4,4,0
1,0,1
7,7,0
7,1,6
3,2,1
6,6,0
1,1,0
12,6,6
5,12,-7
4,4,0
0,0,0
0,0,0
2,15,-13
3,9,-6
15,15,0
1,1,0
1,0,1
10,9,1
0,0,0
21,11,10
2,6,-4
4,35,-31
0,0,0
13,13,0
5,3,2
6,6,0
0,0,0
7,17,-10
3,12,-9
8,8,0
7,1,6
16,16,0
28,37,-9
22,15,7
4,0,4
4,0,4
4,14,-10
3,3,0
16,9,7
10,1,9
0,0,0
8,1,7
5,5,0
9,9,0
4,10,-6
1,1,0
0,5,-5
3,35,-32
12,1,11
7,4,3
3,14,-11
23,23,0
4,0,4
3,3,0
1,1,0
0,2,-2
9,9,0
14,1,13
0,0,0
23,0,23
13,28,-15
2,8,-6
17,0,17
4,5,-1
9,1,8
2,16,-14
3,5,-2
0,0,0
3,0,3
20,6,14
3,3,0
14,54,-40
0,0,0
0,0,0
12,12,0
8,8,0
54,10,44
2,4,-2
5,5,0
6,6,0
1,3,-2
0,0,0
12,1,11
26,16,10
3,1,2
10,23,-13
2,2,0
10,1,9
3,8,-5
11,1,10
8,6,2
1,0,1
0,0,0
0,0,0
1,0,1
0,17,-17
5,9,-4
1,0,1
8,8,0
5,1,4
1,1,0
1,1,0
3,6,-3
6,16,-10
9,0,9
7,7,0
3,3,0
3,1,2
6,6,0
1,4,-3
4,9,-5
11,11,0
8,6,2
5,21,-16
0,0,0
3,1,2
59,0,59
11,2,9
13,13,0
14,14,0
4,0,4
13,13,0
0,0,0
10,5,5
0,1,-1
11,2,9
4,9,-5
5,0,5
1,1,0
4,9,-5
11,2,9
0,0,0
0,6,-6
9,9,0
12,28,-16
3,1,2
4,1,3
0,0,0
0,0,0
42,16,26
3,3,0
5,2,3
2,0,2
0,5,-5
1,18,-17
14,10,4
2,2,0
1,1,0
2,4,-2
3,1,2
10,0,10
7,1,6
71,71,0
28,9,19
0,1,-1
8,8,0
1,0,1
6,2,4
3,7,-4
6,6,0
8,8,0
0,1,-1
3,0,3
5,0,5
0,0,0
1,1,0
12,13,-1
19,19,0
0,0,0
18,18,0
5,0,5
36,0,36
3,3,0
12,3,9
0,2,-2
11,7,4
0,0,0
3,9,-6
22,0,22
0,0,0
0,18,-18
14,14,0
4,4,0
23,3,20
2,0,2
7,1,6
3,34,-31
6,12,-6
21,6,15
1,1,0
9,27,-18
3,1,2
1,10,-9
13,31,-18
2,4,-2
4,22,-18
15,27,-12
0,0,0
35,14,21
5,0,5
5,5,0
1,35,-34
17,17,0
0,0,0
1,0,1
34,15,19
1,28,-27
19,19,0
7,1,6
24,7,17
0,3,-3
8,8,0
2,0,2
0,5,-5
8,8,0
12,12,0
13,13,0
23,19,4
1,2,-1
11,0,11
2,2,0
39,45,-6
8,19,-11
3,18,-15
0,0,0
4,0,4
3,3,0
0,9,-9
5,8,-3
7,6,1
5,7,-2
0,2,-2
4,5,-1
3,3,0
11,1,10
12,26,-14
3,3,0
7,7,0
0,10,-10
3,0,3
1,2,-1
1,2,-1
0,11,-11
0,1,-1
2,4,-2
2,4,-2
30,5,25
0,6,-6
5,5,0
4,19,-15
2,2,0
6,1,5
5,0,5
6,5,1
24,20,4
4,4,0
5,28,-23
2,2,0
2,2,0
27,14,13
2,11,-9
17,2,15
0,4,-4
1,4,-3
7,7,0
3,2,1
0,0,0
7,10,-3
0,0,0
24,14,10
0,0,0
0,0,0
2,2,0
0,0,0
0,0,0
2,0,2
1,1,0
0,0,0
1,22,-21
14,1,13
9,9,0
6,16,-10
0,0,0
0,7,-7
0,4,-4
18,18,0
37,37,0
5,47,-42
5,5,0
0,0,0
4,6,-2
2,0,2
1,11,-10
10,0,10
0,0,0
9,1,8
11,38,-27
3,0,3
20,20,0
7,3,4
6,9,-3
2,0,2
0,0,0
1,1,0
26,26,0
21,9,12
2,12,-10
8,8,0
0,0,0
3,10,-7
12,12,0
0,0,0
6,6,0
6,6,0
10,13,-3
0,0,0
3,12,-9
11,7,4
0,3,-3
7,7,0
2,42,-40
28,28,0
4,4,0
1,1,0
6,0,6
2,2,0
4,2,2
0,0,0
1,3,-2
0,0,0
1,3,-2
19,20,-1
0,0,0
0,0,0
2,2,0
1,12,-11
0,0,0
0,0,0
1,7,-6
17,17,0
0,0,0
8,8,0
14,14,0
2,2,0
5,11,-6
16,16,0
10,2,8
1,9,-8
1,0,1
10,21,-11
7,7,0
22,8,14
2,8,-6
12,12,0
25,25,0
0,5,-5
5,0,5
8,2,6
11,2,9
0,0,0
0,0,0
9,9,0
3,3,0
9,12,-3
0,2,-2
42,42,0
6,4,2
0,0,0
11,11,0
2,1,1
18,14,4
2,0,2
11,5,6
7,18,-11
0,0,0
8,8,0
5,5,0
0,2,-2
14,0,14
1,0,1
8,30,-22
3,3,0
0,0,0
12,6,6
9,51,-42
2,7,-5
10,10,0
7,14,-7
5,21,-16
3,3,0
2,2,0
12,12,0
2,4,-2
0,6,-6
1,3,-2
3,3,0
2,0,2
6,5,1
1,0,1
0,13,-13
0,7,-7
1,4,-3
1,1,0
0,0,0
3,3,0
10,8,2
30,2,28
2,2,0
0,0,0
0,0,0
2,6,-4
10,14,-4
5,14,-9
0,0,0
1,0,1
6,14,-8
15,15,0
8,1,7
0,34,-34
3,3,0
4,5,-1
2,2,0
16,34,-18
1,6,-5
0,19,-19
0,20,-20
2,34,-32
3,12,-9
1,1,0
9,5,4
15,8,7
6,8,-2
3,3,0
16,1,15
8,8,0
9,26,-17
9,0,9
0,0,0
3,4,-1
1,1,0
7,10,-3
31,3,28
0,0,0
3,0,3
15,15,0
1,1,0
9,9,0
14,9,5
6,6,0
1,2,-1
0,0,0
9,12,-3
9,5,4
11,2,9
1,1,0
0,0,0
15,2,13
0,0,0
12,12,0
1,1,0
2,44,-42
1,0,1
3,6,-3
12,11,1
1,2,-1
24,1,23
0,0,0
2,3,-1
1,5,-4
33,33,0
4,4,0
4,5,-1
12,10,2
1,9,-8
1,7,-6
0,19,-19
2,2,0
1,0,1
10,3,7
10,10,0
2,2,0
14,14,0
7,8,-1
6,0,6
0,7,-7
1,1,0
5,0,5
0,0,0
15,0,15
17,9,8
7,7,0
0,0,0
9,21,-12
0,1,-1
7,0,7
6,4,2
8,8,0
5,5,0
0,4,-4
0,6,-6
0,11,-11
2,0,2
4,11,-7
2,14,-12
9,9,0
0,0,0
3,0,3
3,0,3
1,1,0
1,29,-28
1,0,1
4,6,-2
0,2,-2
8,3,5
1,1,0
4,4,0
12,28,-16
0,0,0
2,2,0
0,0,0
0,0,0
4,10,-6
24,10,14
0,0,0
8,4,4
5,6,-1
0,0,0
14,14,0
2,3,-1
0,0,0
3,3,0
1,5,-4
5,5,0
1,1,0
13,13,0
1,5,-4
6,5,1
16,33,-17
4,0,4
4,9,-5
1,5,-4
2,15,-13
4,3,1
1,0,1
1,2,-1
0,0,0
0,2,-2
6,2,4
2,25,-23
1,6,-5
17,5,12
1,1,0
2,6,-4
5,5,0
16,5,11
5,2,3
1,18,-17
0,1,-1
6,6,0
4,4,0
8,4,4
0,6,-6
42,1,41
0,0,0
0,1,-1
31,18,13
0,4,-4
0,4,-4
12,9,3
1,4,-3
6,4,2
10,5,5
8,0,8
8,0,8
34,33,1
0,0,0
13,0,13
11,19,-8
1,0,1
10,10,0
3,4,-1
5,5,0
7,2,5
3,22,-19
0,0,0
0,3,-3
4,7,-3
3,3,0
3,2,1
3,3,0
1,0,1
2,0,2
9,46,-37
1,16,-15
10,15,-5
5,0,5
0,9,-9
11,6,5
5,8,-3
0,2,-2
12,4,8
6,11,-5
1,3,-2
8,1,7
3,0,3
7,3,4
1,1,0
0,48,-48
1,1,0
10,52,-42
1,0,1
6,6,0
4,0,4
0,4,-4
9,35,-26
8,8,0
0,0,0
0,5,-5
2,10,-8
0,30,-30
1,27,-26
0,0,0
0,0,0
9,9,0
15,10,5
9,1,8
3,3,0
2,0,2
42,4,38
1,32,-31
1,54,-53
6,1,5
5,5,0
1,0,1
3,1,2
1,0,1
0,1,-1
15,6,9
1,0,1
7,10,-3
3,0,3
6,6,0
6,0,6
1,7,-6
0,0,0
19,19,0
2,2,0
4,0,4
7,15,-8
5,3,2
0,7,-7
6,6,0
0,0,0
0,0,0
11,4,7
7,7,0
8,16,-8
12,2,10
0,0,0
9,1,8
4,5,-1
6,6,0
11,0,11
5,0,5
0,0,0
3,3,0
14,5,9
0,0,0
3,3,0
0,5,-5
0,2,-2
1,1,0
24,24,0
0,0,0
2,1,1
0,0,0
2,3,-1
1,0,1
0,0,0
5,0,5
3,7,-4
5,16,-11
0,0,0
6,2,4
10,13,-3
12,11,1
1,1,0
1,1,0
5,3,2
6,5,1
1,1,0
2,1,1
29,12,17
0,0,0
0,0,0
4,0,4
0,0,0
2,1,1
7,0,7
5,10,-5
7,7,0
3,0,3
2,28,-26
1,8,-7
27,5,22
5,9,-4
1,19,-18
2,7,-5
7,7,0
11,3,8
10,7,3
1,1,0
18,25,-7
6,0,6
7,7,0
13,4,9
1,1,0
0,17,-17
1,2,-1
3,0,3
6,6,0
1,1,0
9,0,9
1,0,1
5,5,0
12,0,12
0,0,0
4,11,-7
1,2,-1
0,0,0
4,7,-3
0,16,-16
20,1,19
1,1,0
9,2,7
7,7,0
3,3,0
5,0,5
0,0,0
12,1,11
9,25,-16
8,2,6
0,0,0
1,6,-5
4,10,-6
1,0,1
8,1,7
2,6,-4
15,1,14
4,0,4
10,0,10
2,1,1
21,35,-14
0,0,0
5,0,5
0,1,-1
1,5,-4
30,30,0
1,0,1
3,5,-2
2,18,-16
3,7,-4
2,0,2
3,3,0
7,7,0
38,38,0
17,0,17
5,5,0
2,0,2
4,4,0
36,1,35
3,28,-25
0,0,0
3,2,1
2,1,1
3,1,2
4,3,1
2,0,2
8,7,1
4,1,3
10,2,8
20,5,15
0,0,0
7,7,0
6,3,3
4,2,2
6,3,3
7,4,3
0,21,-21
8,1,7
0,0,0
30,30,0
2,6,-4
1,1,0
1,9,-8
6,6,0
2,2,0
9,4,5
2,15,-13
4,0,4
5,6,-1
1,0,1
1,1,0
4,0,4
6,10,-4
4,6,-2
15,15,0
4,1,3
39,8,31
4,3,1
25,0,25
2,0,2
11,1,10
2,2,0
13,13,0
12,31,-19
16,16,0
5,0,5
7,0,7
8,22,-14
1,0,1
7,2,5
3,3,0
0,0,0
7,33,-26
6,2,4
2,0,2
1,2,-1
0,0,0
0,3,-3
14,7,7
4,4,0
24,12,12
0,0,0
5,5,0
0,24,-24
0,0,0
11,17,-6
6,0,6
15,2,13
3,3,0
5,3,2
5,13,-8
7,1,6
13,2,11
3,4,-1
13,8,5
3,4,-1
0,0,0
5,5,0
4,4,0
8,8,0
6,6,0
0,46,-46
3,2,1
6,3,3
4,1,3
5,11,-6
1,0,1
0,34,-34
7,7,0
0,0,0
4,1,3
0,1,-1
7,18,-11
8,8,0
0,0,0
3,19,-16
31,4,27
2,2,0
3,19,-16
14,5,9
3,0,3
5,4,1
2,2,0
1,0,1
9,10,-1
2,2,0
9,10,-1
1,1,0
1,0,1
0,11,-11
3,3,0
3,0,3
7,7,0
4,41,-37
12,3,9
2,0,2
15,15,0
0,0,0
11,0,11
0,12,-12
4,4,0
3,6,-3
10,10,0
12,12,0
16,0,16
8,13,-5
25,25,0
0,0,0
2,6,-4
8,8,0
0,0,0
0,14,-14
5,5,0
4,0,4
6,6,0
0,0,0
0,9,-9
4,2,2
8,51,-43
1,15,-14
1,1,0
6,7,-1
3,0,3
17,0,17
36,36,0
3,0,3
0,0,0
5,5,0
1,4,-3
4,1,3
10,11,-1
2,2,0
1,0,1
2,1,1
13,13,0
58,31,27
11,5,6
30,30,0
6,6,0
9,9,0
13,7,6
1,3,-2
3,12,-9
11,11,0
12,12,0
7,21,-14
0,0,0
2,2,0
0,0,0
15,15,0
2,3,-1
4,1,3
6,4,2
12,25,-13
59,59,0
5,8,-3
9,11,-2
4,1,3
2,1,1
0,5,-5
1,0,1
1,1,0
8,1,7
7,10,-3
0,2,-2
6,6,0
9,0,9
14,5,9
23,23,0
7,7,0
5,6,-1
1,0,1
4,4,0
0,0,0
0,0,0
23,28,-5
0,0,0
6,6,0
0,4,-4
0,0,0
7,1,6
4,7,-3
3,22,-19
15,15,0
21,40,-19
0,0,0
1,13,-12
1,0,1
3,3,0
13,2,11
8,2,6
5,5,0
2,7,-5
7,3,4
1,2,-1
2,2,0
6,6,0
18,4,14
7,7,0
8,31,-23
1,0,1
13,5,8
20,2,18
4,5,-1
2,0,2
2,0,2
5,2,3
12,3,9
4,5,-1
2,0,2
5,8,-3
34,52,-18
17,17,0
7,4,3
2,3,-1
1,2,-1
0,0,0
5,0,5
13,3,10
8,8,0
7,7,0
1,0,1
1,1,0
3,3,0
21,21,0
0,8,-8
9,9,0
0,0,0
9,2,7
3,7,-4
10,10,0
0,2,-2
4,3,1
0,0,0
5,5,0
18,11,7
3,3,0
14,14,0
0,2,-2
3,17,-14
1,35,-34
2,2,0
0,0,0
2,1,1
0,0,0
63,63,0
12,0,12
5,5,0
5,10,-5
9,1,8
10,6,4
2,2,0
2,2,0
12,16,-4
0,0,0
13,13,0
5,1,4
1,1,0
27,27,0
12,12,0
0,0,0
2,0,2
10,7,3
5,5,0
1,0,1
2,2,0
20,1,19
0,0,0
8,3,5
2,3,-1
1,0,1
7,0,7
4,4,0
3,0,3
3,0,3
0,14,-14
0,0,0
3,3,0
10,17,-7
16,10,6
3,3,0
33,18,15
0,4,-4
2,0,2
1,2,-1
3,0,3
0,1,-1
5,1,4
8,5,3
12,16,-4
2,2,0
0,10,-10
15,15,0
2,0,2
0,0,0
3,26,-23
1,0,1
4,5,-1
0,1,-1
17,1,16
2,14,-12
45,29,16
19,8,11
0,25,-25
3,2,1
8,8,0
4,7,-3
0,0,0
10,10,0
9,6,3
17,3,14
4,1,3
7,7,0
0,0,0
43,4,39
7,8,-1
0,3,-3
8,0,8
1,1,0
45,7,38
7,7,0
1,1,0
18,37,-19
26,1,25
13,12,1
7,7,0
2,2,0
14,18,-4
2,0,2
7,7,0
6,4,2
17,0,17
0,3,-3
2,3,-1
11,36,-25
6,5,1
20,25,-5
2,13,-11
0,0,0
0,0,0
2,3,-1
2,15,-13
3,12,-9
0,4,-4
3,16,-13
1,2,-1
19,19,0
1,1,0
6,0,6
0,0,0
5,5,0
0,0,0
2,0,2
0,0,0
6,0,6
11,11,0
9,4,5
0,0,0
6,3,3
8,8,0
10,6,4
6,2,4
8,13,-5
1,12,-11
6,6,0
2,0,2
7,5,2
2,0,2
6,6,0
15,5,10
38,2,36
2,9,-7
6,1,5
21,1,20
2,0,2
3,5,-2
0,10,-10
4,5,-1
1,3,-2
10,13,-3
1,34,-33
5,6,-1
12,0,12
1,7,-6
18,7,11
0,0,0
1,30,-29
0,0,0
2,0,2
2,0,2
4,16,-12
2,0,2
1,12,-11
1,18,-17
4,4,0
8,7,1
44,44,0
0,0,0
1,3,-2
1,0,1
36,38,-2
1,41,-40
0,4,-4
5,5,0
1,7,-6
0,3,-3
5,3,2
9,9,0
0,10,-10
5,0,5
1,36,-35
5,5,0
11,11,0
0,14,-14
8,12,-4
0,4,-4
1,1,0
0,8,-8
11,11,0
13,23,-10
18,2,16
4,15,-11
1,1,0
3,1,2
1,3,-2
0,0,0
14,17,-3
34,34,0
1,2,-1
3,0,3
0,0,0
25,25,0
4,1,3
3,3,0
1,0,1
0,0,0
0,0,0
10,2,8
21,21,0
22,17,5
0,0,0
26,26,0
29,26,3
24,24,0
1,0,1
3,4,-1
4,4,0
12,12,0
2,4,-2
5,1,4
8,30,-22
15,11,4
1,3,-2
27,7,20
13,13,0
27,23,4
2,0,2
3,8,-5
12,3,9
12,10,2
11,2,9
2,7,-5
3,3,0
3,11,-8
1,6,-5
3,10,-7
54,17,37
4,10,-6
0,0,0
2,1,1
1,1,0
6,6,0
7,4,3
0,0,0
0,0,0
2,2,0
19,21,-2
9,10,-1
6,6,0
21,21,0
0,0,0
6,2,4
2,0,2
1,0,1
33,4,29
14,0,14
2,2,0
2,10,-8
1,0,1
3,8,-5
13,16,-3
0,0,0
9,8,1
2,7,-5
21,3,18
0,0,0
3,7,-4
13,1,12
4,1,3
12,13,-1
4,13,-9
0,0,0
8,2,6
2,13,-11
1,9,-8
15,0,15
0,0,0
1,1,0
4,7,-3
1,13,-12
10,5,5
15,12,3
1,7,-6
10,6,4
4,5,-1
4,0,4
20,20,0
0,15,-15
10,10,0
2,25,-23
10,3,7
11,2,9
0,0,0
2,0,2
5,4,1
14,7,7
3,6,-3
2,8,-6
7,2,5
10,33,-23
5,2,3
2,0,2
1,0,1
0,0,0
22,15,7
3,0,3
8,8,0
1,9,-8
5,0,5
11,16,-5
0,0,0
0,4,-4
2,3,-1
0,16,-16
8,8,0
4,10,-6
3,25,-22
6,13,-7
11,0,11
12,2,10
17,9,8
0,0,0
5,13,-8
0,2,-2
14,14,0
11,1,10
0,10,-10
1,0,1
11,30,-19
1,9,-8
5,15,-10
3,9,-6
13,0,13
1,0,1
3,3,0
16,15,1
5,31,-26
9,13,-4
2,15,-13
2,2,0
32,32,0
16,16,0
3,21,-18
0,13,-13
20,11,9
1,0,1
7,0,7
4,4,0
4,4,0
2,1,1
8,8,0
0,1,-1
5,10,-5
5,5,0
20,60,-40
7,8,-1
13,29,-16
2,1,1
3,3,0
8,8,0
5,8,-3
3,0,3
8,8,0
0,4,-4
8,1,7
0,0,0
16,3,13
1,0,1
3,0,3
24,15,9
17,17,0
3,3,0
1,0,1
1,0,1
0,0,0
3,24,-21
2,3,-1
0,0,0
21,16,5
16,0,16
1,1,0
1,1,0
7,75,-68
4,4,0
0,0,0
0,0,0
20,17,3
2,0,2
1,1,0
4,4,0
0,0,0
4,18,-14
6,6,0
2,10,-8
0,6,-6
12,9,3
35,35,0
0,0,0
5,5,0
2,0,2
2,2,0
8,0,8
7,5,2
2,0,2
14,14,0
1,7,-6
6,0,6
2,2,0
7,2,5
4,5,-1
1,0,1
9,11,-2
3,3,0
12,25,-13
2,2,0
0,0,0
3,25,-22
1,0,1
0,0,0
32,40,-8
2,3,-1
1,0,1
4,1,3
3,0,3
17,11,6
5,2,3
9,22,-13
10,8,2
17,17,0
0,12,-12
0,5,-5
2,0,2
6,6,0
0,11,-11
28,17,11
3,0,3
4,4,0
0,1,-1
0,7,-7
7,9,-2
22,22,0
11,11,0
10,11,-1
19,11,8
1,2,-1
0,2,-2
4,4,0
0,0,0
2,0,2
1,0,1
8,0,8
2,2,0
4,4,0
0,2,-2
9,1,8
6,3,3
6,6,0
1,0,1
1,1,0
9,0,9
0,8,-8
1,3,-2
1,6,-5
7,3,4
0,16,-16
0,0,0
10,3,7
16,16,0
7,5,2
0,0,0
9,3,6
21,21,0
15,15,0
2,4,-2
7,2,5
1,8,-7
11,45,-34
4,3,1
2,2,0
5,5,0
0,2,-2
3,0,3
34,19,15
1,1,0
18,16,2
5,27,-22
0,1,-1
0,3,-3
22,0,22
1,0,1
14,0,14
0,0,0
5,14,-9
43,43,0
8,2,6
15,7,8
9,1,8
2,1,1
1,0,1
12,12,0
3,3,0
8,8,0
0,0,0
3,27,-24
3,5,-2
0,1,-1
6,6,0
5,0,5
0,5,-5
6,20,-14
2,2,0
1,1,0
1,0,1
1,19,-18
10,4,6
0,3,-3
5,6,-1
4,8,-4
3,3,0
3,3,0
3,2,1
0,12,-12
7,7,0
3,8,-5
0,3,-3
1,3,-2
3,2,1
2,0,2
5,5,0
24,12,12
6,2,4
3,0,3
2,2,0
0,0,0
0,0,0
10,10,0
1,3,-2
0,0,0
15,15,0
2,2,0
7,0,7
8,12,-4
1,6,-5
5,0,5
55,23,32
0,2,-2
1,0,1
2,2,0
3,3,0
1,0,1
6,22,-16
2,2,0
2,4,-2
4,4,0
3,14,-11
5,13,-8
2,0,2
1,11,-10
0,0,0
0,3,-3
3,3,0
3,3,0
0,8,-8
5,4,1
0,0,0
9,1,8
5,5,0
1,5,-4
23,3,20
0,0,0
28,10,18
15,15,0
10,0,10
0,1,-1
10,23,-13
11,0,11
3,3,0
3,3,0
7,0,7
7,22,-15
1,0,1
8,9,-1
5,0,5
0,0,0
3,28,-25
1,7,-6
3,3,0
1,2,-1
26,0,26
1,1,0
6,14,-8
0,1,-1
2,0,2
8,7,1
1,1,0
4,4,0
4,4,0
4,4,0
7,9,-2
2,15,-13
12,12,0
1,1,0
3,3,0
20,5,15
0,0,0
9,9,0
13,1,12
23,10,13
5,14,-9
4,5,-1
0,7,-7
8,5,3
7,17,-10
1,15,-14
5,20,-15
11,16,-5
4,4,0
4,8,-4
1,0,1
6,6,0
35,11,24
3,1,2
1,2,-1
2,5,-3
51,5,46
0,13,-13
6,13,-7
2,6,-4
5,13,-8
6,0,6
0,27,-27
0,0,0
3,0,3
11,21,-10
8,7,1
2,22,-20
1,19,-18
14,14,0
20,1,19
0,27,-27
1,0,1
0,0,0
3,10,-7
2,9,-7
0,0,0
1,4,-3
24,15,9
13,5,8
5,13,-8
2,6,-4
1,1,0
1,0,1
19,0,19
3,14,-11
0,0,0
4,4,0
1,6,-5
2,12,-10
6,6,0
4,4,0
23,16,7
3,3,0
26,26,0
7,1,6
1,1,0
5,5,0
0,0,0
7,0,7
0,6,-6
1,1,0
0,42,-42
5,5,0
1,1,0
0,2,-2
5,5,0
4,8,-4
8,8,0
1,0,1
4,2,2
9,10,-1
1,18,-17
9,14,-5
0,0,0
0,3,-3
14,18,-4
5,6,-1
19,19,0
2,1,1
70,4,66
2,2,0
2,2,0
0,13,-13
2,2,0
15,8,7
5,5,0
0,0,0
7,4,3
0,0,0
2,2,0
6,6,0
18,6,12
3,3,0
3,0,3
12,0,12
4,7,-3
10,10,0
6,6,0
0,0,0
0,0,0
1,12,-11
4,1,3
19,0,19
10,0,10
8,8,0
14,9,5
17,19,-2
3,7,-4
4,4,0
8,4,4
23,10,13
1,2,-1
5,5,0
5,9,-4
4,4,0
3,13,-10
1,0,1
4,0,4
1,2,-1
5,55,-50
2,0,2
5,2,3
9,39,-30
18,38,-20
0,0,0
9,10,-1
10,6,4
1,9,-8
5,0,5
9,0,9
1,32,-31
2,0,2
4,4,0
11,11,0
15,40,-25
3,29,-26
10,0,10
27,23,4
0,2,-2
1,2,-1
1,1,0
1,0,1
5,3,2
10,2,8
24,19,5
0,0,0
63,3,60
9,4,5
53,53,0
1,1,0
1,1,0
14,6,8
8,1,7
0,0,0
4,0,4
3,16,-13
4,11,-7
1,1,0
0,0,0
5,5,0
1,1,0
3,3,0
0,6,-6
35,0,35
3,52,-49
0,0,0
1,0,1
11,2,9
2,2,0
0,2,-2
2,2,0
6,6,0
23,23,0
6,0,6
2,0,2
18,2,16
1,2,-1
11,7,4
31,2,29
0,0,0
4,4,0
1,6,-5
0,0,0
12,2,10
1,0,1
2,2,0
0,0,0
1,0,1
2,2,0
0,1,-1
5,13,-8
9,2,7
20,20,0
23,26,-3
14,37,-23
10,1,9
32,8,24
1,1,0
0,0,0
2,0,2
3,3,0
12,27,-15
1,0,1
2,3,-1
15,15,0
47,9,38
5,11,-6
3,5,-2
4,2,2
3,0,3
0,0,0
18,3,15
4,4,0
0,0,0
15,0,15
18,6,12
7,3,4
16,4,12
0,0,0
3,3,0
1,0,1
9,6,3
0,0,0
17,17,0
11,4,7
3,3,0
21,6,15
21,7,14
32,32,0
3,3,0
2,1,1
2,10,-8
0,0,0
0,0,0
5,5,0
12,12,0
0,7,-7
0,0,0
2,6,-4
20,0,20
6,3,3
6,16,-10
3,0,3
68,68,0
1,5,-4
2,0,2
9,9,0
1,0,1
2,31,-29
9,37,-28
0,0,0
0,0,0
0,0,0
10,6,4
6,0,6
20,20,0
1,3,-2
1,1,0
1,6,-5
7,7,0
0,0,0
1,40,-39
42,27,15
5,5,0
1,0,1
1,27,-26
0,14,-14
3,3,0
0,0,0
1,4,-3
2,5,-3
2,11,-9
35,11,24
9,22,-13
0,8,-8
7,33,-26
4,1,3
0,0,0
66,66,0
13,9,4
50,19,31
6,12,-6
15,24,-9
17,6,11
45,19,26
7,21,-14
5,0,5
13,13,0
0,0,0
47,47,0
0,7,-7
1,11,-10
7,7,0
35,5,30
5,6,-1
99,17,82
2,2,0
3,32,-29
2,1,1
0,8,-8
1,0,1
0,0,0
10,24,-14
0,5,-5
4,20,-16
0,10,-10
0,0,0
0,8,-8
0,14,-14
7,6,1
0,0,0
2,2,0
8,8,0
2,13,-11
5,5,0
3,7,-4
1,0,1
4,4,0
0,0,0
1,1,0
13,12,1
0,0,0
3,6,-3
1,23,-22
26,26,0
0,0,0
0,0,0
1,5,-4
0,0,0
10,15,-5
28,22,6
24,1,23
4,0,4
1,1,0
0,24,-24
2,0,2
2,5,-3
4,0,4
5,0,5
13,9,4
8,15,-7
12,0,12
6,10,-4
17,17,0
3,4,-1
43,43,0
13,13,0
28,23,5
6,6,0
25,16,9
4,4,0
14,8,6
34,34,0
7,7,0
0,17,-17
13,8,5
0,0,0
40,40,0
5,5,0
0,2,-2
3,3,0
0,0,0
0,17,-17
16,13,3
1,2,-1
1,18,-17
5,4,1
26,20,6
5,5,0
0,0,0
0,0,0
0,0,0
3,3,0
3,5,-2
4,58,-54
7,0,7
9,33,-24
17,10,7
8,8,0
13,11,2
9,9,0
1,0,1
0,0,0
3,2,1
0,1,-1
14,0,14
3,15,-12
1,0,1
13,10,3
1,0,1
10,10,0
4,4,0
12,17,-5
8,5,3
3,2,1
0,19,-19
7,7,0
7,7,0
38,38,0
5,0,5
0,0,0
2,0,2
1,1,0
4,4,0
34,15,19
1,2,-1
5,5,0
0,0,0
1,5,-4
1,0,1
4,3,1
0,14,-14
0,0,0
2,2,0
3,3,0
7,0,7
1,29,-28
10,1,9
9,20,-11
2,18,-16
14,14,0
13,30,-17
24,14,10
0,2,-2
0,13,-13
0,0,0
5,7,-2
9,3,6
1,5,-4
1,23,-22
6,6,0
17,10,7
2,2,0
0,1,-1
3,1,2
2,2,0
8,0,8
0,3,-3
1,0,1
2,15,-13
14,14,0
14,14,0
6,12,-6
0,4,-4
3,3,0
1,0,1
19,19,0
2,0,2
3,0,3
13,3,10
0,0,0
0,0,0
0,1,-1
5,1,4
0,1,-1
4,2,2
2,2,0
13,13,0
17,19,-2
29,8,21
9,0,9
22,5,17
7,17,-10
8,8,0
8,8,0
0,3,-3
28,28,0
0,0,0
6,8,-2
0,0,0
2,2,0
1,13,-12
0,6,-6
7,9,-2
12,29,-17
12,12,0
5,5,0
0,7,-7
1,0,1
0,0,0
5,7,-2
0,0,0
18,4,14
4,15,-11
19,4,15
0,0,0
1,20,-19
2,2,0
10,11,-1
2,13,-11
2,0,2
12,0,12
3,6,-3
8,8,0
6,6,0
0,0,0
0,1,-1
0,0,0
9,14,-5
1,9,-8
6,1,5
6,6,0
45,30,15
0,5,-5
24,12,12
6,1,5
2,0,2
23,7,16
26,16,10
0,4,-4
0,4,-4
6,5,1
0,0,0
12,7,5
4,4,0
2,0,2
15,27,-12
0,0,0
19,19,0
2,43,-41
7,17,-10
1,5,-4
0,3,-3
17,17,0
0,0,0
9,4,5
7,3,4
2,0,2
5,2,3
18,26,-8
4,0,4
17,1,16
2,0,2
23,9,14
4,0,4
11,15,-4
0,0,0
9,2,7
9,10,-1
30,19,11
1,2,-1
6,11,-5
0,1,-1
14,10,4
0,0,0
2,10,-8
29,0,29
5,7,-2
11,11,0
2,3,-1
0,0,0
19,19,0
0,0,0
2,14,-12
1,0,1
10,0,10
1,0,1
1,8,-7
3,0,3
6,13,-7
1,25,-24
7,7,0
1,1,0
2,3,-1
46,46,0
36,3,33
18,38,-20
0,0,0
0,0,0
7,9,-2
3,1,2
1,3,-2
10,1,9
1,1,0
30,14,16
11,14,-3
3,0,3
3,6,-3
16,3,13
0,0,0
0,0,0
5,5,0
30,30,0
4,4,0
2,0,2
26,6,20
8,9,-1
2,2,0
12,28,-16
2,1,1
0,10,-10
6,6,0
3,0,3
8,5,3
3,1,2
13,13,0
12,0,12
1,1,0
2,0,2
10,1,9
1,1,0
0,8,-8
0,5,-5
6,0,6
1,5,-4
4,4,0
0,2,-2
0,5,-5
24,15,9
0,47,-47
1,7,-6
2,2,0
4,0,4
9,13,-4
2,6,-4
5,6,-1
2,0,2
0,0,0
0,0,0
0,1,-1
4,8,-4
6,7,-1
1,1,0
3,0,3
4,6,-2
9,0,9
11,24,-13
0,0,0
13,1,12
2,7,-5
0,19,-19
3,3,0
6,4,2
0,15,-15
5,0,5
8,20,-12
0,3,-3
21,6,15
14,6,8
20,20,0
59,3,56
11,6,5
6,0,6
12,17,-5
2,0,2
30,1,29
2,0,2
0,0,0
2,8,-6
12,4,8
0,2,-2
0,2,-2
6,6,0
0,0,0
1,4,-3
0,10,-10
16,13,3
31,18,13
1,1,0
0,0,0
8,14,-6
3,2,1
2,0,2
10,2,8
24,0,24
10,35,-25
1,3,-2
8,17,-9
13,0,13
27,27,0
15,8,7
0,0,0
9,5,4
45,36,9
9,9,0
3,3,0
0,0,0
21,10,11
2,1,1
0,0,0
0,3,-3
1,1,0
3,4,-1
15,17,-2
0,0,0
0,3,-3
0,1,-1
0,0,0
9,17,-8
3,5,-2
3,3,0
16,16,0
0,3,-3
5,0,5
0,0,0
1,22,-21
1,0,1
4,4,0
0,0,0
1,0,1
1,1,0
0,0,0
19,19,0
19,8,11
5,5,0
17,17,0
7,7,0
5,6,-1
9,9,0
10,7,3
2,2,0
8,0,8
5,7,-2
12,31,-19
10,5,5
30,23,7
2,0,2
1,1,0
0,40,-40
6,7,-1
0,5,-5
3,23,-20
2,0,2
1,0,1
0,0,0
0,0,0
1,1,0
1,0,1
5,1,4
4,1,3
5,5,0
0,0,0
20,8,12
3,3,0
8,0,8
0,0,0
0,0,0
0,0,0
1,5,-4
1,1,0
7,7,0
16,0,16
26,26,0
1,0,1
6,22,-16
3,3,0
0,0,0
11,45,-34
1,1,0
0,0,0
10,24,-14
13,2,11
16,13,3
2,5,-3
1,2,-1
4,4,0
0,5,-5
9,14,-5
19,19,0
6,6,0
5,0,5
14,1,13
5,5,0
8,0,8
16,4,12
1,1,0
22,13,9
4,0,4
3,2,1
3,8,-5
0,0,0
14,11,3
0,28,-28
1,8,-7
1,15,-14
0,0,0
0,2,-2
5,3,2
4,2,2
2,0,2
3,12,-9
0,0,0
30,30,0
0,0,0
2,6,-4
8,14,-6
0,0,0
15,18,-3
15,0,15
1,1,0
1,1,0
1,1,0
1,7,-6
61,12,49
8,40,-32
2,1,1
4,0,4
11,4,7
11,0,11
0,0,0
43,1,42
16,3,13
22,11,11
0,9,-9
13,11,2
8,0,8
7,7,0
0,0,0
33,0,33
5,5,0
0,0,0
7,12,-5
4,3,1
9,0,9
1,1,0
1,0,1
0,0,0
0,5,-5
10,5,5
0,0,0
7,0,7
0,0,0
11,11,0
4,4,0
20,18,2
6,6,0
4,0,4
5,2,3
1,7,-6
12,0,12
0,14,-14
7,4,3
25,25,0
13,4,9
2,2,0
21,28,-7
0,0,0
4,4,0
0,27,-27
1,13,-12
1,12,-11
2,3,-1
5,8,-3
18,3,15
3,0,3
22,20,2
0,0,0
2,5,-3
8,2,6
1,0,1
0,0,0
1,1,0
6,1,5
4,1,3
10,10,0
16,16,0
5,2,3
17,17,0
0,4,-4
3,1,2
0,0,0
0,15,-15
1,0,1
10,0,10
13,13,0
12,0,12
1,15,-14
3,0,3
0,13,-13
7,21,-14
1,30,-29
16,23,-7
0,0,0
45,1,44
6,7,-1
1,3,-2
0,0,0
3,2,1
4,1,3
12,0,12
0,0,0
0,0,0
1,0,1
5,47,-42
0,3,-3
0,0,0
30,13,17
3,3,0
0,0,0
0,0,0
1,0,1
3,0,3
6,11,-5
0,0,0
8,0,8
5,4,1
15,20,-5
2,2,0
0,0,0
1,5,-4
4,1,3
4,4,0
6,4,2
11,7,4
0,6,-6
14,9,5
1,1,0
6,0,6
2,24,-22
4,4,0
3,3,0
26,20,6
5,5,0
3,3,0
7,12,-5
27,1,26
0,0,0
19,19,0
1,6,-5
10,28,-18
15,15,0
5,1,4
5,0,5
10,10,0
13,13,0
3,0,3
11,20,-9
0,0,0
5,5,0
2,1,1
3,16,-13
4,0,4
6,24,-18
1,4,-3
1,7,-6
10,15,-5
22,22,0
28,28,0
0,1,-1
3,0,3
23,7,16
3,8,-5
5,7,-2
3,0,3
71,71,0
5,16,-11
0,0,0
1,0,1
27,59,-32
1,0,1
1,32,-31
4,14,-10
0,7,-7
3,2,1
1,1,0
1,1,0
18,16,2
16,19,-3
0,0,0
5,4,1
0,0,0
5,23,-18
0,19,-19
8,2,6
2,25,-23
14,0,14
9,3,6
4,8,-4
61,25,36
0,0,0
5,3,2
3,0,3
5,5,0
1,1,0
12,3,9
0,0,0
0,7,-7
6,0,6
3,0,3
0,0,0
5,5,0
8,3,5
12,12,0
2,2,0
4,6,-2
0,8,-8
1,1,0
5,3,2
15,0,15
4,0,4
0,3,-3
28,63,-35
8,8,0
4,18,-14
7,7,0
6,9,-3
9,3,6
4,3,1
29,2,27
0,0,0
10,0,10
0,0,0
3,8,-5
26,7,19
3,3,0
0,12,-12
7,7,0
14,14,0
11,4,7
5,2,3
19,6,13
9,9,0
27,27,0
3,12,-9
0,5,-5
0,0,0
2,1,1
1,0,1
5,2,3
7,0,7
1,2,-1
30,6,24
5,16,-11
2,10,-8
4,1,3
11,11,0
19,19,0
4,0,4
8,8,0
6,0,6
0,0,0
3,9,-6
3,3,0
19,19,0
12,25,-13
7,5,2
1,0,1
4,28,-24
14,19,-5
0,4,-4
0,1,-1
4,0,4
17,1,16
1,12,-11
6,1,5
7,7,0
0,4,-4
2,4,-2
0,0,0
13,13,0
2,6,-4
13,13,0
1,0,1
2,6,-4
0,0,0
2,7,-5
3,3,0
5,5,0
13,12,1
21,21,0
0,0,0
0,9,-9
0,0,0
0,0,0
1,4,-3
9,8,1
4,4,0
3,5,-2
12,33,-21
5,21,-16
3,3,0
13,0,13
14,5,9
11,34,-23
0,1,-1
16,16,0
1,2,-1
1,0,1
0,3,-3
0,3,-3
0,9,-9
1,0,1
8,8,0
3,11,-8
31,7,24
0,1,-1
0,2,-2
31,0,31
2,1,1
8,0,8
0,2,-2
3,3,0
23,12,11
4,4,0
5,17,-12
0,0,0
35,24,11
1,1,0
0,0,0
6,0,6
23,2,21
5,7,-2
1,4,-3
9,1,8
12,9,3
7,7,0
1,0,1
0,0,0
3,24,-21
2,0,2
8,2,6
4,4,0
0,0,0
1,0,1
2,21,-19
3,3,0
9,9,0
4,4,0
4,0,4
3,2,1
11,0,11
14,3,11
3,0,3
7,7,0
46,12,34
6,0,6
10,26,-16
7,21,-14
0,11,-11
10,10,0
15,11,4
0,0,0
1,1,0
26,26,0
2,2,0
1,1,0
4,4,0
1,10,-9
11,8,3
2,52,-50
1,8,-7
4,2,2
4,1,3
2,18,-16
10,50,-40
17,8,9
0,0,0
3,12,-9
1,0,1
0,0,0
3,0,3
1,10,-9
4,0,4
8,7,1
0,0,0
54,20,34
0,16,-16
0,0,0
7,10,-3
10,10,0
2,0,2
18,1,17
3,3,0
6,1,5
1,1,0
29,7,22
6,8,-2
1,1,0
7,0,7
13,13,0
1,0,1
18,2,16
0,2,-2
1,5,-4
2,0,2
0,0,0
0,0,0
5,5,0
2,0,2
2,2,0
2,0,2
47,2,45
75,13,62
0,0,0
9,3,6
7,14,-7
9,2,7
0,7,-7
5,4,1
11,17,-6
0,4,-4
18,15,3
12,9,3
0,1,-1
29,29,0
5,9,-4
7,3,4
0,0,0
0,2,-2
12,21,-9
8,10,-2
20,4,16
2,2,0
2,2,0
9,11,-2
0,0,0
4,0,4
1,6,-5
13,14,-1
2,0,2
9,35,-26
5,0,5
1,10,-9
25,5,20
13,13,0
3,0,3
21,7,14
1,8,-7
0,0,0
5,14,-9
0,3,-3
0,7,-7
0,12,-12
7,0,7
2,5,-3
4,0,4
14,1,13
3,12,-9
0,19,-19
0,13,-13
7,2,5
0,1,-1
12,1,11
37,0,37
0,0,0
6,7,-1
5,5,0
1,0,1
1,0,1
1,18,-17
12,1,11
17,17,0
0,50,-50
0,0,0
0,0,0
16,5,11
0,0,0
15,4,11
9,4,5
13,8,5
13,13,0
4,0,4
4,1,3
6,6,0
2,2,0
5,5,0
21,21,0
1,35,-34
7,11,-4
29,1,28
1,31,-30
13,12,1
2,2,0
1,4,-3
6,5,1
5,4,1
1,1,0
4,1,3
0,0,0
13,2,11
15,18,-3
0,0,0
13,5,8
12,7,5
12,12,0
11,9,2
1,0,1
1,0,1
3,0,3
1,6,-5
0,1,-1
1,0,1
13,0,13
4,0,4
2,5,-3
17,17,0
2,3,-1
12,9,3
45,12,33
3,2,1
2,2,0
11,16,-5
3,5,-2
10,6,4
2,0,2
17,8,9
11,1,10
2,4,-2
1,8,-7
1,1,0
16,10,6
3,3,0
1,0,1
8,8,0
4,0,4
22,21,1
1,0,1
23,20,3
2,0,2
20,6,14
2,2,0
15,16,-1
2,0,2
17,4,13
0,0,0
4,11,-7
3,1,2
6,4,2
22,22,0
7,16,-9
1,6,-5
1,7,-6
2,16,-14
0,14,-14
4,4,0
3,12,-9
3,3,0
3,0,3
0,12,-12
0,0,0
6,16,-10
18,1,17
0,2,-2
8,8,0
4,8,-4
0,1,-1
2,6,-4
0,0,0
0,9,-9
5,5,0
5,0,5
4,4,0
13,6,7
5,32,-27
0,1,-1
0,0,0
17,11,6
22,3,19
3,6,-3
2,2,0
15,11,4
5,3,2
0,1,-1
21,21,0
1,1,0
3,4,-1
13,23,-10
3,3,0
2,4,-2
1,11,-10
0,0,0
1,5,-4
16,0,16
0,0,0
11,11,0
5,11,-6
0,0,0
8,11,-3
6,22,-16
5,3,2
1,0,1
3,1,2
4,4,0
0,0,0
10,0,10
0,0,0
8,7,1
3,3,0
5,5,0
16,9,7
5,5,0
21,21,0
26,10,16
3,3,0
7,6,1
33,33,0
8,8,0
3,10,-7
21,2,19
17,11,6
2,2,0
1,0,1
4,11,-7
0,0,0
19,19,0
4,4,0
5,3,2
2,0,2
4,32,-28
15,12,3
3,0,3
6,6,0
1,0,1
1,0,1
3,0,3
6,19,-13
5,2,3
5,1,4
0,0,0
8,6,2
9,9,0
1,1,0
23,8,15
1,0,1
3,2,1
37,39,-2
0,0,0
0,18,-18
22,22,0
9,18,-9
3,0,3
8,16,-8
0,21,-21
9,2,7
2,0,2
2,0,2
0,8,-8
1,2,-1
0,12,-12
0,15,-15
0,9,-9
48,32,16
9,1,8
0,3,-3
0,0,0
0,11,-11
5,5,0
27,2,25
3,0,3
6,6,0
0,0,0
20,0,20
3,0,3
31,1,30
6,6,0
5,18,-13
0,0,0
0,0,0
2,1,1
0,4,-4
2,2,0
0,18,-18
5,3,2
1,2,-1
11,7,4
0,0,0
22,22,0
9,0,9
2,0,2
3,1,2
10,10,0
1,0,1
1,2,-1
1,0,1
3,15,-12
1,2,-1
0,0,0
12,19,-7
0,2,-2
1,0,1
3,3,0
11,15,-4
41,3,38
10,5,5
0,7,-7
4,4,0
3,0,3
9,9,0
1,4,-3
4,4,0
6,0,6
0,0,0
2,0,2
1,3,-2
50,25,25
6,7,-1
6,6,0
14,4,10
1,1,0
1,0,1
32,17,15
4,5,-1
2,2,0
7,16,-9
2,1,1
0,0,0
11,4,7
5,5,0
2,0,2
2,1,1
1,1,0
5,11,-6
2,4,-2
1,0,1
14,4,10
4,3,1
14,2,12
1,36,-35
0,0,0
1,1,0
14,32,-18
2,0,2
0,2,-2
8,8,0
10,16,-6
2,0,2
0,0,0
7,4,3
2,0,2
0,0,0
9,18,-9
2,18,-16
3,3,0
5,2,3
13,5,8
6,1,5
2,2,0
3,7,-4
8,4,4
3,0,3
0,0,0
5,0,5
2,2,0
10,24,-14
6,0,6
11,9,2
0,10,-10
9,4,5
2,2,0
1,7,-6
3,3,0
11,11,0
16,2,14
4,8,-4
6,6,0
5,5,0
0,0,0
0,0,0
0,0,0
9,1,8
3,1,2
0,2,-2
2,25,-23
13,3,10
14,14,0
4,2,2
3,2,1
6,6,0
2,2,0
1,6,-5
21,4,17
1,2,-1
4,4,0
1,10,-9
1,3,-2
15,3,12
1,2,-1
5,5,0
0,0,0
6,4,2
2,0,2
13,13,0
14,0,14
1,0,1
0,0,0
1,0,1
0,2,-2
0,0,0
11,0,11
2,2,0
14,2,12
36,0,36
33,9,24
0,0,0
37,47,-10
8,8,0
7,0,7
0,0,0
1,10,-9
7,7,0
16,3,13
15,5,10
4,0,4
1,25,-24
0,0,0
0,0,0
68,8,60
19,18,1
1,1,0
10,23,-13
10,12,-2
16,25,-9
4,0,4
2,2,0
4,10,-6
0,0,0
0,0,0
1,1,0
5,5,0
2,2,0
1,0,1
0,1,-1
4,4,0
0,0,0
26,1,25
8,0,8
12,0,12
0,0,0
1,18,-17
1,10,-9
3,0,3
2,5,-3
17,17,0
3,3,0
12,8,4
4,0,4
2,7,-5
1,0,1
7,7,0
19,0,19
12,25,-13
3,0,3
1,1,0
3,3,0
15,15,0
0,0,0
0,1,-1
6,6,0
3,42,-39
5,0,5
8,15,-7
21,21,0
2,0,2
6,5,1
10,10,0
0,11,-11
8,20,-12
0,0,0
8,21,-13
1,4,-3
0,32,-32
0,5,-5
24,1,23
4,0,4
3,3,0
3,36,-33
18,4,14
4,2,2
3,3,0
4,0,4
0,7,-7
9,20,-11
23,7,16
0,1,-1
0,0,0
0,0,0
14,2,12
0,0,0
1,1,0
11,29,-18
8,10,-2
1,2,-1
4,1,3
0,25,-25
0,0,0
0,2,-2
18,6,12
0,0,0
28,28,0
3,1,2
5,36,-31
5,16,-11
9,9,0
5,11,-6
3,1,2
21,21,0
1,1,0
2,0,2
20,0,20
0,1,-1
1,0,1
4,4,0
0,1,-1
1,0,1
12,20,-8
3,2,1
0,3,-3
7,3,4
2,0,2
2,2,0
47,2,45
7,13,-6
12,0,12
3,0,3
3,0,3
4,2,2
4,0,4
0,4,-4
5,5,0
10,3,7
0,0,0
0,0,0
10,2,8
12,12,0
4,4,0
1,8,-7
2,3,-1
2,0,2
6,23,-17
3,2,1
6,6,0
2,21,-19
13,10,3
4,21,-17
13,7,6
0,1,-1
6,0,6
0,9,-9
19,10,9
3,15,-12
3,19,-16
4,6,-2
34,0,34
10,7,3
8,19,-11
2,4,-2
0,2,-2
17,17,0
3,26,-23
10,10,0
9,35,-26
1,2,-1
3,3,0
4,9,-5
0,0,0
0,0,0
6,1,5
2,0,2
3,0,3
1,5,-4
4,4,0
2,10,-8
16,16,0
2,8,-6
0,0,0
2,2,0
9,0,9
6,6,0
0,24,-24
6,2,4
12,15,-3
2,4,-2
2,0,2
1,6,-5
4,0,4
3,4,-1
2,2,0
2,2,0
7,2,5
1,3,-2
2,32,-30
29,8,21
14,11,3
0,0,0
0,0,0
1,0,1
1,2,-1
1,42,-41
2,7,-5
10,10,0
1,0,1
0,26,-26
4,2,2
2,19,-17
0,0,0
13,16,-3
0,0,0
10,8,2
11,3,8
8,11,-3
28,14,14
2,2,0
3,0,3
4,0,4
11,12,-1
39,1,38
5,5,0
4,4,0
5,5,0
8,1,7
0,1,-1
8,8,0
2,0,2
0,0,0
0,4,-4
1,0,1
2,2,0
8,8,0
0,3,-3
0,0,0
3,9,-6
2,5,-3
6,1,5
4,6,-2
2,2,0
4,21,-17
1,0,1
1,3,-2
21,21,0
0,2,-2
9,35,-26
18,7,11
0,10,-10
7,7,0
13,13,0
6,19,-13
0,0,0
4,0,4
2,0,2
3,3,0
3,0,3
0,0,0
16,16,0
8,30,-22
5,1,4
34,4,30
8,6,2
11,11,0
1,1,0
4,0,4
3,3,0
84,32,52
6,7,-1
24,24,0
0,0,0
1,43,-42
20,5,15
1,0,1
0,0,0
7,7,0
2,1,1
14,21,-7
11,17,-6
1,1,0
7,7,0
1,22,-21
21,19,2
3,5,-2
15,5,10
17,1,16
1,2,-1
13,13,0
13,55,-42
10,6,4
12,12,0
5,1,4
0,0,0
7,7,0
0,4,-4
10,10,0
0,1,-1
5,3,2
2,13,-11
16,8,8
3,3,0
6,9,-3
5,9,-4
10,1,9
7,7,0
2,27,-25
2,7,-5
0,0,0
1,19,-18
3,0,3
0,0,0
20,20,0
4,14,-10
2,2,0
0,2,-2
0,16,-16
13,8,5
33,4,29
3,4,-1
20,4,16
5,2,3
5,3,2
12,35,-23
1,1,0
6,6,0
4,4,0
5,0,5
3,2,1
26,26,0
3,3,0
54,32,22
13,4,9
4,4,0
1,0,1
19,19,0
2,13,-11
9,2,7
4,3,1
13,1,12
5,1,4
15,15,0
0,21,-21
13,13,0
3,53,-50
3,3,0
1,0,1
1,0,1
45,38,7
13,2,11
0,8,-8
11,27,-16
2,2,0
8,6,2
5,5,0
5,5,0
0,0,0
0,0,0
4,6,-2
3,29,-26
3,0,3
0,0,0
3,3,0
6,3,3
4,8,-4
0,0,0
2,2,0
8,6,2
5,13,-8
2,8,-6
3,15,-12
12,16,-4
2,0,2
10,15,-5
10,7,3
6,2,4
3,0,3
30,30,0
1,8,-7
10,9,1
4,5,-1
0,0,0
3,15,-12
3,3,0
0,17,-17
8,5,3
1,10,-9
0,0,0
1,11,-10
1,19,-18
11,12,-1
3,3,0
0,0,0
4,0,4
13,17,-4
10,5,5
2,3,-1
1,1,0
0,0,0
0,0,0
12,11,1
2,5,-3
3,0,3
15,4,11
6,6,0
2,2,0
21,9,12
1,2,-1
5,1,4
9,7,2
12,12,0
12,3,9
0,0,0
3,3,0
5,39,-34
0,0,0
0,0,0
14,14,0
0,1,-1
29,22,7
0,0,0
0,4,-4
17,26,-9
1,5,-4
5,0,5
0,8,-8
0,3,-3
0,2,-2
2,17,-15
8,2,6
4,31,-27
13,0,13
0,3,-3
7,1,6
3,3,0
0,2,-2
6,12,-6
2,10,-8
1,0,1
2,0,2
0,1,-1
14,18,-4
1,1,0
26,26,0
4,7,-3
14,4,10
5,2,3
3,22,-19
1,8,-7
3,0,3
13,2,11
5,5,0
0,0,0
10,8,2
7,3,4
7,1,6
14,1,13
0,0,0
1,1,0
6,6,0
2,27,-25
1,6,-5
0,0,0
4,0,4
1,0,1
44,7,37
3,2,1
0,0,0
0,22,-22
20,23,-3
9,0,9
18,10,8
6,3,3
0,0,0
2,0,2
5,0,5
7,21,-14
6,31,-25
5,4,1
18,18,0
1,4,-3
0,0,0
17,38,-21
39,29,10
0,2,-2
15,15,0
48,48,0
4,4,0
3,0,3
5,5,0
8,0,8
11,8,3
8,11,-3
20,20,0
8,8,0
10,13,-3
60,60,0
2,2,0
0,7,-7
7,7,0
6,16,-10
0,0,0
2,2,0
1,0,1
10,10,0
5,13,-8
1,1,0
5,2,3
0,0,0
6,29,-23
7,2,5
2,0,2
31,1,30
0,0,0
14,14,0
23,1,22
10,6,4
1,14,-13
2,2,0
2,3,-1
2,0,2
0,0,0
0,0,0
1,0,1
1,2,-1
12,10,2
8,0,8
6,6,0
5,7,-2
0,0,0
16,7,9
2,7,-5
0,0,0
4,4,0
2,0,2
9,6,3
1,6,-5
73,4,69
4,7,-3
5,5,0
6,6,0
0,2,-2
0,0,0
16,16,0
13,54,-41
27,27,0
17,16,1
0,10,-10
12,8,4
0,1,-1
13,23,-10
12,15,-3
2,2,0
1,1,0
0,0,0
0,0,0
2,24,-22
3,0,3
9,20,-11
0,0,0
0,0,0
2,2,0
1,1,0
3,4,-1
6,2,4
2,8,-6
2,0,2
0,0,0
14,14,0
25,5,20
5,6,-1
2,2,0
21,21,0
51,19,32
0,0,0
38,44,-6
0,0,0
0,0,0
11,16,-5
0,0,0
1,0,1
0,0,0
26,26,0
58,2,56
0,5,-5
36,36,0
17,18,-1
5,2,3
15,5,10
4,4,0
43,43,0
4,10,-6
10,10,0
3,0,3
10,16,-6
9,20,-11
10,0,10
4,3,1
1,1,0
1,4,-3
4,35,-31
37,19,18
1,10,-9
2,3,-1
8,3,5
0,0,0
0,0,0
27,9,18
29,2,27
2,0,2
4,0,4
0,0,0
0,7,-7
2,1,1
7,2,5
2,2,0
9,9,0
47,13,34
1,0,1
6,12,-6
0,0,0
4,2,2
1,1,0
8,8,0
0,2,-2
5,5,0
4,4,0
1,1,0
1,1,0
7,24,-17
14,0,14
3,3,0
12,12,0
44,1,43
2,2,0
2,7,-5
0,0,0
3,3,0
3,3,0
1,0,1
3,10,-7
2,2,0
5,4,1
7,14,-7
5,0,5
29,10,19
4,3,1
3,3,0
17,3,14
3,0,3
0,1,-1
0,0,0
13,13,0
4,0,4
13,13,0
0,0,0
2,1,1
9,1,8
6,0,6
5,23,-18
12,12,0
0,0,0
3,1,2
4,4,0
0,26,-26
1,1,0
2,0,2
2,8,-6
0,2,-2
1,10,-9
1,5,-4
7,6,1
0,0,0
4,0,4
0,0,0
3,0,3
0,13,-13
0,0,0
33,33,0
0,1,-1
16,16,0
5,1,4
3,11,-8
0,0,0
1,1,0
1,0,1
0,2,-2
1,1,0
10,2,8
0,0,0
3,3,0
6,4,2
2,2,0
0,0,0
3,2,1
51,8,43
10,10,0
2,0,2
11,9,2
9,7,2
0,0,0
7,0,7
1,0,1
21,48,-27
0,10,-10
0,0,0
10,10,0
4,26,-22
20,12,8
1,0,1
15,17,-2
0,0,0
4,4,0
2,2,0
6,6,0
17,1,16
1,9,-8
8,8,0
19,0,19
16,2,14
0,0,0
15,7,8
0,0,0
4,1,3
0,2,-2
0,0,0
3,1,2
59,10,49
11,0,11
0,7,-7
4,2,2
1,4,-3
0,0,0
0,0,0
0,0,0
1,0,1
1,4,-3
2,8,-6
0,6,-6
8,8,0
0,0,0
34,2,32
3,12,-9
3,12,-9
0,6,-6
0,0,0
4,2,2
6,5,1
9,2,7
0,6,-6
1,1,0
9,34,-25
9,12,-3
9,13,-4
8,29,-21
3,4,-1
5,5,0
3,2,1
31,3,28
2,2,0
2,21,-19
22,4,18
6,6,0
0,0,0
7,7,0
25,25,0
6,6,0
8,1,7
0,0,0
7,14,-7
2,4,-2
9,9,0
0,2,-2
11,11,0
0,17,-17
5,4,1
18,1,17
1,1,0
16,16,0
4,4,0
3,0,3
0,3,-3
15,6,9
5,5,0
19,5,14
1,7,-6
12,10,2
3,0,3
0,5,-5
11,11,0
0,3,-3
0,0,0
1,3,-2
2,2,0
38,2,36
12,8,4
7,5,2
1,6,-5
6,6,0
3,3,0
10,0,10
2,1,1
32,30,2
2,0,2
8,7,1
18,1,17
1,7,-6
5,0,5
11,11,0
0,48,-48
10,10,0
6,6,0
22,20,2
6,0,6
8,8,0
5,5,0
15,5,10
8,7,1
0,0,0
17,17,0
0,3,-3
0,2,-2
5,14,-9
1,0,1
16,7,9
3,3,0
1,1,0
2,4,-2
20,17,3
3,5,-2
7,7,0
0,9,-9
0,0,0
4,4,0
7,10,-3
0,2,-2
4,21,-17
5,0,5
4,1,3
0,0,0
0,3,-3
25,27,-2
4,11,-7
8,0,8
16,2,14
15,27,-12
4,4,0
5,0,5
9,51,-42
6,3,3
0,0,0
0,10,-10
46,46,0
3,0,3
0,1,-1
3,0,3
9,9,0
2,0,2
1,0,1
1,0,1
4,5,-1
3,0,3
0,9,-9
0,15,-15
3,18,-15
0,0,0
1,2,-1
7,7,0
4,10,-6
10,10,0
4,3,1
15,1,14
0,1,-1
34,23,11
20,20,0
0,0,0
23,23,0
0,0,0
4,19,-15
5,5,0
17,17,0
6,0,6
0,2,-2
2,0,2
1,0,1
0,6,-6
0,1,-1
1,0,1
2,17,-15
1,0,1
4,0,4
2,2,0
18,0,18
10,10,0
11,2,9
6,6,0
1,1,0
0,0,0
12,14,-2
9,9,0
5,11,-6
0,0,0
14,29,-15
6,20,-14
3,3,0
0,6,-6
13,0,13
16,16,0
1,27,-26
1,0,1
2,4,-2
8,0,8
6,6,0
42,5,37
3,0,3
8,8,0
7,20,-13
7,7,0
4,4,0
5,17,-12
7,8,-1
0,0,0
3,3,0
14,14,0
6,0,6
1,18,-17
0,0,0
8,2,6
13,22,-9
0,0,0
4,3,1
27,0,27
3,1,2
35,5,30
25,25,0
15,10,5
4,1,3
8,16,-8
1,1,0
2,0,2
5,9,-4
5,12,-7
1,2,-1
0,20,-20
17,4,13
6,13,-7
0,0,0
1,0,1
1,1,0
0,0,0
5,30,-25
2,0,2
0,27,-27
0,0,0
6,1,5
5,5,0
3,19,-16
7,0,7
22,22,0
0,19,-19
32,1,31
1,1,0
0,4,-4
6,45,-39
0,0,0
14,1,13
5,0,5
0,0,0
0,0,0
1,1,0
9,19,-10
3,16,-13
2,1,1
1,4,-3
13,4,9
2,0,2
24,5,19
0,0,0
1,0,1
0,0,0
9,5,4
11,1,10
0,0,0
17,10,7
2,2,0
2,2,0
37,37,0
17,17,0
7,26,-19
14,34,-20
2,2,0
5,0,5
0,0,0
1,2,-1
13,13,0
9,0,9
4,6,-2
1,13,-12
0,0,0
9,1,8
44,16,28
2,3,-1
4,21,-17
0,16,-16
0,0,0
3,0,3
6,6,0
9,19,-10
3,0,3
5,6,-1
11,2,9
0,3,-3
0,7,-7
4,2,2
1,1,0
2,1,1
10,12,-2
2,2,0
2,0,2
22,22,0
4,4,0
2,2,0
6,7,-1
25,13,12
2,2,0
0,0,0
0,0,0
14,0,14
2,3,-1
0,10,-10
5,0,5
0,6,-6
13,2,11
11,11,0
2,8,-6
6,6,0
1,0,1
0,0,0
8,8,0
7,6,1
14,2,12
1,1,0
4,1,3
0,10,-10
2,2,0
1,0,1
0,0,0
1,0,1
0,0,0
0,0,0
0,0,0
4,4,0
17,17,0
1,22,-21
0,3,-3
1,0,1
0,2,-2
1,0,1
1,2,-1
3,1,2
6,6,0
29,13,16
0,2,-2
4,26,-22
11,19,-8
0,0,0
0,3,-3
0,0,0
8,13,-5
18,18,0
1,25,-24
17,16,1
2,4,-2
7,2,5
1,0,1
2,3,-1
0,0,0
4,6,-2
4,0,4
10,9,1
8,5,3
8,0,8
0,10,-10
13,11,2
27,27,0
5,3,2
6,7,-1
1,1,0
0,1,-1
25,0,25
2,17,-15
11,2,9
4,2,2
5,15,-10
6,0,6
7,30,-23
8,8,0
7,8,-1
32,5,27
4,0,4
11,12,-1
16,11,5
14,8,6
20,5,15
1,9,-8
2,0,2
2,0,2
0,16,-16
17,2,15
0,29,-29
9,3,6
2,0,2
5,5,0
4,12,-8
0,0,0
2,0,2
3,0,3
6,3,3
0,0,0
1,0,1
13,1,12
3,13,-10
4,0,4
2,6,-4
11,8,3
23,23,0
14,3,11
3,3,0
0,17,-17
0,0,0
18,18,0
3,2,1
0,0,0
0,3,-3
2,0,2
7,1,6
3,3,0
1,11,-10
0,0,0
3,22,-19
4,2,2
7,12,-5
10,5,5
13,13,0
0,31,-31
2,2,0
6,6,0
8,1,7
6,6,0
7,3,4
9,9,0
16,1,15
1,1,0
0,17,-17
6,17,-11
13,13,0
0,0,0
4,4,0
6,1,5
0,0,0
13,0,13
1,0,1
12,18,-6
5,5,0
28,8,20
6,5,1
25,25,0
34,30,4
3,3,0
0,1,-1
0,0,0
16,0,16
4,14,-10
8,8,0
11,20,-9
0,0,0
3,7,-4
10,10,0
16,16,0
2,0,2
1,11,-10
9,9,0
4,5,-1
20,47,-27
1,3,-2
3,0,3
0,0,0
0,0,0
0,46,-46
2,21,-19
9,9,0
5,5,0
0,15,-15
3,3,0
1,0,1
7,14,-7
1,0,1
2,8,-6
0,6,-6
31,31,0
1,2,-1
19,15,4
2,0,2
0,15,-15
2,0,2
3,0,3
0,2,-2
4,26,-22
0,0,0
0,6,-6
1,0,1
3,1,2
1,11,-10
16,23,-7
8,8,0
4,3,1
1,0,1
0,0,0
9,6,3
0,10,-10
8,13,-5
23,5,18
0,2,-2
19,3,16
10,15,-5
3,0,3
27,27,0
0,0,0
11,11,0
6,5,1
0,0,0
1,1,0
11,1,10
0,8,-8
22,29,-7
1,6,-5
0,13,-13
2,4,-2
1,3,-2
20,4,16
1,1,0
0,3,-3
6,1,5
6,6,0
8,4,4
9,6,3
43,2,41
7,9,-2
0,0,0
10,1,9
16,16,0
2,18,-16
0,4,-4
0,0,0
6,1,5
18,18,0
0,0,0
18,21,-3
4,0,4
4,2,2
0,0,0
4,4,0
3,2,1
15,6,9
13,28,-15
0,0,0
16,3,13
0,0,0
0,0,0
0,0,0
6,4,2
2,0,2
11,11,0
5,0,5
0,34,-34
0,1,-1
16,33,-17
2,16,-14
5,8,-3
13,10,3
10,29,-19
7,7,0
32,26,6
3,1,2
1,0,1
3,0,3
4,4,0
1,8,-7
3,2,1
4,7,-3
0,0,0
3,7,-4
2,1,1
23,0,23
0,0,0
21,2,19
5,2,3
8,8,0
12,10,2
5,3,2
12,12,0
0,2,-2
3,3,0
11,11,0
0,0,0
22,22,0
2,0,2
0,0,0
21,58,-37
6,4,2
9,9,0
10,0,10
11,11,0
5,11,-6
1,1,0
0,0,0
1,20,-19
21,15,6
0,2,-2
0,2,-2
11,1,10
1,0,1
36,0,36
3,3,0
21,24,-3
14,24,-10
0,42,-42
9,19,-10
3,1,2
2,2,0
5,0,5
0,0,0
14,14,0
16,0,16
6,12,-6
0,0,0
2,0,2
2,0,2
32,21,11
0,0,0
3,3,0
7,5,2
13,13,0
15,0,15
1,18,-17
31,31,0
5,6,-1
7,7,0
0,0,0
18,18,0
2,2,0
2,0,2
4,5,-1
1,1,0
3,1,2
4,5,-1
10,2,8
2,2,0
7,7,0
7,4,3
0,3,-3
6,6,0
5,5,0
15,3,12
0,0,0
0,0,0
7,7,0
65,65,0
7,0,7
24,4,20
6,6,0
3,3,0
22,29,-7
3,15,-12
0,4,-4
2,4,-2
14,31,-17
3,3,0
12,34,-22
5,2,3
2,0,2
1,0,1
5,5,0
5,5,0
7,0,7
1,0,1
3,3,0
0,0,0
4,2,2
4,4,0
1,2,-1
9,17,-8
0,0,0
37,37,0
0,0,0
17,3,14
0,0,0
3,0,3
5,1,4
0,0,0
2,2,0
12,4,8
4,4,0
19,19,0
1,3,-2
8,8,0
0,0,0
3,4,-1
0,2,-2
0,1,-1
13,0,13
6,2,4
2,5,-3
2,2,0
1,0,1
0,0,0
0,0,0
5,6,-1
16,4,12
6,1,5
4,2,2
7,7,0
9,9,0
10,4,6
8,8,0
6,14,-8
3,8,-5
3,3,0
2,5,-3
22,12,10
0,5,-5
6,16,-10
2,0,2
18,1,17
10,1,9
2,0,2
3,2,1
62,62,0
5,17,-12
3,2,1
15,31,-16
2,0,2
0,16,-16
6,6,0
4,4,0
3,3,0
1,4,-3
20,20,0
4,13,-9
5,9,-4
13,4,9
0,0,0
2,5,-3
8,36,-28
0,0,0
7,7,0
0,0,0
6,1,5
1,0,1
3,7,-4
1,1,0
0,0,0
4,0,4
6,6,0
5,1,4
2,0,2
2,3,-1
0,0,0
5,12,-7
5,4,1
0,7,-7
0,2,-2
1,0,1
4,4,0
2,0,2
12,10,2
10,7,3
11,0,11
0,0,0
2,0,2
0,0,0
3,0,3
5,4,1
1,0,1
2,2,0
2,2,0
23,8,15
8,25,-17
1,0,1
2,0,2
3,3,0
3,0,3
2,12,-10
8,5,3
10,9,1
2,2,0
9,9,0
1,0,1
6,6,0
0,4,-4
6,21,-15
8,8,0
1,0,1
2,2,0
3,3,0
2,0,2
0,0,0
0,0,0
4,0,4
21,6,15
17,3,14
10,0,10
3,3,0
1,33,-32
2,16,-14
6,6,0
5,2,3
0,3,-3
0,0,0
19,19,0
12,12,0
11,4,7
4,26,-22
18,18,0
0,0,0
5,1,4
12,11,1
0,0,0
25,45,-20
4,7,-3
6,16,-10
0,0,0
9,3,6
5,2,3
12,12,0
15,0,15
0,0,0
6,4,2
3,3,0
2,2,0
90,2,88
4,4,0
0,0,0
15,15,0
0,6,-6
8,8,0
5,5,0
5,6,-1
0,0,0
2,2,0
5,8,-3
11,2,9
6,0,6
0,1,-1
1,22,-21
0,0,0
1,16,-15
0,15,-15
1,0,1
5,5,0
2,3,-1
7,10,-3
13,1,12
5,10,-5
9,11,-2
4,0,4
4,10,-6
4,4,0
9,7,2
0,0,0
7,7,0
2,0,2
2,2,0
1,3,-2
7,0,7
37,5,32
0,0,0
9,9,0
11,5,6
2,2,0
2,0,2
14,0,14
1,11,-10
3,5,-2
2,0,2
8,3,5
1,2,-1
2,2,0
5,5,0
14,2,12
0,2,-2
9,9,0
2,3,-1
3,1,2
19,19,0
0,17,-17
4,4,0
5,24,-19
0,0,0
0,0,0
18,18,0
11,11,0
4,0,4
23,9,14
1,2,-1
0,0,0
4,0,4
18,18,0
14,9,5
3,46,-43
5,5,0
1,0,1
2,2,0
0,7,-7
13,0,13
9,9,0
4,3,1
74,74,0
6,0,6
24,24,0
0,1,-1
11,3,8
25,14,11
37,37,0
5,2,3
12,12,0
0,1,-1
0,7,-7
1,1,0
0,0,0
1,3,-2
1,6,-5
21,18,3
0,0,0
4,6,-2
1,4,-3
6,6,0
0,1,-1
0,2,-2
6,0,6
4,2,2
16,16,0
5,9,-4
8,8,0
0,2,-2
32,32,0
0,0,0
7,6,1
11,11,0
3,2,1
0,0,0
11,0,11
1,0,1
0,9,-9
14,40,-26
10,10,0
5,10,-5
5,5,0
4,5,-1
0,0,0
3,0,3
8,5,3
14,10,4
32,32,0
48,16,32
7,2,5
2,1,1
18,12,6
8,8,0
19,9,10
6,0,6
0,0,0
13,4,9
0,5,-5
8,1,7
1,1,0
0,1,-1
3,20,-17
4,4,0
14,22,-8
6,6,0
0,17,-17
2,3,-1
12,6,6
1,1,0
5,15,-10
0,0,0
9,3,6
0,0,0
7,3,4
24,0,24
0,6,-6
0,0,0
16,9,7
1,1,0
38,17,21
0,2,-2
0,17,-17
9,2,7
6,0,6
2,6,-4
3,1,2
0,0,0
3,4,-1
1,1,0
2,7,-5
5,0,5
2,0,2
7,41,-34
3,3,0
19,1,18
0,0,0
1,5,-4
13,16,-3
1,1,0
4,13,-9
16,4,12
6,15,-9
11,5,6
14,35,-21
0,21,-21
2,0,2
10,1,9
9,12,-3
5,5,0
0,1,-1
6,3,3
0,0,0
2,4,-2
14,38,-24
19,4,15
74,74,0
1,19,-18
2,1,1
3,0,3
3,14,-11
2,8,-6
9,19,-10
0,0,0
0,15,-15
5,1,4
3,0,3
4,8,-4
5,6,-1
0,13,-13
6,6,0
9,0,9
4,2,2
4,5,-1
0,25,-25
1,4,-3
1,12,-11
0,0,0
3,0,3
1,1,0
1,6,-5
1,0,1
2,6,-4
12,1,11
14,5,9
2,4,-2
10,10,0
0,0,0
3,3,0
3,2,1
6,6,0
0,1,-1
5,1,4
3,5,-2
0,1,-1
1,2,-1
7,0,7
1,0,1
4,1,3
6,0,6
7,7,0
0,15,-15
0,2,-2
0,0,0
44,44,0
1,4,-3
14,56,-42
4,4,0
3,0,3
5,72,-67
7,7,0
6,5,1
3,16,-13
3,0,3
7,31,-24
32,32,0
1,1,0
16,16,0
0,0,0
5,5,0
2,2,0
0,0,0
5,21,-16
2,0,2
6,6,0
4,7,-3
4,9,-5
8,8,0
6,2,4
3,2,1
1,5,-4
12,1,11
1,0,1
5,18,-13
35,2,33
1,0,1
7,0,7
1,1,0
1,2,-1
1,0,1
4,92,-88
0,1,-1
1,1,0
1,0,1
9,13,-4
7,0,7
9,0,9
0,2,-2
4,0,4
0,0,0
0,0,0
14,14,0
2,12,-10
9,0,9
70,46,24
10,22,-12
11,5,6
2,13,-11
4,7,-3
8,8,0
1,17,-16
9,40,-31
0,18,-18
16,0,16
1,1,0
5,11,-6
0,0,0
1,0,1
34,61,-27
15,3,12
4,14,-10
21,21,0
0,2,-2
4,4,0
16,21,-5
12,5,7
20,20,0
1,1,0
2,0,2
3,1,2
9,3,6
3,0,3
32,32,0
5,0,5
27,6,21
12,2,10
0,0,0
1,1,0
0,0,0
5,0,5
1,9,-8
0,7,-7
24,24,0
2,3,-1
1,0,1
0,0,0
1,2,-1
3,3,0
5,16,-11
6,7,-1
15,20,-5
6,6,0
1,0,1
4,25,-21
1,0,1
1,2,-1
6,6,0
4,4,0
3,13,-10
39,24,15
1,0,1
0,0,0
5,5,0
2,0,2
7,24,-17
0,0,0
3,8,-5
3,7,-4
1,5,-4
1,1,0
1,2,-1
16,30,-14
0,0,0
6,3,3
3,30,-27
10,10,0
0,0,0
2,13,-11
5,1,4
0,0,0
0,0,0
13,7,6
0,10,-10
2,0,2
4,4,0
2,2,0
0,0,0
0,0,0
0,0,0
5,5,0
2,0,2
11,0,11
0,0,0
0,9,-9
0,0,0
13,6,7
1,8,-7
1,1,0
0,0,0
1,0,1
3,0,3
32,32,0
8,0,8
5,6,-1
16,2,14
0,2,-2
1,0,1
5,0,5
20,0,20
4,2,2
2,7,-5
0,0,0
1,0,1
1,0,1
6,24,-18
3,0,3
2,7,-5
0,10,-10
7,7,0
0,15,-15
0,6,-6
8,8,0
12,10,2
2,2,0
0,6,-6
56,2,54
9,0,9
3,29,-26
9,6,3
0,11,-11
1,21,-20
2,8,-6
1,22,-21
0,4,-4
1,1,0
1,1,0
3,12,-9
4,4,0
2,2,0
1,0,1
15,19,-4
8,32,-24
0,2,-2
9,17,-8
2,5,-3
2,3,-1
2,0,2
10,8,2
21,21,0
20,2,18
9,9,0
2,4,-2
5,11,-6
31,15,16
14,4,10
15,3,12
6,5,1
3,11,-8
10,10,0
8,2,6
1,1,0
14,1,13
28,28,0
7,2,5
2,0,2
1,2,-1
0,0,0
2,5,-3
31,31,0
0,6,-6
12,12,0
1,0,1
0,0,0
0,0,0
6,6,0
0,0,0
14,8,6
1,0,1
2,1,1
7,2,5
5,13,-8
1,1,0
1,2,-1
6,0,6
0,2,-2
0,3,-3
14,5,9
24,4,20
0,2,-2
0,0,0
7,2,5
11,0,11
0,0,0
15,5,10
3,2,1
23,3,20
10,17,-7
0,0,0
64,3,61
2,5,-3
5,5,0
28,8,20
6,15,-9
4,1,3
13,13,0
1,21,-20
5,4,1
1,8,-7
7,20,-13
1,23,-22
