Actual,Predicted,Residuals
4,2,2
2,7,-5
2,1,1
0,0,0
2,4,-2
9,0,9
23,2,21
0,0,0
15,0,15
8,9,-1
0,0,0
3,0,3
6,6,0
5,3,2
2,1,1
2,0,2
3,2,1
1,0,1
2,0,2
10,6,4
1,0,1
1,0,1
1,0,1
1,0,1
2,0,2
22,4,18
10,0,10
10,1,9
6,0,6
8,4,4
5,0,5
7,0,7
0,0,0
0,0,0
3,0,3
5,0,5
8,1,7
0,0,0
2,0,2
11,0,11
3,0,3
1,0,1
4,3,1
0,0,0
8,13,-5
3,0,3
0,0,0
6,0,6
0,0,0
31,0,31
1,0,1
2,0,2
8,0,8
0,2,-2
0,4,-4
0,0,0
7,4,3
1,2,-1
4,1,3
1,8,-7
2,0,2
6,0,6
1,0,1
4,0,4
7,0,7
8,0,8
5,0,5
0,1,-1
2,0,2
2,7,-5
5,0,5
3,0,3
15,15,0
29,0,29
14,0,14
4,2,2
0,0,0
6,1,5
5,0,5
3,2,1
17,4,13
3,0,3
0,0,0
5,1,4
0,0,0
2,0,2
1,0,1
8,5,3
0,0,0
2,0,2
20,0,20
0,0,0
2,0,2
0,0,0
15,0,15
2,0,2
0,0,0
0,0,0
1,0,1
6,0,6
10,5,5
20,21,-1
10,10,0
22,13,9
0,0,0
9,0,9
0,3,-3
2,0,2
4,4,0
1,0,1
3,3,0
3,0,3
0,0,0
9,2,7
1,3,-2
5,4,1
1,0,1
3,1,2
10,1,9
7,0,7
1,1,0
2,2,0
2,1,1
3,1,2
37,0,37
0,0,0
12,0,12
9,11,-2
0,0,0
0,0,0
47,0,47
3,0,3
11,3,8
0,0,0
40,0,40
36,3,33
6,0,6
20,0,20
8,0,8
6,0,6
6,0,6
9,0,9
1,0,1
5,0,5
28,0,28
2,0,2
1,5,-4
4,1,3
23,1,22
1,0,1
8,0,8
21,2,19
12,5,7
2,1,1
4,0,4
0,0,0
4,0,4
2,0,2
5,1,4
5,0,5
6,9,-3
11,3,8
2,7,-5
3,4,-1
7,2,5
12,3,9
3,0,3
1,0,1
4,0,4
2,2,0
11,5,6
19,7,12
2,1,1
12,0,12
20,13,7
0,0,0
8,9,-1
0,0,0
5,0,5
2,1,1
2,0,2
3,0,3
2,5,-3
15,1,14
1,0,1
0,0,0
6,0,6
5,0,5
5,2,3
5,1,4
5,1,4
1,0,1
2,1,1
5,6,-1
6,2,4
9,1,8
41,1,40
13,0,13
1,0,1
0,8,-8
1,0,1
17,4,13
6,0,6
0,0,0
15,0,15
6,3,3
14,0,14
0,0,0
2,2,0
0,0,0
12,0,12
6,4,2
8,2,6
0,0,0
1,0,1
3,3,0
16,9,7
0,0,0
6,2,4
21,14,7
4,0,4
1,1,0
58,0,58
13,0,13
4,1,3
31,7,24
3,2,1
2,4,-2
0,0,0
7,8,-1
3,0,3
4,1,3
3,2,1
9,0,9
1,2,-1
17,0,17
3,0,3
4,1,3
13,12,1
0,0,0
0,1,-1
2,5,-3
6,2,4
8,0,8
9,3,6
0,0,0
1,0,1
3,3,0
36,9,27
13,10,3
7,0,7
8,0,8
8,0,8
0,0,0
2,1,1
3,0,3
2,0,2
3,1,2
8,12,-4
4,0,4
16,7,9
19,1,18
0,0,0
3,0,3
6,1,5
4,0,4
0,0,0
4,2,2
1,2,-1
11,6,5
10,3,7
1,0,1
6,1,5
13,6,7
4,0,4
17,11,6
5,0,5
8,14,-6
2,0,2
0,0,0
7,1,6
26,0,26
1,1,0
11,2,9
9,1,8
0,0,0
21,15,6
0,0,0
0,0,0
8,0,8
2,0,2
0,0,0
6,1,5
1,2,-1
4,0,4
7,0,7
6,0,6
0,0,0
0,0,0
3,0,3
0,0,0
1,1,0
29,10,19
3,1,2
4,6,-2
0,0,0
2,0,2
9,2,7
0,1,-1
0,8,-8
11,9,2
2,0,2
4,0,4
6,11,-5
13,12,1
1,0,1
35,13,22
6,4,2
9,8,1
4,0,4
2,0,2
3,1,2
11,5,6
1,0,1
3,1,2
1,0,1
0,0,0
2,1,1
17,0,17
15,1,14
1,0,1
0,2,-2
8,7,1
3,0,3
6,1,5
19,0,19
5,1,4
5,7,-2
23,2,21
7,0,7
0,0,0
15,3,12
4,0,4
12,0,12
1,0,1
10,10,0
2,0,2
3,0,3
19,6,13
5,4,1
9,2,7
1,0,1
7,12,-5
9,1,8
1,0,1
1,0,1
8,0,8
0,0,0
4,0,4
0,0,0
0,0,0
3,8,-5
3,1,2
0,0,0
0,6,-6
1,0,1
9,0,9
9,2,7
11,15,-4
3,0,3
3,4,-1
8,1,7
16,2,14
31,16,15
2,3,-1
1,0,1
10,1,9
0,0,0
7,10,-3
2,0,2
0,0,0
4,1,3
11,4,7
2,1,1
2,1,1
0,1,-1
1,0,1
3,3,0
5,0,5
18,0,18
1,1,0
3,0,3
3,0,3
7,0,7
9,5,4
0,0,0
7,2,5
7,0,7
90,0,90
0,0,0
8,0,8
6,6,0
3,0,3
20,0,20
3,4,-1
1,7,-6
0,0,0
1,1,0
2,0,2
0,0,0
32,12,20
4,0,4
5,0,5
13,0,13
0,8,-8
3,0,3
4,1,3
3,0,3
3,0,3
0,0,0
2,2,0
3,0,3
1,6,-5
12,0,12
0,0,0
3,0,3
15,15,0
0,0,0
2,0,2
2,1,1
15,0,15
34,8,26
22,5,17
5,0,5
0,0,0
2,1,1
6,8,-2
1,9,-8
2,1,1
5,1,4
4,4,0
0,0,0
3,3,0
0,0,0
9,1,8
0,5,-5
4,3,1
2,0,2
2,9,-7
0,2,-2
4,1,3
3,2,1
0,0,0
1,0,1
1,0,1
3,1,2
6,0,6
0,0,0
3,6,-3
0,3,-3
12,1,11
1,0,1
12,5,7
0,0,0
0,0,0
8,0,8
7,5,2
2,0,2
12,1,11
9,0,9
3,0,3
2,0,2
2,0,2
33,6,27
11,3,8
13,1,12
0,0,0
19,1,18
3,0,3
7,0,7
28,9,19
2,0,2
23,0,23
6,0,6
1,1,0
0,0,0
3,0,3
0,0,0
2,8,-6
3,0,3
1,0,1
3,11,-8
7,0,7
0,0,0
1,0,1
0,0,0
15,0,15
1,2,-1
1,1,0
6,1,5
0,3,-3
3,0,3
0,0,0
5,2,3
18,0,18
0,0,0
3,0,3
5,0,5
6,0,6
2,2,0
1,0,1
0,0,0
4,0,4
1,0,1
17,1,16
6,2,4
0,7,-7
8,0,8
4,0,4
24,1,23
29,6,23
0,0,0
4,2,2
9,0,9
19,1,18
1,2,-1
9,4,5
1,1,0
0,0,0
43,1,42
5,0,5
3,0,3
11,0,11
5,0,5
8,0,8
4,0,4
8,1,7
27,2,25
2,2,0
11,0,11
0,0,0
1,0,1
9,0,9
0,0,0
6,0,6
4,9,-5
0,0,0
10,4,6
6,2,4
0,0,0
5,2,3
0,1,-1
5,0,5
2,0,2
2,0,2
4,0,4
2,10,-8
9,1,8
0,0,0
1,1,0
0,0,0
9,7,2
0,4,-4
5,7,-2
5,0,5
0,0,0
2,0,2
2,0,2
3,2,1
10,9,1
18,0,18
0,0,0
1,3,-2
13,0,13
0,0,0
3,0,3
25,1,24
11,0,11
0,0,0
3,0,3
7,0,7
4,0,4
1,0,1
0,0,0
1,0,1
58,14,44
6,6,0
19,15,4
1,3,-2
5,3,2
11,6,5
3,2,1
25,1,24
18,0,18
7,0,7
2,2,0
10,0,10
5,0,5
1,2,-1
3,0,3
9,13,-4
0,2,-2
0,0,0
3,0,3
0,1,-1
2,0,2
0,4,-4
1,0,1
9,4,5
3,2,1
3,0,3
10,0,10
2,0,2
1,0,1
1,0,1
0,2,-2
9,3,6
6,0,6
1,5,-4
2,4,-2
0,0,0
0,1,-1
7,1,6
1,0,1
12,0,12
2,0,2
0,0,0
2,1,1
9,0,9
4,2,2
8,0,8
0,12,-12
0,5,-5
6,1,5
9,5,4
1,0,1
11,8,3
2,1,1
21,0,21
0,0,0
10,0,10
3,1,2
2,1,1
3,0,3
33,0,33
4,3,1
0,0,0
6,3,3
0,0,0
8,4,4
6,0,6
0,0,0
2,2,0
6,2,4
9,0,9
5,2,3
2,0,2
4,0,4
1,0,1
2,0,2
3,1,2
3,0,3
5,1,4
1,0,1
0,0,0
1,0,1
15,1,14
8,1,7
10,0,10
7,0,7
2,17,-15
0,0,0
32,8,24
6,0,6
12,0,12
6,5,1
23,0,23
2,0,2
10,0,10
43,0,43
0,0,0
2,4,-2
2,1,1
6,1,5
3,0,3
17,6,11
15,3,12
5,3,2
18,0,18
5,5,0
2,0,2
3,1,2
9,2,7
2,0,2
0,0,0
3,14,-11
8,1,7
8,1,7
0,0,0
0,0,0
5,5,0
3,2,1
5,2,3
0,0,0
4,1,3
18,0,18
1,0,1
1,0,1
0,0,0
1,0,1
0,1,-1
1,3,-2
0,0,0
5,11,-6
105,18,87
0,0,0
12,2,10
7,6,1
0,0,0
0,1,-1
2,0,2
8,0,8
5,7,-2
1,0,1
2,0,2
1,1,0
4,1,3
2,2,0
35,9,26
1,0,1
1,0,1
11,7,4
47,2,45
4,0,4
16,5,11
7,0,7
6,2,4
5,1,4
20,2,18
0,17,-17
0,0,0
0,3,-3
10,0,10
25,1,24
2,5,-3
7,4,3
24,0,24
36,0,36
45,3,42
6,2,4
4,0,4
2,7,-5
5,0,5
31,2,29
4,0,4
3,1,2
16,2,14
1,0,1
12,1,11
0,0,0
0,0,0
7,0,7
0,0,0
0,0,0
0,1,-1
0,0,0
15,0,15
0,0,0
0,1,-1
9,0,9
2,0,2
4,1,3
4,0,4
17,17,0
0,0,0
2,0,2
4,3,1
7,1,6
10,0,10
3,0,3
0,0,0
3,0,3
0,0,0
0,0,0
17,2,15
0,0,0
0,0,0
15,15,0
1,1,0
6,0,6
15,3,12
0,0,0
9,1,8
5,0,5
6,0,6
0,1,-1
11,0,11
16,1,15
1,0,1
1,0,1
1,0,1
2,0,2
1,0,1
2,0,2
4,0,4
5,0,5
24,5,19
6,0,6
2,2,0
1,2,-1
3,6,-3
4,1,3
3,3,0
0,0,0
1,3,-2
5,3,2
0,0,0
0,0,0
13,0,13
0,0,0
10,0,10
0,1,-1
2,0,2
7,0,7
2,1,1
0,0,0
1,9,-8
5,0,5
0,0,0
11,2,9
0,0,0
14,3,11
0,0,0
29,29,0
3,0,3
7,1,6
6,0,6
1,0,1
2,2,0
15,6,9
7,3,4
1,1,0
0,0,0
1,0,1
0,2,-2
2,2,0
1,0,1
1,0,1
5,1,4
2,0,2
18,0,18
1,0,1
5,0,5
2,0,2
6,0,6
0,0,0
4,6,-2
2,0,2
0,0,0
28,1,27
1,3,-2
4,0,4
3,6,-3
4,1,3
5,0,5
6,2,4
5,0,5
0,0,0
0,0,0
25,4,21
3,0,3
8,1,7
1,2,-1
0,5,-5
0,0,0
18,0,18
0,2,-2
2,2,0
4,0,4
6,5,1
1,0,1
1,0,1
3,4,-1
1,0,1
0,1,-1
0,0,0
4,0,4
27,16,11
3,0,3
14,3,11
8,7,1
5,0,5
25,14,11
2,3,-1
10,1,9
1,3,-2
11,0,11
6,0,6
1,0,1
10,3,7
0,0,0
4,7,-3
8,0,8
0,0,0
1,0,1
6,0,6
1,2,-1
9,1,8
2,0,2
2,0,2
7,0,7
12,4,8
12,5,7
13,2,11
27,8,19
2,0,2
0,0,0
2,0,2
7,0,7
8,15,-7
2,0,2
7,2,5
5,0,5
7,0,7
6,1,5
0,0,0
2,0,2
6,0,6
3,3,0
4,0,4
16,0,16
7,2,5
10,3,7
7,7,0
4,0,4
64,4,60
2,0,2
7,0,7
3,4,-1
1,0,1
1,2,-1
2,0,2
0,0,0
0,0,0
19,0,19
1,0,1
0,0,0
4,0,4
3,0,3
10,5,5
0,0,0
3,0,3
7,0,7
10,6,4
47,16,31
0,1,-1
4,0,4
3,1,2
0,1,-1
1,0,1
22,1,21
5,0,5
0,0,0
2,0,2
0,0,0
21,0,21
32,19,13
5,5,0
19,2,17
8,3,5
3,0,3
13,2,11
6,0,6
11,1,10
22,0,22
5,0,5
3,1,2
6,4,2
11,4,7
2,0,2
2,0,2
1,0,1
23,2,21
9,0,9
1,1,0
0,0,0
10,0,10
20,2,18
0,0,0
45,0,45
2,4,-2
0,0,0
29,1,28
0,0,0
0,0,0
11,9,2
0,0,0
21,0,21
15,0,15
0,0,0
8,9,-1
1,5,-4
4,0,4
12,0,12
0,0,0
8,0,8
0,0,0
1,0,1
2,0,2
4,0,4
0,0,0
11,8,3
3,2,1
35,15,20
2,0,2
0,0,0
10,0,10
6,2,4
2,1,1
3,3,0
1,0,1
1,0,1
5,2,3
1,0,1
11,5,6
1,0,1
33,1,32
25,17,8
0,0,0
0,0,0
0,4,-4
5,5,0
4,4,0
1,0,1
13,1,12
4,1,3
4,3,1
6,0,6
32,2,30
2,4,-2
1,4,-3
3,9,-6
1,9,-8
12,0,12
0,0,0
19,0,19
3,0,3
8,1,7
8,8,0
0,0,0
16,4,12
0,0,0
7,10,-3
4,2,2
7,0,7
1,0,1
11,2,9
19,0,19
6,0,6
32,10,22
3,0,3
8,1,7
4,7,-3
20,4,16
1,0,1
1,0,1
16,10,6
3,1,2
5,0,5
6,2,4
3,4,-1
3,0,3
19,2,17
2,3,-1
1,0,1
1,5,-4
1,0,1
8,8,0
1,0,1
6,2,4
12,0,12
7,1,6
13,1,12
10,0,10
12,0,12
0,0,0
22,21,1
0,0,0
23,2,21
2,2,0
10,5,5
6,2,4
9,0,9
4,3,1
14,8,6
0,0,0
10,0,10
16,6,10
4,1,3
0,2,-2
5,2,3
7,4,3
0,0,0
1,0,1
8,1,7
0,1,-1
0,0,0
0,0,0
12,0,12
1,2,-1
0,0,0
13,0,13
6,0,6
9,0,9
0,2,-2
1,10,-9
2,0,2
29,5,24
5,1,4
10,6,4
0,1,-1
17,4,13
7,0,7
6,1,5
4,0,4
0,0,0
0,0,0
4,1,3
7,1,6
6,2,4
7,0,7
19,0,19
6,1,5
3,1,2
0,0,0
9,3,6
0,0,0
3,2,1
5,0,5
0,0,0
16,1,15
0,16,-16
29,0,29
1,0,1
1,1,0
4,1,3
0,6,-6
2,2,0
3,0,3
5,2,3
2,18,-16
6,1,5
3,1,2
6,3,3
0,0,0
2,0,2
11,0,11
3,3,0
0,2,-2
4,2,2
2,0,2
13,2,11
0,0,0
0,0,0
0,0,0
0,0,0
4,0,4
1,0,1
2,2,0
5,0,5
3,1,2
0,0,0
1,0,1
5,3,2
1,0,1
6,0,6
2,1,1
6,1,5
1,0,1
0,0,0
5,5,0
1,12,-11
2,0,2
0,1,-1
7,2,5
7,0,7
44,1,43
2,4,-2
0,0,0
5,2,3
1,0,1
11,11,0
19,8,11
0,0,0
0,0,0
1,0,1
25,17,8
0,0,0
0,0,0
5,1,4
1,0,1
1,1,0
4,0,4
21,3,18
8,1,7
2,6,-4
8,10,-2
1,0,1
13,1,12
0,0,0
0,0,0
2,6,-4
9,0,9
5,2,3
16,0,16
0,1,-1
5,10,-5
4,17,-13
3,0,3
7,0,7
2,0,2
1,0,1
8,0,8
5,0,5
80,0,80
58,1,57
1,0,1
4,3,1
5,1,4
3,0,3
9,6,3
2,1,1
5,0,5
1,0,1
21,0,21
8,0,8
1,0,1
8,3,5
13,8,5
13,0,13
10,0,10
1,0,1
8,1,7
0,1,-1
7,3,4
0,0,0
1,1,0
3,0,3
3,0,3
15,0,15
0,0,0
7,5,2
2,0,2
1,4,-3
1,2,-1
23,0,23
0,0,0
1,4,-3
6,0,6
5,7,-2
9,8,1
0,1,-1
10,2,8
6,0,6
4,1,3
25,0,25
1,0,1
1,0,1
0,4,-4
0,1,-1
5,3,2
10,4,6
27,12,15
10,3,7
7,6,1
0,0,0
12,6,6
3,1,2
2,0,2
5,0,5
12,0,12
12,4,8
0,0,0
29,29,0
1,0,1
6,10,-4
5,7,-2
2,2,0
1,0,1
2,0,2
3,0,3
6,2,4
3,5,-2
19,1,18
9,0,9
3,0,3
0,0,0
0,0,0
5,0,5
1,0,1
8,0,8
17,17,0
0,0,0
2,0,2
0,1,-1
7,0,7
9,0,9
13,9,4
7,8,-1
1,0,1
2,0,2
2,1,1
7,0,7
55,1,54
2,1,1
34,1,33
13,6,7
3,4,-1
0,2,-2
4,3,1
0,1,-1
0,2,-2
1,2,-1
11,1,10
6,0,6
1,4,-3
10,5,5
0,4,-4
0,0,0
11,3,8
8,0,8
16,0,16
4,2,2
12,1,11
0,0,0
0,0,0
1,0,1
2,0,2
1,0,1
87,33,54
3,4,-1
5,0,5
0,0,0
3,1,2
6,0,6
51,5,46
5,0,5
3,1,2
1,0,1
3,3,0
0,3,-3
0,12,-12
1,0,1
0,0,0
2,2,0
0,0,0
6,3,3
19,1,18
6,3,3
13,0,13
7,5,2
3,0,3
7,0,7
4,0,4
6,0,6
0,0,0
3,8,-5
4,3,1
8,0,8
27,12,15
34,12,22
0,1,-1
12,0,12
14,10,4
3,0,3
1,1,0
1,0,1
0,4,-4
5,2,3
10,6,4
17,0,17
6,2,4
2,1,1
7,5,2
6,0,6
25,4,21
8,0,8
0,8,-8
0,0,0
0,0,0
11,0,11
2,1,1
1,0,1
12,0,12
18,0,18
2,0,2
0,0,0
10,0,10
2,0,2
1,1,0
17,0,17
3,0,3
9,0,9
27,4,23
5,0,5
5,10,-5
1,2,-1
0,3,-3
6,0,6
2,1,1
31,10,21
0,0,0
6,5,1
5,0,5
0,0,0
5,3,2
0,0,0
3,9,-6
0,0,0
0,0,0
0,5,-5
5,0,5
9,0,9
5,12,-7
1,0,1
19,4,15
1,6,-5
13,0,13
0,0,0
0,0,0
5,0,5
12,7,5
1,0,1
3,3,0
1,3,-2
38,5,33
7,1,6
12,1,11
10,10,0
2,0,2
2,4,-2
0,0,0
12,0,12
1,0,1
4,1,3
0,0,0
4,0,4
3,0,3
17,0,17
4,1,3
20,7,13
0,0,0
6,0,6
0,1,-1
57,4,53
8,8,0
5,0,5
7,0,7
3,4,-1
9,10,-1
8,2,6
1,0,1
0,0,0
14,0,14
5,3,2
10,4,6
3,0,3
3,0,3
2,0,2
2,0,2
10,3,7
0,1,-1
14,1,13
5,3,2
9,0,9
1,5,-4
16,9,7
3,4,-1
5,1,4
7,3,4
4,0,4
1,0,1
1,0,1
0,0,0
6,0,6
2,0,2
1,0,1
12,7,5
2,2,0
0,0,0
1,0,1
3,2,1
17,7,10
0,0,0
4,0,4
15,1,14
3,1,2
0,0,0
2,2,0
24,0,24
20,1,19
6,0,6
0,0,0
8,3,5
2,0,2
0,0,0
8,5,3
6,0,6
0,0,0
20,0,20
0,0,0
4,3,1
6,0,6
8,0,8
6,1,5
1,0,1
2,0,2
6,1,5
49,0,49
0,0,0
5,2,3
1,0,1
8,4,4
20,9,11
13,1,12
0,1,-1
18,1,17
11,2,9
2,0,2
1,0,1
0,0,0
0,0,0
9,0,9
1,0,1
9,2,7
9,7,2
0,15,-15
7,0,7
5,0,5
1,0,1
7,5,2
9,2,7
3,8,-5
18,0,18
18,0,18
15,10,5
12,0,12
13,0,13
4,1,3
0,2,-2
5,10,-5
8,0,8
12,2,10
1,0,1
5,3,2
0,0,0
2,1,1
0,0,0
1,0,1
8,0,8
29,1,28
27,0,27
0,0,0
12,0,12
0,0,0
2,0,2
0,0,0
3,1,2
7,5,2
7,7,0
7,0,7
0,0,0
1,1,0
5,0,5
0,0,0
0,0,0
0,0,0
7,4,3
1,0,1
8,4,4
2,0,2
2,0,2
33,1,32
12,7,5
0,4,-4
10,10,0
4,1,3
2,0,2
11,5,6
8,1,7
11,1,10
0,0,0
0,1,-1
9,0,9
29,12,17
0,0,0
0,1,-1
4,0,4
9,0,9
3,0,3
3,2,1
9,0,9
23,13,10
0,0,0
0,0,0
10,2,8
11,0,11
5,0,5
2,2,0
2,0,2
1,0,1
0,0,0
0,0,0
4,0,4
0,0,0
1,0,1
24,0,24
0,2,-2
3,21,-18
7,0,7
36,16,20
1,8,-7
6,0,6
3,14,-11
5,3,2
0,4,-4
34,1,33
10,5,5
13,0,13
26,1,25
33,8,25
5,7,-2
6,0,6
2,0,2
14,14,0
3,2,1
14,2,12
1,0,1
4,5,-1
5,2,3
16,6,10
39,8,31
3,1,2
2,1,1
0,3,-3
0,0,0
0,0,0
8,0,8
1,5,-4
5,0,5
0,0,0
25,1,24
1,0,1
30,8,22
7,4,3
9,0,9
3,0,3
8,4,4
0,0,0
0,0,0
4,3,1
9,5,4
2,0,2
1,0,1
1,4,-3
3,0,3
0,0,0
14,8,6
3,0,3
0,0,0
6,1,5
0,1,-1
4,0,4
2,2,0
3,5,-2
9,9,0
0,5,-5
1,0,1
1,3,-2
5,0,5
18,1,17
0,10,-10
6,0,6
17,4,13
2,0,2
34,6,28
4,0,4
10,2,8
1,1,0
1,0,1
3,4,-1
23,0,23
4,0,4
1,0,1
0,0,0
0,0,0
2,0,2
9,0,9
2,0,2
1,0,1
4,0,4
2,9,-7
1,0,1
0,0,0
7,5,2
7,14,-7
1,0,1
0,1,-1
2,2,0
2,1,1
4,7,-3
1,0,1
12,0,12
6,6,0
3,0,3
0,0,0
2,0,2
0,0,0
1,0,1
19,0,19
10,1,9
11,2,9
0,0,0
4,5,-1
1,3,-2
2,0,2
9,6,3
3,0,3
3,3,0
1,5,-4
2,0,2
0,0,0
0,0,0
0,0,0
2,0,2
2,4,-2
0,0,0
72,15,57
2,2,0
4,0,4
13,1,12
0,0,0
0,0,0
7,7,0
1,0,1
11,0,11
8,8,0
5,0,5
1,1,0
1,0,1
14,1,13
2,0,2
10,5,5
19,0,19
1,0,1
0,0,0
14,5,9
3,0,3
10,2,8
3,0,3
22,1,21
4,0,4
1,0,1
2,0,2
9,5,4
31,1,30
6,0,6
31,13,18
0,0,0
1,1,0
3,0,3
2,0,2
0,0,0
4,24,-20
0,0,0
8,0,8
3,3,0
2,2,0
3,0,3
2,0,2
5,0,5
1,1,0
7,4,3
0,0,0
2,0,2
1,1,0
6,5,1
18,6,12
6,5,1
3,0,3
6,0,6
1,0,1
8,0,8
29,7,22
1,2,-1
4,1,3
3,4,-1
3,0,3
2,9,-7
3,0,3
3,7,-4
0,4,-4
2,0,2
0,0,0
2,0,2
18,0,18
0,0,0
4,0,4
2,0,2
10,10,0
1,0,1
2,6,-4
11,0,11
1,0,1
3,0,3
23,5,18
17,0,17
3,0,3
4,0,4
0,0,0
1,0,1
1,0,1
2,0,2
0,8,-8
40,3,37
0,0,0
2,0,2
0,0,0
1,0,1
4,5,-1
30,16,14
0,0,0
0,0,0
5,0,5
10,4,6
24,5,19
24,1,23
1,0,1
6,0,6
10,3,7
6,1,5
1,0,1
8,0,8
17,0,17
2,1,1
12,0,12
7,14,-7
0,0,0
3,0,3
5,1,4
32,1,31
18,16,2
41,1,40
0,0,0
0,2,-2
2,4,-2
11,0,11
6,0,6
0,1,-1
7,1,6
0,1,-1
15,6,9
1,2,-1
16,4,12
0,1,-1
6,2,4
36,1,35
5,0,5
2,0,2
15,6,9
13,7,6
2,2,0
5,1,4
5,7,-2
1,0,1
4,3,1
9,0,9
3,0,3
0,0,0
0,0,0
6,3,3
0,5,-5
2,0,2
2,0,2
15,2,13
0,0,0
4,0,4
15,15,0
1,1,0
18,0,18
6,0,6
14,0,14
6,2,4
3,0,3
1,1,0
0,0,0
0,0,0
2,0,2
0,0,0
4,2,2
2,0,2
8,2,6
3,0,3
0,4,-4
0,0,0
13,3,10
9,9,0
3,0,3
47,0,47
0,0,0
5,2,3
0,0,0
2,0,2
9,9,0
0,1,-1
34,0,34
4,3,1
2,0,2
0,0,0
0,0,0
11,0,11
5,4,1
1,0,1
2,0,2
20,6,14
3,0,3
0,1,-1
13,1,12
1,12,-11
10,1,9
1,0,1
12,1,11
0,0,0
0,0,0
6,4,2
25,1,24
11,7,4
18,9,9
5,0,5
7,0,7
0,0,0
2,0,2
23,0,23
5,2,3
0,0,0
2,1,1
0,8,-8
11,3,8
0,1,-1
14,0,14
4,2,2
7,17,-10
14,1,13
2,0,2
1,0,1
6,3,3
8,6,2
4,0,4
0,25,-25
0,0,0
5,1,4
5,0,5
0,0,0
4,0,4
5,5,0
4,1,3
13,0,13
0,17,-17
1,0,1
21,0,21
25,0,25
1,0,1
0,0,0
2,0,2
45,5,40
8,1,7
1,1,0
0,2,-2
0,0,0
0,0,0
39,4,35
9,0,9
75,4,71
1,0,1
1,5,-4
1,0,1
8,5,3
1,0,1
0,2,-2
21,0,21
7,8,-1
0,0,0
4,6,-2
9,0,9
0,0,0
3,3,0
23,0,23
18,0,18
3,0,3
5,1,4
4,0,4
0,0,0
3,0,3
0,2,-2
0,0,0
5,0,5
3,0,3
1,0,1
12,0,12
0,0,0
4,0,4
8,0,8
5,0,5
7,5,2
3,3,0
6,2,4
0,1,-1
16,10,6
3,3,0
6,0,6
2,1,1
7,4,3
11,5,6
0,0,0
3,1,2
39,6,33
1,0,1
4,5,-1
13,7,6
0,2,-2
0,1,-1
0,0,0
7,0,7
5,16,-11
3,0,3
19,0,19
0,0,0
0,2,-2
2,1,1
3,3,0
31,0,31
6,0,6
3,0,3
0,0,0
0,2,-2
35,0,35
0,0,0
1,1,0
2,0,2
17,16,1
3,2,1
0,0,0
3,0,3
10,0,10
7,1,6
9,2,7
4,0,4
46,9,37
6,0,6
2,0,2
0,0,0
1,1,0
1,0,1
2,5,-3
3,3,0
2,3,-1
0,1,-1
0,0,0
1,1,0
20,20,0
0,0,0
10,10,0
12,6,6
0,0,0
8,3,5
6,7,-1
2,0,2
4,0,4
2,0,2
1,0,1
2,1,1
1,1,0
6,3,3
2,0,2
12,0,12
0,0,0
20,3,17
14,4,10
0,0,0
16,5,11
4,0,4
4,5,-1
1,5,-4
0,0,0
2,0,2
3,0,3
4,5,-1
20,1,19
1,0,1
0,0,0
1,0,1
16,0,16
0,0,0
4,6,-2
7,1,6
1,2,-1
0,0,0
37,14,23
3,0,3
3,3,0
4,0,4
2,0,2
1,0,1
11,1,10
11,0,11
8,0,8
6,5,1
0,0,0
1,9,-8
3,0,3
0,0,0
1,0,1
10,0,10
7,2,5
2,1,1
0,0,0
17,0,17
1,1,0
6,0,6
0,0,0
2,0,2
8,7,1
0,0,0
3,3,0
2,3,-1
1,0,1
1,1,0
6,13,-7
23,1,22
7,5,2
46,17,29
1,0,1
3,0,3
0,0,0
2,0,2
0,1,-1
3,4,-1
4,0,4
7,7,0
28,2,26
0,0,0
42,1,41
2,6,-4
4,0,4
11,7,4
1,4,-3
0,0,0
1,0,1
22,8,14
0,0,0
0,0,0
12,5,7
6,0,6
22,0,22
5,2,3
1,0,1
2,0,2
6,0,6
6,13,-7
0,0,0
11,5,6
4,1,3
7,4,3
10,2,8
0,1,-1
6,2,4
6,0,6
17,6,11
2,0,2
60,9,51
24,0,24
0,0,0
6,1,5
0,0,0
5,0,5
1,0,1
3,0,3
31,0,31
7,0,7
0,0,0
1,0,1
3,8,-5
11,0,11
24,9,15
0,1,-1
1,0,1
0,0,0
0,0,0
9,0,9
0,0,0
0,0,0
2,1,1
3,0,3
2,0,2
1,4,-3
0,0,0
1,3,-2
2,0,2
11,0,11
3,0,3
2,0,2
17,6,11
9,6,3
14,0,14
2,0,2
0,3,-3
3,0,3
5,0,5
1,0,1
1,0,1
2,0,2
0,0,0
22,3,19
6,9,-3
1,0,1
15,2,13
2,0,2
18,2,16
0,0,0
2,1,1
23,13,10
0,1,-1
2,11,-9
6,1,5
0,0,0
8,6,2
22,0,22
0,0,0
11,11,0
23,15,8
2,3,-1
4,0,4
10,3,7
5,1,4
18,1,17
1,0,1
29,1,28
4,4,0
4,1,3
7,0,7
3,3,0
9,0,9
2,6,-4
10,0,10
0,0,0
7,1,6
3,0,3
2,0,2
20,3,17
2,0,2
2,7,-5
4,8,-4
1,0,1
0,0,0
12,0,12
2,3,-1
3,4,-1
11,2,9
10,0,10
0,0,0
0,6,-6
1,0,1
2,1,1
0,0,0
8,0,8
0,0,0
0,13,-13
1,0,1
2,0,2
1,0,1
2,8,-6
7,1,6
0,0,0
3,1,2
1,0,1
0,0,0
0,0,0
6,1,5
0,0,0
16,0,16
10,1,9
12,8,4
7,3,4
6,0,6
13,3,10
1,0,1
12,2,10
0,8,-8
1,0,1
5,9,-4
25,0,25
0,0,0
0,0,0
7,2,5
0,0,0
8,0,8
4,1,3
1,0,1
1,6,-5
3,0,3
0,0,0
3,0,3
2,0,2
0,0,0
2,0,2
5,0,5
0,0,0
0,4,-4
12,7,5
1,0,1
0,0,0
0,0,0
2,0,2
35,2,33
0,0,0
0,0,0
1,5,-4
13,0,13
8,0,8
8,0,8
4,4,0
1,1,0
4,7,-3
0,0,0
35,3,32
9,0,9
0,0,0
3,1,2
7,5,2
3,0,3
2,1,1
10,2,8
5,0,5
0,0,0
5,3,2
0,0,0
0,0,0
1,2,-1
4,3,1
11,0,11
20,4,16
6,0,6
2,0,2
24,9,15
14,0,14
3,5,-2
13,7,6
2,11,-9
9,0,9
4,2,2
24,5,19
0,0,0
1,1,0
0,0,0
4,0,4
1,0,1
4,1,3
5,3,2
14,1,13
2,4,-2
4,1,3
15,4,11
28,19,9
0,0,0
3,10,-7
2,0,2
43,10,33
1,0,1
12,1,11
0,4,-4
18,0,18
19,0,19
11,1,10
9,2,7
10,10,0
32,2,30
0,0,0
4,2,2
3,8,-5
3,1,2
5,2,3
4,1,3
39,1,38
2,0,2
3,1,2
7,2,5
0,0,0
6,0,6
32,14,18
1,0,1
7,2,5
3,1,2
2,2,0
0,0,0
3,0,3
10,2,8
1,0,1
0,6,-6
20,3,17
0,0,0
5,0,5
0,1,-1
6,1,5
5,5,0
7,0,7
9,0,9
2,0,2
7,0,7
9,6,3
0,0,0
9,22,-13
5,0,5
0,0,0
0,0,0
9,2,7
7,5,2
1,0,1
1,3,-2
0,4,-4
7,0,7
10,0,10
3,0,3
1,1,0
9,0,9
1,0,1
2,2,0
2,2,0
1,0,1
3,0,3
0,0,0
3,0,3
0,0,0
10,12,-2
0,1,-1
5,0,5
4,0,4
18,4,14
4,10,-6
3,0,3
0,6,-6
4,1,3
11,0,11
1,3,-2
5,1,4
3,4,-1
8,20,-12
8,9,-1
1,1,0
1,2,-1
7,0,7
6,1,5
8,0,8
3,2,1
35,1,34
1,1,0
0,0,0
1,0,1
0,0,0
0,4,-4
9,6,3
2,0,2
3,2,1
2,0,2
0,1,-1
1,0,1
9,8,1
48,4,44
1,0,1
3,4,-1
10,0,10
2,0,2
0,0,0
11,0,11
17,6,11
0,0,0
20,0,20
0,6,-6
17,7,10
12,0,12
0,0,0
33,7,26
5,0,5
5,4,1
2,0,2
1,0,1
1,0,1
6,1,5
13,2,11
1,0,1
21,0,21
1,0,1
4,0,4
3,1,2
12,9,3
3,4,-1
20,9,11
1,0,1
0,4,-4
4,0,4
24,8,16
5,2,3
6,0,6
15,0,15
4,2,2
5,6,-1
24,0,24
4,3,1
3,0,3
0,0,0
20,0,20
1,0,1
2,2,0
7,0,7
1,0,1
3,0,3
0,0,0
2,4,-2
1,2,-1
2,0,2
3,7,-4
29,15,14
24,0,24
7,7,0
1,0,1
1,0,1
3,4,-1
0,2,-2
6,6,0
23,0,23
2,0,2
0,0,0
0,0,0
5,1,4
18,1,17
5,1,4
3,0,3
0,0,0
1,1,0
8,1,7
6,3,3
1,1,0
8,14,-6
0,0,0
5,1,4
2,0,2
2,5,-3
4,5,-1
3,1,2
2,0,2
0,0,0
7,8,-1
1,1,0
1,0,1
0,0,0
0,0,0
0,0,0
11,1,10
12,3,9
16,5,11
31,2,29
0,1,-1
0,0,0
2,0,2
5,3,2
3,1,2
6,5,1
1,0,1
6,3,3
0,0,0
0,0,0
5,0,5
10,8,2
2,2,0
2,6,-4
0,0,0
5,1,4
4,1,3
6,2,4
5,7,-2
5,3,2
12,3,9
1,1,0
2,2,0
12,0,12
1,0,1
4,0,4
1,0,1
3,0,3
0,0,0
10,0,10
22,0,22
5,0,5
0,0,0
4,1,3
4,0,4
12,1,11
6,0,6
6,0,6
2,3,-1
6,0,6
0,0,0
0,0,0
5,0,5
1,0,1
0,0,0
6,2,4
6,3,3
11,5,6
4,0,4
15,8,7
4,0,4
0,0,0
2,0,2
14,11,3
2,5,-3
2,3,-1
0,0,0
0,0,0
0,2,-2
3,0,3
23,2,21
3,1,2
1,1,0
5,1,4
1,0,1
1,1,0
3,3,0
9,4,5
2,0,2
1,0,1
1,3,-2
11,1,10
1,1,0
0,0,0
15,1,14
17,0,17
7,1,6
2,0,2
4,0,4
7,0,7
40,11,29
0,0,0
0,0,0
0,0,0
4,0,4
8,3,5
35,2,33
3,0,3
11,2,9
2,3,-1
11,2,9
7,0,7
4,0,4
0,0,0
0,0,0
2,4,-2
10,4,6
17,0,17
3,2,1
0,0,0
5,0,5
0,0,0
1,0,1
0,0,0
1,1,0
2,2,0
4,8,-4
19,4,15
36,3,33
1,0,1
5,5,0
18,1,17
2,0,2
8,1,7
4,4,0
2,0,2
5,1,4
0,0,0
1,1,0
3,8,-5
0,0,0
2,1,1
3,5,-2
3,0,3
0,0,0
4,0,4
0,0,0
0,0,0
1,0,1
4,0,4
1,3,-2
0,4,-4
3,1,2
0,3,-3
6,0,6
10,0,10
0,0,0
0,0,0
7,4,3
8,0,8
4,0,4
4,8,-4
2,2,0
1,0,1
2,0,2
9,0,9
23,12,11
2,0,2
8,0,8
7,6,1
0,3,-3
10,0,10
11,4,7
8,6,2
0,0,0
21,10,11
3,0,3
3,4,-1
14,0,14
14,1,13
16,1,15
4,0,4
1,0,1
3,0,3
8,8,0
19,6,13
11,2,9
5,1,4
3,0,3
0,6,-6
18,0,18
9,0,9
2,0,2
0,0,0
7,0,7
15,0,15
2,0,2
1,0,1
19,14,5
0,0,0
15,1,14
21,0,21
0,0,0
8,1,7
7,0,7
38,0,38
3,0,3
2,4,-2
3,2,1
8,1,7
2,0,2
14,9,5
3,0,3
8,1,7
16,8,8
1,0,1
9,0,9
1,0,1
5,0,5
0,0,0
7,1,6
4,3,1
4,0,4
7,7,0
0,0,0
0,0,0
2,6,-4
2,4,-2
2,0,2
1,0,1
0,0,0
7,0,7
1,0,1
0,1,-1
2,0,2
3,0,3
0,0,0
3,1,2
0,0,0
18,0,18
2,0,2
12,0,12
2,0,2
0,4,-4
1,0,1
3,0,3
1,0,1
38,1,37
7,0,7
0,0,0
6,0,6
54,0,54
0,0,0
4,0,4
4,2,2
3,3,0
0,0,0
0,0,0
6,7,-1
2,2,0
3,0,3
1,1,0
1,2,-1
9,2,7
7,2,5
11,0,11
0,0,0
0,0,0
1,0,1
10,1,9
9,0,9
8,0,8
23,8,15
0,1,-1
4,0,4
1,0,1
0,2,-2
18,0,18
19,9,10
0,2,-2
1,0,1
1,14,-13
9,4,5
5,0,5
24,12,12
7,1,6
4,1,3
12,9,3
13,2,11
1,0,1
1,1,0
1,3,-2
2,0,2
0,0,0
14,1,13
5,0,5
44,5,39
9,0,9
3,0,3
3,0,3
7,0,7
0,0,0
2,0,2
1,2,-1
0,0,0
3,2,1
1,0,1
2,0,2
5,6,-1
2,2,0
1,0,1
21,1,20
11,0,11
15,7,8
2,0,2
3,0,3
18,0,18
0,1,-1
3,2,1
0,0,0
4,0,4
1,0,1
3,5,-2
6,0,6
6,3,3
0,0,0
0,0,0
3,3,0
1,0,1
7,1,6
0,2,-2
1,0,1
8,4,4
0,0,0
4,4,0
24,0,24
4,0,4
2,0,2
0,0,0
0,0,0
16,0,16
0,0,0
0,0,0
1,0,1
3,0,3
8,1,7
8,3,5
8,1,7
21,1,20
18,4,14
18,0,18
10,0,10
2,0,2
5,0,5
0,0,0
1,13,-12
0,1,-1
6,5,1
0,8,-8
17,7,10
58,3,55
2,0,2
15,6,9
9,1,8
1,0,1
0,0,0
6,1,5
0,1,-1
5,1,4
0,0,0
0,0,0
22,0,22
0,0,0
14,0,14
11,0,11
4,8,-4
0,6,-6
11,11,0
0,0,0
0,0,0
11,0,11
1,0,1
0,6,-6
2,1,1
12,1,11
1,0,1
9,9,0
37,6,31
12,4,8
0,1,-1
3,0,3
15,0,15
35,7,28
2,0,2
9,6,3
9,0,9
1,0,1
1,0,1
2,0,2
7,3,4
12,0,12
22,18,4
10,2,8
4,0,4
2,2,0
0,0,0
1,1,0
5,0,5
0,0,0
9,9,0
1,0,1
8,2,6
1,0,1
15,8,7
3,0,3
3,2,1
5,0,5
17,1,16
2,2,0
3,0,3
3,1,2
9,11,-2
2,1,1
0,0,0
1,0,1
2,3,-1
6,2,4
29,0,29
7,7,0
15,0,15
0,0,0
0,0,0
3,2,1
5,0,5
10,0,10
0,4,-4
6,1,5
5,16,-11
0,0,0
13,0,13
6,0,6
10,7,3
1,3,-2
30,12,18
0,0,0
0,1,-1
6,6,0
25,0,25
0,0,0
1,1,0
2,2,0
14,0,14
2,1,1
10,0,10
3,1,2
8,0,8
1,0,1
0,0,0
2,0,2
6,0,6
5,5,0
1,0,1
1,0,1
0,0,0
11,0,11
0,1,-1
5,0,5
1,0,1
6,6,0
5,0,5
4,3,1
3,1,2
1,1,0
0,0,0
3,0,3
0,0,0
14,7,7
26,12,14
9,5,4
22,11,11
5,0,5
0,1,-1
6,0,6
0,0,0
1,0,1
1,5,-4
11,1,10
6,2,4
19,2,17
0,0,0
1,0,1
5,0,5
1,0,1
0,0,0
7,0,7
2,2,0
24,0,24
1,2,-1
7,10,-3
2,0,2
4,0,4
11,7,4
2,2,0
16,1,15
7,0,7
1,0,1
4,0,4
0,1,-1
0,0,0
11,0,11
1,0,1
0,1,-1
4,1,3
1,3,-2
3,4,-1
20,2,18
10,4,6
1,0,1
1,4,-3
11,0,11
6,2,4
14,10,4
2,0,2
0,0,0
6,0,6
7,0,7
1,5,-4
0,7,-7
0,1,-1
20,0,20
3,0,3
1,0,1
0,7,-7
3,3,0
0,0,0
6,0,6
1,0,1
1,2,-1
11,8,3
0,0,0
0,0,0
6,1,5
1,0,1
4,0,4
1,5,-4
5,4,1
17,0,17
5,3,2
0,0,0
0,4,-4
0,0,0
2,8,-6
25,0,25
4,3,1
2,0,2
28,2,26
4,4,0
25,2,23
11,0,11
0,0,0
1,0,1
1,1,0
3,0,3
1,0,1
6,1,5
1,0,1
9,0,9
5,1,4
5,0,5
3,5,-2
2,0,2
4,0,4
0,1,-1
29,8,21
0,2,-2
6,0,6
0,10,-10
0,0,0
1,0,1
0,1,-1
1,0,1
10,4,6
4,2,2
1,1,0
3,1,2
2,0,2
1,1,0
3,0,3
1,0,1
4,0,4
51,0,51
5,3,2
12,17,-5
9,1,8
0,0,0
7,0,7
0,0,0
10,0,10
0,0,0
5,9,-4
8,3,5
0,0,0
0,0,0
1,2,-1
0,0,0
5,0,5
2,0,2
1,0,1
0,0,0
7,1,6
2,0,2
0,0,0
1,0,1
8,5,3
14,0,14
17,7,10
49,1,48
4,1,3
1,1,0
0,0,0
12,0,12
9,2,7
3,0,3
2,3,-1
27,0,27
9,0,9
2,0,2
0,0,0
5,0,5
6,1,5
2,0,2
0,4,-4
0,0,0
10,3,7
0,2,-2
8,2,6
0,1,-1
2,0,2
10,6,4
0,1,-1
0,0,0
13,0,13
5,0,5
1,0,1
0,0,0
0,1,-1
0,0,0
0,1,-1
14,0,14
13,6,7
2,0,2
5,3,2
4,0,4
38,0,38
0,0,0
0,0,0
4,0,4
0,0,0
6,0,6
3,2,1
2,0,2
7,0,7
5,6,-1
16,1,15
0,0,0
8,0,8
0,1,-1
1,6,-5
0,0,0
1,1,0
1,0,1
3,2,1
27,0,27
7,8,-1
6,0,6
2,1,1
5,0,5
0,0,0
2,4,-2
21,11,10
1,6,-5
11,0,11
10,0,10
3,0,3
8,7,1
9,3,6
4,1,3
4,4,0
1,0,1
4,0,4
1,1,0
2,8,-6
1,0,1
4,0,4
0,6,-6
0,1,-1
16,0,16
7,0,7
4,13,-9
5,1,4
17,0,17
0,3,-3
6,2,4
0,8,-8
1,0,1
22,0,22
2,0,2
5,0,5
1,0,1
3,2,1
1,0,1
0,0,0
8,2,6
0,0,0
14,5,9
3,6,-3
1,0,1
7,2,5
4,0,4
6,7,-1
4,0,4
18,0,18
0,3,-3
4,13,-9
0,0,0
6,4,2
3,2,1
0,0,0
1,0,1
1,4,-3
1,1,0
3,5,-2
14,14,0
10,2,8
0,0,0
1,0,1
3,3,0
20,1,19
10,13,-3
17,8,9
34,3,31
1,0,1
0,0,0
11,2,9
0,0,0
4,2,2
0,2,-2
1,10,-9
2,0,2
1,0,1
4,2,2
19,0,19
0,2,-2
3,3,0
4,25,-21
2,0,2
1,0,1
7,0,7
0,3,-3
4,4,0
1,6,-5
0,0,0
2,0,2
1,1,0
0,0,0
31,0,31
5,0,5
1,0,1
26,9,17
10,0,10
11,11,0
8,6,2
7,9,-2
0,0,0
3,0,3
20,6,14
0,3,-3
1,0,1
7,1,6
15,0,15
20,2,18
9,2,7
2,0,2
3,0,3
0,0,0
19,0,19
0,0,0
16,4,12
10,0,10
14,2,12
0,1,-1
1,0,1
2,0,2
7,6,1
30,2,28
1,0,1
1,0,1
18,1,17
0,1,-1
3,0,3
3,5,-2
2,0,2
28,1,27
7,2,5
2,2,0
3,0,3
4,0,4
4,0,4
3,0,3
0,2,-2
2,0,2
2,2,0
18,1,17
4,1,3
1,0,1
20,0,20
0,0,0
10,0,10
11,0,11
0,6,-6
0,1,-1
10,1,9
8,3,5
2,4,-2
55,2,53
3,5,-2
25,7,18
11,1,10
0,0,0
5,0,5
2,6,-4
38,15,23
17,0,17
3,0,3
0,2,-2
11,0,11
2,0,2
2,0,2
13,5,8
3,1,2
10,2,8
28,15,13
3,0,3
1,0,1
8,8,0
6,0,6
25,2,23
3,2,1
1,0,1
0,0,0
2,0,2
6,0,6
0,0,0
29,1,28
2,2,0
2,2,0
11,0,11
4,5,-1
8,0,8
7,0,7
0,0,0
0,0,0
0,0,0
0,0,0
3,0,3
1,1,0
2,3,-1
1,1,0
1,1,0
10,2,8
13,1,12
0,0,0
7,3,4
4,1,3
2,0,2
2,2,0
9,3,6
0,0,0
0,0,0
0,0,0
14,2,12
0,1,-1
1,0,1
3,0,3
0,0,0
2,4,-2
0,0,0
4,5,-1
25,0,25
2,0,2
4,1,3
0,2,-2
1,0,1
6,1,5
6,3,3
5,0,5
8,5,3
1,0,1
2,8,-6
3,0,3
18,6,12
0,0,0
0,0,0
3,9,-6
8,0,8
0,0,0
7,0,7
2,0,2
8,3,5
2,1,1
0,0,0
0,0,0
0,0,0
1,0,1
0,0,0
3,1,2
4,0,4
11,1,10
15,2,13
22,0,22
8,9,-1
2,2,0
10,0,10
2,0,2
2,0,2
19,9,10
2,3,-1
0,0,0
2,0,2
16,1,15
0,0,0
15,15,0
0,0,0
4,0,4
4,3,1
2,0,2
0,0,0
20,0,20
10,0,10
6,0,6
4,0,4
4,3,1
5,5,0
1,0,1
4,0,4
3,0,3
12,0,12
0,0,0
23,4,19
2,0,2
1,0,1
0,0,0
1,0,1
28,6,22
1,13,-12
3,0,3
1,1,0
4,0,4
3,2,1
0,0,0
0,0,0
7,0,7
2,2,0
45,0,45
5,0,5
2,2,0
32,3,29
0,0,0
28,2,26
21,5,16
5,0,5
35,0,35
0,2,-2
0,0,0
0,1,-1
3,1,2
10,4,6
3,5,-2
4,4,0
5,0,5
2,1,1
1,0,1
1,0,1
0,0,0
11,9,2
23,3,20
17,1,16
5,0,5
1,2,-1
0,0,0
16,2,14
5,0,5
20,0,20
33,3,30
19,0,19
2,0,2
6,1,5
17,3,14
8,0,8
3,1,2
0,0,0
3,0,3
5,0,5
7,0,7
0,0,0
2,7,-5
9,8,1
0,0,0
14,14,0
0,0,0
17,0,17
3,3,0
2,0,2
6,0,6
7,2,5
0,0,0
2,0,2
1,0,1
0,0,0
1,2,-1
28,3,25
40,0,40
2,0,2
3,0,3
2,1,1
0,0,0
5,0,5
16,16,0
3,0,3
5,0,5
1,0,1
12,1,11
15,9,6
0,0,0
0,0,0
2,0,2
1,0,1
1,0,1
14,0,14
8,1,7
5,1,4
2,2,0
0,0,0
4,5,-1
19,0,19
1,7,-6
0,0,0
1,0,1
21,2,19
3,0,3
3,1,2
13,0,13
1,3,-2
69,5,64
7,2,5
2,0,2
3,3,0
0,0,0
27,2,25
0,0,0
1,1,0
11,1,10
3,6,-3
1,1,0
4,4,0
0,4,-4
15,0,15
0,9,-9
7,1,6
66,18,48
3,0,3
9,10,-1
22,0,22
0,0,0
3,1,2
5,0,5
26,0,26
11,0,11
0,6,-6
26,19,7
54,5,49
1,2,-1
0,0,0
5,0,5
3,4,-1
62,0,62
1,5,-4
20,0,20
9,0,9
1,0,1
3,3,0
9,21,-12
0,0,0
4,3,1
1,0,1
0,0,0
4,0,4
0,0,0
1,2,-1
4,0,4
8,1,7
4,0,4
0,0,0
13,3,10
3,0,3
3,1,2
6,4,2
4,1,3
3,0,3
16,0,16
2,0,2
1,3,-2
0,25,-25
2,0,2
6,0,6
15,1,14
7,2,5
1,0,1
6,0,6
1,0,1
6,0,6
6,0,6
1,0,1
1,0,1
1,0,1
11,2,9
1,0,1
2,0,2
0,0,0
0,0,0
10,0,10
5,0,5
6,4,2
8,8,0
4,7,-3
3,3,0
10,0,10
18,0,18
4,8,-4
0,0,0
7,1,6
9,0,9
6,1,5
7,0,7
11,1,10
1,1,0
0,0,0
0,0,0
14,26,-12
2,1,1
1,0,1
19,0,19
12,1,11
3,0,3
2,0,2
3,0,3
30,6,24
4,3,1
18,2,16
8,5,3
2,1,1
1,0,1
0,0,0
0,0,0
22,15,7
12,3,9
0,2,-2
0,2,-2
16,4,12
2,0,2
0,0,0
0,0,0
3,0,3
14,2,12
17,0,17
0,0,0
1,2,-1
0,0,0
3,0,3
1,0,1
11,8,3
5,1,4
8,1,7
2,1,1
0,1,-1
12,0,12
8,0,8
16,0,16
12,1,11
15,11,4
1,0,1
4,5,-1
2,1,1
2,0,2
0,0,0
3,3,0
8,4,4
1,0,1
1,1,0
2,0,2
1,1,0
1,0,1
3,0,3
0,0,0
0,0,0
4,0,4
6,6,0
11,5,6
7,2,5
0,0,0
0,1,-1
6,1,5
9,1,8
4,0,4
4,0,4
2,0,2
8,5,3
2,3,-1
49,8,41
3,0,3
0,0,0
2,1,1
6,14,-8
27,0,27
0,0,0
0,0,0
6,5,1
11,17,-6
0,2,-2
18,5,13
0,0,0
1,1,0
47,1,46
0,0,0
5,0,5
6,0,6
19,0,19
11,3,8
6,0,6
7,7,0
5,1,4
0,0,0
2,0,2
6,0,6
2,0,2
0,0,0
23,0,23
13,2,11
1,0,1
0,0,0
42,4,38
3,0,3
4,1,3
1,0,1
4,0,4
9,0,9
2,0,2
2,4,-2
5,1,4
12,0,12
5,0,5
12,1,11
8,3,5
0,0,0
9,0,9
27,4,23
11,0,11
1,4,-3
0,0,0
44,17,27
0,0,0
7,4,3
9,10,-1
4,2,2
0,0,0
2,11,-9
1,0,1
4,0,4
1,6,-5
0,0,0
5,3,2
7,0,7
5,0,5
10,0,10
2,8,-6
0,0,0
0,0,0
1,6,-5
3,3,0
6,4,2
21,6,15
6,6,0
0,0,0
8,0,8
3,1,2
10,0,10
1,4,-3
5,2,3
0,1,-1
10,1,9
8,0,8
2,0,2
4,1,3
7,0,7
1,0,1
2,2,0
11,0,11
16,1,15
1,1,0
10,2,8
0,1,-1
1,0,1
3,0,3
7,0,7
10,1,9
0,0,0
4,0,4
13,3,10
4,0,4
0,3,-3
15,0,15
53,2,51
0,0,0
1,0,1
2,4,-2
1,0,1
4,9,-5
35,8,27
15,0,15
1,0,1
31,0,31
3,0,3
48,2,46
10,2,8
17,2,15
0,0,0
5,0,5
18,0,18
3,0,3
3,0,3
11,10,1
9,1,8
10,7,3
0,0,0
1,0,1
13,0,13
6,0,6
0,1,-1
12,2,10
0,2,-2
0,0,0
8,0,8
5,0,5
7,6,1
6,7,-1
0,0,0
1,1,0
10,3,7
10,1,9
8,2,6
6,3,3
2,0,2
0,0,0
5,0,5
16,1,15
8,2,6
19,5,14
0,0,0
21,21,0
16,14,2
5,1,4
12,5,7
3,4,-1
2,2,0
0,0,0
7,1,6
18,0,18
3,0,3
3,5,-2
1,1,0
0,3,-3
8,4,4
5,0,5
1,0,1
6,2,4
3,3,0
15,0,15
24,1,23
7,2,5
13,1,12
0,0,0
0,0,0
0,0,0
0,0,0
14,4,10
6,6,0
8,0,8
12,0,12
1,0,1
1,1,0
7,10,-3
0,0,0
9,0,9
2,0,2
0,0,0
15,6,9
1,0,1
5,4,1
0,0,0
17,0,17
6,9,-3
1,0,1
2,6,-4
14,2,12
0,2,-2
8,0,8
20,0,20
36,1,35
9,0,9
4,2,2
6,4,2
8,8,0
3,4,-1
19,9,10
1,0,1
7,2,5
6,0,6
5,6,-1
3,0,3
3,1,2
22,1,21
5,0,5
2,0,2
23,0,23
12,10,2
6,3,3
0,0,0
6,17,-11
26,10,16
4,0,4
2,0,2
16,7,9
39,6,33
0,4,-4
0,0,0
0,0,0
18,0,18
1,0,1
3,0,3
1,0,1
7,0,7
8,5,3
4,4,0
0,1,-1
7,1,6
3,1,2
11,6,5
7,6,1
2,10,-8
7,6,1
2,0,2
7,0,7
5,0,5
2,0,2
4,2,2
7,0,7
0,0,0
24,14,10
3,0,3
3,0,3
8,0,8
6,0,6
26,10,16
9,1,8
0,1,-1
4,0,4
0,0,0
2,0,2
34,16,18
1,0,1
2,2,0
16,2,14
1,0,1
20,3,17
11,0,11
11,1,10
13,0,13
57,14,43
3,10,-7
4,0,4
5,3,2
2,0,2
25,11,14
0,0,0
0,0,0
1,5,-4
4,13,-9
0,0,0
3,1,2
4,0,4
7,4,3
6,0,6
1,0,1
10,10,0
1,0,1
4,0,4
20,1,19
0,0,0
5,0,5
30,2,28
5,0,5
0,0,0
31,0,31
0,5,-5
3,0,3
1,0,1
3,0,3
8,6,2
0,1,-1
0,0,0
9,0,9
8,3,5
2,0,2
3,1,2
4,0,4
1,2,-1
2,0,2
7,2,5
1,0,1
0,0,0
5,0,5
67,17,50
16,10,6
7,0,7
5,0,5
2,0,2
11,0,11
13,7,6
7,4,3
15,0,15
1,0,1
0,0,0
15,0,15
5,0,5
10,15,-5
17,0,17
2,4,-2
0,0,0
0,0,0
0,0,0
1,0,1
0,0,0
10,4,6
13,6,7
0,11,-11
1,1,0
29,2,27
1,8,-7
0,0,0
4,0,4
2,0,2
0,2,-2
14,0,14
0,0,0
6,0,6
4,1,3
9,1,8
1,0,1
1,10,-9
7,9,-2
13,3,10
6,2,4
25,5,20
9,0,9
1,0,1
1,0,1
2,2,0
3,0,3
15,0,15
9,0,9
0,3,-3
1,2,-1
0,0,0
1,0,1
4,1,3
3,0,3
0,1,-1
8,0,8
6,0,6
1,0,1
3,4,-1
3,1,2
15,0,15
1,0,1
3,3,0
2,0,2
11,1,10
36,6,30
2,0,2
4,2,2
9,3,6
12,7,5
2,1,1
5,1,4
1,0,1
2,1,1
4,0,4
3,0,3
0,0,0
0,0,0
3,0,3
12,1,11
0,0,0
0,0,0
0,0,0
0,0,0
1,2,-1
0,0,0
8,2,6
22,1,21
10,6,4
1,0,1
3,0,3
1,0,1
13,0,13
2,2,0
4,0,4
6,0,6
13,0,13
1,0,1
0,0,0
12,1,11
4,0,4
4,3,1
6,0,6
1,0,1
9,0,9
39,18,21
4,0,4
0,2,-2
17,2,15
0,0,0
1,0,1
16,0,16
23,16,7
1,1,0
0,0,0
3,8,-5
1,0,1
4,0,4
2,4,-2
1,0,1
1,0,1
22,4,18
6,0,6
3,0,3
4,19,-15
19,3,16
0,0,0
19,12,7
22,13,9
0,0,0
9,2,7
6,0,6
1,0,1
18,14,4
9,8,1
3,1,2
5,0,5
8,5,3
6,6,0
0,0,0
6,4,2
0,0,0
14,6,8
1,0,1
11,9,2
3,0,3
0,0,0
16,0,16
0,0,0
14,5,9
1,0,1
4,0,4
29,7,22
2,1,1
7,0,7
10,2,8
8,12,-4
2,1,1
2,0,2
1,3,-2
8,7,1
16,9,7
9,2,7
10,15,-5
0,1,-1
2,0,2
0,0,0
12,6,6
2,3,-1
7,2,5
8,14,-6
2,0,2
7,2,5
6,0,6
7,1,6
9,0,9
4,2,2
7,3,4
9,2,7
1,0,1
11,6,5
1,0,1
9,0,9
0,0,0
5,0,5
13,0,13
0,0,0
14,5,9
0,0,0
1,9,-8
1,2,-1
14,8,6
11,0,11
4,1,3
16,2,14
1,0,1
1,0,1
0,0,0
3,5,-2
6,0,6
13,0,13
2,0,2
0,0,0
9,10,-1
2,1,1
11,0,11
8,2,6
2,9,-7
1,11,-10
13,2,11
0,0,0
18,2,16
16,1,15
9,0,9
6,0,6
4,2,2
2,0,2
16,1,15
5,5,0
4,0,4
7,0,7
0,0,0
81,18,63
2,0,2
0,2,-2
0,0,0
2,0,2
6,7,-1
2,0,2
27,12,15
3,5,-2
6,2,4
0,0,0
2,0,2
14,7,7
14,1,13
1,0,1
0,3,-3
9,3,6
20,0,20
16,0,16
7,0,7
0,2,-2
10,5,5
24,13,11
14,1,13
3,0,3
29,19,10
21,2,19
15,2,13
9,0,9
6,16,-10
25,2,23
8,6,2
5,1,4
7,1,6
3,0,3
2,0,2
0,0,0
1,0,1
12,0,12
2,1,1
11,3,8
1,2,-1
15,0,15
19,19,0
5,0,5
1,0,1
4,0,4
9,0,9
8,0,8
20,1,19
5,0,5
20,2,18
2,1,1
6,4,2
8,0,8
0,0,0
3,0,3
2,0,2
6,0,6
15,8,7
3,0,3
2,2,0
3,1,2
33,1,32
0,0,0
2,0,2
1,0,1
1,0,1
17,6,11
1,0,1
2,0,2
26,1,25
8,0,8
2,1,1
12,0,12
0,1,-1
2,0,2
5,2,3
0,1,-1
9,9,0
12,1,11
1,0,1
0,1,-1
5,0,5
4,6,-2
9,2,7
2,0,2
5,5,0
4,2,2
1,0,1
13,0,13
0,12,-12
10,0,10
1,0,1
1,0,1
2,0,2
8,0,8
0,0,0
8,1,7
2,1,1
15,0,15
0,0,0
2,3,-1
13,0,13
0,0,0
5,1,4
20,1,19
7,4,3
2,0,2
15,3,12
3,0,3
15,0,15
0,0,0
22,2,20
24,0,24
5,0,5
0,0,0
5,0,5
0,0,0
0,0,0
0,0,0
2,2,0
4,0,4
9,3,6
1,0,1
3,0,3
0,0,0
4,7,-3
0,0,0
8,12,-4
2,0,2
1,0,1
3,1,2
0,0,0
2,1,1
12,0,12
10,0,10
1,0,1
0,1,-1
0,0,0
20,2,18
9,0,9
3,0,3
4,0,4
0,0,0
23,12,11
0,0,0
0,0,0
0,0,0
0,0,0
6,0,6
5,7,-2
2,0,2
12,9,3
0,15,-15
18,1,17
7,3,4
0,0,0
0,0,0
5,0,5
0,5,-5
7,1,6
10,0,10
3,11,-8
11,1,10
7,7,0
1,0,1
6,0,6
7,3,4
2,0,2
10,0,10
3,0,3
13,1,12
0,0,0
10,0,10
38,9,29
0,0,0
0,0,0
0,1,-1
0,0,0
4,0,4
0,0,0
0,0,0
3,5,-2
7,0,7
3,0,3
3,0,3
6,2,4
10,1,9
0,0,0
5,0,5
3,0,3
14,2,12
0,12,-12
0,0,0
4,1,3
4,0,4
5,0,5
4,1,3
10,10,0
2,1,1
1,0,1
3,0,3
0,0,0
4,3,1
2,0,2
2,9,-7
0,0,0
15,2,13
0,6,-6
5,3,2
2,2,0
0,0,0
0,1,-1
15,3,12
5,0,5
2,4,-2
1,0,1
11,2,9
1,1,0
2,0,2
0,0,0
1,2,-1
0,1,-1
1,16,-15
9,26,-17
9,6,3
1,0,1
0,0,0
12,0,12
22,3,19
1,0,1
3,2,1
15,1,14
3,1,2
15,0,15
4,0,4
0,0,0
2,0,2
1,1,0
2,0,2
25,5,20
0,0,0
6,0,6
17,0,17
28,1,27
11,0,11
2,0,2
0,0,0
2,1,1
1,0,1
5,6,-1
0,0,0
1,2,-1
6,0,6
3,2,1
0,0,0
1,1,0
1,0,1
7,0,7
2,0,2
0,0,0
1,5,-4
3,5,-2
7,0,7
2,5,-3
4,1,3
5,1,4
7,0,7
28,4,24
0,2,-2
29,2,27
7,0,7
9,3,6
0,0,0
20,0,20
5,4,1
1,0,1
8,1,7
4,4,0
0,0,0
2,0,2
39,0,39
1,1,0
10,2,8
3,0,3
11,1,10
0,0,0
6,0,6
1,0,1
3,3,0
0,0,0
5,4,1
7,0,7
1,1,0
6,1,5
3,6,-3
7,3,4
1,1,0
3,6,-3
0,0,0
0,0,0
7,0,7
0,0,0
16,1,15
5,1,4
1,0,1
44,1,43
12,0,12
2,4,-2
1,0,1
0,0,0
0,1,-1
0,0,0
2,0,2
0,0,0
1,1,0
30,1,29
2,0,2
0,2,-2
3,0,3
17,12,5
34,0,34
1,0,1
34,6,28
0,0,0
46,6,40
6,10,-4
14,9,5
13,2,11
0,0,0
0,0,0
6,0,6
9,1,8
0,0,0
2,5,-3
3,3,0
7,1,6
0,0,0
6,0,6
3,0,3
7,0,7
3,1,2
0,1,-1
7,0,7
9,0,9
1,0,1
11,1,10
6,1,5
1,0,1
6,1,5
8,5,3
3,3,0
10,1,9
1,3,-2
2,0,2
2,2,0
3,0,3
5,0,5
1,0,1
16,0,16
10,13,-3
35,3,32
5,0,5
1,1,0
3,1,2
6,6,0
0,0,0
1,1,0
19,1,18
1,12,-11
0,0,0
18,11,7
9,2,7
14,6,8
2,2,0
4,2,2
0,0,0
13,13,0
6,7,-1
3,4,-1
0,0,0
10,0,10
0,0,0
0,5,-5
15,1,14
4,7,-3
21,11,10
19,9,10
9,0,9
2,1,1
6,0,6
2,1,1
4,2,2
1,0,1
86,1,85
2,3,-1
6,5,1
0,0,0
2,0,2
128,4,124
6,0,6
2,0,2
1,0,1
1,12,-11
6,3,3
6,0,6
0,0,0
4,0,4
8,3,5
4,5,-1
13,4,9
0,0,0
12,5,7
0,0,0
20,0,20
8,5,3
5,2,3
1,4,-3
3,8,-5
4,1,3
0,0,0
16,12,4
9,0,9
0,0,0
0,0,0
6,4,2
9,2,7
19,0,19
8,4,4
1,0,1
1,0,1
5,1,4
24,0,24
13,0,13
18,7,11
15,3,12
0,0,0
29,7,22
22,4,18
11,0,11
0,0,0
0,0,0
0,0,0
5,1,4
8,0,8
9,0,9
0,0,0
12,0,12
19,0,19
16,1,15
5,3,2
1,0,1
1,0,1
3,0,3
2,0,2
16,12,4
1,2,-1
0,0,0
19,0,19
12,0,12
2,0,2
10,4,6
0,0,0
19,5,14
0,0,0
1,0,1
2,0,2
3,0,3
38,7,31
3,4,-1
0,0,0
1,2,-1
3,1,2
70,1,69
12,2,10
1,0,1
13,0,13
7,7,0
0,0,0
2,0,2
1,0,1
3,5,-2
17,2,15
0,2,-2
3,1,2
6,1,5
4,1,3
5,0,5
0,0,0
7,0,7
4,6,-2
9,2,7
11,0,11
0,3,-3
1,2,-1
1,0,1
0,0,0
37,2,35
0,0,0
1,0,1
26,13,13
0,0,0
2,2,0
0,0,0
0,0,0
5,0,5
7,7,0
30,19,11
1,0,1
4,0,4
9,2,7
1,0,1
5,3,2
6,0,6
0,0,0
3,2,1
4,1,3
41,0,41
9,9,0
0,0,0
9,6,3
2,1,1
0,0,0
7,1,6
4,3,1
1,0,1
1,0,1
8,9,-1
17,9,8
9,8,1
2,3,-1
3,0,3
0,0,0
0,1,-1
1,0,1
1,7,-6
3,3,0
7,0,7
0,0,0
4,0,4
8,0,8
1,0,1
4,0,4
10,0,10
16,1,15
5,5,0
37,7,30
7,0,7
5,0,5
7,0,7
0,0,0
11,5,6
5,0,5
3,0,3
15,7,8
0,0,0
41,0,41
51,13,38
0,1,-1
48,2,46
10,5,5
1,6,-5
6,6,0
11,3,8
4,5,-1
19,5,14
6,0,6
1,1,0
0,4,-4
7,2,5
6,0,6
2,0,2
5,0,5
2,4,-2
14,0,14
0,0,0
4,0,4
0,0,0
6,0,6
0,2,-2
1,4,-3
0,1,-1
1,0,1
19,7,12
4,3,1
1,0,1
5,1,4
0,1,-1
5,14,-9
0,0,0
1,2,-1
10,9,1
0,0,0
1,0,1
15,0,15
6,5,1
0,0,0
24,1,23
6,1,5
0,0,0
17,1,16
1,0,1
8,4,4
2,0,2
1,0,1
18,0,18
3,0,3
0,0,0
10,0,10
16,0,16
2,0,2
4,4,0
4,4,0
4,1,3
16,0,16
9,1,8
4,0,4
2,3,-1
1,1,0
0,0,0
24,0,24
1,1,0
5,0,5
2,11,-9
0,0,0
0,1,-1
0,1,-1
18,0,18
7,1,6
9,0,9
3,1,2
17,0,17
0,0,0
5,0,5
2,5,-3
3,0,3
9,0,9
8,7,1
10,0,10
7,1,6
0,5,-5
1,1,0
1,0,1
1,0,1
2,0,2
0,0,0
2,0,2
12,0,12
2,0,2
4,2,2
16,1,15
7,0,7
7,0,7
0,0,0
3,0,3
5,6,-1
0,1,-1
6,0,6
35,13,22
5,5,0
7,0,7
5,1,4
2,1,1
1,0,1
2,5,-3
7,0,7
9,3,6
9,3,6
3,0,3
11,4,7
1,0,1
1,1,0
14,12,2
0,1,-1
3,1,2
16,0,16
9,0,9
0,0,0
2,2,0
0,0,0
14,2,12
3,0,3
6,0,6
24,12,12
8,2,6
6,0,6
4,3,1
9,13,-4
3,0,3
0,0,0
0,0,0
32,1,31
9,0,9
5,2,3
1,0,1
0,1,-1
3,2,1
3,0,3
1,1,0
1,0,1
0,0,0
27,0,27
28,1,27
1,0,1
6,0,6
8,1,7
3,2,1
1,4,-3
6,2,4
0,0,0
5,0,5
23,4,19
0,0,0
13,9,4
6,2,4
3,14,-11
11,2,9
8,0,8
12,1,11
0,0,0
3,0,3
19,4,15
5,3,2
0,0,0
1,0,1
0,0,0
2,0,2
0,0,0
21,11,10
2,14,-12
11,6,5
0,0,0
3,0,3
3,0,3
5,0,5
7,0,7
2,0,2
0,0,0
1,0,1
2,0,2
7,0,7
4,2,2
1,1,0
3,0,3
6,2,4
0,0,0
0,0,0
2,1,1
17,2,15
5,4,1
12,3,9
1,0,1
9,0,9
3,0,3
3,1,2
22,0,22
6,0,6
0,0,0
2,0,2
1,0,1
4,2,2
6,7,-1
0,0,0
1,0,1
8,6,2
2,1,1
0,0,0
10,0,10
0,0,0
11,7,4
0,0,0
22,5,17
2,8,-6
11,0,11
17,4,13
0,0,0
0,1,-1
0,0,0
19,5,14
1,1,0
5,0,5
0,0,0
0,0,0
7,1,6
4,0,4
3,3,0
12,0,12
3,1,2
0,0,0
11,4,7
7,5,2
0,10,-10
6,0,6
0,0,0
4,3,1
5,2,3
1,0,1
11,0,11
6,3,3
12,0,12
0,10,-10
5,15,-10
1,1,0
9,4,5
19,12,7
4,11,-7
8,3,5
2,0,2
0,0,0
0,0,0
14,0,14
2,0,2
1,0,1
2,1,1
2,0,2
36,1,35
4,0,4
5,2,3
0,0,0
3,3,0
4,11,-7
5,3,2
2,6,-4
0,1,-1
12,8,4
5,0,5
2,0,2
0,0,0
14,6,8
0,3,-3
7,2,5
2,3,-1
12,8,4
2,4,-2
0,0,0
7,2,5
3,0,3
0,0,0
5,7,-2
2,0,2
2,0,2
13,0,13
1,1,0
27,17,10
97,18,79
2,8,-6
7,0,7
7,0,7
12,2,10
13,8,5
22,9,13
0,6,-6
4,1,3
0,0,0
11,0,11
1,1,0
19,1,18
4,3,1
0,8,-8
2,0,2
3,16,-13
0,7,-7
10,0,10
8,0,8
2,0,2
0,0,0
0,0,0
5,5,0
11,0,11
3,10,-7
0,0,0
4,0,4
3,3,0
6,0,6
1,1,0
14,3,11
3,1,2
0,0,0
5,0,5
0,13,-13
9,17,-8
0,0,0
0,2,-2
1,0,1
37,0,37
0,3,-3
1,1,0
2,0,2
1,0,1
3,12,-9
2,2,0
3,4,-1
2,0,2
0,0,0
6,0,6
0,0,0
9,2,7
7,1,6
17,5,12
12,0,12
0,0,0
1,0,1
6,0,6
4,8,-4
0,0,0
4,4,0
2,0,2
1,0,1
0,2,-2
1,0,1
0,0,0
7,1,6
5,7,-2
0,0,0
4,0,4
26,3,23
1,0,1
6,15,-9
0,0,0
10,0,10
2,1,1
2,4,-2
13,0,13
0,0,0
6,0,6
10,0,10
0,0,0
15,2,13
30,1,29
3,0,3
11,8,3
15,0,15
13,0,13
15,0,15
0,0,0
9,7,2
2,0,2
14,0,14
1,0,1
3,6,-3
1,0,1
0,0,0
6,1,5
0,0,0
4,0,4
0,0,0
3,1,2
0,0,0
13,0,13
0,0,0
2,2,0
30,0,30
1,0,1
46,0,46
28,1,27
0,0,0
8,1,7
0,0,0
12,0,12
0,2,-2
3,0,3
5,7,-2
2,0,2
7,6,1
3,0,3
2,0,2
13,1,12
6,16,-10
5,0,5
2,2,0
4,3,1
12,2,10
0,0,0
3,0,3
30,2,28
10,0,10
21,0,21
0,0,0
2,0,2
8,0,8
6,6,0
0,0,0
38,9,29
9,4,5
2,0,2
3,3,0
2,0,2
25,3,22
1,2,-1
0,0,0
2,4,-2
7,0,7
1,1,0
2,0,2
0,4,-4
7,0,7
13,0,13
8,0,8
18,8,10
10,0,10
9,8,1
2,6,-4
15,0,15
6,0,6
2,2,0
0,9,-9
22,5,17
18,6,12
0,0,0
1,12,-11
22,7,15
2,2,0
1,0,1
7,1,6
1,1,0
0,8,-8
13,0,13
5,0,5
21,6,15
2,0,2
7,7,0
0,0,0
1,0,1
26,1,25
7,3,4
0,0,0
0,1,-1
0,0,0
1,0,1
13,2,11
1,7,-6
6,0,6
13,0,13
6,2,4
9,0,9
0,0,0
6,0,6
10,3,7
0,0,0
4,2,2
2,2,0
45,0,45
3,3,0
1,0,1
9,0,9
14,0,14
18,0,18
1,3,-2
2,0,2
3,0,3
4,0,4
24,6,18
0,0,0
9,0,9
17,2,15
6,3,3
0,2,-2
7,2,5
7,2,5
8,3,5
7,0,7
1,0,1
2,0,2
13,0,13
1,0,1
0,0,0
15,1,14
3,0,3
34,0,34
3,0,3
0,1,-1
5,5,0
12,7,5
11,10,1
12,4,8
14,3,11
3,4,-1
20,0,20
0,2,-2
3,0,3
6,8,-2
5,0,5
0,0,0
2,0,2
7,1,6
0,0,0
5,0,5
0,1,-1
2,1,1
0,3,-3
14,7,7
0,0,0
2,0,2
1,0,1
5,3,2
0,0,0
5,2,3
12,6,6
1,0,1
13,0,13
4,2,2
6,2,4
7,0,7
62,0,62
4,0,4
20,0,20
2,1,1
12,0,12
4,1,3
20,1,19
1,0,1
52,1,51
9,0,9
0,0,0
2,0,2
0,4,-4
1,0,1
3,3,0
0,1,-1
4,0,4
2,2,0
8,1,7
11,3,8
2,0,2
0,6,-6
3,0,3
7,2,5
18,1,17
11,3,8
4,0,4
6,0,6
5,0,5
0,0,0
1,0,1
8,8,0
5,3,2
0,1,-1
4,0,4
5,2,3
0,0,0
2,0,2
2,0,2
9,0,9
8,1,7
0,0,0
6,10,-4
3,0,3
12,1,11
0,0,0
6,1,5
14,0,14
0,0,0
20,4,16
10,11,-1
6,3,3
3,2,1
24,9,15
2,1,1
13,0,13
5,1,4
1,2,-1
7,0,7
4,0,4
4,5,-1
2,1,1
0,1,-1
3,0,3
9,0,9
0,6,-6
19,1,18
1,1,0
1,0,1
4,0,4
0,0,0
0,0,0
2,0,2
8,1,7
6,6,0
0,0,0
2,1,1
27,2,25
0,0,0
4,0,4
0,0,0
0,1,-1
3,4,-1
1,2,-1
20,1,19
2,0,2
7,1,6
2,0,2
6,0,6
2,0,2
0,0,0
0,0,0
11,0,11
2,0,2
11,0,11
4,0,4
10,4,6
1,2,-1
1,0,1
2,0,2
0,0,0
14,1,13
2,0,2
1,2,-1
13,2,11
10,0,10
8,0,8
3,1,2
0,0,0
1,0,1
6,0,6
2,0,2
0,0,0
10,18,-8
5,2,3
25,0,25
6,0,6
66,12,54
0,0,0
0,0,0
8,1,7
2,1,1
3,6,-3
21,2,19
35,0,35
7,12,-5
0,0,0
1,0,1
3,0,3
10,0,10
2,0,2
0,0,0
0,0,0
19,0,19
3,0,3
1,1,0
10,12,-2
5,1,4
6,0,6
1,1,0
14,6,8
10,0,10
10,0,10
29,29,0
0,0,0
4,0,4
2,3,-1
0,0,0
8,0,8
1,9,-8
19,5,14
0,2,-2
2,0,2
0,0,0
0,0,0
8,0,8
11,8,3
0,0,0
0,0,0
3,4,-1
0,0,0
20,1,19
2,0,2
3,0,3
0,0,0
25,0,25
0,0,0
6,0,6
1,1,0
0,11,-11
9,5,4
0,0,0
0,0,0
0,0,0
0,0,0
1,0,1
13,1,12
1,0,1
2,3,-1
3,8,-5
13,0,13
0,0,0
4,0,4
18,8,10
0,0,0
1,0,1
22,0,22
3,1,2
3,1,2
1,1,0
1,1,0
3,0,3
0,0,0
16,9,7
2,6,-4
44,9,35
36,0,36
12,5,7
40,0,40
3,0,3
13,0,13
5,6,-1
7,1,6
2,1,1
59,10,49
0,0,0
11,2,9
17,3,14
12,0,12
3,3,0
1,0,1
1,1,0
0,0,0
1,4,-3
11,0,11
10,10,0
3,0,3
8,1,7
2,1,1
20,11,9
10,5,5
5,5,0
8,0,8
4,0,4
3,1,2
6,0,6
1,2,-1
6,0,6
1,0,1
11,2,9
15,12,3
0,0,0
1,0,1
55,6,49
5,4,1
3,1,2
1,0,1
18,0,18
10,9,1
37,9,28
13,1,12
1,0,1
9,3,6
2,1,1
5,2,3
10,0,10
3,0,3
5,0,5
0,0,0
4,0,4
3,0,3
1,0,1
4,1,3
2,0,2
9,7,2
3,9,-6
0,5,-5
3,0,3
0,7,-7
5,1,4
0,0,0
1,1,0
0,0,0
3,1,2
1,0,1
0,1,-1
2,3,-1
1,0,1
2,1,1
7,0,7
6,2,4
6,0,6
10,1,9
3,0,3
19,0,19
22,5,17
0,1,-1
2,4,-2
13,6,7
0,6,-6
9,3,6
1,0,1
1,0,1
2,0,2
13,0,13
2,1,1
3,0,3
1,0,1
1,0,1
2,0,2
2,0,2
3,8,-5
17,0,17
66,19,47
1,0,1
24,0,24
1,0,1
3,0,3
0,0,0
7,1,6
1,0,1
5,1,4
7,0,7
13,6,7
2,0,2
0,0,0
1,0,1
6,0,6
1,2,-1
0,0,0
0,0,0
6,6,0
21,2,19
0,0,0
0,0,0
3,0,3
13,0,13
8,3,5
0,0,0
0,0,0
36,7,29
1,0,1
0,0,0
8,2,6
0,0,0
9,0,9
0,0,0
3,0,3
1,0,1
6,2,4
0,1,-1
0,9,-9
7,14,-7
6,0,6
10,7,3
5,0,5
11,2,9
1,0,1
0,0,0
4,6,-2
1,1,0
4,0,4
5,0,5
9,0,9
5,0,5
23,0,23
8,9,-1
1,0,1
2,3,-1
0,0,0
1,0,1
20,2,18
0,0,0
5,3,2
19,0,19
12,0,12
9,4,5
9,1,8
3,2,1
1,0,1
8,0,8
0,0,0
1,0,1
8,0,8
1,2,-1
6,0,6
10,5,5
1,1,0
4,0,4
6,2,4
1,0,1
3,3,0
23,0,23
12,4,8
4,0,4
4,1,3
7,4,3
26,0,26
1,1,0
0,0,0
11,1,10
8,4,4
0,0,0
19,0,19
0,8,-8
24,13,11
0,0,0
9,8,1
1,7,-6
6,2,4
1,1,0
6,0,6
3,3,0
11,1,10
1,0,1
2,0,2
12,0,12
1,0,1
2,1,1
1,0,1
9,2,7
5,0,5
0,0,0
5,0,5
1,0,1
8,0,8
2,0,2
0,0,0
7,3,4
0,0,0
21,0,21
3,0,3
0,4,-4
57,0,57
0,0,0
16,9,7
1,1,0
0,1,-1
4,1,3
0,0,0
2,0,2
0,0,0
22,2,20
3,2,1
3,0,3
25,9,16
2,0,2
1,2,-1
1,0,1
8,1,7
0,2,-2
9,0,9
2,5,-3
5,0,5
6,13,-7
1,3,-2
1,6,-5
2,0,2
3,0,3
0,3,-3
4,2,2
9,4,5
9,5,4
8,1,7
0,1,-1
11,6,5
1,5,-4
5,4,1
15,0,15
0,0,0
21,3,18
6,0,6
11,0,11
34,0,34
5,0,5
0,5,-5
8,4,4
6,0,6
1,0,1
30,2,28
1,0,1
2,0,2
13,0,13
9,11,-2
18,0,18
1,0,1
0,0,0
0,1,-1
0,1,-1
7,1,6
0,0,0
5,0,5
0,0,0
3,0,3
1,0,1
2,0,2
2,0,2
4,2,2
6,5,1
0,0,0
0,0,0
25,7,18
0,4,-4
1,4,-3
5,5,0
7,0,7
0,0,0
0,0,0
11,0,11
0,0,0
4,4,0
6,0,6
4,0,4
1,0,1
5,1,4
2,0,2
5,4,1
0,0,0
5,1,4
6,0,6
0,0,0
0,0,0
14,7,7
5,1,4
18,0,18
3,0,3
14,4,10
16,0,16
6,1,5
8,6,2
7,6,1
2,1,1
32,0,32
0,0,0
4,6,-2
1,0,1
0,0,0
12,4,8
7,2,5
23,0,23
5,6,-1
28,0,28
4,5,-1
2,0,2
0,0,0
2,0,2
6,0,6
6,9,-3
0,0,0
5,0,5
2,0,2
2,2,0
24,28,-4
2,1,1
10,1,9
57,0,57
1,0,1
0,1,-1
19,0,19
1,0,1
5,19,-14
1,0,1
1,0,1
2,0,2
0,0,0
0,0,0
13,0,13
1,0,1
0,0,0
2,0,2
13,6,7
13,0,13
9,9,0
0,3,-3
10,1,9
17,0,17
50,12,38
2,1,1
6,1,5
7,6,1
8,1,7
3,4,-1
0,0,0
45,12,33
32,3,29
9,1,8
5,1,4
1,0,1
4,0,4
0,0,0
8,5,3
6,3,3
10,0,10
0,0,0
0,1,-1
0,0,0
1,0,1
8,7,1
4,4,0
0,0,0
7,2,5
34,0,34
5,0,5
15,0,15
4,1,3
8,2,6
3,0,3
19,11,8
1,0,1
11,0,11
13,3,10
0,1,-1
0,0,0
5,3,2
0,0,0
10,0,10
1,0,1
0,0,0
13,9,4
0,0,0
1,0,1
5,1,4
5,0,5
10,0,10
9,1,8
6,2,4
12,0,12
0,0,0
7,0,7
44,7,37
3,0,3
10,0,10
6,4,2
7,7,0
1,0,1
0,0,0
0,1,-1
0,0,0
1,1,0
14,1,13
0,0,0
6,0,6
5,0,5
42,3,39
42,1,41
0,0,0
0,0,0
7,2,5
6,1,5
3,3,0
0,4,-4
3,0,3
5,1,4
12,4,8
7,0,7
15,1,14
5,2,3
0,0,0
7,7,0
1,1,0
1,0,1
62,18,44
7,7,0
3,9,-6
1,0,1
0,0,0
7,0,7
5,0,5
3,4,-1
3,3,0
11,2,9
5,0,5
24,0,24
1,0,1
8,0,8
6,0,6
1,2,-1
5,4,1
0,0,0
5,13,-8
29,0,29
0,0,0
1,1,0
0,0,0
0,0,0
6,2,4
45,25,20
2,2,0
15,7,8
4,4,0
11,1,10
20,1,19
2,4,-2
3,1,2
1,0,1
0,0,0
10,2,8
0,0,0
2,2,0
6,0,6
7,3,4
11,1,10
1,0,1
10,7,3
35,6,29
19,0,19
2,0,2
64,0,64
8,11,-3
2,0,2
25,6,19
0,0,0
0,0,0
5,2,3
1,1,0
0,0,0
16,11,5
20,4,16
1,2,-1
8,0,8
19,2,17
2,0,2
17,0,17
1,0,1
1,0,1
5,0,5
1,0,1
13,0,13
10,0,10
28,2,26
0,0,0
2,0,2
1,0,1
0,0,0
4,0,4
15,0,15
0,0,0
0,0,0
3,1,2
3,0,3
0,2,-2
9,0,9
0,0,0
0,0,0
1,0,1
3,2,1
0,0,0
4,0,4
0,0,0
1,0,1
2,2,0
0,0,0
0,0,0
0,0,0
10,0,10
0,2,-2
2,0,2
0,0,0
12,7,5
0,0,0
33,10,23
10,0,10
1,0,1
11,10,1
3,0,3
3,3,0
6,6,0
0,7,-7
4,0,4
1,0,1
23,3,20
7,10,-3
2,1,1
10,1,9
5,5,0
8,1,7
0,0,0
2,11,-9
0,1,-1
23,3,20
6,0,6
4,3,1
51,0,51
1,0,1
3,9,-6
8,13,-5
13,1,12
3,1,2
0,0,0
0,0,0
1,1,0
0,0,0
3,0,3
1,0,1
0,0,0
7,0,7
6,1,5
1,0,1
9,4,5
0,0,0
4,0,4
21,2,19
2,0,2
26,0,26
3,8,-5
1,0,1
0,0,0
3,6,-3
7,0,7
8,9,-1
0,0,0
2,0,2
1,0,1
5,7,-2
8,5,3
0,0,0
8,9,-1
2,0,2
7,7,0
11,11,0
7,7,0
3,1,2
22,5,17
5,1,4
4,10,-6
16,0,16
0,0,0
0,0,0
3,0,3
1,1,0
0,0,0
1,1,0
9,6,3
7,0,7
6,1,5
6,2,4
6,6,0
0,0,0
2,0,2
15,0,15
12,0,12
3,0,3
4,0,4
6,2,4
2,0,2
0,0,0
30,0,30
1,1,0
15,9,6
0,5,-5
25,6,19
0,0,0
4,0,4
5,1,4
2,0,2
9,10,-1
1,0,1
3,1,2
5,0,5
18,0,18
28,12,16
0,0,0
5,1,4
0,4,-4
2,2,0
2,3,-1
25,0,25
0,0,0
2,0,2
12,4,8
11,5,6
2,2,0
5,5,0
0,0,0
1,4,-3
0,0,0
8,1,7
0,0,0
0,1,-1
3,0,3
36,4,32
1,0,1
4,0,4
35,1,34
6,6,0
0,0,0
0,0,0
4,1,3
5,0,5
1,0,1
27,2,25
22,6,16
4,0,4
26,6,20
4,1,3
5,0,5
22,2,20
5,5,0
8,1,7
1,0,1
10,4,6
0,0,0
4,0,4
0,2,-2
0,0,0
8,0,8
0,0,0
2,0,2
4,0,4
3,1,2
9,4,5
11,0,11
0,4,-4
9,3,6
3,0,3
14,2,12
4,1,3
19,4,15
2,1,1
0,0,0
0,0,0
4,3,1
5,6,-1
4,0,4
4,3,1
12,0,12
0,1,-1
3,3,0
6,0,6
17,1,16
3,0,3
15,0,15
2,0,2
23,4,19
2,4,-2
0,0,0
12,0,12
30,4,26
19,2,17
0,0,0
1,1,0
28,0,28
4,0,4
6,0,6
2,1,1
28,0,28
0,0,0
18,0,18
1,1,0
11,0,11
2,0,2
0,1,-1
1,1,0
0,8,-8
49,1,48
0,0,0
9,0,9
4,3,1
3,0,3
5,0,5
1,0,1
5,0,5
6,7,-1
5,16,-11
5,6,-1
7,0,7
0,0,0
4,4,0
1,0,1
0,7,-7
1,0,1
19,2,17
6,2,4
2,0,2
4,0,4
7,0,7
46,2,44
3,0,3
1,2,-1
9,3,6
6,5,1
17,0,17
40,18,22
36,15,21
10,2,8
7,0,7
3,0,3
0,1,-1
1,1,0
38,5,33
7,8,-1
5,1,4
7,0,7
20,0,20
0,0,0
30,16,14
4,1,3
5,7,-2
0,0,0
2,0,2
16,0,16
1,0,1
3,0,3
4,0,4
2,0,2
15,7,8
0,0,0
12,1,11
25,0,25
0,0,0
0,0,0
3,3,0
7,1,6
17,3,14
4,7,-3
35,1,34
7,1,6
16,8,8
0,0,0
0,0,0
15,5,10
2,0,2
0,0,0
17,6,11
4,5,-1
5,1,4
7,2,5
0,0,0
20,0,20
31,0,31
13,0,13
0,0,0
0,0,0
1,0,1
3,0,3
3,0,3
17,0,17
8,0,8
3,4,-1
1,0,1
14,9,5
4,7,-3
2,0,2
1,0,1
0,0,0
10,4,6
25,1,24
13,0,13
0,0,0
6,2,4
5,1,4
0,0,0
0,1,-1
0,0,0
0,0,0
4,4,0
11,1,10
10,0,10
0,0,0
5,2,3
12,0,12
6,0,6
11,4,7
1,0,1
29,3,26
13,1,12
1,0,1
2,0,2
0,1,-1
6,0,6
33,0,33
0,6,-6
6,2,4
2,2,0
13,1,12
2,0,2
0,0,0
7,0,7
22,0,22
2,0,2
17,2,15
2,0,2
0,0,0
1,0,1
2,0,2
8,6,2
2,0,2
12,0,12
17,7,10
1,0,1
6,0,6
3,2,1
17,9,8
4,2,2
3,0,3
12,0,12
2,4,-2
12,10,2
7,2,5
5,8,-3
13,5,8
22,0,22
0,0,0
5,2,3
11,1,10
0,0,0
3,0,3
3,9,-6
12,0,12
46,15,31
12,10,2
4,1,3
0,0,0
4,0,4
35,0,35
3,3,0
11,0,11
0,0,0
6,2,4
9,2,7
9,0,9
5,2,3
11,5,6
6,0,6
13,6,7
5,0,5
0,0,0
22,2,20
1,1,0
2,0,2
1,0,1
0,1,-1
5,0,5
3,4,-1
2,0,2
13,13,0
4,5,-1
17,0,17
0,0,0
19,0,19
10,10,0
22,0,22
9,1,8
1,0,1
28,12,16
0,1,-1
8,0,8
1,1,0
2,0,2
1,0,1
3,0,3
1,0,1
3,1,2
3,4,-1
7,0,7
11,12,-1
16,0,16
1,1,0
12,7,5
1,0,1
10,1,9
3,1,2
0,1,-1
5,0,5
0,0,0
3,0,3
0,0,0
1,1,0
12,17,-5
6,9,-3
0,1,-1
6,0,6
2,0,2
2,0,2
7,0,7
1,0,1
9,0,9
2,6,-4
13,1,12
8,0,8
0,0,0
5,0,5
7,0,7
1,18,-17
1,0,1
10,0,10
9,10,-1
5,1,4
4,0,4
0,0,0
13,0,13
10,5,5
17,2,15
6,8,-2
15,9,6
11,3,8
2,1,1
1,0,1
0,1,-1
2,2,0
2,0,2
12,0,12
9,0,9
2,9,-7
1,4,-3
0,0,0
7,1,6
0,0,0
1,0,1
0,5,-5
0,14,-14
9,0,9
10,2,8
4,1,3
3,1,2
1,0,1
7,4,3
0,0,0
4,5,-1
8,0,8
1,0,1
7,0,7
0,1,-1
4,5,-1
2,3,-1
0,6,-6
3,0,3
0,0,0
2,1,1
0,1,-1
0,0,0
1,2,-1
28,10,18
1,0,1
1,0,1
11,0,11
8,2,6
7,1,6
0,1,-1
27,27,0
2,1,1
9,0,9
7,5,2
0,0,0
8,1,7
15,19,-4
20,0,20
3,2,1
7,0,7
1,0,1
0,0,0
29,4,25
9,0,9
1,0,1
2,0,2
24,0,24
2,2,0
11,0,11
2,0,2
2,0,2
0,0,0
2,0,2
7,2,5
5,2,3
5,1,4
2,1,1
10,5,5
2,1,1
4,0,4
2,18,-16
0,0,0
6,2,4
5,0,5
0,0,0
18,0,18
4,0,4
44,14,30
1,0,1
28,0,28
5,0,5
3,2,1
1,1,0
18,0,18
2,5,-3
1,0,1
6,0,6
3,0,3
15,16,-1
6,6,0
18,1,17
1,0,1
5,1,4
68,17,51
4,0,4
1,0,1
6,2,4
0,0,0
0,5,-5
1,0,1
5,0,5
31,1,30
20,0,20
6,16,-10
0,0,0
1,0,1
10,0,10
0,0,0
13,8,5
3,0,3
0,0,0
0,0,0
0,0,0
15,5,10
2,0,2
20,1,19
0,2,-2
1,0,1
2,2,0
12,0,12
1,0,1
0,1,-1
1,2,-1
6,0,6
16,7,9
29,2,27
1,1,0
3,3,0
2,7,-5
5,8,-3
10,0,10
8,0,8
1,0,1
15,10,5
1,0,1
5,0,5
3,3,0
1,0,1
1,0,1
0,0,0
3,0,3
0,0,0
5,0,5
5,0,5
1,0,1
15,1,14
4,9,-5
2,2,0
0,0,0
0,0,0
1,0,1
1,0,1
14,20,-6
0,0,0
3,1,2
4,4,0
10,9,1
1,1,0
0,0,0
10,3,7
7,2,5
0,0,0
1,0,1
3,2,1
0,0,0
29,0,29
3,5,-2
9,7,2
2,0,2
3,3,0
34,0,34
0,0,0
2,0,2
6,0,6
4,0,4
5,0,5
0,0,0
11,0,11
3,0,3
3,0,3
7,7,0
10,0,10
2,0,2
17,6,11
3,10,-7
1,0,1
0,0,0
0,0,0
1,2,-1
1,1,0
5,1,4
0,0,0
5,0,5
5,1,4
2,1,1
3,7,-4
1,2,-1
11,5,6
3,2,1
9,1,8
0,0,0
2,0,2
0,0,0
1,0,1
39,0,39
3,2,1
9,0,9
21,14,7
5,2,3
0,0,0
1,0,1
0,1,-1
9,2,7
4,0,4
12,4,8
20,0,20
0,0,0
2,3,-1
0,3,-3
0,0,0
3,1,2
0,0,0
0,4,-4
5,5,0
0,0,0
3,0,3
24,3,21
14,1,13
1,0,1
5,7,-2
0,5,-5
4,2,2
5,0,5
4,0,4
0,2,-2
7,0,7
9,10,-1
8,23,-15
17,5,12
2,2,0
15,2,13
17,3,14
2,0,2
0,0,0
0,0,0
0,0,0
3,1,2
1,0,1
0,0,0
1,1,0
12,0,12
3,0,3
4,0,4
11,0,11
8,1,7
3,0,3
0,0,0
2,0,2
12,3,9
0,0,0
0,0,0
0,0,0
1,0,1
4,1,3
3,0,3
28,10,18
0,0,0
6,1,5
12,0,12
3,0,3
0,0,0
18,15,3
1,4,-3
2,3,-1
6,0,6
5,1,4
2,0,2
1,1,0
0,0,0
0,0,0
0,0,0
1,1,0
5,0,5
1,12,-11
0,0,0
16,0,16
9,0,9
0,0,0
20,6,14
4,0,4
17,3,14
3,4,-1
5,4,1
1,0,1
3,2,1
4,1,3
9,0,9
13,1,12
1,0,1
14,9,5
2,0,2
17,26,-9
1,0,1
5,1,4
0,0,0
14,1,13
2,5,-3
0,0,0
0,0,0
2,1,1
2,2,0
1,3,-2
0,0,0
5,0,5
20,5,15
0,0,0
6,3,3
4,0,4
53,7,46
6,3,3
1,0,1
0,0,0
12,0,12
8,5,3
23,0,23
1,1,0
2,0,2
6,6,0
24,10,14
1,1,0
6,0,6
0,0,0
0,2,-2
1,0,1
9,1,8
10,3,7
3,0,3
0,0,0
29,0,29
15,0,15
0,0,0
4,1,3
5,1,4
2,3,-1
0,0,0
2,2,0
0,0,0
3,0,3
0,1,-1
1,0,1
5,6,-1
1,0,1
0,0,0
2,0,2
14,14,0
25,0,25
0,0,0
4,5,-1
26,6,20
0,6,-6
0,0,0
0,1,-1
0,22,-22
4,1,3
3,0,3
7,5,2
0,0,0
3,3,0
0,0,0
9,0,9
6,2,4
0,13,-13
8,0,8
6,0,6
7,0,7
1,0,1
53,10,43
0,0,0
8,4,4
0,0,0
0,0,0
1,0,1
2,0,2
23,22,1
3,4,-1
3,0,3
0,0,0
0,1,-1
2,0,2
11,1,10
1,0,1
27,1,26
29,2,27
4,0,4
12,0,12
0,0,0
7,2,5
0,0,0
1,0,1
2,0,2
13,8,5
7,0,7
0,0,0
6,1,5
4,6,-2
0,1,-1
1,0,1
13,7,6
2,0,2
3,0,3
1,8,-7
1,1,0
1,0,1
1,0,1
37,0,37
5,0,5
0,0,0
15,0,15
9,0,9
15,10,5
19,2,17
0,0,0
0,0,0
43,11,32
6,2,4
10,1,9
4,0,4
4,4,0
34,17,17
1,6,-5
18,0,18
8,0,8
2,1,1
24,2,22
2,2,0
14,0,14
1,0,1
0,1,-1
5,0,5
8,0,8
33,0,33
14,6,8
3,0,3
10,0,10
0,0,0
0,0,0
1,2,-1
1,5,-4
2,0,2
11,2,9
6,1,5
0,0,0
0,0,0
19,2,17
1,0,1
6,0,6
1,0,1
13,3,10
3,1,2
15,2,13
4,0,4
2,1,1
21,5,16
32,0,32
1,7,-6
1,5,-4
0,0,0
0,0,0
0,0,0
10,3,7
4,2,2
4,2,2
11,0,11
3,0,3
21,0,21
0,2,-2
9,0,9
0,0,0
1,0,1
18,0,18
15,10,5
14,0,14
1,0,1
0,3,-3
17,0,17
1,0,1
5,0,5
13,7,6
2,0,2
4,7,-3
6,0,6
27,1,26
1,0,1
4,2,2
4,0,4
3,6,-3
0,0,0
9,1,8
2,0,2
13,0,13
0,0,0
7,0,7
21,3,18
7,0,7
18,8,10
24,0,24
7,3,4
0,0,0
20,0,20
8,0,8
5,0,5
0,0,0
2,0,2
20,1,19
2,1,1
5,1,4
6,3,3
16,1,15
0,3,-3
3,1,2
4,1,3
26,5,21
14,17,-3
0,0,0
0,0,0
8,1,7
0,0,0
2,0,2
10,2,8
1,3,-2
11,3,8
4,2,2
2,0,2
0,0,0
2,0,2
2,2,0
7,0,7
8,1,7
61,1,60
1,0,1
1,0,1
9,0,9
2,1,1
4,1,3
3,1,2
0,0,0
1,1,0
1,0,1
8,0,8
3,0,3
15,0,15
0,0,0
6,10,-4
3,12,-9
1,0,1
1,0,1
6,6,0
8,2,6
0,0,0
3,1,2
12,12,0
5,3,2
0,2,-2
1,0,1
6,0,6
1,0,1
1,0,1
1,2,-1
0,0,0
14,0,14
11,0,11
2,0,2
0,0,0
5,3,2
27,0,27
4,0,4
9,0,9
0,0,0
27,9,18
6,0,6
0,0,0
1,0,1
7,0,7
5,2,3
12,13,-1
1,0,1
11,9,2
0,0,0
11,0,11
3,2,1
28,0,28
0,0,0
1,0,1
1,0,1
28,6,22
25,0,25
3,4,-1
3,0,3
2,0,2
1,0,1
0,1,-1
0,4,-4
4,0,4
4,0,4
35,10,25
5,5,0
7,0,7
0,1,-1
1,0,1
0,0,0
58,14,44
4,0,4
19,6,13
3,0,3
1,0,1
0,0,0
29,6,23
0,0,0
10,4,6
0,0,0
20,3,17
9,1,8
5,0,5
20,2,18
6,1,5
0,0,0
0,0,0
13,0,13
1,0,1
1,0,1
2,5,-3
14,3,11
0,8,-8
29,0,29
6,2,4
7,7,0
0,0,0
0,3,-3
1,1,0
3,1,2
0,0,0
0,1,-1
9,9,0
1,0,1
18,0,18
8,0,8
5,0,5
5,13,-8
4,0,4
4,1,3
2,0,2
7,2,5
8,0,8
3,5,-2
0,0,0
43,12,31
6,0,6
0,7,-7
1,2,-1
0,0,0
11,9,2
6,3,3
6,0,6
4,0,4
5,6,-1
1,0,1
7,5,2
9,0,9
3,0,3
12,0,12
0,0,0
4,6,-2
15,5,10
6,5,1
11,1,10
3,0,3
2,0,2
0,0,0
19,2,17
22,3,19
3,3,0
2,3,-1
3,0,3
2,3,-1
2,0,2
3,0,3
3,4,-1
4,0,4
5,0,5
11,1,10
29,0,29
4,2,2
5,6,-1
1,0,1
14,0,14
119,14,105
2,1,1
3,0,3
2,0,2
3,0,3
2,0,2
1,0,1
12,0,12
0,0,0
6,4,2
6,1,5
3,1,2
1,0,1
1,0,1
2,2,0
20,0,20
10,0,10
0,0,0
9,0,9
3,1,2
0,0,0
0,0,0
8,4,4
1,0,1
2,2,0
0,0,0
4,5,-1
7,0,7
1,2,-1
23,0,23
1,0,1
47,11,36
2,22,-20
3,3,0
15,8,7
4,0,4
0,0,0
7,2,5
3,2,1
1,0,1
0,1,-1
1,0,1
9,0,9
3,0,3
8,9,-1
2,1,1
0,0,0
6,0,6
1,1,0
9,0,9
5,0,5
3,5,-2
0,5,-5
0,1,-1
2,2,0
5,2,3
20,0,20
44,0,44
17,6,11
4,0,4
4,0,4
2,13,-11
1,0,1
64,0,64
18,0,18
2,1,1
2,1,1
2,5,-3
15,6,9
24,7,17
9,0,9
1,0,1
0,9,-9
9,3,6
45,1,44
6,4,2
0,0,0
2,2,0
1,0,1
1,0,1
1,1,0
6,3,3
4,2,2
12,2,10
3,0,3
0,0,0
1,0,1
1,0,1
7,7,0
1,0,1
2,0,2
3,2,1
1,0,1
0,0,0
3,0,3
1,0,1
5,3,2
3,0,3
2,0,2
15,15,0
2,0,2
2,4,-2
3,1,2
1,0,1
2,0,2
4,1,3
2,0,2
0,0,0
12,0,12
0,0,0
6,0,6
7,0,7
3,2,1
9,5,4
6,0,6
3,0,3
0,0,0
12,7,5
2,1,1
1,0,1
0,0,0
5,6,-1
10,11,-1
6,3,3
2,0,2
0,0,0
9,0,9
9,1,8
3,0,3
1,7,-6
1,0,1
10,15,-5
24,10,14
1,1,0
0,0,0
15,0,15
11,8,3
3,0,3
14,5,9
0,0,0
0,1,-1
7,8,-1
3,0,3
14,0,14
0,0,0
8,2,6
0,0,0
3,0,3
7,5,2
2,0,2
9,1,8
7,5,2
1,0,1
0,0,0
3,0,3
0,0,0
15,2,13
28,22,6
3,0,3
17,5,12
22,0,22
7,0,7
29,6,23
4,4,0
10,0,10
19,1,18
5,17,-12
3,0,3
12,0,12
2,2,0
7,6,1
1,1,0
0,0,0
0,0,0
0,6,-6
4,5,-1
16,22,-6
50,4,46
27,1,26
13,14,-1
3,3,0
27,4,23
2,0,2
13,5,8
1,2,-1
3,0,3
1,0,1
9,1,8
0,0,0
1,2,-1
1,0,1
3,0,3
0,0,0
0,0,0
12,1,11
0,0,0
2,11,-9
0,0,0
0,0,0
5,0,5
0,0,0
0,0,0
12,0,12
0,1,-1
11,8,3
10,0,10
4,2,2
3,0,3
3,0,3
3,0,3
1,0,1
0,0,0
12,0,12
0,0,0
6,0,6
1,2,-1
8,2,6
11,0,11
26,1,25
0,3,-3
4,0,4
12,0,12
2,0,2
5,1,4
3,1,2
7,0,7
1,0,1
0,0,0
8,2,6
42,4,38
5,3,2
9,0,9
7,3,4
2,0,2
0,0,0
14,8,6
0,0,0
3,3,0
2,0,2
0,0,0
12,6,6
4,0,4
20,10,10
1,4,-3
9,12,-3
8,6,2
4,1,3
6,1,5
0,0,0
15,3,12
12,5,7
0,0,0
9,7,2
0,0,0
1,0,1
4,1,3
4,8,-4
5,3,2
1,5,-4
14,0,14
2,0,2
2,0,2
8,1,7
15,5,10
2,4,-2
2,0,2
10,1,9
0,0,0
6,0,6
3,1,2
2,3,-1
0,0,0
17,0,17
3,1,2
0,0,0
30,4,26
0,0,0
6,0,6
8,0,8
0,0,0
26,0,26
16,4,12
1,2,-1
2,0,2
8,6,2
8,3,5
1,0,1
1,2,-1
1,0,1
0,0,0
0,0,0
2,1,1
4,1,3
1,0,1
8,0,8
2,1,1
9,1,8
12,1,11
8,0,8
0,0,0
1,8,-7
11,0,11
9,2,7
19,0,19
0,0,0
4,0,4
8,0,8
9,0,9
1,0,1
0,0,0
12,13,-1
13,0,13
1,0,1
10,1,9
0,0,0
2,0,2
0,0,0
6,0,6
4,1,3
9,9,0
18,1,17
2,2,0
10,0,10
1,0,1
8,8,0
0,0,0
0,0,0
1,1,0
0,0,0
2,10,-8
0,0,0
9,2,7
0,0,0
1,0,1
3,0,3
5,0,5
1,1,0
4,0,4
11,0,11
17,0,17
5,0,5
0,0,0
12,0,12
3,3,0
1,4,-3
5,0,5
5,0,5
0,4,-4
6,3,3
0,0,0
1,0,1
9,10,-1
1,0,1
2,0,2
0,0,0
1,0,1
0,0,0
0,0,0
2,2,0
1,3,-2
4,1,3
25,1,24
1,0,1
26,1,25
8,0,8
15,8,7
21,0,21
1,0,1
5,0,5
0,2,-2
0,0,0
7,0,7
1,0,1
21,9,12
1,3,-2
0,0,0
0,0,0
5,0,5
3,0,3
6,0,6
6,1,5
0,0,0
6,0,6
1,0,1
16,0,16
58,16,42
21,5,16
10,1,9
4,0,4
16,0,16
6,0,6
7,0,7
3,0,3
13,5,8
7,3,4
3,0,3
2,0,2
2,0,2
10,2,8
2,1,1
1,0,1
0,0,0
1,0,1
1,0,1
2,0,2
0,0,0
1,0,1
9,15,-6
13,0,13
11,0,11
1,0,1
18,3,15
6,3,3
5,4,1
6,2,4
6,3,3
2,0,2
0,0,0
1,0,1
0,3,-3
5,1,4
1,0,1
14,4,10
1,0,1
1,3,-2
5,8,-3
4,0,4
12,4,8
11,7,4
2,2,0
12,10,2
11,0,11
9,8,1
0,7,-7
15,9,6
6,0,6
26,1,25
2,0,2
9,0,9
6,0,6
3,5,-2
0,0,0
1,7,-6
6,9,-3
3,2,1
0,0,0
4,0,4
14,3,11
3,6,-3
2,5,-3
4,0,4
10,0,10
1,0,1
1,2,-1
11,4,7
0,0,0
1,0,1
1,0,1
5,1,4
5,4,1
35,0,35
20,4,16
0,0,0
16,10,6
1,0,1
0,2,-2
6,0,6
0,1,-1
4,4,0
25,16,9
56,0,56
12,0,12
3,0,3
1,0,1
4,0,4
3,0,3
11,0,11
7,2,5
0,2,-2
0,0,0
0,0,0
4,7,-3
0,0,0
2,4,-2
2,1,1
6,0,6
8,0,8
15,1,14
8,6,2
11,3,8
16,0,16
0,2,-2
18,13,5
38,3,35
1,0,1
1,0,1
5,6,-1
30,0,30
3,0,3
0,0,0
0,0,0
8,1,7
13,1,12
0,1,-1
11,0,11
0,0,0
10,0,10
10,0,10
3,0,3
3,1,2
36,1,35
0,1,-1
0,0,0
11,0,11
0,0,0
8,9,-1
0,0,0
0,0,0
0,0,0
16,2,14
3,1,2
0,2,-2
11,0,11
35,1,34
1,1,0
0,4,-4
1,0,1
2,0,2
7,3,4
1,1,0
12,7,5
4,0,4
1,1,0
15,3,12
0,8,-8
0,0,0
34,10,24
1,0,1
6,1,5
22,0,22
35,0,35
188,7,181
0,0,0
0,0,0
17,6,11
18,0,18
0,0,0
1,2,-1
1,1,0
0,0,0
6,6,0
5,1,4
4,0,4
22,1,21
6,0,6
9,0,9
5,5,0
3,8,-5
0,1,-1
17,0,17
0,0,0
3,5,-2
2,4,-2
3,0,3
1,0,1
8,0,8
9,8,1
5,0,5
0,0,0
1,0,1
9,0,9
8,2,6
2,0,2
6,3,3
18,6,12
30,0,30
4,1,3
0,1,-1
43,0,43
0,0,0
0,0,0
1,0,1
9,0,9
2,0,2
7,0,7
28,1,27
5,9,-4
2,1,1
20,11,9
4,1,3
9,0,9
10,2,8
0,3,-3
13,9,4
0,8,-8
0,0,0
5,0,5
16,14,2
0,0,0
2,2,0
4,2,2
4,4,0
20,0,20
9,0,9
28,1,27
1,0,1
0,0,0
8,6,2
6,1,5
12,3,9
33,0,33
0,0,0
0,0,0
1,0,1
24,12,12
3,0,3
2,3,-1
2,0,2
5,4,1
5,4,1
2,0,2
0,3,-3
17,1,16
4,1,3
17,6,11
5,0,5
4,2,2
5,0,5
0,0,0
22,7,15
15,16,-1
2,1,1
43,27,16
3,1,2
1,0,1
4,4,0
0,0,0
4,1,3
3,0,3
0,0,0
1,9,-8
0,0,0
6,0,6
3,4,-1
11,1,10
3,1,2
3,0,3
0,0,0
6,3,3
6,0,6
2,0,2
0,0,0
2,0,2
1,0,1
0,2,-2
24,16,8
7,1,6
9,9,0
3,1,2
1,0,1
3,0,3
6,0,6
16,0,16
5,0,5
2,0,2
8,0,8
4,2,2
0,3,-3
17,1,16
2,2,0
0,0,0
11,0,11
0,0,0
26,5,21
3,1,2
3,0,3
8,7,1
1,1,0
1,1,0
18,13,5
1,0,1
1,0,1
0,0,0
4,0,4
0,0,0
7,0,7
8,5,3
1,0,1
14,0,14
1,2,-1
2,5,-3
3,0,3
3,5,-2
11,0,11
32,0,32
3,0,3
6,1,5
7,2,5
9,3,6
1,0,1
13,1,12
2,14,-12
0,0,0
18,0,18
2,0,2
5,1,4
6,1,5
3,0,3
9,4,5
2,1,1
0,0,0
1,2,-1
0,0,0
3,1,2
4,0,4
2,0,2
0,0,0
30,1,29
11,9,2
1,1,0
4,0,4
5,1,4
6,0,6
11,3,8
7,5,2
31,3,28
0,0,0
4,1,3
3,1,2
0,1,-1
3,1,2
2,2,0
5,0,5
7,5,2
1,3,-2
0,0,0
6,0,6
6,3,3
5,0,5
2,2,0
11,5,6
4,0,4
11,0,11
10,0,10
0,2,-2
12,5,7
0,6,-6
11,0,11
6,1,5
3,0,3
3,0,3
19,5,14
0,0,0
9,1,8
13,0,13
12,8,4
0,0,0
0,0,0
5,0,5
11,3,8
10,1,9
12,3,9
0,1,-1
0,0,0
0,0,0
3,0,3
1,0,1
2,0,2
1,0,1
2,0,2
0,1,-1
17,6,11
2,0,2
2,0,2
0,0,0
15,10,5
0,0,0
50,0,50
3,0,3
1,0,1
4,0,4
2,4,-2
2,0,2
12,1,11
8,1,7
2,0,2
6,1,5
1,0,1
6,0,6
4,1,3
4,0,4
6,5,1
46,5,41
9,0,9
0,0,0
2,1,1
10,0,10
2,1,1
9,2,7
0,1,-1
65,2,63
20,1,19
14,0,14
15,9,6
25,0,25
1,0,1
3,0,3
5,6,-1
4,6,-2
13,0,13
13,1,12
1,0,1
1,0,1
0,5,-5
5,5,0
0,0,0
13,1,12
1,1,0
2,0,2
19,1,18
22,3,19
8,0,8
1,0,1
1,1,0
1,0,1
2,0,2
7,2,5
0,0,0
6,1,5
11,4,7
0,0,0
4,4,0
3,0,3
29,12,17
50,0,50
7,0,7
14,6,8
4,1,3
0,1,-1
1,0,1
8,3,5
7,9,-2
1,0,1
0,0,0
19,10,9
1,0,1
0,0,0
8,1,7
4,0,4
8,0,8
12,0,12
4,0,4
1,2,-1
7,14,-7
22,4,18
0,0,0
9,0,9
3,2,1
2,0,2
31,12,19
4,3,1
1,0,1
5,0,5
2,0,2
2,2,0
2,0,2
18,7,11
3,4,-1
0,0,0
0,0,0
1,0,1
22,2,20
7,2,5
3,0,3
17,1,16
2,0,2
6,0,6
3,0,3
1,0,1
3,0,3
0,0,0
5,0,5
12,0,12
0,0,0
2,0,2
13,1,12
4,0,4
5,1,4
19,6,13
3,1,2
8,1,7
4,0,4
3,1,2
6,2,4
1,0,1
27,27,0
13,1,12
19,1,18
1,0,1
7,0,7
1,3,-2
20,2,18
0,0,0
17,0,17
3,0,3
1,1,0
6,1,5
10,1,9
17,0,17
1,0,1
0,0,0
16,16,0
8,0,8
8,7,1
17,2,15
0,0,0
9,0,9
0,0,0
16,11,5
5,5,0
3,1,2
3,1,2
8,0,8
7,15,-8
7,0,7
5,4,1
10,8,2
5,0,5
9,2,7
12,2,10
5,0,5
7,2,5
20,2,18
2,0,2
0,0,0
5,0,5
2,0,2
4,0,4
0,0,0
4,1,3
0,0,0
0,0,0
13,4,9
1,0,1
0,0,0
11,11,0
2,6,-4
0,0,0
0,1,-1
0,1,-1
4,0,4
6,0,6
8,0,8
30,10,20
3,0,3
5,0,5
0,0,0
0,12,-12
1,0,1
0,0,0
0,3,-3
14,1,13
4,0,4
8,1,7
0,0,0
2,6,-4
12,9,3
2,0,2
0,3,-3
7,14,-7
0,3,-3
0,1,-1
6,0,6
13,0,13
3,15,-12
1,0,1
4,0,4
0,0,0
0,0,0
3,2,1
33,0,33
11,0,11
0,0,0
14,6,8
5,1,4
11,11,0
3,3,0
12,13,-1
5,4,1
3,0,3
11,12,-1
12,6,6
4,0,4
0,0,0
0,0,0
25,1,24
7,7,0
4,0,4
0,0,0
1,3,-2
2,1,1
2,1,1
6,0,6
3,0,3
13,5,8
5,5,0
1,0,1
2,4,-2
13,0,13
37,0,37
18,1,17
11,0,11
2,0,2
4,2,2
8,0,8
3,7,-4
2,1,1
17,10,7
3,1,2
4,2,2
7,3,4
6,1,5
6,0,6
5,0,5
5,2,3
10,0,10
0,0,0
41,3,38
22,7,15
25,3,22
3,1,2
4,2,2
32,0,32
12,6,6
5,3,2
17,5,12
1,1,0
71,19,52
6,0,6
2,0,2
7,1,6
3,0,3
0,0,0
1,0,1
0,0,0
0,0,0
4,4,0
0,0,0
14,6,8
33,33,0
8,0,8
6,0,6
1,0,1
0,2,-2
13,3,10
1,0,1
2,0,2
5,4,1
13,16,-3
5,0,5
3,0,3
3,3,0
4,4,0
16,10,6
0,0,0
4,0,4
1,2,-1
6,0,6
1,0,1
8,8,0
7,0,7
1,0,1
11,6,5
9,5,4
10,1,9
1,1,0
0,0,0
0,0,0
1,0,1
2,0,2
0,0,0
0,0,0
4,1,3
8,0,8
0,0,0
0,0,0
3,1,2
3,1,2
0,0,0
9,0,9
3,2,1
0,0,0
27,10,17
8,2,6
0,0,0
9,0,9
8,0,8
20,14,6
7,0,7
26,8,18
1,1,0
0,12,-12
0,0,0
7,2,5
14,5,9
7,0,7
4,10,-6
1,0,1
0,1,-1
17,0,17
5,6,-1
0,0,0
13,0,13
4,0,4
0,0,0
9,0,9
0,0,0
7,3,4
1,0,1
0,1,-1
6,0,6
5,3,2
51,7,44
7,7,0
16,5,11
17,4,13
4,0,4
39,1,38
2,0,2
0,0,0
0,1,-1
5,12,-7
2,14,-12
15,2,13
1,0,1
2,5,-3
9,1,8
0,0,0
0,0,0
2,0,2
10,1,9
20,0,20
2,1,1
1,0,1
3,0,3
4,0,4
3,1,2
3,0,3
6,0,6
0,0,0
4,3,1
0,0,0
1,3,-2
0,3,-3
7,2,5
3,0,3
0,0,0
12,1,11
21,3,18
2,3,-1
25,0,25
1,2,-1
1,1,0
39,0,39
2,0,2
0,1,-1
3,0,3
0,5,-5
1,0,1
10,15,-5
0,1,-1
4,3,1
1,14,-13
7,0,7
1,0,1
2,0,2
3,5,-2
1,0,1
16,10,6
44,5,39
7,0,7
0,0,0
1,0,1
5,0,5
12,0,12
0,0,0
6,1,5
1,1,0
0,0,0
3,1,2
0,0,0
2,0,2
14,2,12
3,0,3
1,0,1
6,9,-3
36,1,35
3,0,3
7,8,-1
3,1,2
0,0,0
1,0,1
3,0,3
0,1,-1
5,6,-1
2,0,2
0,0,0
7,4,3
1,1,0
1,0,1
0,0,0
3,4,-1
7,1,6
0,1,-1
22,3,19
4,3,1
4,2,2
2,0,2
21,2,19
8,6,2
0,0,0
19,0,19
3,1,2
3,0,3
0,9,-9
8,9,-1
0,0,0
17,0,17
4,11,-7
0,1,-1
5,0,5
24,2,22
27,0,27
11,0,11
1,1,0
9,0,9
4,0,4
5,7,-2
11,2,9
0,1,-1
12,0,12
15,5,10
1,2,-1
0,0,0
1,1,0
24,1,23
0,0,0
16,12,4
2,0,2
1,0,1
4,3,1
7,0,7
42,2,40
8,4,4
5,0,5
4,0,4
2,1,1
22,0,22
2,0,2
1,2,-1
7,6,1
2,1,1
0,2,-2
1,3,-2
4,0,4
1,1,0
1,0,1
0,0,0
2,0,2
0,0,0
0,0,0
13,0,13
1,0,1
11,4,7
8,8,0
0,0,0
13,11,2
7,1,6
2,2,0
7,1,6
0,0,0
17,17,0
0,1,-1
3,0,3
10,9,1
0,2,-2
14,8,6
10,2,8
0,0,0
3,1,2
0,0,0
6,0,6
1,2,-1
3,3,0
2,0,2
0,1,-1
10,0,10
0,1,-1
10,9,1
15,15,0
0,0,0
2,0,2
8,0,8
4,2,2
6,4,2
1,0,1
5,0,5
2,0,2
3,0,3
19,0,19
1,4,-3
1,0,1
8,1,7
24,0,24
0,0,0
4,9,-5
16,6,10
4,3,1
14,6,8
5,0,5
1,0,1
1,1,0
18,3,15
1,0,1
2,4,-2
8,0,8
4,0,4
3,0,3
3,0,3
14,8,6
30,4,26
0,0,0
14,5,9
19,0,19
4,4,0
12,5,7
20,7,13
1,0,1
10,2,8
4,0,4
26,4,22
1,0,1
1,0,1
4,2,2
3,0,3
0,0,0
11,9,2
5,0,5
11,12,-1
6,0,6
7,0,7
1,1,0
20,0,20
1,0,1
3,5,-2
6,5,1
7,1,6
24,1,23
6,6,0
5,5,0
0,0,0
3,2,1
3,0,3
14,4,10
3,5,-2
1,0,1
5,6,-1
12,0,12
3,0,3
7,0,7
0,0,0
11,1,10
7,4,3
3,0,3
1,2,-1
0,0,0
5,0,5
0,0,0
12,17,-5
1,0,1
6,3,3
6,0,6
0,0,0
24,1,23
1,10,-9
3,0,3
0,0,0
2,0,2
8,0,8
1,0,1
12,6,6
4,0,4
4,0,4
5,2,3
0,1,-1
2,0,2
1,0,1
15,10,5
1,0,1
12,0,12
12,0,12
2,3,-1
24,4,20
0,0,0
0,2,-2
8,2,6
3,3,0
3,5,-2
0,0,0
3,3,0
6,0,6
17,17,0
5,0,5
16,1,15
0,0,0
7,3,4
11,9,2
0,0,0
22,14,8
2,6,-4
0,0,0
6,0,6
23,0,23
4,0,4
10,0,10
1,0,1
0,0,0
7,0,7
5,0,5
5,0,5
8,0,8
0,1,-1
6,2,4
0,0,0
1,0,1
5,0,5
3,7,-4
9,1,8
2,0,2
18,0,18
22,0,22
3,7,-4
4,1,3
10,0,10
2,1,1
3,1,2
7,0,7
3,4,-1
9,2,7
1,0,1
4,6,-2
5,2,3
16,1,15
7,10,-3
0,0,0
17,2,15
11,0,11
0,2,-2
11,0,11
0,0,0
0,0,0
0,0,0
0,0,0
18,0,18
3,12,-9
20,6,14
8,5,3
6,6,0
6,0,6
1,0,1
0,0,0
0,0,0
55,1,54
4,3,1
0,0,0
5,0,5
2,0,2
1,3,-2
36,1,35
15,1,14
8,0,8
5,4,1
10,4,6
5,5,0
3,1,2
19,1,18
3,1,2
4,1,3
6,0,6
5,2,3
10,0,10
0,3,-3
4,0,4
3,0,3
1,3,-2
1,0,1
0,0,0
1,1,0
1,0,1
10,0,10
0,0,0
0,3,-3
1,0,1
45,2,43
3,8,-5
3,0,3
2,0,2
8,2,6
0,0,0
0,0,0
29,3,26
0,0,0
4,4,0
19,6,13
0,0,0
0,0,0
0,0,0
34,8,26
1,0,1
0,0,0
4,3,1
2,5,-3
1,2,-1
2,0,2
2,0,2
8,2,6
17,0,17
6,7,-1
0,0,0
5,0,5
4,1,3
5,1,4
1,0,1
5,1,4
4,0,4
9,1,8
2,2,0
16,0,16
0,0,0
29,5,24
10,0,10
101,51,50
4,3,1
0,3,-3
1,1,0
2,0,2
7,0,7
0,0,0
7,0,7
11,5,6
0,0,0
2,0,2
27,8,19
20,2,18
10,1,9
6,0,6
12,0,12
5,0,5
0,0,0
22,0,22
1,0,1
5,3,2
1,0,1
1,0,1
0,0,0
5,0,5
0,0,0
14,0,14
6,0,6
5,0,5
9,9,0
13,1,12
5,0,5
4,1,3
12,0,12
29,0,29
0,0,0
4,2,2
16,1,15
3,8,-5
17,4,13
3,1,2
29,6,23
25,0,25
0,1,-1
0,0,0
3,9,-6
26,0,26
5,0,5
10,8,2
0,0,0
7,12,-5
20,3,17
7,3,4
13,0,13
1,0,1
37,8,29
37,4,33
1,0,1
11,3,8
1,1,0
2,0,2
2,0,2
18,7,11
9,0,9
3,11,-8
5,0,5
1,0,1
0,0,0
2,0,2
0,1,-1
1,0,1
1,0,1
6,0,6
5,1,4
1,1,0
2,1,1
31,11,20
0,0,0
1,0,1
1,0,1
3,0,3
2,0,2
2,0,2
0,0,0
0,0,0
3,0,3
11,0,11
4,0,4
1,2,-1
20,0,20
3,0,3
6,3,3
0,1,-1
24,0,24
0,1,-1
0,0,0
6,6,0
1,1,0
12,0,12
3,4,-1
0,0,0
2,0,2
1,6,-5
7,6,1
0,0,0
1,1,0
8,0,8
0,0,0
5,2,3
1,0,1
0,0,0
0,0,0
1,0,1
2,1,1
0,0,0
9,0,9
1,0,1
4,3,1
6,1,5
28,3,25
5,1,4
1,1,0
21,12,9
0,0,0
3,1,2
30,1,29
2,0,2
2,2,0
4,3,1
30,0,30
1,0,1
4,1,3
12,0,12
14,9,5
1,0,1
2,3,-1
16,3,13
3,4,-1
2,5,-3
6,0,6
13,2,11
1,0,1
2,0,2
3,0,3
8,9,-1
1,0,1
0,1,-1
3,0,3
24,16,8
4,0,4
20,0,20
10,4,6
8,10,-2
2,0,2
9,0,9
6,0,6
5,2,3
2,4,-2
2,0,2
10,4,6
2,0,2
1,0,1
4,3,1
24,0,24
8,0,8
50,2,48
2,0,2
7,3,4
5,0,5
8,2,6
2,0,2
3,1,2
1,0,1
0,0,0
1,3,-2
0,2,-2
2,2,0
0,5,-5
1,0,1
7,0,7
0,0,0
13,1,12
8,1,7
2,13,-11
1,5,-4
2,0,2
42,13,29
2,0,2
1,0,1
6,2,4
0,0,0
7,0,7
0,0,0
3,0,3
7,2,5
20,0,20
3,16,-13
4,0,4
0,0,0
2,6,-4
23,0,23
0,0,0
7,0,7
3,0,3
0,0,0
7,0,7
0,0,0
17,0,17
13,7,6
3,0,3
0,0,0
24,4,20
11,0,11
0,0,0
2,0,2
0,0,0
0,0,0
20,12,8
2,0,2
4,0,4
4,0,4
14,0,14
26,1,25
6,0,6
1,0,1
9,5,4
9,0,9
0,1,-1
6,4,2
7,0,7
25,3,22
0,0,0
12,3,9
1,0,1
3,0,3
3,0,3
54,0,54
0,0,0
2,0,2
0,0,0
0,1,-1
0,0,0
3,6,-3
0,0,0
1,0,1
13,0,13
6,6,0
0,0,0
0,0,0
0,0,0
20,0,20
6,0,6
7,1,6
0,0,0
2,2,0
5,1,4
0,0,0
14,5,9
1,5,-4
25,1,24
8,0,8
8,6,2
3,16,-13
15,6,9
5,5,0
20,0,20
3,5,-2
12,0,12
2,2,0
0,0,0
4,4,0
1,0,1
2,0,2
3,0,3
9,0,9
21,3,18
0,1,-1
8,0,8
5,0,5
9,3,6
2,1,1
0,0,0
9,0,9
0,2,-2
14,2,12
8,2,6
1,0,1
0,1,-1
0,0,0
15,15,0
1,0,1
19,1,18
1,2,-1
10,0,10
0,0,0
0,0,0
8,0,8
20,0,20
10,12,-2
0,0,0
8,10,-2
0,0,0
0,1,-1
6,0,6
4,1,3
8,0,8
9,0,9
4,3,1
1,0,1
14,0,14
13,15,-2
10,3,7
7,2,5
1,1,0
10,0,10
2,0,2
6,0,6
30,9,21
0,0,0
1,0,1
7,2,5
0,2,-2
3,0,3
6,0,6
8,0,8
38,6,32
1,11,-10
7,0,7
1,0,1
4,1,3
6,5,1
14,5,9
4,0,4
0,0,0
4,2,2
3,4,-1
2,1,1
14,0,14
10,3,7
0,0,0
2,2,0
11,5,6
15,2,13
0,0,0
10,0,10
0,0,0
0,0,0
2,0,2
10,15,-5
0,0,0
22,5,17
17,10,7
0,0,0
0,0,0
11,0,11
0,0,0
1,0,1
3,0,3
0,1,-1
24,0,24
18,5,13
6,0,6
10,0,10
17,4,13
14,0,14
2,0,2
15,8,7
3,0,3
2,0,2
0,0,0
6,1,5
1,0,1
16,14,2
1,0,1
18,5,13
19,19,0
6,2,4
2,0,2
0,0,0
0,0,0
8,0,8
4,3,1
1,2,-1
1,0,1
0,0,0
3,2,1
13,0,13
27,1,26
2,1,1
3,0,3
4,1,3
6,0,6
11,6,5
5,0,5
19,5,14
36,4,32
11,1,10
6,8,-2
15,7,8
7,0,7
10,1,9
32,1,31
8,8,0
4,3,1
21,1,20
8,0,8
9,3,6
5,3,2
0,0,0
14,4,10
0,0,0
33,0,33
2,0,2
6,0,6
1,1,0
0,0,0
12,0,12
0,0,0
1,8,-7
3,0,3
8,4,4
10,6,4
5,2,3
0,0,0
2,2,0
17,2,15
2,1,1
12,5,7
0,0,0
5,0,5
5,0,5
2,0,2
0,0,0
1,0,1
1,0,1
0,0,0
28,13,15
12,1,11
5,3,2
4,15,-11
6,6,0
4,0,4
0,0,0
1,0,1
2,1,1
9,0,9
6,2,4
4,3,1
9,1,8
0,0,0
0,0,0
8,0,8
1,0,1
0,0,0
0,0,0
5,2,3
3,0,3
10,4,6
30,5,25
0,0,0
11,0,11
2,1,1
7,0,7
7,1,6
4,1,3
3,0,3
2,1,1
14,0,14
8,14,-6
1,0,1
2,0,2
1,4,-3
0,2,-2
20,0,20
5,0,5
2,2,0
0,2,-2
18,10,8
0,0,0
4,2,2
8,1,7
19,0,19
9,2,7
2,17,-15
1,1,0
8,2,6
9,1,8
2,0,2
82,1,81
8,11,-3
4,8,-4
3,7,-4
1,1,0
0,0,0
3,0,3
1,2,-1
2,3,-1
5,5,0
4,8,-4
0,6,-6
3,0,3
0,0,0
13,0,13
12,4,8
9,8,1
2,0,2
1,0,1
3,3,0
7,0,7
12,14,-2
0,0,0
10,2,8
0,0,0
11,5,6
3,0,3
8,5,3
22,0,22
9,1,8
10,4,6
3,2,1
9,2,7
2,0,2
1,0,1
10,15,-5
12,1,11
0,0,0
0,0,0
6,2,4
7,3,4
10,5,5
8,0,8
48,1,47
3,1,2
1,0,1
22,3,19
16,1,15
0,1,-1
2,1,1
2,0,2
1,0,1
3,11,-8
4,0,4
4,4,0
1,1,0
2,4,-2
13,4,9
20,1,19
3,6,-3
3,0,3
19,4,15
7,4,3
0,0,0
12,7,5
5,0,5
24,2,22
5,0,5
5,0,5
6,0,6
0,0,0
30,0,30
1,2,-1
10,0,10
8,12,-4
0,0,0
2,0,2
3,0,3
1,0,1
5,7,-2
0,0,0
2,1,1
4,0,4
0,0,0
7,0,7
1,0,1
3,2,1
15,15,0
0,0,0
8,0,8
2,0,2
0,0,0
2,0,2
0,0,0
0,0,0
21,0,21
14,9,5
4,0,4
1,0,1
2,1,1
4,2,2
4,0,4
9,8,1
0,0,0
9,0,9
1,1,0
4,0,4
4,4,0
1,3,-2
2,3,-1
0,9,-9
5,0,5
1,0,1
0,0,0
10,4,6
33,11,22
1,6,-5
3,0,3
2,0,2
0,0,0
6,4,2
17,7,10
12,12,0
3,0,3
4,0,4
0,8,-8
1,0,1
10,8,2
1,0,1
0,0,0
1,0,1
20,0,20
1,1,0
2,3,-1
29,9,20
2,0,2
18,3,15
0,0,0
5,0,5
4,2,2
7,4,3
0,1,-1
17,1,16
2,6,-4
1,0,1
7,3,4
15,1,14
15,3,12
15,4,11
13,1,12
1,0,1
1,0,1
14,1,13
8,0,8
7,0,7
18,2,16
1,0,1
3,3,0
3,1,2
3,5,-2
4,0,4
6,0,6
0,0,0
3,1,2
25,4,21
0,2,-2
0,0,0
3,9,-6
0,0,0
6,0,6
84,17,67
14,0,14
0,0,0
0,0,0
2,0,2
17,6,11
10,5,5
0,0,0
5,0,5
1,0,1
0,1,-1
7,0,7
8,0,8
1,1,0
15,12,3
0,1,-1
4,0,4
1,1,0
4,0,4
0,0,0
10,0,10
1,1,0
2,0,2
0,1,-1
13,6,7
5,0,5
9,4,5
3,0,3
2,2,0
3,3,0
8,0,8
4,0,4
9,1,8
4,1,3
2,3,-1
5,3,2
23,6,17
7,0,7
3,4,-1
22,3,19
23,3,20
10,3,7
6,0,6
9,0,9
2,10,-8
9,0,9
3,6,-3
21,0,21
3,2,1
3,6,-3
2,0,2
6,3,3
2,0,2
0,0,0
9,3,6
4,6,-2
17,0,17
4,0,4
4,3,1
1,0,1
7,4,3
9,1,8
2,0,2
36,0,36
8,2,6
0,4,-4
1,0,1
14,0,14
10,2,8
1,0,1
5,4,1
4,2,2
2,0,2
0,6,-6
2,0,2
26,0,26
0,0,0
5,2,3
4,0,4
2,0,2
3,0,3
5,0,5
0,0,0
6,0,6
5,0,5
6,9,-3
4,0,4
7,0,7
1,0,1
40,0,40
0,0,0
12,1,11
7,4,3
1,1,0
6,1,5
0,0,0
2,0,2
0,0,0
1,5,-4
4,1,3
0,0,0
2,1,1
3,2,1
8,0,8
23,0,23
13,12,1
3,0,3
5,1,4
0,1,-1
7,0,7
0,0,0
1,0,1
2,0,2
0,0,0
6,9,-3
32,4,28
0,0,0
6,2,4
2,0,2
9,6,3
0,0,0
1,1,0
6,0,6
13,0,13
8,4,4
8,4,4
6,0,6
5,2,3
7,0,7
1,3,-2
3,0,3
10,7,3
11,10,1
20,2,18
13,0,13
3,3,0
2,0,2
5,1,4
1,0,1
16,3,13
25,3,22
12,0,12
7,5,2
0,0,0
2,1,1
26,0,26
4,0,4
8,4,4
0,0,0
2,0,2
1,0,1
1,0,1
0,0,0
18,0,18
1,3,-2
4,0,4
12,5,7
7,0,7
99,0,99
7,0,7
1,0,1
3,0,3
16,0,16
6,7,-1
1,0,1
2,2,0
8,0,8
0,0,0
0,1,-1
25,0,25
6,4,2
8,3,5
0,1,-1
0,0,0
0,2,-2
2,0,2
2,0,2
1,11,-10
12,1,11
0,0,0
8,1,7
4,4,0
19,2,17
0,1,-1
2,0,2
2,0,2
2,0,2
10,0,10
1,0,1
2,2,0
2,3,-1
0,0,0
1,0,1
0,0,0
14,0,14
4,0,4
27,0,27
6,0,6
0,0,0
6,6,0
0,0,0
12,3,9
0,0,0
28,19,9
5,5,0
5,1,4
9,0,9
3,11,-8
1,6,-5
5,3,2
1,4,-3
22,1,21
7,0,7
2,0,2
0,0,0
3,1,2
3,1,2
30,30,0
6,0,6
3,2,1
8,1,7
6,0,6
25,0,25
6,3,3
0,0,0
8,0,8
9,0,9
12,2,10
9,11,-2
5,0,5
0,0,0
16,4,12
2,0,2
2,0,2
11,2,9
0,0,0
2,2,0
2,0,2
30,3,27
14,12,2
0,1,-1
1,0,1
21,12,9
15,6,9
0,0,0
2,0,2
0,0,0
4,4,0
8,6,2
25,0,25
2,0,2
24,16,8
13,9,4
3,5,-2
9,1,8
30,1,29
0,0,0
9,4,5
22,4,18
0,1,-1
4,0,4
0,6,-6
8,2,6
8,1,7
0,1,-1
13,5,8
4,1,3
0,0,0
20,0,20
13,0,13
0,0,0
2,3,-1
7,2,5
0,1,-1
4,2,2
1,0,1
5,0,5
14,5,9
7,2,5
7,2,5
1,0,1
0,1,-1
0,0,0
2,1,1
20,7,13
14,7,7
1,1,0
2,0,2
7,5,2
2,1,1
13,1,12
12,0,12
16,0,16
0,0,0
4,0,4
1,3,-2
0,5,-5
8,0,8
0,0,0
10,10,0
1,17,-16
0,0,0
21,0,21
17,16,1
62,7,55
3,0,3
6,8,-2
1,0,1
1,6,-5
1,0,1
9,1,8
0,0,0
0,0,0
0,0,0
0,1,-1
1,0,1
10,1,9
2,2,0
1,1,0
3,0,3
1,0,1
7,0,7
3,4,-1
2,1,1
10,0,10
1,1,0
0,0,0
3,0,3
3,5,-2
10,3,7
5,1,4
1,1,0
5,4,1
8,2,6
10,0,10
0,0,0
0,0,0
1,0,1
10,4,6
2,0,2
1,0,1
3,2,1
12,5,7
12,0,12
7,0,7
6,7,-1
9,1,8
4,0,4
3,1,2
8,0,8
1,0,1
12,0,12
0,0,0
1,0,1
8,2,6
1,1,0
1,0,1
4,4,0
0,0,0
0,3,-3
1,6,-5
0,0,0
2,0,2
10,7,3
3,0,3
0,0,0
9,7,2
3,2,1
15,4,11
12,9,3
0,0,0
0,0,0
6,0,6
9,0,9
6,0,6
2,2,0
14,0,14
2,0,2
1,0,1
3,0,3
0,0,0
27,13,14
3,5,-2
2,2,0
5,2,3
11,0,11
0,0,0
16,0,16
8,0,8
1,3,-2
5,10,-5
24,7,17
7,0,7
0,0,0
10,2,8
0,0,0
5,1,4
20,2,18
2,2,0
1,2,-1
11,0,11
17,0,17
2,2,0
5,4,1
3,1,2
1,4,-3
0,0,0
0,0,0
10,19,-9
11,8,3
10,0,10
0,0,0
22,0,22
0,0,0
2,4,-2
3,0,3
2,8,-6
2,0,2
8,5,3
0,0,0
13,0,13
0,6,-6
1,0,1
1,0,1
3,2,1
13,0,13
2,1,1
3,0,3
4,1,3
0,0,0
20,5,15
0,0,0
7,1,6
10,9,1
9,0,9
8,0,8
31,10,21
3,18,-15
0,0,0
68,11,57
12,12,0
3,0,3
2,0,2
15,0,15
16,16,0
4,3,1
1,0,1
5,7,-2
25,2,23
6,0,6
4,9,-5
8,5,3
4,6,-2
46,7,39
7,9,-2
3,0,3
6,1,5
9,0,9
4,0,4
6,1,5
9,0,9
1,1,0
2,9,-7
3,1,2
5,0,5
7,1,6
84,27,57
2,2,0
1,0,1
0,4,-4
1,2,-1
0,0,0
5,1,4
5,0,5
0,0,0
1,1,0
0,0,0
3,1,2
1,0,1
3,0,3
11,0,11
1,0,1
0,0,0
9,0,9
0,0,0
17,0,17
0,2,-2
1,0,1
2,0,2
6,6,0
35,0,35
1,4,-3
15,0,15
0,0,0
5,6,-1
12,5,7
1,3,-2
4,0,4
1,0,1
16,4,12
0,0,0
8,7,1
7,0,7
31,2,29
7,0,7
3,1,2
3,0,3
1,0,1
24,14,10
2,0,2
0,0,0
11,0,11
1,0,1
12,0,12
13,0,13
0,6,-6
13,1,12
10,0,10
8,4,4
12,7,5
0,2,-2
3,0,3
10,0,10
0,0,0
3,0,3
10,5,5
3,0,3
3,0,3
3,0,3
4,6,-2
1,0,1
2,0,2
8,4,4
2,3,-1
2,0,2
1,0,1
7,7,0
0,4,-4
13,3,10
7,3,4
0,0,0
2,0,2
2,0,2
5,5,0
0,0,0
2,0,2
0,2,-2
4,0,4
1,1,0
16,5,11
3,0,3
3,10,-7
19,1,18
4,0,4
2,1,1
6,1,5
7,0,7
1,0,1
5,0,5
0,0,0
0,0,0
8,3,5
1,0,1
2,2,0
7,1,6
20,2,18
8,5,3
2,0,2
3,0,3
0,2,-2
0,1,-1
14,7,7
3,0,3
18,15,3
1,1,0
0,0,0
12,2,10
0,0,0
6,3,3
3,1,2
2,0,2
7,0,7
2,0,2
20,4,16
0,0,0
16,6,10
8,0,8
5,0,5
3,0,3
0,0,0
4,0,4
8,3,5
3,2,1
4,1,3
6,0,6
5,0,5
1,1,0
2,0,2
2,0,2
0,0,0
4,0,4
5,0,5
12,2,10
0,0,0
1,1,0
3,0,3
1,0,1
15,2,13
5,2,3
13,0,13
6,1,5
2,0,2
0,0,0
4,1,3
4,1,3
9,0,9
5,0,5
0,0,0
4,0,4
1,0,1
4,0,4
2,1,1
12,0,12
8,0,8
1,0,1
0,0,0
6,6,0
11,9,2
3,3,0
6,1,5
25,8,17
0,1,-1
0,0,0
9,0,9
3,0,3
4,0,4
1,0,1
6,0,6
5,4,1
1,3,-2
1,0,1
1,3,-2
9,0,9
3,0,3
1,0,1
2,2,0
8,0,8
6,0,6
0,0,0
9,2,7
5,0,5
0,0,0
0,0,0
6,2,4
8,8,0
0,0,0
0,1,-1
0,0,0
14,0,14
14,0,14
1,2,-1
4,7,-3
9,3,6
2,0,2
0,0,0
25,2,23
1,0,1
1,0,1
2,3,-1
15,0,15
0,0,0
0,0,0
9,6,3
2,2,0
2,3,-1
25,8,17
8,0,8
15,1,14
6,0,6
0,0,0
0,0,0
3,0,3
6,0,6
0,0,0
12,2,10
4,0,4
11,6,5
0,0,0
0,0,0
3,1,2
4,0,4
0,3,-3
6,0,6
9,0,9
1,3,-2
0,0,0
11,0,11
2,4,-2
5,0,5
5,1,4
1,0,1
9,0,9
23,1,22
1,2,-1
7,3,4
0,0,0
10,9,1
4,2,2
8,0,8
1,0,1
20,8,12
14,5,9
5,0,5
3,0,3
1,0,1
4,1,3
5,0,5
1,0,1
16,3,13
19,6,13
2,0,2
2,2,0
12,6,6
18,1,17
3,0,3
14,12,2
25,1,24
4,0,4
3,0,3
1,0,1
4,0,4
0,0,0
2,0,2
2,0,2
4,5,-1
4,0,4
7,4,3
0,0,0
1,1,0
1,1,0
10,0,10
0,0,0
1,7,-6
28,2,26
0,0,0
25,0,25
1,0,1
20,20,0
5,0,5
7,3,4
2,3,-1
23,0,23
9,6,3
15,0,15
0,0,0
0,0,0
25,3,22
1,1,0
39,9,30
2,0,2
0,0,0
3,4,-1
2,0,2
7,1,6
11,3,8
4,0,4
6,0,6
2,0,2
15,0,15
1,0,1
56,10,46
66,5,61
15,0,15
2,5,-3
15,0,15
20,8,12
4,18,-14
1,0,1
10,2,8
2,1,1
0,0,0
2,0,2
8,12,-4
27,8,19
6,2,4
0,0,0
9,1,8
2,1,1
0,0,0
0,0,0
2,0,2
2,0,2
5,12,-7
13,4,9
2,0,2
1,1,0
15,12,3
3,0,3
4,0,4
24,6,18
0,0,0
8,0,8
1,1,0
8,0,8
2,5,-3
0,0,0
9,4,5
11,2,9
4,3,1
0,0,0
13,8,5
27,5,22
1,0,1
1,0,1
3,0,3
9,2,7
2,0,2
7,3,4
21,0,21
7,0,7
5,0,5
29,30,-1
7,3,4
13,9,4
4,0,4
12,0,12
0,1,-1
7,1,6
3,3,0
3,2,1
6,5,1
5,0,5
6,0,6
1,0,1
5,0,5
0,0,0
8,0,8
1,0,1
8,0,8
2,0,2
7,2,5
1,1,0
1,0,1
7,0,7
2,2,0
2,1,1
4,4,0
7,7,0
13,1,12
8,0,8
28,0,28
1,1,0
0,2,-2
1,4,-3
16,4,12
0,33,-33
8,1,7
2,0,2
0,0,0
8,5,3
0,2,-2
4,0,4
9,6,3
27,0,27
0,2,-2
0,0,0
2,0,2
2,4,-2
2,0,2
4,0,4
0,0,0
13,2,11
12,12,0
9,0,9
0,0,0
0,0,0
8,0,8
0,1,-1
5,7,-2
0,0,0
2,3,-1
1,2,-1
10,10,0
0,0,0
2,1,1
23,10,13
1,0,1
0,0,0
1,4,-3
10,11,-1
5,0,5
1,0,1
0,0,0
10,5,5
5,0,5
21,7,14
4,5,-1
8,4,4
2,1,1
19,8,11
13,0,13
1,0,1
19,4,15
0,0,0
4,0,4
2,0,2
5,0,5
32,1,31
14,0,14
0,1,-1
10,0,10
4,0,4
1,0,1
0,0,0
3,0,3
34,27,7
3,0,3
2,3,-1
1,2,-1
8,0,8
7,0,7
19,5,14
0,0,0
0,0,0
0,5,-5
1,0,1
10,5,5
0,1,-1
4,20,-16
5,1,4
13,0,13
4,1,3
0,0,0
2,2,0
0,0,0
2,0,2
0,0,0
4,0,4
7,0,7
5,1,4
16,11,5
6,0,6
6,0,6
2,1,1
1,0,1
1,0,1
0,0,0
2,1,1
2,0,2
15,1,14
27,2,25
8,1,7
2,0,2
10,0,10
0,0,0
8,0,8
2,2,0
7,0,7
2,8,-6
7,0,7
3,1,2
5,3,2
8,2,6
1,0,1
7,7,0
3,9,-6
7,1,6
1,0,1
15,0,15
12,1,11
4,2,2
7,0,7
4,0,4
1,0,1
0,0,0
15,2,13
17,3,14
0,0,0
16,0,16
0,0,0
2,1,1
10,0,10
0,0,0
2,0,2
1,1,0
2,0,2
27,4,23
0,0,0
6,1,5
22,0,22
1,0,1
6,4,2
0,0,0
5,0,5
8,0,8
16,15,1
2,0,2
7,0,7
0,0,0
121,0,121
7,0,7
0,0,0
9,2,7
1,0,1
10,1,9
0,0,0
22,7,15
3,0,3
13,0,13
3,0,3
8,0,8
0,1,-1
2,3,-1
2,0,2
0,0,0
16,1,15
4,0,4
3,0,3
2,0,2
6,7,-1
6,0,6
15,0,15
16,1,15
4,1,3
3,0,3
2,2,0
21,0,21
4,1,3
1,0,1
2,2,0
0,4,-4
12,0,12
0,3,-3
10,0,10
6,0,6
13,13,0
20,0,20
11,8,3
8,1,7
0,0,0
23,0,23
2,0,2
28,0,28
0,0,0
16,2,14
5,0,5
3,8,-5
0,0,0
0,0,0
7,0,7
5,2,3
13,2,11
1,0,1
9,3,6
7,5,2
29,15,14
0,0,0
8,0,8
4,5,-1
20,4,16
7,9,-2
10,9,1
5,2,3
5,6,-1
2,0,2
23,0,23
60,1,59
1,0,1
45,6,39
17,9,8
6,1,5
21,7,14
5,11,-6
0,0,0
2,3,-1
9,0,9
20,16,4
1,0,1
11,0,11
10,2,8
6,0,6
2,0,2
17,0,17
0,0,0
10,0,10
2,6,-4
1,1,0
6,0,6
7,6,1
2,0,2
16,0,16
13,0,13
8,0,8
7,8,-1
5,4,1
0,0,0
6,0,6
1,0,1
1,1,0
3,6,-3
2,1,1
1,0,1
1,2,-1
0,0,0
7,0,7
7,16,-9
0,0,0
1,0,1
3,4,-1
3,1,2
4,2,2
19,0,19
3,0,3
0,1,-1
1,0,1
0,1,-1
0,1,-1
10,0,10
0,0,0
2,2,0
33,2,31
3,0,3
4,0,4
3,5,-2
12,0,12
0,0,0
4,0,4
4,1,3
0,0,0
2,0,2
3,11,-8
1,0,1
0,0,0
4,3,1
13,2,11
0,0,0
21,1,20
21,5,16
6,5,1
16,4,12
6,0,6
27,16,11
0,0,0
4,3,1
0,0,0
3,1,2
0,0,0
6,0,6
23,2,21
27,2,25
0,3,-3
17,2,15
5,5,0
1,0,1
0,0,0
1,0,1
2,16,-14
11,1,10
0,0,0
9,1,8
2,1,1
2,0,2
38,21,17
13,1,12
13,0,13
0,0,0
8,0,8
2,1,1
1,2,-1
0,0,0
2,2,0
3,1,2
3,0,3
0,0,0
4,0,4
1,2,-1
4,0,4
2,0,2
2,1,1
2,0,2
12,2,10
6,0,6
11,0,11
1,0,1
0,0,0
4,0,4
6,3,3
15,2,13
7,8,-1
2,0,2
1,0,1
0,0,0
1,1,0
0,0,0
11,3,8
5,0,5
11,0,11
1,1,0
3,0,3
3,3,0
39,1,38
3,5,-2
7,2,5
4,1,3
6,0,6
12,0,12
2,1,1
10,9,1
8,0,8
0,0,0
1,0,1
0,0,0
3,0,3
5,5,0
1,0,1
1,0,1
0,1,-1
10,0,10
3,2,1
13,2,11
10,0,10
0,0,0
3,3,0
1,0,1
10,0,10
4,8,-4
3,4,-1
2,7,-5
5,5,0
5,0,5
0,0,0
4,0,4
3,0,3
16,0,16
2,0,2
5,0,5
16,7,9
7,9,-2
13,10,3
1,0,1
33,3,30
1,3,-2
13,0,13
6,6,0
9,1,8
0,0,0
5,0,5
3,0,3
3,0,3
3,0,3
0,0,0
1,0,1
4,2,2
1,1,0
4,0,4
9,2,7
0,0,0
34,8,26
3,6,-3
6,1,5
0,0,0
0,0,0
0,0,0
2,0,2
10,4,6
1,0,1
9,0,9
7,2,5
5,1,4
1,0,1
11,9,2
2,1,1
0,0,0
1,0,1
8,7,1
0,0,0
13,1,12
14,5,9
13,1,12
7,0,7
1,0,1
4,0,4
13,0,13
9,2,7
0,0,0
9,0,9
0,0,0
9,3,6
2,1,1
5,0,5
0,0,0
13,1,12
0,5,-5
6,4,2
2,7,-5
6,2,4
50,27,23
0,0,0
10,1,9
2,1,1
0,0,0
3,4,-1
5,0,5
12,2,10
7,0,7
23,1,22
39,4,35
2,0,2
0,2,-2
19,2,17
0,0,0
6,0,6
0,0,0
0,0,0
0,0,0
5,1,4
1,2,-1
8,2,6
11,5,6
4,0,4
9,1,8
0,0,0
22,15,7
1,0,1
0,0,0
8,1,7
8,1,7
7,0,7
0,2,-2
1,0,1
13,8,5
2,2,0
11,4,7
12,4,8
2,0,2
3,0,3
10,1,9
9,0,9
10,3,7
9,2,7
3,0,3
2,8,-6
0,0,0
1,0,1
0,0,0
15,12,3
27,1,26
10,0,10
5,2,3
3,0,3
26,2,24
1,0,1
15,1,14
9,9,0
10,0,10
3,0,3
13,7,6
1,1,0
0,0,0
6,0,6
5,5,0
14,2,12
10,0,10
4,0,4
4,0,4
0,9,-9
0,0,0
8,0,8
2,0,2
0,0,0
0,0,0
9,0,9
17,3,14
2,0,2
0,0,0
2,0,2
0,0,0
3,0,3
1,2,-1
0,0,0
4,0,4
10,1,9
0,0,0
0,7,-7
17,0,17
3,0,3
6,1,5
0,0,0
7,0,7
1,0,1
2,1,1
0,0,0
10,5,5
9,2,7
8,1,7
1,0,1
8,7,1
8,5,3
42,11,31
0,1,-1
22,0,22
0,6,-6
0,2,-2
4,1,3
1,0,1
0,4,-4
1,0,1
4,1,3
4,4,0
10,11,-1
0,0,0
2,0,2
2,0,2
0,0,0
1,1,0
10,2,8
0,0,0
0,0,0
0,0,0
2,1,1
6,0,6
8,1,7
6,1,5
11,0,11
6,2,4
0,0,0
0,1,-1
6,4,2
0,3,-3
1,0,1
0,4,-4
1,0,1
2,2,0
4,0,4
7,6,1
32,9,23
1,0,1
22,5,17
1,0,1
2,2,0
1,6,-5
4,0,4
1,1,0
0,0,0
4,1,3
1,0,1
8,1,7
2,0,2
4,3,1
13,0,13
1,8,-7
8,4,4
2,0,2
6,0,6
4,2,2
6,0,6
4,0,4
0,4,-4
4,0,4
1,0,1
17,1,16
4,7,-3
2,3,-1
10,0,10
0,0,0
4,3,1
10,16,-6
17,0,17
0,0,0
7,2,5
1,1,0
5,6,-1
24,4,20
14,6,8
8,10,-2
3,0,3
0,0,0
38,0,38
6,0,6
7,5,2
2,0,2
4,5,-1
7,0,7
0,0,0
0,0,0
0,0,0
22,6,16
39,0,39
9,10,-1
18,0,18
13,2,11
0,0,0
1,0,1
0,0,0
13,6,7
4,3,1
0,17,-17
10,0,10
5,0,5
1,0,1
0,0,0
1,0,1
19,2,17
5,2,3
0,0,0
19,2,17
1,2,-1
2,0,2
11,0,11
6,0,6
3,28,-25
2,0,2
0,0,0
3,0,3
0,0,0
0,0,0
11,12,-1
0,0,0
21,0,21
3,3,0
0,0,0
1,2,-1
8,8,0
2,2,0
1,3,-2
0,0,0
4,1,3
2,0,2
15,7,8
2,0,2
22,1,21
19,0,19
1,0,1
21,9,12
4,5,-1
0,0,0
3,2,1
24,0,24
3,0,3
3,15,-12
4,8,-4
2,0,2
14,1,13
3,3,0
11,0,11
6,9,-3
1,2,-1
0,0,0
1,1,0
4,7,-3
2,3,-1
33,3,30
6,0,6
7,1,6
5,0,5
4,2,2
0,0,0
0,0,0
1,0,1
8,2,6
5,3,2
1,2,-1
5,5,0
0,0,0
4,0,4
2,2,0
3,2,1
0,1,-1
10,7,3
3,8,-5
2,6,-4
7,0,7
0,9,-9
7,1,6
2,0,2
6,0,6
0,0,0
28,20,8
2,0,2
16,0,16
3,0,3
3,3,0
1,1,0
1,0,1
0,1,-1
11,1,10
3,0,3
24,11,13
13,8,5
4,0,4
6,13,-7
2,0,2
4,1,3
0,0,0
0,0,0
1,0,1
20,1,19
0,0,0
11,1,10
0,0,0
5,13,-8
9,10,-1
4,1,3
0,0,0
0,4,-4
2,0,2
0,2,-2
1,1,0
0,0,0
4,0,4
0,0,0
0,2,-2
6,13,-7
2,1,1
2,5,-3
5,1,4
7,1,6
14,0,14
0,0,0
2,1,1
1,0,1
10,0,10
0,0,0
4,0,4
11,1,10
0,1,-1
4,0,4
0,0,0
31,0,31
10,11,-1
1,0,1
0,1,-1
7,0,7
12,8,4
4,1,3
2,0,2
2,0,2
0,0,0
14,10,4
3,0,3
3,5,-2
1,0,1
4,0,4
1,0,1
1,0,1
4,0,4
17,0,17
2,0,2
2,0,2
0,0,0
4,0,4
0,0,0
2,1,1
7,0,7
2,0,2
0,0,0
0,0,0
7,3,4
41,0,41
16,0,16
15,1,14
9,1,8
0,0,0
7,7,0
1,0,1
1,0,1
0,0,0
5,0,5
3,0,3
15,5,10
2,0,2
6,0,6
13,4,9
0,0,0
11,0,11
4,0,4
2,0,2
2,0,2
4,3,1
0,0,0
13,2,11
0,0,0
0,0,0
16,2,14
6,0,6
0,0,0
57,5,52
9,8,1
24,2,22
1,0,1
0,1,-1
13,0,13
20,2,18
2,1,1
3,1,2
0,0,0
0,0,0
2,0,2
0,0,0
7,0,7
1,0,1
6,1,5
6,0,6
8,1,7
3,0,3
2,0,2
0,0,0
9,0,9
0,0,0
0,1,-1
8,3,5
1,0,1
6,4,2
17,16,1
10,1,9
4,0,4
1,0,1
4,1,3
2,0,2
1,0,1
0,0,0
3,5,-2
9,0,9
0,0,0
5,0,5
0,0,0
39,6,33
8,5,3
0,0,0
1,1,0
1,0,1
8,8,0
8,6,2
0,0,0
2,4,-2
1,1,0
0,0,0
0,0,0
0,0,0
0,0,0
0,0,0
0,0,0
1,0,1
0,0,0
0,0,0
0,0,0
4,0,4
0,0,0
1,0,1
0,0,0
2,0,2
2,1,1
5,1,4
5,1,4
27,1,26
10,0,10
40,0,40
1,0,1
15,0,15
27,5,22
0,1,-1
1,0,1
1,1,0
0,0,0
0,1,-1
11,3,8
0,0,0
14,14,0
14,0,14
2,0,2
15,0,15
0,0,0
8,0,8
10,7,3
0,7,-7
36,13,23
2,0,2
0,0,0
1,0,1
2,2,0
12,1,11
2,0,2
17,0,17
8,2,6
13,0,13
8,0,8
5,1,4
0,0,0
2,2,0
1,0,1
11,11,0
4,0,4
0,0,0
0,0,0
22,0,22
21,1,20
11,11,0
1,1,0
24,0,24
4,0,4
19,19,0
12,0,12
0,0,0
3,1,2
17,7,10
0,10,-10
2,1,1
13,2,11
1,3,-2
26,3,23
4,0,4
14,0,14
9,1,8
20,8,12
1,0,1
6,4,2
2,0,2
4,8,-4
9,16,-7
1,0,1
1,0,1
6,1,5
19,0,19
0,0,0
5,0,5
8,1,7
6,1,5
0,0,0
0,0,0
16,0,16
2,0,2
0,0,0
0,0,0
10,6,4
0,9,-9
1,0,1
7,7,0
6,1,5
35,13,22
0,0,0
10,7,3
15,2,13
3,0,3
6,5,1
7,0,7
0,1,-1
18,0,18
13,1,12
5,13,-8
0,0,0
18,12,6
4,0,4
4,0,4
10,1,9
2,0,2
5,0,5
10,2,8
3,0,3
6,3,3
6,1,5
0,0,0
8,5,3
5,0,5
4,0,4
4,2,2
1,0,1
8,7,1
6,0,6
21,0,21
7,14,-7
14,0,14
8,0,8
2,1,1
4,0,4
0,0,0
0,0,0
1,0,1
8,0,8
10,0,10
3,3,0
2,0,2
3,0,3
1,0,1
18,1,17
0,0,0
1,0,1
9,15,-6
0,0,0
28,6,22
1,0,1
16,2,14
17,3,14
3,0,3
7,0,7
2,0,2
11,0,11
13,3,10
4,2,2
1,0,1
1,0,1
1,5,-4
16,1,15
6,2,4
4,0,4
3,10,-7
1,2,-1
2,2,0
0,0,0
0,0,0
22,3,19
7,0,7
21,2,19
7,0,7
5,2,3
0,0,0
13,2,11
0,0,0
1,0,1
0,1,-1
8,1,7
0,0,0
4,1,3
2,0,2
21,1,20
4,1,3
8,3,5
11,1,10
6,1,5
1,0,1
8,10,-2
1,0,1
0,0,0
6,6,0
1,6,-5
16,0,16
0,0,0
3,6,-3
0,0,0
10,6,4
2,0,2
0,0,0
7,1,6
28,0,28
21,4,17
17,0,17
7,1,6
0,0,0
1,0,1
2,0,2
1,1,0
2,26,-24
4,6,-2
8,3,5
0,2,-2
0,0,0
13,0,13
0,0,0
2,0,2
6,0,6
0,0,0
16,1,15
0,0,0
0,0,0
59,3,56
9,3,6
6,3,3
0,3,-3
3,0,3
12,2,10
3,0,3
8,0,8
7,8,-1
10,10,0
8,3,5
5,2,3
0,0,0
3,5,-2
13,8,5
21,4,17
10,12,-2
5,0,5
0,1,-1
15,0,15
4,0,4
12,4,8
20,13,7
4,1,3
0,0,0
0,9,-9
7,7,0
12,8,4
2,0,2
5,0,5
7,1,6
3,0,3
4,10,-6
11,0,11
0,0,0
3,0,3
1,1,0
15,5,10
0,0,0
2,8,-6
0,2,-2
1,3,-2
1,0,1
2,1,1
3,0,3
1,7,-6
0,0,0
8,5,3
0,0,0
6,0,6
17,6,11
6,0,6
3,0,3
4,0,4
0,0,0
5,3,2
25,2,23
25,1,24
0,0,0
3,0,3
2,0,2
2,0,2
2,0,2
6,3,3
6,3,3
27,3,24
0,0,0
5,3,2
13,0,13
4,5,-1
3,5,-2
6,0,6
5,7,-2
1,0,1
2,0,2
8,0,8
3,0,3
6,0,6
21,0,21
4,0,4
2,1,1
12,1,11
0,0,0
0,0,0
2,0,2
0,0,0
44,0,44
1,4,-3
16,0,16
9,3,6
13,2,11
1,2,-1
4,2,2
4,0,4
1,0,1
22,1,21
2,0,2
2,0,2
3,0,3
0,0,0
27,6,21
32,0,32
0,1,-1
7,0,7
2,5,-3
12,0,12
12,13,-1
4,1,3
0,0,0
1,0,1
0,0,0
0,0,0
16,1,15
1,0,1
1,0,1
0,4,-4
9,0,9
6,1,5
9,4,5
8,0,8
0,0,0
0,0,0
30,6,24
5,3,2
15,4,11
1,0,1
5,0,5
5,1,4
8,0,8
8,1,7
8,0,8
28,8,20
0,1,-1
8,4,4
1,5,-4
5,0,5
6,8,-2
5,5,0
6,0,6
8,10,-2
0,3,-3
3,0,3
0,0,0
2,0,2
2,2,0
4,5,-1
0,0,0
0,0,0
12,0,12
4,0,4
2,10,-8
8,0,8
4,2,2
2,0,2
34,14,20
0,0,0
0,0,0
1,0,1
2,0,2
5,2,3
3,0,3
2,1,1
3,8,-5
5,0,5
1,4,-3
1,0,1
1,0,1
19,0,19
8,1,7
14,5,9
1,0,1
0,0,0
12,0,12
16,3,13
3,0,3
5,5,0
22,1,21
2,2,0
4,0,4
8,8,0
1,1,0
2,0,2
8,1,7
9,0,9
10,7,3
6,1,5
0,1,-1
10,0,10
1,1,0
3,3,0
5,15,-10
29,29,0
1,2,-1
13,3,10
6,2,4
4,2,2
8,0,8
1,0,1
0,0,0
3,0,3
1,3,-2
7,0,7
8,1,7
10,2,8
13,1,12
11,3,8
1,6,-5
38,3,35
2,3,-1
13,10,3
26,2,24
11,12,-1
15,0,15
21,0,21
7,4,3
0,0,0
5,6,-1
1,0,1
9,12,-3
2,0,2
0,0,0
5,4,1
0,0,0
0,0,0
2,0,2
0,0,0
8,8,0
0,1,-1
3,5,-2
0,0,0
2,0,2
2,0,2
10,3,7
4,5,-1
8,4,4
14,0,14
0,0,0
2,0,2
4,0,4
0,6,-6
0,0,0
0,0,0
5,0,5
3,0,3
5,0,5
3,1,2
0,0,0
26,2,24
3,0,3
5,0,5
3,1,2
4,1,3
3,0,3
24,2,22
3,0,3
8,2,6
1,1,0
0,0,0
3,1,2
2,0,2
6,12,-6
2,5,-3
3,0,3
17,8,9
19,13,6
0,0,0
4,1,3
6,6,0
0,0,0
10,0,10
3,0,3
9,0,9
2,4,-2
12,0,12
10,3,7
0,0,0
7,1,6
0,0,0
1,0,1
3,0,3
0,0,0
0,0,0
3,0,3
5,0,5
0,0,0
3,1,2
4,1,3
0,0,0
1,1,0
11,2,9
0,5,-5
2,3,-1
2,0,2
7,0,7
3,0,3
7,2,5
5,0,5
0,0,0
0,2,-2
3,0,3
1,0,1
6,0,6
0,4,-4
2,0,2
1,0,1
6,5,1
4,1,3
9,9,0
0,0,0
0,0,0
6,4,2
0,1,-1
3,0,3
2,2,0
1,0,1
21,0,21
59,2,57
3,0,3
35,0,35
0,0,0
10,0,10
5,0,5
0,0,0
1,2,-1
0,0,0
7,6,1
3,0,3
15,0,15
2,0,2
5,4,1
0,0,0
24,1,23
2,0,2
32,5,27
0,0,0
1,0,1
0,0,0
7,0,7
29,0,29
12,10,2
1,0,1
3,0,3
2,3,-1
2,2,0
0,0,0
4,0,4
10,10,0
0,0,0
13,5,8
2,1,1
15,2,13
0,0,0
0,0,0
2,0,2
9,9,0
10,5,5
2,0,2
16,1,15
11,0,11
24,0,24
6,0,6
9,2,7
0,1,-1
16,0,16
1,1,0
2,0,2
1,2,-1
4,0,4
0,0,0
1,1,0
2,1,1
2,0,2
1,0,1
2,4,-2
3,0,3
27,2,25
10,0,10
1,5,-4
0,0,0
15,15,0
24,0,24
3,0,3
2,0,2
6,0,6
3,0,3
0,0,0
15,5,10
0,0,0
6,0,6
23,3,20
2,0,2
2,0,2
9,0,9
3,2,1
17,1,16
7,0,7
17,1,16
13,3,10
3,0,3
6,0,6
64,0,64
1,0,1
6,0,6
3,0,3
28,0,28
4,2,2
21,2,19
6,1,5
1,0,1
0,0,0
4,0,4
0,1,-1
7,0,7
4,9,-5
2,0,2
2,6,-4
13,12,1
9,3,6
3,0,3
1,0,1
17,12,5
2,6,-4
0,0,0
9,5,4
16,14,2
0,0,0
0,0,0
1,0,1
0,0,0
9,0,9
18,2,16
11,9,2
1,3,-2
1,0,1
1,0,1
17,6,11
9,0,9
4,1,3
2,0,2
2,0,2
0,0,0
1,0,1
1,0,1
3,0,3
3,0,3
0,0,0
3,0,3
0,0,0
7,0,7
6,0,6
36,0,36
1,0,1
0,5,-5
0,0,0
1,2,-1
15,0,15
2,0,2
10,0,10
0,0,0
6,5,1
1,22,-21
8,0,8
0,0,0
10,1,9
0,0,0
10,0,10
7,0,7
0,1,-1
0,2,-2
4,2,2
4,0,4
7,0,7
2,0,2
4,0,4
1,0,1
0,0,0
4,0,4
0,0,0
12,3,9
28,8,20
4,1,3
9,0,9
6,1,5
4,0,4
15,0,15
24,6,18
8,0,8
15,12,3
44,0,44
10,2,8
5,4,1
0,0,0
0,0,0
8,0,8
3,2,1
0,1,-1
1,0,1
2,0,2
5,3,2
6,1,5
10,10,0
0,0,0
0,0,0
4,1,3
2,0,2
0,0,0
0,0,0
10,0,10
19,0,19
0,0,0
15,6,9
1,2,-1
22,0,22
3,1,2
0,0,0
2,0,2
0,0,0
19,3,16
13,13,0
0,9,-9
1,1,0
2,0,2
3,2,1
1,0,1
9,0,9
46,4,42
0,0,0
5,0,5
10,0,10
1,0,1
0,0,0
11,0,11
10,2,8
10,10,0
3,0,3
0,2,-2
19,17,2
5,1,4
0,0,0
27,0,27
4,7,-3
11,2,9
35,3,32
1,0,1
10,0,10
7,0,7
7,5,2
3,3,0
16,3,13
3,5,-2
2,0,2
9,0,9
5,0,5
7,0,7
7,2,5
3,0,3
18,1,17
3,2,1
1,0,1
6,1,5
3,0,3
0,0,0
1,0,1
0,13,-13
7,2,5
14,0,14
0,3,-3
2,9,-7
0,0,0
8,0,8
5,0,5
14,0,14
20,0,20
17,1,16
1,0,1
1,0,1
6,11,-5
0,4,-4
17,2,15
10,10,0
0,0,0
1,2,-1
16,5,11
15,1,14
1,0,1
2,2,0
5,0,5
0,0,0
16,0,16
1,2,-1
9,1,8
24,7,17
29,9,20
0,0,0
4,2,2
6,1,5
17,3,14
0,0,0
0,0,0
31,0,31
37,37,0
2,4,-2
2,0,2
7,6,1
1,0,1
9,0,9
0,0,0
11,0,11
4,9,-5
9,3,6
19,2,17
0,0,0
0,3,-3
28,6,22
21,16,5
1,0,1
0,0,0
4,0,4
2,0,2
0,0,0
0,0,0
6,2,4
1,0,1
12,10,2
6,9,-3
49,12,37
3,1,2
0,0,0
9,9,0
1,0,1
10,2,8
23,3,20
5,1,4
3,0,3
38,5,33
0,0,0
2,0,2
0,0,0
4,1,3
0,0,0
5,3,2
18,13,5
0,1,-1
9,2,7
5,0,5
2,1,1
9,0,9
1,6,-5
2,1,1
2,0,2
0,0,0
8,0,8
0,5,-5
5,0,5
23,18,5
5,3,2
62,0,62
20,1,19
3,0,3
6,5,1
8,0,8
8,1,7
2,0,2
6,0,6
10,8,2
2,1,1
7,10,-3
6,0,6
1,0,1
12,5,7
1,0,1
1,1,0
0,0,0
1,2,-1
11,1,10
1,0,1
3,0,3
3,0,3
2,0,2
6,1,5
0,0,0
0,0,0
17,0,17
4,0,4
13,8,5
16,1,15
15,0,15
2,0,2
4,1,3
30,2,28
4,1,3
20,1,19
0,0,0
15,0,15
7,0,7
13,3,10
10,4,6
7,0,7
1,3,-2
5,1,4
0,0,0
11,0,11
10,2,8
23,0,23
14,0,14
3,0,3
4,0,4
7,8,-1
6,0,6
0,0,0
0,0,0
1,0,1
16,9,7
4,2,2
0,1,-1
3,3,0
8,0,8
13,1,12
1,9,-8
8,1,7
8,0,8
17,1,16
21,6,15
3,3,0
9,2,7
15,0,15
0,0,0
6,1,5
13,8,5
0,0,0
9,0,9
1,2,-1
4,0,4
7,0,7
0,0,0
17,1,16
22,2,20
3,0,3
0,0,0
1,10,-9
13,7,6
2,0,2
3,0,3
0,0,0
11,14,-3
9,9,0
8,7,1
0,0,0
11,1,10
15,0,15
2,0,2
10,10,0
14,9,5
0,0,0
0,0,0
10,0,10
12,2,10
0,0,0
3,3,0
2,15,-13
34,0,34
12,3,9
9,1,8
2,0,2
5,1,4
0,16,-16
8,0,8
17,0,17
0,0,0
1,0,1
3,0,3
0,2,-2
0,0,0
15,1,14
2,0,2
1,0,1
1,1,0
8,4,4
1,0,1
2,4,-2
4,0,4
14,8,6
2,1,1
0,0,0
1,0,1
1,1,0
8,8,0
0,0,0
3,0,3
1,0,1
2,0,2
3,0,3
4,0,4
0,0,0
36,0,36
2,1,1
0,0,0
8,0,8
14,0,14
7,0,7
0,0,0
5,7,-2
0,2,-2
0,0,0
4,7,-3
0,0,0
11,0,11
2,0,2
1,0,1
16,5,11
1,0,1
3,0,3
2,5,-3
14,2,12
13,0,13
27,0,27
3,6,-3
5,0,5
3,0,3
4,1,3
1,0,1
4,0,4
1,0,1
2,2,0
3,0,3
0,0,0
1,0,1
2,0,2
0,0,0
2,0,2
2,0,2
7,1,6
0,0,0
14,0,14
8,0,8
8,0,8
8,1,7
1,1,0
0,0,0
5,0,5
0,0,0
2,0,2
0,0,0
2,0,2
14,10,4
3,0,3
3,1,2
10,5,5
26,1,25
1,0,1
0,0,0
4,0,4
3,1,2
6,0,6
6,1,5
19,12,7
8,0,8
9,5,4
1,0,1
5,0,5
6,0,6
0,1,-1
10,0,10
0,2,-2
52,10,42
17,0,17
12,12,0
7,0,7
0,0,0
10,0,10
3,2,1
4,6,-2
28,1,27
15,0,15
1,0,1
1,3,-2
0,2,-2
30,2,28
0,0,0
2,5,-3
10,0,10
6,3,3
6,0,6
9,1,8
0,0,0
0,0,0
3,5,-2
11,3,8
1,0,1
1,2,-1
2,0,2
4,0,4
1,0,1
0,0,0
27,1,26
0,0,0
0,1,-1
4,0,4
2,2,0
6,1,5
0,0,0
109,7,102
3,0,3
21,1,20
16,1,15
6,6,0
13,1,12
0,1,-1
0,0,0
19,2,17
15,0,15
18,0,18
2,0,2
37,4,33
4,1,3
5,2,3
1,0,1
0,0,0
0,0,0
17,4,13
0,0,0
1,0,1
0,4,-4
1,0,1
14,4,10
0,0,0
2,3,-1
10,7,3
3,1,2
1,0,1
11,2,9
11,0,11
11,1,10
1,1,0
0,0,0
0,0,0
1,0,1
0,3,-3
0,0,0
3,0,3
0,0,0
21,14,7
9,0,9
0,0,0
12,1,11
3,0,3
3,9,-6
0,0,0
8,6,2
25,6,19
11,5,6
14,0,14
7,3,4
1,0,1
0,0,0
2,0,2
8,0,8
1,0,1
9,0,9
0,2,-2
0,1,-1
0,0,0
2,0,2
0,0,0
0,1,-1
1,1,0
18,8,10
4,0,4
7,4,3
0,0,0
1,0,1
16,6,10
12,1,11
0,0,0
12,1,11
3,0,3
6,4,2
15,3,12
25,3,22
7,5,2
1,0,1
8,2,6
1,0,1
1,0,1
0,0,0
0,1,-1
2,0,2
5,0,5
0,0,0
14,4,10
0,0,0
11,5,6
6,5,1
3,0,3
11,11,0
3,0,3
2,0,2
14,2,12
20,9,11
0,6,-6
2,0,2
11,7,4
2,3,-1
11,0,11
7,0,7
0,0,0
1,0,1
8,0,8
1,0,1
15,3,12
2,0,2
1,0,1
1,0,1
1,1,0
1,0,1
2,5,-3
1,2,-1
0,2,-2
17,0,17
7,2,5
12,1,11
0,0,0
10,2,8
2,0,2
5,0,5
7,0,7
0,0,0
0,1,-1
4,2,2
3,0,3
7,7,0
0,1,-1
1,0,1
2,0,2
2,4,-2
8,4,4
5,0,5
4,0,4
6,5,1
0,4,-4
14,0,14
0,0,0
9,3,6
2,3,-1
8,9,-1
1,0,1
0,5,-5
2,0,2
0,0,0
0,1,-1
0,1,-1
0,0,0
1,0,1
0,1,-1
15,0,15
2,3,-1
5,1,4
0,0,0
34,2,32
2,19,-17
3,6,-3
1,1,0
1,1,0
0,0,0
14,8,6
0,0,0
1,0,1
8,6,2
24,0,24
6,0,6
2,0,2
8,1,7
3,2,1
12,6,6
0,0,0
1,0,1
1,0,1
2,0,2
24,3,21
21,0,21
19,17,2
32,13,19
7,3,4
9,10,-1
3,0,3
7,7,0
0,0,0
4,0,4
6,3,3
4,1,3
4,1,3
0,0,0
28,0,28
9,0,9
1,0,1
4,0,4
6,10,-4
3,7,-4
4,2,2
11,3,8
7,0,7
23,13,10
2,0,2
5,0,5
0,0,0
1,0,1
5,1,4
2,0,2
5,0,5
2,0,2
2,0,2
0,0,0
22,0,22
29,12,17
2,1,1
9,1,8
20,5,15
8,1,7
13,12,1
5,2,3
3,1,2
8,1,7
2,2,0
2,0,2
22,0,22
9,0,9
6,0,6
20,5,15
1,1,0
0,0,0
13,4,9
2,0,2
0,0,0
1,0,1
12,1,11
5,0,5
1,1,0
11,0,11
5,2,3
0,6,-6
4,0,4
0,0,0
47,0,47
7,0,7
14,0,14
5,0,5
0,0,0
6,3,3
6,2,4
87,10,77
0,3,-3
4,0,4
6,0,6
0,0,0
3,0,3
1,0,1
23,15,8
1,9,-8
8,0,8
5,0,5
3,0,3
9,10,-1
7,0,7
5,0,5
12,0,12
2,1,1
5,2,3
31,7,24
0,1,-1
13,0,13
12,1,11
19,0,19
5,0,5
7,2,5
14,0,14
27,1,26
6,1,5
3,0,3
4,2,2
12,0,12
3,2,1
4,4,0
0,0,0
2,0,2
6,0,6
0,0,0
12,0,12
2,0,2
1,0,1
11,1,10
0,3,-3
6,0,6
0,0,0
6,2,4
5,4,1
2,1,1
5,2,3
0,0,0
1,0,1
0,0,0
2,0,2
0,9,-9
5,0,5
3,0,3
3,0,3
1,0,1
0,0,0
10,0,10
0,0,0
2,6,-4
2,0,2
8,1,7
4,0,4
0,1,-1
1,3,-2
0,1,-1
0,0,0
6,5,1
8,1,7
0,0,0
4,0,4
5,0,5
2,0,2
0,4,-4
4,9,-5
6,0,6
3,1,2
5,0,5
8,0,8
0,0,0
3,9,-6
11,0,11
6,0,6
27,12,15
0,0,0
0,0,0
0,0,0
38,1,37
10,8,2
0,0,0
9,0,9
2,1,1
2,0,2
0,0,0
0,1,-1
2,1,1
9,1,8
18,18,0
3,0,3
1,0,1
10,1,9
11,0,11
24,13,11
17,0,17
0,0,0
2,2,0
6,0,6
2,1,1
9,0,9
1,1,0
32,1,31
4,17,-13
11,3,8
12,6,6
6,9,-3
4,1,3
9,0,9
1,0,1
4,4,0
20,6,14
15,6,9
2,0,2
0,0,0
0,0,0
2,9,-7
3,4,-1
8,0,8
0,10,-10
10,0,10
10,14,-4
0,3,-3
3,0,3
5,3,2
1,0,1
3,11,-8
15,3,12
3,1,2
7,0,7
2,0,2
1,0,1
18,0,18
14,0,14
13,20,-7
3,2,1
3,0,3
0,0,0
4,0,4
2,0,2
3,5,-2
0,0,0
4,13,-9
0,5,-5
6,0,6
0,5,-5
12,0,12
0,1,-1
11,19,-8
3,1,2
33,14,19
24,1,23
2,2,0
16,0,16
2,0,2
0,0,0
11,4,7
0,0,0
0,1,-1
4,0,4
3,0,3
2,2,0
2,2,0
2,2,0
4,0,4
0,0,0
0,2,-2
3,4,-1
24,12,12
2,0,2
10,0,10
3,0,3
12,2,10
0,0,0
3,0,3
2,1,1
0,0,0
1,0,1
14,8,6
1,1,0
6,0,6
0,0,0
1,1,0
2,2,0
24,0,24
9,1,8
0,1,-1
0,3,-3
6,0,6
9,0,9
1,0,1
0,0,0
1,0,1
3,1,2
19,0,19
15,1,14
16,4,12
3,4,-1
6,3,3
2,0,2
3,0,3
17,2,15
3,14,-11
5,0,5
0,0,0
0,0,0
1,0,1
0,1,-1
2,2,0
6,0,6
9,2,7
2,2,0
1,0,1
0,0,0
0,0,0
0,0,0
14,0,14
0,0,0
7,0,7
0,0,0
11,0,11
4,0,4
4,0,4
0,0,0
21,0,21
20,1,19
6,0,6
1,0,1
1,1,0
1,0,1
0,0,0
8,22,-14
1,2,-1
7,0,7
5,3,2
0,2,-2
7,4,3
0,1,-1
0,0,0
0,0,0
12,0,12
1,8,-7
10,10,0
13,5,8
10,8,2
4,0,4
6,1,5
0,0,0
10,6,4
0,1,-1
12,3,9
3,0,3
2,0,2
0,0,0
0,0,0
0,0,0
10,2,8
16,1,15
2,0,2
0,2,-2
2,2,0
0,0,0
25,0,25
17,0,17
1,0,1
16,14,2
0,0,0
3,5,-2
9,2,7
6,0,6
41,4,37
7,0,7
18,10,8
0,1,-1
1,0,1
5,0,5
27,8,19
14,6,8
3,0,3
2,5,-3
0,0,0
3,2,1
11,6,5
0,0,0
4,0,4
0,0,0
21,1,20
6,16,-10
8,3,5
0,0,0
1,0,1
4,0,4
0,0,0
7,2,5
27,2,25
0,0,0
1,0,1
11,6,5
5,0,5
109,8,101
20,0,20
3,2,1
5,0,5
14,0,14
11,4,7
0,0,0
2,0,2
0,0,0
0,2,-2
0,0,0
0,0,0
1,0,1
1,0,1
3,0,3
1,2,-1
7,6,1
2,1,1
8,6,2
6,1,5
7,0,7
7,7,0
0,1,-1
0,0,0
13,4,9
1,0,1
11,8,3
9,9,0
3,2,1
3,0,3
12,0,12
0,0,0
0,1,-1
6,9,-3
3,0,3
8,8,0
6,11,-5
0,0,0
23,1,22
5,0,5
1,0,1
8,3,5
0,0,0
2,0,2
1,0,1
10,1,9
18,3,15
0,0,0
19,3,16
19,1,18
0,0,0
0,0,0
30,17,13
5,0,5
0,0,0
6,0,6
1,7,-6
3,1,2
14,4,10
3,1,2
16,9,7
6,0,6
0,9,-9
10,7,3
6,0,6
0,0,0
2,2,0
2,4,-2
13,2,11
19,0,19
0,0,0
11,4,7
5,2,3
1,3,-2
0,0,0
9,1,8
2,0,2
0,0,0
2,0,2
9,1,8
3,2,1
22,2,20
40,0,40
0,0,0
0,0,0
1,0,1
3,0,3
0,0,0
0,1,-1
16,1,15
2,4,-2
16,9,7
0,3,-3
1,0,1
10,5,5
19,1,18
7,0,7
0,1,-1
16,0,16
0,0,0
0,0,0
2,0,2
7,0,7
3,1,2
84,1,83
1,0,1
6,0,6
0,1,-1
0,0,0
3,0,3
0,0,0
5,1,4
43,0,43
1,0,1
7,4,3
3,7,-4
5,4,1
7,4,3
3,0,3
1,0,1
15,5,10
0,0,0
14,0,14
12,12,0
0,0,0
4,0,4
10,5,5
7,9,-2
4,0,4
8,0,8
0,0,0
13,0,13
36,2,34
9,2,7
1,0,1
1,1,0
13,0,13
30,0,30
5,0,5
0,0,0
19,9,10
11,8,3
2,0,2
2,3,-1
4,0,4
14,0,14
18,2,16
2,0,2
4,0,4
9,0,9
10,0,10
7,0,7
9,12,-3
8,9,-1
6,0,6
1,2,-1
26,1,25
0,2,-2
6,0,6
3,0,3
1,0,1
10,5,5
0,0,0
8,9,-1
0,0,0
1,0,1
3,0,3
4,1,3
48,18,30
6,5,1
4,1,3
0,0,0
3,0,3
8,2,6
29,6,23
8,8,0
1,2,-1
1,0,1
3,0,3
0,1,-1
3,1,2
13,0,13
7,4,3
4,0,4
15,11,4
2,3,-1
13,0,13
0,0,0
19,3,16
6,0,6
14,1,13
6,1,5
6,4,2
11,2,9
3,0,3
10,6,4
3,0,3
1,1,0
1,0,1
8,0,8
7,2,5
5,6,-1
4,9,-5
9,0,9
0,0,0
2,6,-4
20,16,4
8,5,3
13,0,13
0,0,0
4,0,4
2,0,2
1,0,1
19,1,18
13,0,13
3,0,3
3,3,0
1,0,1
65,1,64
1,2,-1
2,12,-10
0,3,-3
11,0,11
2,0,2
3,9,-6
2,0,2
0,10,-10
0,0,0
18,5,13
7,2,5
17,0,17
2,0,2
0,0,0
5,2,3
0,0,0
9,0,9
2,3,-1
1,2,-1
14,7,7
0,0,0
5,3,2
0,0,0
7,2,5
4,0,4
1,1,0
0,1,-1
3,3,0
63,0,63
4,0,4
3,6,-3
2,0,2
7,1,6
1,1,0
1,1,0
0,0,0
0,0,0
0,0,0
0,5,-5
7,0,7
8,5,3
15,2,13
5,0,5
10,4,6
2,0,2
9,0,9
0,0,0
13,0,13
21,3,18
45,0,45
22,0,22
24,0,24
14,7,7
7,2,5
5,4,1
0,0,0
6,0,6
0,0,0
4,6,-2
0,0,0
4,4,0
36,2,34
1,1,0
8,5,3
5,5,0
22,0,22
37,4,33
3,0,3
21,1,20
0,0,0
11,1,10
1,1,0
1,2,-1
2,2,0
0,0,0
2,0,2
9,8,1
5,0,5
0,0,0
4,0,4
8,14,-6
0,0,0
14,5,9
3,0,3
9,0,9
15,2,13
0,11,-11
4,0,4
17,0,17
2,5,-3
3,3,0
2,0,2
0,0,0
9,0,9
28,11,17
6,0,6
0,0,0
0,0,0
1,0,1
1,0,1
14,1,13
0,0,0
5,0,5
4,4,0
11,0,11
3,1,2
19,2,17
12,3,9
21,0,21
5,21,-16
5,1,4
7,0,7
0,0,0
0,6,-6
8,4,4
1,0,1
7,1,6
9,4,5
2,4,-2
1,0,1
2,1,1
4,2,2
4,1,3
4,1,3
19,4,15
19,1,18
4,3,1
16,10,6
15,0,15
4,0,4
7,7,0
2,2,0
0,0,0
1,1,0
0,0,0
46,0,46
5,0,5
1,0,1
2,0,2
4,0,4
10,2,8
0,0,0
3,1,2
5,0,5
12,1,11
2,0,2
6,3,3
3,8,-5
1,1,0
1,2,-1
16,5,11
0,0,0
2,2,0
45,13,32
12,1,11
6,1,5
10,3,7
1,0,1
3,1,2
14,7,7
0,0,0
4,0,4
8,0,8
35,0,35
2,2,0
3,5,-2
18,3,15
1,0,1
3,0,3
0,0,0
3,2,1
5,4,1
13,0,13
0,0,0
2,0,2
39,11,28
29,29,0
27,9,18
20,6,14
3,7,-4
2,5,-3
1,0,1
13,2,11
0,0,0
2,1,1
14,0,14
9,1,8
0,0,0
11,0,11
0,0,0
1,0,1
8,2,6
5,0,5
21,16,5
1,0,1
5,5,0
6,2,4
32,3,29
4,0,4
3,9,-6
1,0,1
13,18,-5
16,4,12
2,8,-6
1,2,-1
6,14,-8
0,1,-1
0,0,0
10,10,0
0,0,0
1,0,1
0,0,0
4,1,3
2,0,2
17,8,9
1,3,-2
9,1,8
4,2,2
0,0,0
0,0,0
15,1,14
2,0,2
2,0,2
0,0,0
1,0,1
5,1,4
2,1,1
5,0,5
0,0,0
5,0,5
6,1,5
4,1,3
10,0,10
5,10,-5
37,0,37
41,0,41
0,0,0
2,0,2
5,0,5
0,0,0
8,0,8
0,0,0
16,3,13
10,2,8
1,0,1
0,0,0
0,0,0
0,0,0
0,0,0
0,10,-10
37,11,26
13,2,11
12,2,10
1,0,1
0,0,0
1,2,-1
1,2,-1
6,6,0
7,1,6
8,0,8
15,1,14
12,0,12
0,0,0
13,0,13
1,0,1
0,4,-4
2,0,2
2,0,2
5,3,2
10,1,9
2,3,-1
9,1,8
1,3,-2
4,2,2
1,0,1
1,0,1
0,0,0
0,0,0
4,0,4
0,0,0
20,1,19
9,4,5
1,0,1
17,11,6
0,0,0
4,5,-1
2,2,0
7,8,-1
0,0,0
7,1,6
15,8,7
1,0,1
2,0,2
24,0,24
4,0,4
0,0,0
0,0,0
4,3,1
1,0,1
1,3,-2
10,4,6
11,0,11
10,2,8
6,12,-6
0,0,0
6,1,5
1,0,1
7,1,6
0,0,0
1,0,1
52,9,43
13,0,13
0,0,0
11,0,11
6,7,-1
9,0,9
1,0,1
21,11,10
6,1,5
4,0,4
1,1,0
1,0,1
0,0,0
27,0,27
0,0,0
1,0,1
18,1,17
1,0,1
3,4,-1
6,7,-1
7,0,7
4,30,-26
2,0,2
0,1,-1
11,0,11
1,2,-1
0,0,0
18,0,18
13,11,2
1,6,-5
15,0,15
0,0,0
2,0,2
2,0,2
4,0,4
13,0,13
5,0,5
3,3,0
6,0,6
7,0,7
1,2,-1
0,0,0
9,0,9
7,0,7
2,2,0
12,4,8
0,0,0
1,0,1
8,2,6
6,0,6
1,1,0
3,1,2
1,0,1
2,0,2
4,0,4
2,2,0
2,0,2
1,4,-3
7,0,7
35,1,34
0,0,0
3,2,1
7,6,1
9,1,8
19,13,6
0,1,-1
7,0,7
0,5,-5
2,1,1
17,8,9
0,0,0
0,0,0
7,5,2
9,0,9
9,0,9
1,0,1
1,1,0
15,2,13
1,1,0
3,0,3
3,0,3
4,1,3
12,0,12
9,0,9
5,2,3
4,0,4
55,2,53
9,1,8
6,0,6
0,8,-8
5,0,5
3,3,0
7,8,-1
3,3,0
8,3,5
0,2,-2
18,2,16
1,0,1
5,0,5
7,0,7
0,3,-3
2,3,-1
0,0,0
13,2,11
5,1,4
3,1,2
14,1,13
1,0,1
2,0,2
4,0,4
1,4,-3
7,0,7
5,3,2
10,2,8
1,2,-1
2,1,1
2,0,2
2,5,-3
1,13,-12
15,1,14
8,4,4
2,2,0
5,0,5
43,1,42
0,0,0
9,0,9
1,0,1
0,1,-1
0,0,0
1,1,0
7,5,2
2,0,2
26,1,25
3,0,3
29,1,28
19,1,18
1,0,1
9,10,-1
10,6,4
1,0,1
8,1,7
5,1,4
9,0,9
1,0,1
0,0,0
6,0,6
9,0,9
11,0,11
2,0,2
0,5,-5
0,0,0
8,4,4
0,13,-13
3,1,2
11,11,0
1,0,1
3,0,3
2,1,1
1,0,1
0,0,0
0,0,0
1,1,0
6,0,6
1,0,1
1,0,1
4,0,4
4,9,-5
1,0,1
6,0,6
7,1,6
0,0,0
12,1,11
6,0,6
7,0,7
1,0,1
5,0,5
24,4,20
0,0,0
4,4,0
5,0,5
10,22,-12
0,0,0
5,1,4
6,4,2
10,3,7
12,13,-1
50,3,47
2,0,2
2,0,2
13,0,13
2,2,0
2,0,2
2,0,2
1,0,1
3,0,3
1,0,1
0,0,0
1,0,1
3,0,3
0,0,0
5,0,5
24,1,23
4,1,3
18,3,15
8,12,-4
43,2,41
3,0,3
4,4,0
0,0,0
8,0,8
5,0,5
5,5,0
1,0,1
5,3,2
0,0,0
3,12,-9
50,0,50
6,0,6
13,11,2
2,0,2
2,2,0
5,0,5
6,0,6
7,7,0
10,0,10
2,0,2
4,0,4
39,10,29
3,2,1
1,0,1
2,0,2
25,0,25
3,0,3
4,0,4
14,6,8
0,1,-1
2,0,2
6,0,6
6,6,0
14,6,8
2,6,-4
0,0,0
0,10,-10
4,0,4
1,0,1
13,1,12
9,9,0
9,0,9
0,0,0
16,3,13
1,0,1
0,0,0
1,0,1
1,1,0
13,8,5
5,8,-3
0,0,0
0,0,0
2,0,2
1,0,1
74,4,70
4,0,4
2,0,2
16,7,9
2,0,2
28,3,25
1,1,0
0,2,-2
6,1,5
17,1,16
1,4,-3
14,1,13
2,2,0
2,0,2
3,2,1
4,0,4
9,7,2
16,10,6
0,0,0
0,0,0
1,0,1
1,0,1
6,12,-6
3,9,-6
6,4,2
6,9,-3
0,0,0
14,1,13
8,1,7
0,6,-6
6,0,6
2,1,1
8,0,8
11,0,11
49,3,46
0,0,0
23,0,23
12,1,11
1,0,1
9,4,5
1,0,1
2,0,2
1,0,1
19,14,5
54,0,54
3,5,-2
7,6,1
2,0,2
2,3,-1
37,19,18
4,0,4
3,3,0
5,5,0
4,3,1
14,1,13
15,9,6
1,4,-3
5,0,5
3,0,3
5,1,4
8,0,8
29,0,29
1,0,1
2,2,0
0,1,-1
6,12,-6
27,3,24
5,0,5
2,0,2
1,0,1
1,0,1
9,0,9
0,1,-1
5,0,5
7,0,7
4,3,1
1,0,1
14,1,13
0,0,0
6,6,0
36,0,36
3,1,2
11,3,8
3,0,3
0,1,-1
17,17,0
1,2,-1
0,0,0
15,3,12
3,0,3
12,1,11
0,12,-12
0,0,0
0,2,-2
7,5,2
21,15,6
27,17,10
7,1,6
2,3,-1
0,0,0
4,0,4
3,11,-8
10,2,8
2,0,2
1,0,1
8,0,8
8,2,6
2,0,2
0,3,-3
1,2,-1
38,0,38
2,2,0
24,6,18
6,0,6
2,1,1
14,0,14
3,3,0
0,0,0
0,0,0
8,2,6
6,6,0
2,0,2
17,12,5
2,0,2
3,1,2
8,5,3
2,0,2
9,0,9
0,0,0
0,0,0
5,0,5
6,10,-4
2,9,-7
0,0,0
0,3,-3
0,0,0
17,5,12
32,1,31
7,0,7
5,1,4
4,0,4
10,1,9
16,4,12
11,9,2
15,0,15
7,2,5
4,3,1
3,3,0
7,6,1
0,2,-2
22,0,22
13,17,-4
0,0,0
12,6,6
11,1,10
2,0,2
16,0,16
8,0,8
16,17,-1
1,0,1
1,1,0
17,10,7
7,0,7
11,5,6
21,0,21
0,0,0
1,0,1
7,6,1
5,3,2
14,0,14
4,0,4
8,0,8
8,5,3
12,0,12
0,0,0
4,2,2
0,0,0
2,2,0
0,0,0
4,10,-6
0,0,0
2,0,2
0,0,0
2,1,1
5,0,5
6,0,6
3,6,-3
14,1,13
5,2,3
20,0,20
13,5,8
15,0,15
3,2,1
0,0,0
3,0,3
1,3,-2
3,0,3
1,1,0
4,5,-1
1,0,1
18,0,18
6,0,6
12,6,6
8,3,5
6,0,6
6,3,3
1,0,1
4,0,4
0,0,0
0,0,0
10,15,-5
0,0,0
2,0,2
5,5,0
6,14,-8
7,3,4
0,0,0
1,6,-5
2,0,2
9,9,0
7,2,5
2,0,2
3,2,1
12,0,12
14,7,7
1,0,1
14,1,13
1,0,1
2,2,0
1,2,-1
1,0,1
12,18,-6
0,0,0
4,0,4
2,0,2
3,1,2
20,9,11
3,0,3
12,16,-4
2,9,-7
1,0,1
22,2,20
3,0,3
1,6,-5
2,1,1
0,0,0
2,1,1
22,11,11
1,3,-2
6,5,1
1,2,-1
6,0,6
0,0,0
26,13,13
17,3,14
7,0,7
0,6,-6
4,0,4
6,0,6
26,4,22
0,0,0
0,9,-9
1,0,1
11,11,0
4,0,4
6,3,3
0,3,-3
5,0,5
13,0,13
16,3,13
1,2,-1
9,0,9
2,0,2
12,1,11
1,1,0
12,0,12
1,0,1
4,4,0
5,0,5
9,1,8
3,0,3
72,1,71
3,0,3
9,9,0
7,5,2
0,0,0
20,1,19
0,0,0
15,7,8
17,0,17
3,0,3
5,0,5
10,1,9
0,0,0
17,5,12
0,0,0
5,0,5
14,10,4
0,0,0
4,1,3
0,0,0
1,0,1
33,18,15
3,2,1
19,0,19
9,3,6
14,5,9
18,0,18
1,0,1
21,16,5
1,3,-2
0,0,0
0,0,0
1,0,1
5,0,5
16,0,16
3,2,1
0,2,-2
0,0,0
2,2,0
25,7,18
1,0,1
1,1,0
5,5,0
1,0,1
8,0,8
0,0,0
3,0,3
4,8,-4
5,9,-4
0,2,-2
21,5,16
4,0,4
26,3,23
12,5,7
3,0,3
9,2,7
2,3,-1
53,2,51
4,9,-5
0,0,0
45,8,37
1,0,1
7,3,4
56,12,44
9,5,4
22,0,22
4,1,3
8,7,1
21,5,16
8,2,6
0,0,0
5,0,5
4,0,4
2,0,2
13,1,12
7,0,7
24,3,21
1,0,1
8,13,-5
7,6,1
6,0,6
5,5,0
23,0,23
4,0,4
6,0,6
1,1,0
12,4,8
1,0,1
3,1,2
0,0,0
7,1,6
0,5,-5
10,5,5
3,0,3
9,9,0
7,7,0
3,0,3
4,0,4
3,0,3
15,0,15
2,3,-1
10,8,2
0,0,0
6,5,1
0,0,0
2,0,2
3,0,3
26,2,24
6,1,5
0,0,0
8,0,8
5,0,5
5,1,4
1,0,1
0,0,0
1,0,1
17,3,14
11,10,1
9,6,3
37,1,36
9,0,9
0,0,0
38,3,35
34,2,32
7,2,5
6,6,0
1,2,-1
1,0,1
8,11,-3
4,2,2
2,2,0
4,2,2
2,0,2
19,7,12
12,4,8
0,2,-2
6,0,6
2,0,2
1,0,1
6,0,6
6,3,3
33,12,21
23,2,21
0,0,0
0,0,0
3,3,0
1,0,1
0,0,0
14,1,13
1,0,1
2,2,0
2,0,2
10,0,10
27,3,24
7,0,7
1,2,-1
0,4,-4
5,0,5
7,5,2
1,0,1
0,0,0
13,0,13
8,2,6
6,1,5
5,3,2
2,7,-5
1,0,1
40,0,40
27,5,22
9,9,0
3,7,-4
17,0,17
9,2,7
0,0,0
2,0,2
22,13,9
1,0,1
6,3,3
3,0,3
1,0,1
5,0,5
26,1,25
10,0,10
0,0,0
0,0,0
3,0,3
1,0,1
0,2,-2
3,0,3
0,0,0
6,8,-2
2,5,-3
9,0,9
23,11,12
19,5,14
1,0,1
0,0,0
1,1,0
1,0,1
0,0,0
1,0,1
13,4,9
0,0,0
18,1,17
1,1,0
3,0,3
0,0,0
0,0,0
0,0,0
0,0,0
1,0,1
0,0,0
20,0,20
3,3,0
1,2,-1
0,0,0
5,0,5
0,3,-3
3,2,1
5,12,-7
10,5,5
1,2,-1
3,0,3
0,0,0
8,0,8
1,1,0
3,0,3
18,9,9
10,0,10
1,0,1
2,0,2
3,5,-2
9,1,8
2,0,2
1,0,1
3,1,2
0,0,0
0,0,0
2,2,0
1,0,1
2,2,0
27,15,12
13,5,8
8,4,4
0,0,0
0,4,-4
0,2,-2
0,0,0
3,0,3
0,0,0
23,17,6
3,9,-6
14,8,6
9,1,8
0,0,0
1,0,1
2,4,-2
27,0,27
0,0,0
17,1,16
2,2,0
0,0,0
2,1,1
3,0,3
1,1,0
1,0,1
17,5,12
8,2,6
0,0,0
0,0,0
4,0,4
14,7,7
0,0,0
7,0,7
36,8,28
14,2,12
26,2,24
5,1,4
0,4,-4
1,0,1
0,0,0
5,0,5
1,0,1
1,0,1
0,0,0
1,0,1
15,17,-2
30,6,24
1,0,1
0,1,-1
2,0,2
1,2,-1
0,0,0
2,0,2
17,6,11
7,7,0
0,0,0
1,0,1
3,0,3
6,9,-3
6,0,6
1,0,1
1,2,-1
3,0,3
10,3,7
3,11,-8
7,0,7
0,0,0
15,3,12
14,1,13
1,0,1
11,2,9
3,0,3
2,0,2
4,0,4
70,4,66
32,1,31
17,3,14
0,0,0
6,0,6
2,0,2
0,0,0
1,0,1
10,0,10
2,1,1
9,5,4
10,26,-16
5,0,5
4,0,4
6,1,5
9,1,8
0,4,-4
0,0,0
0,1,-1
2,1,1
0,2,-2
9,0,9
4,1,3
3,0,3
11,0,11
4,0,4
5,27,-22
8,8,0
1,0,1
2,3,-1
5,0,5
2,0,2
1,0,1
3,2,1
28,29,-1
35,1,34
3,0,3
19,0,19
1,0,1
0,0,0
7,2,5
2,1,1
0,0,0
1,0,1
6,2,4
12,2,10
1,0,1
17,1,16
5,1,4
2,1,1
26,6,20
51,5,46
7,0,7
2,1,1
4,0,4
4,0,4
1,0,1
2,1,1
0,0,0
0,0,0
1,0,1
9,0,9
1,0,1
1,0,1
2,0,2
0,0,0
13,2,11
10,0,10
1,0,1
14,3,11
22,9,13
32,15,17
66,25,41
14,1,13
5,0,5
4,1,3
0,0,0
9,4,5
8,2,6
9,0,9
6,0,6
55,0,55
8,0,8
6,2,4
31,0,31
1,0,1
18,2,16
1,1,0
7,1,6
0,0,0
4,0,4
1,4,-3
11,1,10
5,1,4
4,4,0
17,1,16
6,0,6
0,0,0
4,2,2
27,0,27
7,1,6
29,8,21
5,0,5
2,7,-5
11,0,11
12,0,12
0,1,-1
2,2,0
4,0,4
19,6,13
0,0,0
0,0,0
11,5,6
2,0,2
3,0,3
14,5,9
1,0,1
1,0,1
9,4,5
1,0,1
0,0,0
20,9,11
8,0,8
0,0,0
4,0,4
9,0,9
7,3,4
9,1,8
5,0,5
0,0,0
5,0,5
26,0,26
1,1,0
1,6,-5
13,6,7
13,0,13
7,4,3
8,0,8
0,0,0
6,6,0
1,0,1
9,8,1
0,0,0
11,8,3
1,0,1
11,0,11
1,2,-1
3,6,-3
15,5,10
5,0,5
0,0,0
1,18,-17
7,4,3
9,2,7
13,2,11
10,0,10
3,0,3
0,1,-1
3,0,3
11,0,11
7,0,7
1,0,1
0,0,0
14,1,13
0,0,0
0,0,0
6,12,-6
8,1,7
11,0,11
2,0,2
0,0,0
2,0,2
4,0,4
3,3,0
25,13,12
12,4,8
7,9,-2
3,1,2
10,3,7
6,1,5
6,18,-12
4,0,4
1,0,1
3,1,2
3,0,3
8,1,7
1,3,-2
10,2,8
9,1,8
1,0,1
0,3,-3
2,4,-2
3,1,2
2,0,2
8,4,4
1,0,1
25,20,5
0,0,0
19,0,19
27,0,27
31,0,31
14,6,8
0,0,0
1,4,-3
6,0,6
19,0,19
5,1,4
1,1,0
0,0,0
16,0,16
21,0,21
2,0,2
1,3,-2
11,11,0
0,0,0
6,6,0
0,1,-1
6,0,6
2,0,2
16,12,4
0,0,0
0,2,-2
1,12,-11
5,1,4
22,0,22
1,0,1
57,3,54
4,12,-8
1,9,-8
7,2,5
20,3,17
3,0,3
3,1,2
4,0,4
14,0,14
3,0,3
4,5,-1
10,10,0
3,0,3
1,0,1
7,3,4
1,0,1
0,0,0
8,0,8
23,5,18
1,0,1
14,4,10
0,0,0
2,1,1
3,3,0
1,8,-7
0,0,0
9,1,8
3,5,-2
2,3,-1
2,13,-11
0,0,0
0,0,0
44,12,32
2,4,-2
0,0,0
5,0,5
3,1,2
7,13,-6
16,0,16
1,0,1
6,2,4
4,0,4
16,14,2
6,4,2
3,3,0
17,4,13
6,0,6
5,0,5
0,1,-1
2,2,0
5,0,5
5,2,3
1,0,1
2,2,0
1,4,-3
3,12,-9
10,8,2
7,0,7
0,1,-1
0,0,0
11,0,11
2,1,1
16,7,9
0,2,-2
22,9,13
1,0,1
0,0,0
1,0,1
4,0,4
4,4,0
4,6,-2
0,0,0
15,2,13
32,2,30
0,0,0
0,0,0
10,0,10
0,0,0
0,0,0
3,0,3
53,16,37
6,0,6
1,1,0
9,2,7
13,0,13
4,2,2
6,4,2
4,0,4
10,5,5
8,5,3
0,0,0
1,0,1
13,3,10
0,2,-2
7,3,4
4,1,3
0,0,0
0,1,-1
1,0,1
0,0,0
1,0,1
1,0,1
1,0,1
0,0,0
3,1,2
15,11,4
1,0,1
1,0,1
2,0,2
2,0,2
4,0,4
10,2,8
2,0,2
30,5,25
2,0,2
0,0,0
11,0,11
16,2,14
3,3,0
2,0,2
4,0,4
12,3,9
2,0,2
0,3,-3
1,0,1
11,6,5
9,0,9
2,2,0
9,3,6
18,4,14
4,2,2
6,7,-1
1,0,1
0,1,-1
0,0,0
0,1,-1
13,3,10
0,0,0
76,18,58
0,0,0
28,0,28
1,0,1
3,5,-2
0,0,0
1,0,1
5,1,4
0,0,0
9,0,9
8,0,8
2,3,-1
1,0,1
55,7,48
3,0,3
12,9,3
0,0,0
6,0,6
4,2,2
2,5,-3
5,0,5
19,9,10
3,1,2
13,0,13
0,0,0
3,0,3
0,1,-1
6,0,6
0,0,0
25,2,23
0,0,0
3,0,3
12,0,12
0,0,0
17,14,3
0,3,-3
1,0,1
1,9,-8
2,0,2
5,0,5
0,0,0
21,6,15
9,1,8
9,8,1
4,0,4
4,2,2
6,5,1
6,6,0
1,4,-3
28,0,28
5,0,5
13,0,13
0,0,0
14,6,8
0,0,0
1,0,1
0,0,0
1,0,1
6,0,6
0,0,0
13,3,10
21,4,17
9,5,4
2,1,1
2,2,0
2,0,2
4,0,4
4,0,4
1,5,-4
0,0,0
14,0,14
4,0,4
14,6,8
0,0,0
0,0,0
8,0,8
8,2,6
0,0,0
8,2,6
0,1,-1
1,2,-1
1,0,1
6,0,6
5,0,5
0,0,0
18,8,10
2,12,-10
8,0,8
7,7,0
1,0,1
5,0,5
7,0,7
5,0,5
1,0,1
9,0,9
2,2,0
20,0,20
0,0,0
3,3,0
3,0,3
1,0,1
0,0,0
1,0,1
6,6,0
0,0,0
0,0,0
0,0,0
3,2,1
0,8,-8
1,0,1
0,0,0
3,1,2
9,0,9
9,11,-2
10,6,4
10,2,8
4,0,4
3,2,1
1,0,1
0,0,0
3,3,0
5,1,4
1,0,1
1,16,-15
2,0,2
1,9,-8
9,2,7
0,0,0
8,1,7
7,0,7
1,0,1
2,0,2
0,0,0
12,1,11
17,0,17
2,2,0
0,0,0
5,2,3
0,0,0
8,20,-12
5,12,-7
1,4,-3
29,12,17
0,0,0
0,0,0
29,0,29
0,1,-1
1,3,-2
1,0,1
7,0,7
22,4,18
0,0,0
23,5,18
6,4,2
6,0,6
5,1,4
3,0,3
5,0,5
0,1,-1
0,0,0
6,1,5
8,12,-4
0,0,0
0,0,0
0,2,-2
8,9,-1
3,0,3
12,0,12
1,4,-3
2,0,2
3,0,3
9,5,4
1,0,1
2,0,2
0,0,0
32,2,30
4,0,4
12,3,9
1,1,0
1,0,1
0,2,-2
19,0,19
23,5,18
10,10,0
0,0,0
4,0,4
11,5,6
2,0,2
14,1,13
0,0,0
0,0,0
10,16,-6
22,0,22
6,6,0
0,0,0
9,1,8
5,3,2
10,10,0
26,15,11
9,3,6
6,8,-2
1,1,0
2,2,0
0,0,0
0,0,0
6,3,3
0,0,0
1,0,1
1,0,1
5,0,5
41,1,40
5,0,5
2,2,0
5,0,5
17,10,7
19,0,19
2,1,1
9,3,6
7,2,5
2,2,0
17,0,17
2,0,2
3,1,2
28,17,11
0,0,0
21,0,21
26,1,25
10,1,9
4,2,2
51,0,51
15,3,12
4,2,2
4,0,4
30,3,27
10,1,9
13,3,10
1,3,-2
12,0,12
1,0,1
19,6,13
5,0,5
1,0,1
5,3,2
4,3,1
2,7,-5
70,0,70
27,2,25
0,0,0
6,0,6
11,1,10
19,6,13
0,5,-5
4,3,1
3,0,3
14,1,13
13,8,5
21,0,21
2,0,2
11,0,11
0,0,0
0,0,0
6,4,2
6,0,6
1,5,-4
1,1,0
1,0,1
5,0,5
2,1,1
14,1,13
2,3,-1
2,0,2
11,0,11
19,8,11
1,0,1
16,9,7
5,0,5
12,7,5
0,0,0
7,0,7
6,0,6
1,0,1
43,4,39
4,0,4
1,0,1
69,0,69
1,0,1
2,2,0
0,0,0
5,0,5
0,0,0
1,0,1
2,0,2
0,0,0
0,0,0
4,10,-6
4,0,4
2,0,2
1,4,-3
2,3,-1
1,0,1
32,0,32
0,0,0
0,0,0
0,0,0
3,1,2
2,0,2
2,0,2
3,3,0
4,0,4
1,1,0
3,0,3
7,0,7
5,0,5
35,3,32
6,0,6
14,0,14
0,0,0
1,0,1
5,1,4
7,1,6
14,0,14
3,3,0
0,0,0
0,0,0
10,12,-2
1,0,1
0,0,0
22,0,22
20,1,19
0,1,-1
3,1,2
12,0,12
1,0,1
0,0,0
27,0,27
1,1,0
1,0,1
0,0,0
0,0,0
9,0,9
43,1,42
3,0,3
1,3,-2
7,3,4
0,0,0
25,0,25
0,16,-16
18,0,18
9,6,3
0,0,0
10,0,10
0,0,0
6,2,4
17,16,1
0,0,0
0,0,0
0,0,0
0,0,0
8,0,8
0,1,-1
0,0,0
2,5,-3
2,5,-3
3,0,3
1,0,1
0,0,0
8,18,-10
0,0,0
0,0,0
12,12,0
3,0,3
5,3,2
3,3,0
10,1,9
1,0,1
0,0,0
3,0,3
40,3,37
4,1,3
3,2,1
0,0,0
0,0,0
2,1,1
2,0,2
2,2,0
3,2,1
3,0,3
1,0,1
5,9,-4
0,0,0
60,20,40
0,1,-1
2,0,2
7,0,7
10,0,10
12,4,8
1,0,1
6,0,6
5,0,5
6,0,6
0,0,0
11,2,9
7,2,5
2,0,2
22,3,19
3,0,3
4,1,3
16,3,13
0,1,-1
11,1,10
11,4,7
15,5,10
1,0,1
13,0,13
4,0,4
8,18,-10
3,2,1
2,0,2
0,5,-5
1,0,1
18,5,13
0,0,0
4,1,3
1,0,1
5,2,3
0,0,0
0,3,-3
0,0,0
0,0,0
3,6,-3
1,6,-5
3,0,3
15,1,14
2,0,2
3,1,2
0,0,0
17,0,17
3,0,3
5,0,5
12,10,2
0,0,0
1,0,1
14,1,13
2,0,2
18,0,18
6,4,2
1,0,1
12,15,-3
0,0,0
1,0,1
0,6,-6
0,0,0
0,0,0
4,0,4
5,1,4
0,0,0
5,1,4
3,2,1
10,0,10
8,0,8
4,4,0
13,0,13
6,2,4
4,6,-2
0,0,0
2,0,2
0,0,0
1,3,-2
9,7,2
3,5,-2
24,0,24
0,0,0
11,1,10
1,0,1
4,0,4
1,0,1
0,0,0
1,2,-1
12,0,12
1,1,0
17,4,13
20,0,20
1,0,1
2,1,1
2,2,0
0,5,-5
9,1,8
15,1,14
0,0,0
1,0,1
2,0,2
0,0,0
12,2,10
8,2,6
1,4,-3
14,2,12
2,1,1
10,11,-1
0,0,0
2,0,2
10,3,7
62,0,62
2,2,0
2,1,1
18,16,2
0,0,0
1,4,-3
14,0,14
3,0,3
0,0,0
0,0,0
0,0,0
2,0,2
4,1,3
9,0,9
3,13,-10
9,2,7
1,0,1
0,0,0
4,1,3
6,1,5
5,2,3
3,3,0
7,2,5
27,1,26
1,0,1
0,0,0
2,1,1
1,9,-8
3,0,3
0,8,-8
4,0,4
49,1,48
9,0,9
1,1,0
8,0,8
5,3,2
0,0,0
0,0,0
3,3,0
1,0,1
9,5,4
8,1,7
1,0,1
22,0,22
2,1,1
0,8,-8
1,0,1
0,1,-1
29,1,28
1,3,-2
27,9,18
1,1,0
4,0,4
5,0,5
16,3,13
4,6,-2
9,4,5
1,0,1
11,1,10
1,0,1
14,1,13
1,0,1
8,1,7
0,0,0
13,0,13
15,2,13
2,0,2
4,0,4
6,0,6
32,1,31
4,0,4
16,1,15
6,0,6
4,2,2
2,14,-12
4,5,-1
9,0,9
0,1,-1
9,1,8
3,2,1
7,2,5
9,1,8
29,6,23
0,0,0
3,5,-2
3,0,3
5,3,2
3,0,3
9,0,9
0,0,0
9,10,-1
1,0,1
6,0,6
6,1,5
8,0,8
14,0,14
1,0,1
12,0,12
1,1,0
0,2,-2
8,0,8
1,0,1
15,0,15
0,0,0
13,0,13
6,6,0
1,0,1
4,0,4
0,0,0
6,0,6
0,0,0
4,8,-4
0,0,0
5,2,3
0,2,-2
5,0,5
1,0,1
14,4,10
5,0,5
21,0,21
7,0,7
5,1,4
6,1,5
5,0,5
16,0,16
23,0,23
3,0,3
16,0,16
6,0,6
2,1,1
1,0,1
6,0,6
2,2,0
8,0,8
2,0,2
8,4,4
0,1,-1
0,0,0
7,4,3
15,3,12
7,3,4
5,1,4
3,0,3
7,7,0
1,0,1
2,8,-6
0,0,0
15,13,2
9,0,9
2,4,-2
9,7,2
2,0,2
11,0,11
1,2,-1
0,0,0
16,0,16
2,1,1
0,0,0
1,0,1
11,0,11
10,4,6
1,3,-2
7,0,7
24,1,23
5,6,-1
59,0,59
7,2,5
0,4,-4
2,1,1
4,0,4
39,0,39
1,0,1
4,3,1
0,0,0
13,3,10
13,5,8
2,0,2
1,3,-2
8,3,5
0,2,-2
6,0,6
1,3,-2
14,11,3
22,2,20
1,4,-3
9,0,9
7,3,4
0,0,0
1,0,1
16,12,4
9,0,9
35,1,34
2,0,2
6,4,2
13,0,13
0,0,0
0,0,0
0,0,0
17,10,7
5,4,1
0,1,-1
28,6,22
33,0,33
2,0,2
14,3,11
1,0,1
2,1,1
16,11,5
0,0,0
20,0,20
0,0,0
0,0,0
2,1,1
0,0,0
1,0,1
1,1,0
2,0,2
13,2,11
1,0,1
0,0,0
32,7,25
3,0,3
11,2,9
1,1,0
1,1,0
0,0,0
0,6,-6
2,0,2
7,0,7
4,0,4
9,0,9
2,0,2
1,1,0
5,0,5
8,3,5
9,2,7
7,0,7
24,3,21
6,2,4
4,0,4
1,1,0
2,2,0
1,0,1
20,0,20
3,3,0
25,3,22
16,2,14
6,1,5
0,4,-4
3,0,3
1,0,1
1,1,0
0,1,-1
2,0,2
7,1,6
27,12,15
4,0,4
6,3,3
37,0,37
0,4,-4
3,0,3
3,1,2
13,5,8
12,13,-1
4,4,0
11,0,11
3,0,3
16,0,16
6,3,3
15,1,14
6,0,6
1,1,0
6,5,1
10,2,8
2,0,2
3,0,3
1,1,0
13,1,12
3,8,-5
20,0,20
11,5,6
0,0,0
0,0,0
0,0,0
7,1,6
3,5,-2
12,1,11
0,0,0
1,1,0
35,1,34
13,0,13
8,5,3
58,6,52
15,1,14
3,1,2
14,2,12
3,5,-2
0,2,-2
2,0,2
0,0,0
7,17,-10
26,0,26
4,0,4
21,0,21
5,9,-4
1,0,1
1,3,-2
0,0,0
9,0,9
0,0,0
9,5,4
6,0,6
10,1,9
1,0,1
4,0,4
12,0,12
12,0,12
6,4,2
11,4,7
4,0,4
17,18,-1
4,0,4
5,4,1
2,0,2
2,0,2
10,1,9
17,0,17
5,0,5
1,0,1
48,13,35
0,0,0
5,4,1
2,0,2
3,0,3
4,2,2
26,0,26
0,0,0
9,6,3
10,2,8
1,0,1
0,6,-6
0,0,0
0,0,0
2,0,2
9,0,9
5,1,4
1,0,1
10,6,4
11,13,-2
19,0,19
1,1,0
10,12,-2
8,5,3
3,0,3
0,3,-3
0,0,0
5,6,-1
14,0,14
3,0,3
1,1,0
6,0,6
0,8,-8
14,0,14
4,0,4
0,6,-6
19,0,19
0,0,0
2,0,2
0,0,0
4,0,4
8,0,8
2,0,2
0,10,-10
3,0,3
8,3,5
3,4,-1
5,0,5
4,2,2
12,2,10
22,5,17
1,0,1
2,0,2
1,1,0
0,0,0
11,1,10
0,0,0
2,3,-1
2,0,2
5,0,5
0,0,0
4,1,3
23,2,21
0,0,0
2,0,2
2,4,-2
0,0,0
0,0,0
1,1,0
0,1,-1
3,5,-2
1,0,1
0,0,0
0,0,0
1,2,-1
7,18,-11
19,1,18
0,0,0
23,4,19
1,0,1
6,0,6
3,1,2
8,0,8
0,0,0
3,0,3
3,15,-12
0,5,-5
4,1,3
22,0,22
2,6,-4
17,0,17
21,0,21
2,0,2
0,0,0
6,3,3
6,2,4
2,0,2
2,0,2
1,0,1
2,2,0
3,0,3
0,0,0
4,0,4
1,0,1
6,0,6
0,0,0
0,2,-2
38,2,36
4,4,0
0,0,0
0,0,0
21,0,21
9,1,8
5,9,-4
3,0,3
4,4,0
0,0,0
0,1,-1
30,2,28
91,2,89
4,0,4
13,0,13
0,0,0
20,8,12
6,1,5
24,3,21
4,8,-4
1,0,1
13,0,13
1,1,0
1,2,-1
6,0,6
0,4,-4
7,0,7
2,5,-3
0,2,-2
0,3,-3
2,0,2
2,0,2
0,1,-1
51,0,51
6,7,-1
10,0,10
27,12,15
10,1,9
2,0,2
3,0,3
35,9,26
5,1,4
29,0,29
24,9,15
0,0,0
6,2,4
10,3,7
0,0,0
0,0,0
18,2,16
0,0,0
0,2,-2
6,0,6
11,9,2
0,0,0
5,0,5
10,1,9
11,5,6
11,15,-4
7,4,3
26,11,15
1,2,-1
0,0,0
1,2,-1
13,0,13
3,0,3
13,0,13
8,0,8
7,0,7
9,0,9
0,0,0
12,1,11
32,7,25
2,2,0
10,13,-3
25,4,21
12,12,0
34,27,7
22,3,19
0,0,0
4,3,1
6,0,6
6,0,6
4,0,4
2,2,0
15,0,15
3,15,-12
4,2,2
3,0,3
0,1,-1
6,1,5
1,2,-1
2,0,2
7,1,6
0,0,0
27,1,26
0,0,0
23,5,18
0,0,0
0,3,-3
3,2,1
2,0,2
17,0,17
2,6,-4
6,0,6
3,1,2
1,5,-4
0,0,0
9,9,0
0,1,-1
8,0,8
14,3,11
6,0,6
74,0,74
9,0,9
1,0,1
3,2,1
7,3,4
4,1,3
15,0,15
5,2,3
22,14,8
0,0,0
1,1,0
12,0,12
3,2,1
1,0,1
9,9,0
31,1,30
6,0,6
6,6,0
12,5,7
1,1,0
0,0,0
1,0,1
4,1,3
7,5,2
0,2,-2
6,7,-1
9,0,9
5,0,5
10,1,9
0,0,0
20,1,19
0,2,-2
15,0,15
1,15,-14
0,0,0
6,3,3
11,7,4
12,0,12
4,0,4
5,9,-4
10,3,7
10,4,6
10,0,10
0,1,-1
11,0,11
0,0,0
13,0,13
1,3,-2
0,0,0
3,0,3
24,20,4
1,0,1
0,0,0
1,0,1
0,0,0
6,0,6
6,1,5
1,0,1
4,1,3
2,6,-4
13,4,9
0,0,0
8,17,-9
0,0,0
1,2,-1
0,0,0
4,0,4
6,0,6
6,0,6
22,0,22
5,1,4
0,0,0
0,0,0
6,3,3
0,1,-1
4,0,4
4,1,3
0,0,0
16,0,16
2,0,2
4,1,3
3,9,-6
7,13,-6
0,0,0
3,2,1
1,3,-2
3,0,3
2,2,0
8,6,2
8,4,4
7,0,7
19,1,18
12,3,9
0,0,0
16,10,6
6,2,4
9,10,-1
0,1,-1
7,0,7
0,0,0
20,0,20
5,0,5
0,0,0
29,10,19
35,39,-4
2,7,-5
1,0,1
3,0,3
7,0,7
4,7,-3
0,0,0
15,7,8
6,0,6
2,2,0
1,0,1
0,0,0
19,0,19
0,0,0
0,0,0
2,2,0
0,1,-1
6,0,6
0,0,0
9,1,8
1,0,1
11,0,11
12,4,8
14,0,14
4,0,4
12,0,12
4,0,4
10,0,10
0,0,0
1,0,1
0,0,0
25,0,25
10,6,4
16,0,16
0,0,0
14,8,6
1,0,1
1,3,-2
0,0,0
3,3,0
9,4,5
4,0,4
6,2,4
2,3,-1
28,0,28
12,0,12
15,6,9
16,8,8
23,3,20
6,1,5
5,1,4
6,0,6
4,0,4
6,0,6
9,5,4
24,1,23
1,3,-2
4,0,4
2,0,2
0,0,0
6,0,6
11,0,11
5,0,5
1,0,1
14,2,12
0,0,0
3,1,2
5,3,2
7,0,7
0,0,0
2,0,2
0,0,0
4,1,3
1,0,1
9,1,8
8,0,8
7,0,7
0,3,-3
10,7,3
44,0,44
9,2,7
6,0,6
6,0,6
0,0,0
1,0,1
2,0,2
3,5,-2
0,0,0
3,0,3
0,0,0
0,11,-11
3,0,3
0,0,0
2,0,2
0,0,0
35,3,32
1,2,-1
0,0,0
28,2,26
0,1,-1
6,0,6
8,2,6
8,4,4
1,2,-1
20,3,17
10,1,9
11,0,11
3,4,-1
1,4,-3
7,0,7
35,1,34
5,0,5
6,0,6
6,2,4
10,3,7
3,0,3
3,2,1
0,0,0
6,0,6
13,8,5
6,3,3
2,10,-8
10,0,10
8,3,5
5,1,4
0,0,0
8,1,7
5,8,-3
0,1,-1
3,0,3
0,0,0
2,0,2
14,0,14
7,5,2
1,2,-1
12,0,12
0,0,0
2,0,2
3,3,0
9,0,9
13,0,13
9,3,6
2,4,-2
31,7,24
1,1,0
3,0,3
5,12,-7
1,0,1
0,0,0
2,2,0
0,0,0
0,0,0
4,7,-3
3,0,3
15,2,13
0,0,0
1,0,1
7,1,6
2,0,2
24,1,23
21,0,21
33,12,21
13,9,4
2,0,2
2,2,0
1,2,-1
9,0,9
2,2,0
6,1,5
2,1,1
6,18,-12
5,6,-1
3,1,2
2,0,2
15,0,15
2,0,2
18,0,18
0,0,0
4,2,2
6,0,6
9,1,8
10,0,10
4,1,3
2,0,2
5,0,5
12,1,11
6,0,6
4,2,2
0,0,0
10,0,10
0,1,-1
3,2,1
5,18,-13
1,0,1
0,2,-2
1,1,0
0,0,0
0,0,0
3,1,2
0,0,0
12,0,12
0,0,0
0,0,0
0,0,0
3,0,3
2,0,2
0,0,0
1,0,1
0,0,0
1,0,1
3,0,3
0,1,-1
1,0,1
13,0,13
5,0,5
6,2,4
0,0,0
27,2,25
2,3,-1
6,4,2
2,0,2
2,0,2
12,5,7
14,6,8
17,4,13
7,1,6
3,0,3
47,27,20
22,0,22
7,1,6
12,0,12
16,2,14
0,0,0
1,0,1
5,0,5
2,4,-2
11,5,6
1,0,1
11,0,11
36,2,34
1,5,-4
9,8,1
2,0,2
2,6,-4
11,0,11
0,0,0
6,2,4
0,0,0
2,3,-1
0,0,0
1,3,-2
0,0,0
0,0,0
2,0,2
19,0,19
5,0,5
20,1,19
3,0,3
9,1,8
2,1,1
3,0,3
0,0,0
0,0,0
0,0,0
4,1,3
12,3,9
20,0,20
16,0,16
3,0,3
0,1,-1
0,12,-12
1,0,1
1,2,-1
1,0,1
5,0,5
11,0,11
10,0,10
12,3,9
0,6,-6
1,0,1
8,1,7
10,0,10
3,0,3
13,7,6
5,2,3
7,1,6
2,0,2
15,10,5
0,0,0
0,0,0
1,1,0
6,5,1
1,0,1
6,0,6
2,1,1
7,1,6
0,0,0
2,0,2
0,0,0
2,0,2
4,0,4
3,0,3
1,0,1
2,0,2
4,1,3
3,0,3
6,5,1
1,0,1
3,3,0
5,2,3
12,11,1
2,8,-6
5,0,5
0,10,-10
0,0,0
2,0,2
3,3,0
13,1,12
3,8,-5
2,0,2
2,0,2
0,1,-1
4,2,2
2,1,1
0,2,-2
0,0,0
0,0,0
0,0,0
5,7,-2
20,4,16
1,1,0
6,0,6
4,0,4
1,0,1
0,0,0
12,1,11
4,6,-2
1,4,-3
9,0,9
1,0,1
5,1,4
11,3,8
3,0,3
0,0,0
3,1,2
0,0,0
0,0,0
8,3,5
25,0,25
1,0,1
0,2,-2
0,0,0
19,4,15
2,0,2
12,6,6
1,5,-4
8,5,3
1,4,-3
19,17,2
17,0,17
6,0,6
8,0,8
15,3,12
1,1,0
23,4,19
10,0,10
6,0,6
4,9,-5
0,0,0
5,0,5
12,6,6
2,2,0
7,2,5
10,1,9
1,1,0
21,10,11
5,6,-1
11,0,11
0,5,-5
6,0,6
0,0,0
2,1,1
6,16,-10
1,0,1
0,0,0
30,1,29
0,0,0
17,0,17
0,0,0
1,1,0
0,0,0
3,9,-6
1,0,1
6,14,-8
5,1,4
5,6,-1
9,1,8
12,1,11
18,0,18
0,0,0
2,0,2
7,6,1
0,0,0
4,0,4
3,0,3
0,0,0
3,0,3
2,0,2
0,0,0
3,5,-2
17,3,14
5,2,3
7,5,2
48,5,43
1,0,1
0,0,0
1,8,-7
13,6,7
10,0,10
9,4,5
7,7,0
12,2,10
0,0,0
2,2,0
2,0,2
1,1,0
3,0,3
6,1,5
0,1,-1
5,2,3
1,0,1
3,9,-6
1,5,-4
59,0,59
0,0,0
5,0,5
1,0,1
31,0,31
5,3,2
2,0,2
0,0,0
5,3,2
3,0,3
5,0,5
15,5,10
3,0,3
14,11,3
3,0,3
4,0,4
1,1,0
1,0,1
4,2,2
0,0,0
4,3,1
2,5,-3
6,0,6
0,0,0
3,0,3
3,0,3
1,3,-2
16,6,10
5,0,5
0,0,0
8,0,8
1,0,1
1,0,1
3,1,2
2,1,1
0,0,0
10,2,8
32,8,24
0,0,0
2,1,1
7,0,7
0,0,0
1,0,1
1,0,1
1,0,1
3,2,1
15,0,15
6,0,6
0,0,0
8,8,0
2,0,2
0,0,0
3,0,3
0,0,0
10,0,10
1,1,0
7,4,3
0,0,0
2,2,0
19,7,12
0,0,0
1,0,1
0,0,0
2,0,2
0,0,0
4,0,4
3,0,3
36,0,36
1,0,1
3,1,2
8,0,8
7,0,7
2,0,2
3,0,3
39,0,39
10,0,10
17,1,16
9,0,9
1,0,1
2,0,2
5,1,4
3,0,3
3,3,0
6,3,3
2,0,2
1,0,1
1,0,1
17,2,15
0,0,0
2,1,1
10,2,8
2,0,2
0,0,0
3,1,2
10,8,2
1,0,1
6,0,6
1,0,1
6,5,1
4,5,-1
1,0,1
6,3,3
1,0,1
1,0,1
0,2,-2
24,0,24
0,0,0
19,0,19
7,4,3
5,12,-7
12,0,12
75,3,72
8,0,8
1,0,1
5,0,5
17,5,12
2,0,2
1,0,1
2,0,2
0,1,-1
5,2,3
7,0,7
25,14,11
4,1,3
1,0,1
0,0,0
0,0,0
2,3,-1
6,0,6
13,0,13
5,6,-1
9,2,7
10,0,10
10,0,10
17,10,7
0,0,0
17,2,15
1,5,-4
7,2,5
15,2,13
22,0,22
45,3,42
0,0,0
10,2,8
0,0,0
14,0,14
0,0,0
3,5,-2
6,2,4
16,11,5
2,0,2
0,0,0
7,0,7
2,0,2
1,4,-3
14,13,1
0,0,0
32,0,32
0,0,0
1,0,1
2,0,2
0,0,0
8,1,7
0,2,-2
8,0,8
11,0,11
0,0,0
21,0,21
12,0,12
1,1,0
10,1,9
2,0,2
6,0,6
7,1,6
10,4,6
4,12,-8
15,0,15
18,7,11
0,0,0
1,0,1
4,7,-3
33,16,17
0,0,0
0,0,0
0,0,0
0,0,0
3,0,3
32,6,26
5,2,3
29,0,29
4,2,2
0,0,0
0,10,-10
40,13,27
12,2,10
9,1,8
1,0,1
0,0,0
4,5,-1
0,0,0
1,1,0
2,12,-10
2,0,2
2,1,1
21,1,20
9,0,9
7,1,6
5,1,4
3,3,0
10,0,10
9,5,4
0,3,-3
1,0,1
3,5,-2
8,4,4
1,0,1
9,0,9
33,0,33
9,0,9
11,1,10
0,0,0
3,0,3
9,2,7
0,18,-18
2,3,-1
22,0,22
1,1,0
0,1,-1
20,0,20
1,1,0
0,3,-3
0,0,0
5,0,5
2,0,2
20,3,17
5,0,5
6,4,2
4,4,0
5,0,5
1,0,1
1,0,1
5,0,5
29,7,22
1,0,1
1,3,-2
3,0,3
3,2,1
7,2,5
1,0,1
1,0,1
15,0,15
3,6,-3
2,0,2
1,3,-2
15,0,15
6,1,5
6,4,2
6,0,6
0,0,0
2,0,2
2,0,2
3,0,3
9,4,5
59,0,59
6,0,6
27,2,25
5,2,3
3,2,1
0,0,0
0,0,0
0,1,-1
1,0,1
23,6,17
32,0,32
14,8,6
5,0,5
8,13,-5
0,0,0
2,0,2
3,0,3
10,0,10
1,1,0
20,4,16
3,0,3
0,0,0
6,0,6
1,0,1
1,0,1
7,0,7
0,1,-1
0,0,0
1,1,0
5,0,5
21,0,21
2,1,1
2,1,1
2,0,2
12,0,12
1,0,1
1,0,1
4,7,-3
4,0,4
7,0,7
74,9,65
10,0,10
0,0,0
1,1,0
0,0,0
22,1,21
0,0,0
1,0,1
7,0,7
9,3,6
1,3,-2
14,2,12
9,7,2
0,0,0
1,0,1
0,0,0
1,0,1
0,14,-14
0,0,0
6,3,3
15,0,15
7,2,5
14,7,7
9,0,9
2,0,2
15,8,7
2,0,2
6,0,6
5,0,5
4,3,1
0,0,0
11,0,11
29,5,24
4,2,2
1,0,1
2,0,2
15,9,6
0,2,-2
18,3,15
18,12,6
0,0,0
21,2,19
2,0,2
5,1,4
8,0,8
2,0,2
2,0,2
15,1,14
6,0,6
0,0,0
15,0,15
92,0,92
8,2,6
2,0,2
12,4,8
2,1,1
1,0,1
2,0,2
1,0,1
3,0,3
0,0,0
4,4,0
7,2,5
3,0,3
38,3,35
6,0,6
16,5,11
0,0,0
9,10,-1
7,2,5
5,0,5
5,6,-1
9,6,3
3,1,2
3,0,3
7,0,7
2,0,2
0,0,0
0,0,0
0,5,-5
0,0,0
26,7,19
0,0,0
7,5,2
7,0,7
4,6,-2
16,3,13
7,0,7
8,0,8
12,0,12
1,0,1
0,0,0
2,2,0
12,1,11
1,0,1
1,1,0
10,1,9
0,1,-1
3,1,2
1,2,-1
2,0,2
1,0,1
4,1,3
1,0,1
28,2,26
2,2,0
0,0,0
0,0,0
5,3,2
24,9,15
8,0,8
0,0,0
0,1,-1
4,0,4
4,2,2
7,9,-2
2,0,2
66,18,48
5,4,1
0,0,0
5,3,2
22,0,22
0,2,-2
0,0,0
10,0,10
3,1,2
3,0,3
0,0,0
5,0,5
5,0,5
1,5,-4
0,0,0
7,0,7
2,0,2
4,4,0
0,2,-2
5,1,4
1,1,0
13,5,8
1,0,1
4,0,4
18,1,17
6,1,5
15,0,15
0,0,0
0,0,0
25,5,20
1,0,1
13,2,11
9,4,5
2,0,2
0,0,0
7,5,2
8,0,8
6,0,6
0,0,0
1,1,0
9,13,-4
1,0,1
1,3,-2
0,0,0
15,0,15
0,0,0
8,5,3
12,13,-1
5,2,3
3,1,2
1,0,1
0,0,0
7,1,6
5,2,3
9,6,3
7,2,5
0,0,0
3,7,-4
13,0,13
32,2,30
4,2,2
15,8,7
1,0,1
2,0,2
21,2,19
2,1,1
5,3,2
0,0,0
17,0,17
8,0,8
0,1,-1
5,2,3
2,0,2
0,0,0
0,0,0
2,17,-15
10,8,2
1,3,-2
1,0,1
9,0,9
0,0,0
21,0,21
19,0,19
10,1,9
0,0,0
6,0,6
8,6,2
0,0,0
17,0,17
2,1,1
1,0,1
2,2,0
1,0,1
10,2,8
0,0,0
13,0,13
0,0,0
10,1,9
4,1,3
0,0,0
3,0,3
9,1,8
3,15,-12
14,0,14
13,8,5
9,5,4
55,0,55
21,0,21
0,0,0
12,10,2
12,0,12
5,7,-2
1,0,1
31,16,15
2,0,2
9,0,9
19,1,18
0,2,-2
23,13,10
1,2,-1
3,0,3
1,0,1
17,0,17
0,1,-1
3,3,0
6,0,6
0,0,0
5,0,5
2,0,2
8,0,8
7,0,7
36,4,32
1,0,1
19,2,17
3,2,1
0,0,0
10,0,10
10,0,10
57,9,48
5,0,5
0,1,-1
27,2,25
52,33,19
1,0,1
10,2,8
4,0,4
4,0,4
13,0,13
0,1,-1
2,0,2
2,3,-1
51,0,51
4,0,4
8,3,5
4,1,3
3,0,3
6,0,6
0,0,0
3,9,-6
8,3,5
13,1,12
8,3,5
0,3,-3
7,3,4
1,0,1
2,8,-6
9,9,0
5,2,3
1,5,-4
8,0,8
0,0,0
11,0,11
7,0,7
5,7,-2
0,2,-2
0,0,0
4,6,-2
1,6,-5
8,8,0
0,0,0
7,0,7
15,8,7
2,6,-4
0,0,0
6,0,6
1,1,0
10,0,10
0,7,-7
0,0,0
11,16,-5
6,0,6
1,4,-3
4,0,4
4,0,4
0,0,0
2,2,0
12,6,6
2,2,0
2,0,2
13,1,12
4,0,4
3,1,2
1,0,1
2,7,-5
5,0,5
2,0,2
0,0,0
6,4,2
11,2,9
1,1,0
0,1,-1
1,1,0
2,0,2
0,2,-2
27,0,27
6,1,5
0,2,-2
5,0,5
1,1,0
1,1,0
12,0,12
21,0,21
7,0,7
0,1,-1
9,3,6
2,0,2
8,8,0
0,0,0
3,0,3
0,0,0
2,2,0
0,5,-5
1,0,1
14,5,9
26,10,16
0,0,0
17,0,17
11,1,10
35,2,33
21,0,21
1,1,0
0,0,0
3,0,3
3,0,3
0,0,0
10,0,10
9,1,8
2,8,-6
1,0,1
0,0,0
7,0,7
5,2,3
1,0,1
15,0,15
21,7,14
2,0,2
0,1,-1
16,1,15
0,0,0
1,0,1
3,3,0
1,0,1
5,0,5
6,4,2
7,0,7
10,0,10
0,0,0
10,18,-8
1,0,1
8,0,8
2,0,2
18,0,18
3,0,3
57,20,37
2,6,-4
4,0,4
2,0,2
0,1,-1
15,7,8
2,0,2
14,8,6
5,7,-2
5,0,5
5,1,4
1,1,0
9,0,9
4,0,4
42,17,25
0,1,-1
5,0,5
1,5,-4
0,0,0
0,0,0
0,0,0
1,0,1
1,0,1
22,3,19
2,4,-2
52,3,49
7,0,7
0,0,0
0,1,-1
3,0,3
24,0,24
5,7,-2
6,6,0
1,0,1
9,9,0
1,0,1
3,0,3
1,0,1
2,1,1
4,2,2
0,0,0
3,2,1
4,0,4
3,3,0
0,0,0
5,3,2
24,1,23
1,0,1
0,0,0
15,0,15
4,0,4
1,2,-1
11,0,11
11,1,10
0,0,0
0,0,0
1,0,1
0,7,-7
12,0,12
4,1,3
3,0,3
3,2,1
3,0,3
3,0,3
0,0,0
46,2,44
1,1,0
0,0,0
1,1,0
35,0,35
0,2,-2
8,0,8
6,0,6
9,2,7
2,0,2
1,0,1
1,0,1
0,0,0
1,0,1
0,0,0
20,0,20
8,0,8
56,6,50
2,0,2
8,7,1
6,2,4
5,0,5
8,2,6
1,0,1
2,0,2
9,2,7
22,1,21
28,10,18
4,15,-11
9,1,8
38,8,30
0,0,0
3,0,3
0,0,0
31,1,30
0,1,-1
0,0,0
11,5,6
4,3,1
4,2,2
2,0,2
6,10,-4
29,0,29
9,0,9
0,5,-5
1,2,-1
0,0,0
7,5,2
29,5,24
1,0,1
11,10,1
0,0,0
8,4,4
0,0,0
0,0,0
18,5,13
44,16,28
30,0,30
1,5,-4
13,2,11
4,0,4
0,0,0
2,0,2
11,2,9
16,7,9
5,0,5
3,3,0
8,0,8
12,2,10
3,0,3
4,1,3
4,0,4
39,13,26
2,1,1
26,10,16
0,0,0
9,1,8
5,2,3
11,9,2
5,11,-6
4,0,4
8,0,8
16,3,13
1,0,1
5,4,1
3,0,3
1,0,1
1,0,1
3,0,3
20,4,16
6,0,6
0,0,0
2,0,2
0,0,0
4,0,4
3,0,3
0,2,-2
1,0,1
1,0,1
2,0,2
1,0,1
3,1,2
15,0,15
13,8,5
4,0,4
3,0,3
6,0,6
11,1,10
22,0,22
5,2,3
0,4,-4
1,0,1
11,0,11
9,1,8
6,3,3
0,1,-1
1,0,1
3,0,3
0,0,0
6,7,-1
3,0,3
2,2,0
0,0,0
0,0,0
4,0,4
0,0,0
9,0,9
8,15,-7
13,1,12
5,0,5
6,5,1
0,0,0
4,0,4
0,0,0
6,9,-3
12,11,1
7,8,-1
2,0,2
7,7,0
4,1,3
47,11,36
68,0,68
2,0,2
2,0,2
8,0,8
0,0,0
9,1,8
14,5,9
6,1,5
3,2,1
2,12,-10
6,0,6
1,11,-10
46,1,45
2,2,0
2,0,2
1,0,1
0,0,0
7,1,6
11,1,10
21,0,21
2,0,2
6,12,-6
24,0,24
3,0,3
4,0,4
2,5,-3
17,2,15
5,2,3
19,3,16
21,2,19
2,0,2
3,2,1
13,5,8
12,0,12
8,1,7
14,3,11
21,0,21
19,0,19
10,5,5
45,2,43
5,0,5
1,0,1
2,0,2
11,1,10
4,2,2
3,0,3
0,0,0
1,0,1
0,0,0
2,0,2
1,3,-2
4,0,4
15,4,11
9,0,9
4,5,-1
7,0,7
6,0,6
8,9,-1
20,15,5
0,0,0
4,13,-9
12,0,12
6,2,4
2,0,2
4,0,4
2,0,2
2,2,0
14,1,13
6,2,4
6,0,6
2,1,1
0,7,-7
9,17,-8
0,0,0
13,0,13
45,1,44
0,1,-1
2,3,-1
0,0,0
3,3,0
7,0,7
1,0,1
0,0,0
1,2,-1
2,0,2
5,0,5
1,1,0
18,1,17
9,0,9
9,0,9
0,0,0
5,5,0
15,1,14
1,0,1
12,2,10
25,2,23
0,0,0
7,0,7
4,3,1
0,0,0
4,0,4
3,0,3
0,0,0
8,0,8
3,0,3
4,1,3
8,0,8
0,0,0
9,1,8
7,0,7
5,0,5
19,0,19
8,0,8
28,2,26
3,0,3
0,14,-14
19,10,9
39,9,30
5,1,4
0,0,0
0,0,0
5,1,4
16,0,16
12,0,12
41,14,27
7,0,7
1,1,0
1,1,0
8,1,7
4,1,3
92,7,85
1,0,1
2,1,1
4,0,4
5,3,2
1,0,1
6,0,6
112,0,112
3,0,3
2,0,2
1,0,1
4,6,-2
9,9,0
5,0,5
8,0,8
7,6,1
3,0,3
8,0,8
14,5,9
3,0,3
2,0,2
24,8,16
0,1,-1
4,0,4
2,0,2
4,0,4
0,0,0
17,6,11
1,3,-2
2,2,0
0,0,0
3,5,-2
11,2,9
0,3,-3
0,0,0
0,1,-1
2,0,2
2,0,2
0,1,-1
0,0,0
23,0,23
5,0,5
16,4,12
1,0,1
2,0,2
20,1,19
0,0,0
2,0,2
2,2,0
11,1,10
19,10,9
5,1,4
0,0,0
6,5,1
0,0,0
1,0,1
2,0,2
4,0,4
5,0,5
0,2,-2
4,0,4
3,0,3
1,1,0
6,10,-4
9,2,7
1,0,1
1,1,0
5,8,-3
1,0,1
0,0,0
0,0,0
4,0,4
26,0,26
6,0,6
0,0,0
43,2,41
6,4,2
5,2,3
6,2,4
0,0,0
1,0,1
5,0,5
2,3,-1
4,0,4
7,0,7
5,0,5
0,0,0
7,0,7
9,0,9
3,0,3
6,0,6
6,6,0
0,0,0
5,1,4
0,1,-1
0,0,0
34,1,33
14,0,14
40,0,40
7,4,3
6,0,6
6,0,6
3,0,3
7,8,-1
2,0,2
10,2,8
1,4,-3
0,0,0
3,1,2
1,7,-6
2,1,1
13,0,13
0,0,0
10,0,10
1,0,1
0,0,0
3,1,2
5,0,5
6,1,5
6,1,5
2,0,2
7,5,2
11,0,11
20,2,18
1,0,1
6,4,2
8,0,8
4,1,3
8,0,8
2,0,2
10,10,0
0,0,0
2,1,1
7,2,5
20,20,0
0,0,0
1,0,1
0,1,-1
0,0,0
0,0,0
13,0,13
8,0,8
2,0,2
0,1,-1
0,0,0
11,3,8
25,2,23
35,2,33
7,0,7
6,6,0
5,1,4
5,3,2
1,0,1
31,5,26
24,0,24
3,5,-2
6,0,6
1,1,0
1,1,0
1,0,1
7,5,2
0,0,0
7,0,7
7,9,-2
1,3,-2
9,1,8
3,0,3
1,5,-4
3,0,3
2,0,2
3,0,3
37,0,37
0,0,0
9,0,9
3,0,3
0,0,0
26,6,20
4,2,2
0,0,0
7,0,7
3,0,3
3,0,3
11,0,11
3,0,3
6,5,1
4,3,1
0,0,0
8,4,4
18,1,17
8,1,7
1,1,0
18,1,17
30,4,26
1,3,-2
8,5,3
0,1,-1
11,3,8
17,1,16
19,0,19
2,0,2
10,3,7
13,1,12
7,0,7
0,0,0
1,0,1
7,0,7
7,1,6
3,0,3
0,1,-1
1,0,1
4,0,4
4,4,0
2,0,2
23,0,23
34,10,24
4,9,-5
15,4,11
3,0,3
2,0,2
10,0,10
7,0,7
1,6,-5
15,3,12
19,12,7
0,0,0
1,0,1
16,15,1
0,0,0
0,0,0
0,2,-2
0,1,-1
1,5,-4
1,0,1
7,1,6
3,3,0
16,0,16
0,0,0
12,3,9
24,0,24
0,3,-3
5,0,5
0,0,0
7,19,-12
3,0,3
1,0,1
0,0,0
9,0,9
0,0,0
18,10,8
0,0,0
18,1,17
2,0,2
1,0,1
13,3,10
4,0,4
8,3,5
7,2,5
2,1,1
1,0,1
20,0,20
0,0,0
2,0,2
9,7,2
27,0,27
2,17,-15
0,0,0
9,0,9
6,3,3
0,0,0
4,10,-6
0,0,0
0,0,0
0,0,0
27,4,23
8,3,5
6,3,3
0,0,0
5,0,5
1,0,1
3,0,3
1,2,-1
4,2,2
85,16,69
4,0,4
27,0,27
33,0,33
4,0,4
3,0,3
37,37,0
18,6,12
6,4,2
0,0,0
43,3,40
29,2,27
4,0,4
3,1,2
14,0,14
0,0,0
0,0,0
27,6,21
3,1,2
0,0,0
3,1,2
0,0,0
7,0,7
4,5,-1
29,15,14
2,1,1
4,7,-3
7,6,1
10,0,10
2,0,2
7,4,3
0,0,0
5,5,0
4,0,4
10,0,10
0,0,0
2,0,2
2,3,-1
3,0,3
7,13,-6
24,6,18
3,0,3
0,1,-1
1,0,1
1,0,1
25,0,25
14,1,13
8,2,6
6,7,-1
21,1,20
4,0,4
7,0,7
11,0,11
16,1,15
9,0,9
16,9,7
1,0,1
1,0,1
25,1,24
8,6,2
1,3,-2
2,0,2
7,8,-1
15,0,15
6,0,6
5,12,-7
19,1,18
5,0,5
1,0,1
0,0,0
0,1,-1
0,0,0
1,0,1
0,0,0
11,11,0
4,1,3
0,0,0
0,15,-15
0,0,0
19,0,19
1,1,0
5,0,5
12,4,8
0,0,0
7,5,2
4,0,4
30,4,26
1,3,-2
0,0,0
7,0,7
0,2,-2
0,0,0
1,6,-5
4,0,4
1,0,1
30,5,25
2,10,-8
10,0,10
13,3,10
2,1,1
10,0,10
6,4,2
4,0,4
0,0,0
3,3,0
0,0,0
0,0,0
0,0,0
1,0,1
8,8,0
2,4,-2
5,0,5
2,0,2
1,3,-2
1,1,0
5,4,1
2,0,2
2,0,2
5,0,5
15,0,15
5,0,5
8,5,3
3,11,-8
2,0,2
4,1,3
0,0,0
3,0,3
0,0,0
8,0,8
28,2,26
2,4,-2
1,0,1
1,7,-6
4,5,-1
0,0,0
9,5,4
3,1,2
4,0,4
0,1,-1
1,1,0
1,0,1
22,4,18
0,0,0
13,0,13
4,0,4
20,0,20
3,0,3
1,3,-2
8,7,1
0,0,0
3,2,1
7,3,4
0,0,0
21,0,21
2,0,2
7,1,6
8,1,7
18,6,12
1,0,1
2,1,1
0,0,0
1,0,1
12,0,12
9,3,6
2,1,1
0,0,0
43,2,41
2,3,-1
4,14,-10
8,5,3
1,1,0
4,0,4
2,5,-3
5,5,0
0,0,0
8,10,-2
2,0,2
0,0,0
4,0,4
2,0,2
1,2,-1
11,4,7
24,8,16
47,12,35
10,3,7
4,0,4
5,2,3
0,0,0
1,0,1
1,2,-1
2,0,2
16,2,14
13,2,11
7,0,7
0,0,0
28,9,19
27,0,27
0,0,0
4,0,4
10,2,8
6,0,6
7,3,4
7,1,6
4,0,4
6,2,4
0,0,0
3,1,2
2,0,2
1,0,1
10,10,0
0,0,0
0,0,0
3,0,3
2,2,0
4,0,4
0,2,-2
0,0,0
2,0,2
6,3,3
3,3,0
0,1,-1
1,1,0
16,6,10
4,0,4
0,0,0
7,2,5
2,0,2
10,4,6
3,0,3
45,1,44
8,0,8
20,1,19
1,0,1
4,4,0
15,2,13
3,3,0
3,11,-8
4,2,2
9,6,3
7,6,1
1,0,1
13,0,13
11,1,10
0,4,-4
5,0,5
2,0,2
0,0,0
10,0,10
6,0,6
12,7,5
5,1,4
0,0,0
0,0,0
2,0,2
0,0,0
31,2,29
12,0,12
0,0,0
16,0,16
6,0,6
57,0,57
4,1,3
18,1,17
7,2,5
1,1,0
1,0,1
2,2,0
9,0,9
0,0,0
0,0,0
8,5,3
6,0,6
0,0,0
11,5,6
5,12,-7
8,0,8
13,2,11
2,0,2
9,0,9
4,0,4
0,0,0
0,0,0
1,0,1
6,12,-6
14,0,14
1,0,1
10,3,7
9,0,9
4,8,-4
1,0,1
4,0,4
0,0,0
11,7,4
2,9,-7
0,0,0
2,0,2
1,1,0
0,0,0
1,0,1
0,0,0
1,0,1
1,1,0
2,0,2
0,14,-14
2,0,2
7,0,7
4,3,1
7,0,7
2,2,0
1,0,1
8,8,0
2,0,2
3,1,2
2,0,2
1,0,1
0,0,0
19,0,19
15,4,11
18,9,9
3,3,0
1,0,1
3,2,1
8,0,8
9,0,9
0,0,0
0,1,-1
1,0,1
12,0,12
0,0,0
3,1,2
0,0,0
1,1,0
5,0,5
7,9,-2
10,4,6
7,0,7
6,5,1
1,0,1
22,14,8
7,0,7
5,0,5
0,0,0
8,1,7
2,0,2
0,0,0
0,0,0
1,5,-4
0,0,0
0,0,0
13,0,13
16,7,9
9,0,9
2,0,2
3,0,3
0,0,0
5,0,5
4,1,3
0,0,0
0,0,0
0,0,0
6,2,4
6,0,6
1,0,1
17,0,17
13,15,-2
20,0,20
4,1,3
3,0,3
0,0,0
15,0,15
1,5,-4
10,0,10
5,0,5
0,1,-1
17,1,16
4,0,4
21,8,13
0,4,-4
0,0,0
0,0,0
0,8,-8
2,0,2
0,0,0
5,5,0
5,0,5
8,6,2
18,1,17
4,0,4
4,0,4
0,0,0
12,2,10
10,0,10
26,13,13
0,0,0
22,2,20
0,0,0
5,1,4
1,0,1
17,17,0
3,0,3
9,0,9
8,0,8
0,1,-1
0,0,0
0,0,0
0,8,-8
6,0,6
3,5,-2
17,15,2
14,8,6
15,4,11
1,4,-3
14,3,11
19,0,19
0,0,0
4,4,0
2,1,1
5,3,2
11,10,1
11,0,11
12,1,11
0,1,-1
16,1,15
18,5,13
6,0,6
0,0,0
6,3,3
14,0,14
1,0,1
1,1,0
0,0,0
5,9,-4
14,8,6
8,0,8
3,0,3
2,3,-1
0,0,0
2,0,2
3,0,3
0,0,0
6,6,0
0,5,-5
2,0,2
0,0,0
11,0,11
20,5,15
2,0,2
9,0,9
2,0,2
1,1,0
4,0,4
0,2,-2
3,0,3
15,0,15
0,0,0
9,5,4
4,0,4
3,8,-5
3,0,3
0,10,-10
1,2,-1
26,17,9
2,0,2
16,0,16
27,2,25
2,1,1
1,2,-1
4,0,4
2,2,0
14,7,7
22,2,20
19,13,6
20,1,19
16,1,15
9,5,4
0,0,0
0,1,-1
5,0,5
0,0,0
0,0,0
11,3,8
11,2,9
16,3,13
1,3,-2
11,0,11
10,0,10
5,0,5
0,0,0
7,7,0
6,0,6
2,0,2
4,0,4
0,1,-1
7,1,6
3,0,3
2,0,2
4,1,3
0,0,0
14,5,9
49,3,46
0,0,0
2,39,-37
0,0,0
2,1,1
1,0,1
17,7,10
1,0,1
8,2,6
9,0,9
2,0,2
10,1,9
18,6,12
8,0,8
1,0,1
3,3,0
5,0,5
18,0,18
38,15,23
4,0,4
0,0,0
9,1,8
3,0,3
0,0,0
28,4,24
4,0,4
0,3,-3
0,14,-14
4,2,2
0,0,0
15,1,14
2,0,2
2,0,2
6,13,-7
1,0,1
10,14,-4
1,1,0
0,4,-4
12,0,12
0,0,0
16,16,0
0,0,0
0,0,0
3,1,2
3,4,-1
13,4,9
0,0,0
8,0,8
8,3,5
14,1,13
0,0,0
1,0,1
0,0,0
9,4,5
0,0,0
1,1,0
0,0,0
16,5,11
2,0,2
0,1,-1
5,2,3
3,0,3
2,0,2
3,6,-3
4,0,4
13,0,13
0,2,-2
50,1,49
13,1,12
4,0,4
13,5,8
5,0,5
17,3,14
3,3,0
5,9,-4
13,0,13
1,0,1
1,0,1
7,0,7
5,0,5
5,8,-3
0,0,0
6,0,6
7,1,6
1,0,1
0,0,0
1,1,0
4,0,4
15,3,12
15,5,10
1,10,-9
3,0,3
6,0,6
5,0,5
6,6,0
2,0,2
18,0,18
0,0,0
7,0,7
1,0,1
1,1,0
11,6,5
5,2,3
2,0,2
1,5,-4
3,0,3
4,2,2
39,4,35
0,0,0
8,0,8
0,0,0
0,0,0
0,0,0
12,0,12
1,2,-1
32,12,20
8,0,8
0,0,0
1,0,1
8,3,5
3,1,2
6,0,6
24,2,22
0,3,-3
15,2,13
17,1,16
12,7,5
0,0,0
0,0,0
0,0,0
0,0,0
4,0,4
6,0,6
3,0,3
0,0,0
0,7,-7
0,0,0
12,3,9
3,3,0
3,1,2
4,0,4
0,0,0
10,0,10
1,0,1
0,0,0
7,0,7
1,0,1
1,0,1
7,0,7
7,0,7
7,0,7
0,0,0
6,3,3
14,0,14
0,0,0
18,0,18
18,1,17
4,9,-5
0,0,0
2,2,0
1,0,1
1,7,-6
0,0,0
0,1,-1
3,0,3
1,3,-2
1,3,-2
8,0,8
6,2,4
33,0,33
40,28,12
0,1,-1
1,1,0
0,0,0
28,15,13
6,1,5
1,0,1
0,0,0
1,0,1
7,3,4
3,5,-2
18,9,9
24,0,24
12,5,7
5,0,5
10,9,1
12,5,7
5,4,1
3,1,2
3,4,-1
3,0,3
3,8,-5
2,0,2
0,0,0
4,0,4
3,0,3
0,0,0
13,9,4
2,2,0
0,0,0
10,7,3
7,0,7
22,7,15
2,4,-2
9,0,9
3,0,3
2,1,1
0,0,0
17,3,14
0,0,0
6,0,6
4,2,2
6,4,2
25,12,13
6,2,4
6,3,3
2,7,-5
8,1,7
3,4,-1
6,0,6
0,3,-3
25,4,21
3,0,3
5,0,5
17,8,9
19,6,13
14,11,3
17,0,17
6,1,5
14,5,9
5,0,5
6,0,6
0,0,0
28,3,25
6,9,-3
14,0,14
1,0,1
6,0,6
1,0,1
0,0,0
0,0,0
0,0,0
0,0,0
0,0,0
0,2,-2
2,0,2
0,0,0
1,1,0
27,10,17
4,0,4
12,0,12
3,5,-2
1,0,1
0,0,0
0,0,0
0,2,-2
0,0,0
51,14,37
3,0,3
10,0,10
4,5,-1
1,0,1
6,0,6
2,0,2
5,6,-1
2,0,2
8,0,8
0,0,0
8,0,8
12,1,11
1,0,1
0,2,-2
13,1,12
3,0,3
1,0,1
0,0,0
0,0,0
0,2,-2
3,0,3
8,0,8
1,2,-1
6,0,6
0,0,0
0,0,0
7,8,-1
5,0,5
2,0,2
6,1,5
0,0,0
14,0,14
6,4,2
14,1,13
4,1,3
3,0,3
0,0,0
7,2,5
18,0,18
3,0,3
0,8,-8
2,14,-12
0,0,0
0,2,-2
1,0,1
10,6,4
1,1,0
0,0,0
6,1,5
13,1,12
40,5,35
0,0,0
0,0,0
7,0,7
4,0,4
8,0,8
4,0,4
7,0,7
3,4,-1
7,0,7
19,0,19
0,0,0
1,0,1
3,0,3
0,0,0
5,9,-4
10,5,5
29,29,0
2,0,2
1,0,1
24,2,22
8,5,3
7,2,5
38,12,26
11,11,0
2,0,2
0,0,0
11,0,11
4,0,4
2,7,-5
8,0,8
12,8,4
3,0,3
0,0,0
4,8,-4
3,1,2
9,0,9
0,0,0
1,0,1
12,8,4
5,3,2
6,3,3
4,4,0
0,0,0
0,0,0
2,0,2
2,0,2
4,1,3
4,2,2
10,2,8
0,0,0
5,13,-8
3,0,3
12,5,7
6,1,5
0,0,0
13,5,8
21,0,21
2,2,0
7,0,7
1,0,1
1,0,1
26,0,26
4,2,2
0,0,0
18,9,9
4,10,-6
8,6,2
1,1,0
10,0,10
2,0,2
7,4,3
3,4,-1
0,1,-1
7,0,7
2,1,1
2,0,2
2,0,2
7,1,6
6,4,2
0,0,0
6,2,4
4,0,4
6,0,6
5,6,-1
1,2,-1
5,0,5
7,1,6
2,1,1
0,0,0
3,1,2
0,0,0
0,0,0
3,2,1
8,9,-1
8,0,8
0,1,-1
1,1,0
5,5,0
3,0,3
6,0,6
1,27,-26
13,0,13
1,0,1
3,2,1
3,0,3
19,0,19
11,5,6
12,0,12
0,0,0
17,9,8
0,2,-2
0,0,0
21,0,21
37,0,37
3,0,3
8,0,8
12,0,12
1,1,0
7,0,7
0,0,0
0,0,0
1,0,1
18,2,16
3,1,2
2,2,0
9,12,-3
19,2,17
14,1,13
10,3,7
1,0,1
2,0,2
4,1,3
13,2,11
1,1,0
5,2,3
25,5,20
2,0,2
1,0,1
3,1,2
3,4,-1
18,5,13
0,0,0
13,0,13
10,0,10
11,4,7
16,0,16
8,3,5
7,0,7
4,0,4
3,1,2
7,3,4
3,0,3
12,1,11
13,9,4
18,0,18
1,0,1
0,0,0
0,0,0
3,4,-1
0,0,0
3,0,3
16,0,16
1,2,-1
1,3,-2
2,0,2
2,0,2
0,1,-1
80,0,80
1,0,1
11,3,8
7,1,6
1,0,1
0,0,0
3,3,0
26,5,21
13,0,13
5,5,0
5,3,2
43,0,43
0,0,0
0,0,0
1,1,0
0,0,0
9,4,5
2,1,1
8,3,5
3,0,3
18,0,18
0,10,-10
18,12,6
4,5,-1
13,0,13
27,0,27
6,6,0
8,3,5
6,4,2
23,4,19
1,2,-1
44,0,44
31,0,31
4,0,4
0,0,0
6,0,6
11,1,10
4,8,-4
1,0,1
12,0,12
5,0,5
0,0,0
17,4,13
24,1,23
0,0,0
2,0,2
11,0,11
3,8,-5
0,0,0
1,0,1
2,1,1
14,3,11
8,1,7
13,6,7
2,5,-3
12,5,7
3,1,2
6,7,-1
2,0,2
11,0,11
1,0,1
5,0,5
6,0,6
4,0,4
2,0,2
8,0,8
4,2,2
11,0,11
3,0,3
11,1,10
8,0,8
0,0,0
3,0,3
4,6,-2
1,3,-2
1,2,-1
1,0,1
21,1,20
4,0,4
0,0,0
3,1,2
5,0,5
9,2,7
0,0,0
2,2,0
2,1,1
0,0,0
1,0,1
0,1,-1
7,0,7
3,0,3
3,4,-1
5,2,3
32,3,29
16,0,16
36,9,27
7,0,7
0,1,-1
5,2,3
0,1,-1
24,7,17
3,1,2
24,0,24
15,11,4
20,4,16
0,0,0
0,0,0
0,0,0
3,0,3
13,0,13
49,14,35
13,1,12
16,11,5
2,0,2
0,0,0
0,0,0
6,2,4
2,0,2
1,0,1
1,1,0
9,6,3
3,4,-1
4,0,4
2,0,2
9,2,7
1,0,1
10,9,1
1,0,1
1,4,-3
2,0,2
3,0,3
10,12,-2
2,0,2
15,11,4
0,0,0
1,0,1
5,0,5
17,7,10
13,13,0
13,2,11
9,0,9
7,0,7
8,0,8
4,2,2
2,1,1
6,3,3
4,4,0
0,0,0
4,2,2
2,2,0
0,0,0
5,5,0
1,0,1
0,0,0
18,18,0
5,0,5
0,0,0
0,1,-1
4,0,4
8,0,8
0,0,0
5,5,0
4,7,-3
0,0,0
0,0,0
6,1,5
10,0,10
1,2,-1
1,0,1
28,0,28
27,6,21
0,1,-1
29,0,29
11,8,3
1,0,1
17,9,8
1,0,1
10,2,8
5,1,4
0,0,0
10,4,6
2,2,0
2,2,0
1,0,1
0,0,0
11,1,10
0,0,0
9,0,9
7,0,7
3,3,0
6,11,-5
31,0,31
4,0,4
7,0,7
6,1,5
23,2,21
1,0,1
3,4,-1
11,6,5
18,0,18
6,0,6
8,0,8
0,0,0
1,0,1
4,0,4
6,1,5
1,1,0
2,3,-1
0,0,0
1,0,1
0,0,0
1,0,1
4,2,2
26,5,21
0,0,0
5,6,-1
3,0,3
0,1,-1
11,0,11
2,6,-4
0,9,-9
3,3,0
7,4,3
44,5,39
2,4,-2
4,1,3
0,6,-6
2,4,-2
1,0,1
17,1,16
2,0,2
20,4,16
1,0,1
6,0,6
6,0,6
1,1,0
0,0,0
1,3,-2
6,6,0
1,0,1
0,0,0
2,0,2
3,0,3
1,0,1
1,0,1
0,0,0
9,3,6
7,0,7
24,0,24
7,0,7
0,0,0
23,0,23
9,0,9
5,0,5
0,0,0
7,0,7
9,2,7
0,0,0
1,0,1
1,0,1
2,0,2
4,1,3
0,3,-3
5,0,5
24,4,20
1,0,1
11,8,3
13,1,12
3,1,2
0,0,0
0,1,-1
6,1,5
3,3,0
15,2,13
0,0,0
3,0,3
12,0,12
2,1,1
0,0,0
2,0,2
0,0,0
1,0,1
7,0,7
4,16,-12
0,0,0
7,2,5
1,0,1
5,0,5
3,12,-9
3,0,3
14,1,13
2,3,-1
3,4,-1
0,0,0
5,2,3
1,0,1
15,3,12
2,3,-1
5,1,4
3,1,2
0,2,-2
20,12,8
11,3,8
13,0,13
25,2,23
1,1,0
1,0,1
10,0,10
2,0,2
37,0,37
8,1,7
7,1,6
22,9,13
4,5,-1
0,0,0
0,0,0
0,0,0
4,0,4
1,0,1
2,0,2
0,1,-1
1,0,1
0,0,0
2,0,2
18,3,15
4,0,4
4,0,4
1,8,-7
0,0,0
6,0,6
1,1,0
2,5,-3
4,0,4
1,0,1
35,0,35
6,9,-3
0,0,0
1,0,1
8,0,8
0,0,0
1,1,0
0,0,0
0,0,0
2,2,0
6,0,6
2,1,1
0,5,-5
4,4,0
1,1,0
1,0,1
10,5,5
9,9,0
23,7,16
5,9,-4
100,9,91
10,1,9
0,0,0
2,9,-7
2,0,2
0,0,0
14,1,13
32,6,26
10,2,8
13,0,13
26,8,18
24,4,20
5,8,-3
9,1,8
1,0,1
12,13,-1
33,2,31
3,0,3
1,1,0
19,13,6
4,10,-6
1,0,1
1,0,1
1,0,1
5,0,5
6,0,6
0,0,0
9,5,4
1,0,1
35,0,35
7,1,6
2,0,2
5,1,4
3,3,0
4,0,4
8,5,3
17,0,17
1,1,0
28,6,22
0,0,0
2,1,1
5,2,3
1,0,1
9,3,6
24,0,24
1,0,1
1,0,1
18,1,17
0,0,0
0,1,-1
15,4,11
1,0,1
1,0,1
9,1,8
3,0,3
6,0,6
5,3,2
6,0,6
0,3,-3
0,0,0
27,1,26
13,1,12
0,0,0
9,1,8
1,3,-2
3,1,2
4,0,4
1,0,1
3,0,3
0,0,0
1,1,0
0,0,0
2,0,2
0,2,-2
19,18,1
5,1,4
0,0,0
7,0,7
1,1,0
5,0,5
2,4,-2
0,3,-3
0,0,0
7,14,-7
9,2,7
0,3,-3
0,0,0
6,25,-19
12,0,12
6,0,6
0,0,0
5,2,3
6,0,6
5,5,0
0,0,0
1,0,1
10,12,-2
28,2,26
0,0,0
12,4,8
4,2,2
5,0,5
0,0,0
6,3,3
4,1,3
2,4,-2
0,2,-2
0,2,-2
6,2,4
29,6,23
12,5,7
63,0,63
6,15,-9
0,0,0
1,0,1
2,4,-2
26,0,26
9,1,8
1,0,1
7,3,4
0,0,0
1,4,-3
22,4,18
8,1,7
1,0,1
1,0,1
3,12,-9
15,2,13
3,0,3
25,0,25
7,5,2
0,0,0
0,0,0
20,0,20
1,1,0
2,1,1
2,0,2
36,11,25
34,14,20
0,0,0
2,2,0
4,0,4
5,0,5
18,18,0
4,0,4
3,0,3
3,0,3
0,2,-2
0,0,0
10,0,10
2,0,2
12,0,12
2,0,2
12,2,10
6,17,-11
14,10,4
0,0,0
15,0,15
2,0,2
1,1,0
0,0,0
8,0,8
0,1,-1
2,10,-8
4,1,3
5,0,5
2,1,1
0,0,0
0,0,0
34,9,25
1,0,1
1,0,1
2,3,-1
8,0,8
9,9,0
18,1,17
0,0,0
7,4,3
12,0,12
4,0,4
2,5,-3
2,0,2
1,0,1
10,0,10
18,0,18
0,0,0
5,2,3
0,0,0
12,3,9
2,10,-8
1,1,0
0,1,-1
1,0,1
0,0,0
5,11,-6
33,2,31
0,4,-4
4,0,4
2,0,2
7,0,7
14,5,9
4,6,-2
1,0,1
7,6,1
0,0,0
36,5,31
2,1,1
10,0,10
1,5,-4
3,0,3
0,0,0
0,0,0
8,8,0
0,0,0
9,0,9
2,1,1
30,5,25
10,2,8
7,6,1
1,0,1
5,9,-4
6,3,3
0,0,0
8,0,8
9,0,9
11,0,11
20,3,17
17,3,14
33,16,17
22,5,17
0,2,-2
3,0,3
19,0,19
5,3,2
0,0,0
1,0,1
7,0,7
7,9,-2
1,12,-11
0,10,-10
5,1,4
11,0,11
1,0,1
20,6,14
32,2,30
0,0,0
13,8,5
12,0,12
1,0,1
23,21,2
7,0,7
0,0,0
3,0,3
1,0,1
4,1,3
2,0,2
2,0,2
0,0,0
1,0,1
4,12,-8
0,0,0
3,0,3
0,0,0
0,0,0
0,0,0
20,4,16
0,0,0
2,0,2
17,1,16
2,0,2
0,0,0
0,0,0
10,2,8
2,0,2
1,0,1
3,1,2
2,0,2
14,17,-3
3,0,3
18,14,4
6,0,6
4,1,3
14,0,14
5,1,4
4,0,4
11,0,11
0,0,0
1,0,1
5,0,5
0,0,0
7,11,-4
18,4,14
0,0,0
5,2,3
16,0,16
13,5,8
14,0,14
0,0,0
29,1,28
0,0,0
3,1,2
0,0,0
2,0,2
25,11,14
5,0,5
0,0,0
8,0,8
2,0,2
10,0,10
1,0,1
2,0,2
2,0,2
18,1,17
1,8,-7
0,0,0
3,1,2
15,0,15
5,0,5
14,1,13
5,0,5
21,8,13
1,2,-1
4,5,-1
6,0,6
11,3,8
3,0,3
4,0,4
7,0,7
6,0,6
9,3,6
9,0,9
3,0,3
2,1,1
2,5,-3
2,7,-5
0,0,0
4,0,4
13,5,8
0,0,0
0,0,0
8,12,-4
5,0,5
0,0,0
1,0,1
16,4,12
0,0,0
0,1,-1
5,3,2
8,7,1
0,0,0
12,11,1
8,0,8
9,4,5
13,2,11
1,0,1
7,6,1
6,3,3
6,0,6
8,0,8
12,3,9
8,0,8
14,1,13
0,1,-1
14,0,14
1,0,1
2,2,0
7,0,7
2,4,-2
3,0,3
1,0,1
11,0,11
15,17,-2
1,0,1
0,0,0
20,0,20
8,0,8
1,2,-1
2,3,-1
19,15,4
0,0,0
0,0,0
9,0,9
0,0,0
8,1,7
0,0,0
33,8,25
11,2,9
2,0,2
16,4,12
18,0,18
5,0,5
1,4,-3
4,0,4
22,3,19
1,0,1
3,0,3
6,0,6
26,0,26
7,0,7
3,2,1
1,1,0
1,3,-2
2,0,2
4,0,4
3,0,3
0,0,0
0,1,-1
1,1,0
6,4,2
2,0,2
1,1,0
23,2,21
3,0,3
3,0,3
1,0,1
1,0,1
7,0,7
3,0,3
0,0,0
0,13,-13
0,0,0
11,4,7
20,18,2
1,0,1
4,0,4
0,1,-1
8,0,8
14,0,14
0,0,0
8,0,8
4,0,4
21,17,4
12,0,12
0,0,0
5,0,5
25,2,23
9,0,9
2,2,0
2,0,2
3,0,3
9,1,8
7,0,7
2,0,2
7,1,6
6,1,5
0,0,0
0,0,0
10,3,7
0,0,0
10,0,10
2,0,2
0,0,0
1,0,1
6,7,-1
49,3,46
1,0,1
14,4,10
2,2,0
12,0,12
2,3,-1
2,2,0
25,2,23
1,1,0
1,2,-1
1,0,1
3,5,-2
2,0,2
1,0,1
11,5,6
10,0,10
2,2,0
2,2,0
1,0,1
9,0,9
3,1,2
27,10,17
7,8,-1
0,1,-1
1,0,1
14,8,6
12,3,9
1,0,1
20,1,19
6,0,6
14,14,0
0,0,0
0,0,0
2,0,2
1,2,-1
14,0,14
5,0,5
0,0,0
0,0,0
15,2,13
0,0,0
30,0,30
0,0,0
5,10,-5
0,0,0
0,0,0
1,1,0
0,1,-1
11,1,10
2,0,2
10,1,9
8,3,5
8,0,8
0,0,0
11,7,4
4,0,4
3,3,0
0,0,0
8,0,8
13,1,12
3,6,-3
1,0,1
3,6,-3
0,2,-2
0,2,-2
0,0,0
2,0,2
0,6,-6
12,7,5
0,0,0
2,0,2
2,0,2
33,13,20
3,0,3
1,0,1
5,0,5
0,4,-4
3,0,3
2,4,-2
0,0,0
0,0,0
25,13,12
0,0,0
7,2,5
1,0,1
2,0,2
9,1,8
2,0,2
3,0,3
9,0,9
12,0,12
0,0,0
2,0,2
1,0,1
0,1,-1
1,3,-2
8,6,2
2,1,1
3,0,3
9,10,-1
0,0,0
8,0,8
16,8,8
12,1,11
9,1,8
14,8,6
9,3,6
0,0,0
6,1,5
4,3,1
1,1,0
7,0,7
0,0,0
2,0,2
11,0,11
0,0,0
5,1,4
1,1,0
0,0,0
23,13,10
2,2,0
13,5,8
8,2,6
22,8,14
13,0,13
58,13,45
6,6,0
0,0,0
4,5,-1
0,0,0
4,1,3
3,3,0
1,0,1
1,14,-13
2,3,-1
7,0,7
12,0,12
4,0,4
1,0,1
16,0,16
5,2,3
13,0,13
6,4,2
10,9,1
3,0,3
0,0,0
2,2,0
1,0,1
0,0,0
0,0,0
0,0,0
16,0,16
9,0,9
7,0,7
0,0,0
2,0,2
0,0,0
15,1,14
1,0,1
3,2,1
3,0,3
13,1,12
6,4,2
1,3,-2
7,0,7
7,0,7
0,0,0
0,2,-2
9,3,6
0,3,-3
4,0,4
0,0,0
4,0,4
12,0,12
0,0,0
1,0,1
16,0,16
13,0,13
2,0,2
9,0,9
5,1,4
2,0,2
3,0,3
1,1,0
3,0,3
5,1,4
0,0,0
11,0,11
0,0,0
0,0,0
0,0,0
0,7,-7
9,0,9
3,1,2
5,0,5
5,1,4
33,0,33
5,1,4
10,0,10
0,0,0
7,2,5
1,3,-2
18,5,13
4,0,4
0,0,0
0,0,0
28,11,17
0,0,0
19,5,14
2,0,2
6,2,4
1,0,1
1,0,1
0,0,0
1,2,-1
17,0,17
5,1,4
0,0,0
1,3,-2
2,0,2
3,4,-1
15,9,6
0,1,-1
17,6,11
0,0,0
2,0,2
4,0,4
5,3,2
11,0,11
3,2,1
5,0,5
14,1,13
8,1,7
4,0,4
19,0,19
4,3,1
1,0,1
11,9,2
0,1,-1
1,1,0
0,0,0
0,0,0
4,0,4
10,0,10
13,3,10
0,12,-12
6,0,6
3,0,3
4,0,4
7,0,7
1,1,0
1,0,1
16,3,13
1,1,0
9,2,7
13,0,13
1,0,1
2,3,-1
12,0,12
0,3,-3
11,0,11
29,6,23
0,0,0
9,0,9
13,1,12
14,8,6
6,0,6
0,0,0
0,0,0
2,0,2
0,0,0
0,0,0
1,0,1
14,0,14
8,2,6
21,0,21
75,0,75
3,0,3
3,2,1
39,0,39
9,3,6
25,0,25
19,9,10
0,0,0
14,0,14
0,0,0
0,0,0
1,0,1
1,13,-12
13,9,4
15,3,12
0,0,0
29,8,21
4,4,0
24,4,20
7,0,7
0,0,0
5,2,3
3,15,-12
3,2,1
1,1,0
3,1,2
6,0,6
23,3,20
7,0,7
0,0,0
4,0,4
20,0,20
3,0,3
11,1,10
1,0,1
0,0,0
6,0,6
3,2,1
2,1,1
4,16,-12
10,6,4
12,1,11
21,0,21
4,0,4
5,3,2
0,0,0
45,11,34
1,1,0
10,5,5
3,0,3
7,9,-2
0,0,0
3,3,0
3,1,2
1,1,0
6,8,-2
18,6,12
2,1,1
4,0,4
1,1,0
0,0,0
7,0,7
0,0,0
0,0,0
1,0,1
5,1,4
0,0,0
2,6,-4
3,2,1
1,0,1
11,4,7
0,2,-2
16,2,14
16,5,11
4,0,4
10,1,9
17,0,17
0,0,0
7,0,7
16,1,15
7,2,5
18,17,1
9,1,8
4,0,4
14,1,13
0,0,0
0,8,-8
1,0,1
2,0,2
5,1,4
10,1,9
2,0,2
0,0,0
1,0,1
3,3,0
1,0,1
2,3,-1
40,9,31
16,15,1
0,0,0
0,0,0
0,0,0
7,0,7
2,3,-1
3,0,3
7,0,7
0,0,0
14,17,-3
24,14,10
5,3,2
5,0,5
1,0,1
1,5,-4
1,0,1
7,1,6
0,0,0
9,0,9
0,3,-3
0,0,0
0,0,0
15,9,6
19,16,3
11,1,10
9,0,9
4,0,4
0,0,0
4,13,-9
37,3,34
2,0,2
0,0,0
2,0,2
4,1,3
2,5,-3
13,5,8
7,0,7
15,1,14
1,0,1
0,0,0
4,0,4
0,0,0
12,9,3
0,0,0
25,10,15
6,6,0
3,0,3
23,0,23
2,1,1
0,0,0
8,0,8
8,2,6
1,0,1
1,0,1
0,0,0
4,0,4
6,3,3
20,1,19
16,0,16
0,5,-5
16,0,16
17,1,16
1,0,1
6,7,-1
2,0,2
0,0,0
4,0,4
5,20,-15
10,2,8
0,0,0
2,2,0
6,2,4
0,0,0
16,8,8
4,0,4
6,4,2
6,5,1
0,0,0
1,4,-3
2,6,-4
1,4,-3
1,0,1
2,1,1
0,0,0
4,1,3
2,9,-7
10,3,7
6,0,6
2,0,2
5,1,4
0,0,0
8,13,-5
5,1,4
2,6,-4
0,0,0
0,0,0
0,14,-14
2,0,2
6,1,5
3,9,-6
14,0,14
16,5,11
3,0,3
1,6,-5
16,7,9
0,0,0
2,0,2
1,3,-2
16,0,16
0,0,0
11,7,4
4,5,-1
23,3,20
8,0,8
8,9,-1
1,1,0
5,1,4
9,3,6
2,1,1
9,2,7
1,5,-4
1,0,1
4,4,0
3,0,3
10,2,8
12,6,6
5,0,5
0,0,0
10,0,10
2,3,-1
4,1,3
0,1,-1
0,0,0
6,2,4
0,0,0
6,5,1
22,1,21
0,4,-4
3,1,2
24,19,5
7,5,2
5,0,5
1,6,-5
0,0,0
0,2,-2
3,0,3
0,0,0
22,1,21
21,7,14
2,2,0
4,1,3
13,2,11
5,0,5
3,1,2
0,0,0
3,5,-2
0,0,0
4,6,-2
0,0,0
0,0,0
16,0,16
8,0,8
5,0,5
0,0,0
24,13,11
2,1,1
1,0,1
3,0,3
0,0,0
20,2,18
0,0,0
1,0,1
27,1,26
0,0,0
2,0,2
15,7,8
2,3,-1
0,0,0
2,0,2
5,2,3
2,1,1
12,7,5
1,0,1
29,0,29
2,0,2
27,3,24
1,5,-4
26,20,6
1,0,1
63,3,60
0,0,0
6,0,6
3,0,3
1,0,1
1,0,1
20,3,17
6,7,-1
3,1,2
2,0,2
1,0,1
4,6,-2
35,6,29
4,0,4
7,0,7
4,4,0
0,0,0
0,0,0
0,0,0
9,1,8
4,0,4
4,4,0
2,0,2
11,5,6
0,0,0
1,0,1
1,0,1
0,0,0
10,7,3
3,12,-9
6,1,5
3,0,3
16,1,15
1,0,1
9,1,8
6,2,4
3,0,3
0,2,-2
2,0,2
8,0,8
17,9,8
26,2,24
4,1,3
1,0,1
8,6,2
2,5,-3
13,2,11
10,1,9
0,0,0
7,5,2
3,0,3
4,9,-5
37,0,37
19,9,10
29,19,10
0,0,0
10,0,10
4,0,4
0,0,0
10,0,10
15,9,6
1,0,1
3,0,3
26,12,14
11,0,11
2,1,1
1,1,0
1,0,1
1,0,1
2,5,-3
3,3,0
17,1,16
6,0,6
7,0,7
29,0,29
2,4,-2
0,3,-3
2,1,1
1,10,-9
1,1,0
11,2,9
16,0,16
10,0,10
1,5,-4
6,0,6
23,14,9
22,1,21
0,0,0
0,0,0
14,1,13
4,0,4
0,0,0
11,0,11
2,0,2
0,0,0
4,0,4
4,0,4
2,1,1
6,12,-6
9,10,-1
1,0,1
7,0,7
7,0,7
0,0,0
3,8,-5
1,0,1
1,0,1
0,0,0
2,0,2
0,0,0
6,1,5
1,0,1
2,1,1
8,2,6
0,0,0
1,0,1
8,4,4
4,0,4
1,0,1
0,0,0
6,0,6
0,0,0
21,6,15
55,12,43
4,0,4
0,0,0
9,5,4
16,8,8
5,0,5
19,1,18
0,0,0
2,1,1
0,0,0
3,0,3
6,7,-1
2,6,-4
16,5,11
1,1,0
7,0,7
3,5,-2
34,1,33
3,0,3
5,1,4
0,0,0
2,0,2
0,0,0
0,0,0
1,1,0
26,0,26
0,1,-1
0,2,-2
13,0,13
2,2,0
5,0,5
3,1,2
0,0,0
6,0,6
0,0,0
0,0,0
3,2,1
0,0,0
4,1,3
21,4,17
3,3,0
0,0,0
0,0,0
26,6,20
1,1,0
3,2,1
8,0,8
1,0,1
0,4,-4
3,0,3
1,0,1
0,0,0
0,0,0
9,3,6
16,0,16
13,0,13
4,4,0
0,0,0
2,17,-15
0,0,0
5,1,4
1,2,-1
6,1,5
0,0,0
3,3,0
15,15,0
0,0,0
1,0,1
40,0,40
0,5,-5
0,0,0
5,0,5
5,3,2
1,0,1
5,1,4
21,0,21
0,13,-13
4,2,2
29,18,11
25,0,25
1,0,1
2,0,2
4,0,4
4,0,4
22,5,17
18,3,15
6,0,6
1,0,1
0,1,-1
33,4,29
2,0,2
0,0,0
6,0,6
2,2,0
36,0,36
3,0,3
0,0,0
3,0,3
2,2,0
0,0,0
1,0,1
4,3,1
7,0,7
57,2,55
0,0,0
2,0,2
0,2,-2
5,0,5
5,0,5
8,5,3
9,9,0
1,0,1
1,0,1
10,1,9
5,19,-14
23,0,23
5,0,5
3,3,0
12,1,11
13,0,13
0,1,-1
2,0,2
1,0,1
0,0,0
8,1,7
1,0,1
0,0,0
4,0,4
0,0,0
5,7,-2
38,8,30
30,4,26
7,0,7
6,0,6
8,1,7
12,1,11
0,0,0
9,3,6
4,0,4
1,0,1
28,3,25
1,1,0
6,5,1
1,3,-2
1,7,-6
3,0,3
9,2,7
16,3,13
0,0,0
5,0,5
1,6,-5
0,1,-1
11,2,9
7,2,5
0,3,-3
11,4,7
8,9,-1
33,6,27
4,0,4
10,7,3
0,5,-5
16,1,15
0,0,0
13,0,13
0,0,0
2,3,-1
1,2,-1
0,0,0
0,0,0
15,0,15
2,7,-5
12,10,2
1,0,1
9,0,9
13,1,12
2,4,-2
3,9,-6
0,0,0
0,0,0
8,0,8
2,1,1
0,1,-1
1,1,0
2,7,-5
0,0,0
13,8,5
24,7,17
1,1,0
22,0,22
2,4,-2
1,4,-3
27,0,27
15,6,9
4,9,-5
1,0,1
11,0,11
0,0,0
10,0,10
10,0,10
37,8,29
3,4,-1
4,0,4
6,1,5
20,5,15
2,0,2
2,0,2
0,0,0
0,0,0
1,0,1
0,0,0
19,12,7
1,0,1
8,1,7
24,2,22
47,13,34
0,0,0
6,6,0
0,0,0
0,1,-1
3,0,3
0,0,0
2,5,-3
0,0,0
3,0,3
5,0,5
7,0,7
5,4,1
1,0,1
0,0,0
5,5,0
0,0,0
5,3,2
49,0,49
5,4,1
5,8,-3
2,0,2
2,2,0
12,1,11
2,0,2
0,0,0
0,0,0
5,3,2
9,14,-5
3,1,2
2,1,1
0,0,0
1,0,1
2,0,2
2,0,2
0,0,0
3,1,2
6,0,6
9,4,5
3,0,3
0,20,-20
7,5,2
31,4,27
4,5,-1
5,2,3
61,9,52
0,0,0
5,3,2
3,0,3
18,0,18
7,7,0
4,2,2
13,1,12
0,0,0
11,1,10
29,8,21
0,0,0
1,0,1
1,0,1
33,1,32
3,0,3
4,1,3
14,1,13
6,0,6
6,3,3
18,0,18
2,0,2
9,9,0
2,2,0
9,2,7
0,0,0
1,22,-21
1,0,1
6,1,5
7,5,2
4,0,4
3,0,3
3,0,3
9,0,9
8,1,7
4,4,0
4,0,4
0,0,0
0,0,0
7,5,2
2,0,2
7,5,2
16,18,-2
12,0,12
4,2,2
4,0,4
21,3,18
2,1,1
5,4,1
10,5,5
3,4,-1
6,0,6
27,2,25
28,12,16
7,0,7
1,6,-5
17,0,17
8,0,8
17,0,17
6,7,-1
0,0,0
1,0,1
1,1,0
1,2,-1
1,0,1
16,5,11
0,0,0
0,0,0
4,0,4
1,0,1
1,4,-3
3,1,2
0,0,0
2,0,2
7,2,5
13,0,13
1,0,1
4,0,4
0,0,0
0,0,0
6,0,6
3,0,3
4,5,-1
3,0,3
0,3,-3
45,3,42
26,8,18
13,0,13
1,0,1
15,5,10
8,2,6
5,4,1
2,0,2
7,5,2
4,0,4
22,0,22
2,2,0
0,0,0
1,0,1
9,5,4
28,22,6
13,1,12
32,21,11
4,1,3
10,0,10
2,1,1
5,0,5
13,9,4
9,9,0
5,5,0
0,0,0
0,6,-6
24,0,24
0,0,0
0,3,-3
0,0,0
1,1,0
4,0,4
0,0,0
3,0,3
5,1,4
1,1,0
13,1,12
0,0,0
1,0,1
12,5,7
11,7,4
0,0,0
0,1,-1
0,0,0
0,2,-2
1,0,1
15,7,8
0,0,0
4,0,4
2,9,-7
0,0,0
3,0,3
2,0,2
0,1,-1
1,1,0
7,0,7
9,0,9
11,7,4
4,0,4
10,3,7
1,0,1
0,0,0
3,3,0
0,0,0
4,0,4
0,0,0
0,1,-1
25,1,24
7,0,7
0,0,0
9,0,9
33,5,28
0,0,0
16,1,15
8,12,-4
1,0,1
4,2,2
3,0,3
0,0,0
11,3,8
12,0,12
27,5,22
7,2,5
13,0,13
6,0,6
3,5,-2
7,0,7
17,0,17
13,0,13
32,13,19
29,11,18
3,0,3
9,0,9
10,0,10
5,0,5
14,0,14
0,0,0
8,3,5
4,3,1
21,0,21
11,5,6
2,0,2
9,2,7
9,4,5
1,0,1
18,0,18
17,0,17
14,3,11
5,2,3
4,5,-1
1,0,1
1,3,-2
1,0,1
17,10,7
8,0,8
7,2,5
6,0,6
2,2,0
28,0,28
5,1,4
0,0,0
1,0,1
29,1,28
15,0,15
0,0,0
7,17,-10
41,18,23
4,0,4
21,2,19
0,0,0
7,5,2
9,0,9
5,1,4
2,0,2
0,0,0
9,3,6
2,2,0
3,0,3
0,0,0
2,2,0
10,2,8
11,5,6
0,0,0
0,0,0
0,0,0
0,0,0
2,0,2
2,0,2
0,6,-6
9,0,9
2,10,-8
9,0,9
0,2,-2
7,0,7
34,2,32
13,3,10
10,0,10
4,0,4
4,1,3
2,4,-2
0,0,0
3,0,3
4,0,4
5,0,5
1,0,1
4,0,4
1,0,1
0,0,0
11,0,11
5,1,4
0,0,0
0,0,0
5,0,5
5,0,5
7,0,7
13,8,5
0,5,-5
1,2,-1
10,0,10
10,6,4
2,0,2
8,0,8
1,0,1
4,0,4
1,2,-1
4,0,4
15,0,15
8,1,7
1,0,1
1,0,1
3,0,3
7,7,0
20,1,19
14,1,13
0,0,0
2,0,2
9,0,9
0,0,0
0,1,-1
2,0,2
9,1,8
0,2,-2
4,0,4
18,0,18
9,3,6
3,0,3
2,5,-3
8,5,3
34,7,27
6,5,1
8,1,7
8,0,8
64,28,36
4,0,4
5,2,3
2,0,2
1,1,0
0,0,0
3,0,3
26,22,4
0,1,-1
0,0,0
3,0,3
13,4,9
3,0,3
5,4,1
1,0,1
14,0,14
1,0,1
0,9,-9
7,1,6
22,0,22
4,1,3
3,0,3
3,4,-1
2,0,2
33,1,32
8,0,8
9,0,9
0,0,0
50,17,33
1,0,1
10,15,-5
3,1,2
2,2,0
7,0,7
4,6,-2
3,0,3
2,4,-2
4,3,1
0,1,-1
2,0,2
10,0,10
1,0,1
8,20,-12
0,0,0
6,2,4
1,17,-16
1,2,-1
26,17,9
6,9,-3
1,1,0
1,0,1
9,10,-1
3,0,3
4,0,4
1,0,1
4,0,4
5,2,3
2,0,2
2,3,-1
1,2,-1
14,1,13
4,0,4
19,4,15
1,0,1
0,0,0
17,0,17
5,0,5
23,0,23
5,20,-15
24,13,11
2,0,2
2,1,1
33,23,10
3,7,-4
12,0,12
2,0,2
3,0,3
6,19,-13
1,0,1
11,1,10
7,0,7
8,1,7
0,0,0
0,0,0
0,0,0
24,7,17
3,11,-8
10,10,0
11,4,7
7,0,7
1,1,0
0,0,0
0,0,0
1,0,1
1,3,-2
25,0,25
0,1,-1
0,0,0
6,8,-2
13,0,13
25,8,17
0,0,0
4,0,4
2,0,2
1,0,1
4,3,1
5,0,5
5,2,3
6,1,5
19,2,17
8,0,8
5,4,1
0,0,0
7,0,7
37,0,37
0,0,0
0,1,-1
0,1,-1
2,3,-1
9,0,9
14,6,8
0,2,-2
6,1,5
17,19,-2
0,0,0
0,8,-8
3,3,0
4,7,-3
7,2,5
13,0,13
13,7,6
0,0,0
2,0,2
10,6,4
1,0,1
11,14,-3
6,2,4
3,0,3
0,0,0
16,0,16
3,0,3
5,0,5
0,0,0
5,0,5
11,0,11
13,7,6
0,0,0
9,0,9
9,0,9
9,4,5
1,1,0
1,0,1
0,4,-4
0,1,-1
0,0,0
1,4,-3
12,1,11
3,1,2
2,0,2
13,2,11
8,2,6
6,0,6
14,1,13
8,21,-13
1,6,-5
4,3,1
4,0,4
0,1,-1
1,1,0
18,0,18
0,0,0
5,3,2
7,9,-2
33,0,33
2,0,2
4,0,4
0,0,0
0,11,-11
3,1,2
5,18,-13
0,0,0
18,10,8
0,0,0
1,3,-2
25,7,18
1,5,-4
0,0,0
3,3,0
1,0,1
27,3,24
3,1,2
1,0,1
0,8,-8
8,1,7
4,0,4
7,9,-2
0,0,0
0,0,0
1,10,-9
1,0,1
5,1,4
1,18,-17
3,1,2
10,2,8
0,0,0
11,0,11
4,6,-2
9,1,8
3,3,0
0,6,-6
14,13,1
11,4,7
8,0,8
20,4,16
1,1,0
1,0,1
3,0,3
5,0,5
18,7,11
6,3,3
17,13,4
0,0,0
0,0,0
20,0,20
12,2,10
22,0,22
0,0,0
4,0,4
19,7,12
7,7,0
3,0,3
10,0,10
2,0,2
1,5,-4
1,0,1
2,1,1
5,0,5
0,0,0
0,4,-4
0,0,0
17,10,7
25,10,15
12,0,12
0,0,0
4,0,4
2,0,2
7,1,6
4,0,4
17,2,15
3,29,-26
0,0,0
6,0,6
1,1,0
0,0,0
15,9,6
3,16,-13
1,0,1
5,1,4
1,0,1
1,3,-2
0,0,0
0,1,-1
0,0,0
3,1,2
1,0,1
0,0,0
0,0,0
18,13,5
14,0,14
16,5,11
2,0,2
1,0,1
1,1,0
0,0,0
0,0,0
4,7,-3
2,8,-6
1,1,0
7,3,4
3,0,3
12,0,12
0,0,0
11,4,7
8,0,8
0,1,-1
9,7,2
1,1,0
1,3,-2
35,1,34
5,2,3
2,0,2
9,0,9
0,0,0
0,0,0
11,3,8
0,0,0
13,0,13
19,6,13
1,1,0
3,4,-1
2,8,-6
4,0,4
5,0,5
3,9,-6
0,0,0
1,0,1
0,0,0
1,0,1
29,1,28
11,2,9
2,0,2
27,1,26
3,1,2
0,0,0
7,2,5
6,15,-9
3,0,3
0,0,0
8,7,1
2,0,2
17,0,17
3,3,0
0,0,0
7,6,1
36,7,29
12,0,12
22,3,19
1,3,-2
13,0,13
16,1,15
0,2,-2
10,0,10
10,6,4
1,0,1
2,7,-5
4,3,1
0,0,0
0,12,-12
0,0,0
0,0,0
10,16,-6
1,0,1
21,2,19
3,0,3
26,13,13
0,4,-4
4,0,4
8,3,5
8,6,2
9,2,7
69,4,65
18,2,16
2,1,1
18,3,15
3,1,2
2,0,2
5,4,1
0,0,0
3,1,2
16,3,13
1,5,-4
0,0,0
24,0,24
0,2,-2
4,0,4
0,0,0
8,2,6
0,0,0
0,0,0
0,0,0
13,3,10
23,1,22
6,3,3
2,0,2
4,0,4
5,3,2
15,0,15
2,0,2
17,1,16
2,0,2
5,0,5
25,0,25
7,8,-1
11,0,11
11,9,2
1,1,0
1,0,1
0,0,0
0,0,0
0,0,0
1,4,-3
1,1,0
2,1,1
0,0,0
1,0,1
25,7,18
0,0,0
8,1,7
4,5,-1
2,0,2
13,0,13
25,6,19
9,1,8
9,0,9
0,0,0
2,3,-1
4,5,-1
5,0,5
8,2,6
12,2,10
6,0,6
2,2,0
4,6,-2
0,0,0
4,4,0
11,7,4
10,10,0
11,0,11
12,13,-1
2,5,-3
19,0,19
9,8,1
7,0,7
2,0,2
3,0,3
17,1,16
13,12,1
0,0,0
3,0,3
12,0,12
12,4,8
15,0,15
4,7,-3
0,0,0
4,0,4
0,0,0
20,24,-4
3,0,3
3,4,-1
2,0,2
1,0,1
2,0,2
1,0,1
35,5,30
75,11,64
0,1,-1
4,1,3
0,0,0
2,0,2
9,1,8
1,0,1
23,1,22
8,0,8
17,0,17
1,0,1
2,2,0
2,0,2
3,2,1
4,0,4
28,1,27
5,2,3
9,8,1
24,3,21
3,1,2
0,0,0
1,1,0
0,0,0
4,0,4
6,1,5
18,3,15
25,10,15
13,2,11
0,0,0
0,0,0
4,2,2
6,1,5
1,0,1
0,0,0
9,7,2
2,0,2
16,1,15
4,0,4
23,1,22
21,19,2
3,5,-2
0,0,0
5,5,0
0,0,0
1,1,0
6,1,5
1,0,1
4,1,3
7,4,3
11,0,11
17,1,16
5,0,5
1,1,0
28,0,28
42,7,35
0,0,0
0,0,0
1,7,-6
5,0,5
23,1,22
5,0,5
0,2,-2
17,0,17
8,0,8
0,0,0
1,8,-7
11,5,6
28,7,21
8,9,-1
5,0,5
1,12,-11
10,0,10
8,4,4
3,3,0
9,0,9
18,3,15
1,0,1
15,0,15
1,0,1
20,8,12
16,0,16
10,1,9
3,12,-9
0,0,0
19,5,14
4,0,4
11,12,-1
4,7,-3
13,2,11
14,14,0
0,9,-9
3,1,2
5,0,5
0,0,0
1,0,1
36,4,32
6,4,2
2,4,-2
4,2,2
11,11,0
0,0,0
0,1,-1
0,2,-2
2,0,2
0,0,0
4,0,4
3,0,3
15,6,9
15,1,14
0,0,0
8,7,1
2,0,2
0,0,0
3,0,3
6,1,5
11,2,9
9,3,6
8,7,1
16,0,16
1,0,1
0,0,0
7,0,7
13,7,6
4,4,0
1,0,1
0,0,0
3,8,-5
0,0,0
11,10,1
0,2,-2
1,11,-10
1,1,0
10,0,10
9,2,7
9,3,6
0,0,0
2,0,2
2,2,0
3,2,1
4,1,3
10,9,1
16,1,15
0,0,0
6,3,3
7,3,4
0,0,0
0,0,0
1,1,0
6,0,6
0,0,0
24,3,21
1,0,1
0,0,0
3,0,3
0,0,0
17,6,11
7,1,6
5,0,5
2,0,2
2,1,1
2,1,1
2,0,2
8,1,7
7,6,1
0,0,0
9,0,9
5,0,5
28,3,25
0,0,0
18,10,8
10,3,7
7,0,7
15,0,15
6,5,1
3,0,3
3,4,-1
3,0,3
0,0,0
4,0,4
7,12,-5
11,3,8
12,1,11
1,4,-3
13,0,13
29,29,0
1,0,1
6,2,4
0,3,-3
0,0,0
13,12,1
2,0,2
14,10,4
1,3,-2
15,0,15
4,3,1
22,10,12
34,5,29
0,2,-2
3,4,-1
19,1,18
16,0,16
0,1,-1
9,6,3
1,2,-1
15,0,15
2,2,0
16,2,14
18,1,17
23,0,23
4,1,3
0,0,0
5,0,5
8,1,7
13,0,13
5,0,5
0,1,-1
1,0,1
9,3,6
16,0,16
1,0,1
1,2,-1
2,0,2
9,0,9
0,1,-1
1,1,0
7,6,1
0,0,0
1,1,0
12,1,11
4,2,2
4,1,3
0,0,0
0,0,0
6,3,3
8,0,8
0,0,0
2,11,-9
1,0,1
0,0,0
16,2,14
0,1,-1
5,3,2
16,1,15
3,21,-18
7,1,6
1,0,1
4,0,4
0,0,0
0,0,0
9,0,9
2,1,1
7,0,7
0,0,0
0,7,-7
1,0,1
0,0,0
3,0,3
6,0,6
1,0,1
1,0,1
0,0,0
5,9,-4
14,3,11
2,0,2
4,0,4
14,1,13
0,0,0
0,0,0
10,1,9
3,0,3
0,1,-1
0,0,0
0,0,0
1,0,1
18,12,6
7,7,0
8,0,8
1,3,-2
2,2,0
0,0,0
6,1,5
0,0,0
0,0,0
8,0,8
30,10,20
3,0,3
16,18,-2
3,3,0
3,3,0
4,0,4
10,0,10
3,0,3
20,12,8
4,13,-9
4,2,2
6,7,-1
0,0,0
1,0,1
4,6,-2
18,1,17
0,0,0
13,6,7
0,0,0
8,1,7
20,2,18
7,2,5
9,0,9
3,0,3
2,1,1
2,2,0
5,0,5
4,1,3
18,3,15
5,0,5
14,0,14
5,6,-1
13,1,12
2,0,2
0,1,-1
17,0,17
6,0,6
3,2,1
0,0,0
3,0,3
0,0,0
8,0,8
2,3,-1
0,0,0
7,18,-11
0,1,-1
1,1,0
12,1,11
1,0,1
0,0,0
2,1,1
0,0,0
1,0,1
6,2,4
0,0,0
0,0,0
1,0,1
0,0,0
7,18,-11
0,0,0
0,0,0
14,0,14
0,0,0
0,4,-4
22,0,22
2,0,2
2,0,2
1,2,-1
8,2,6
17,1,16
3,2,1
2,0,2
4,6,-2
9,0,9
2,0,2
4,2,2
0,0,0
0,0,0
7,5,2
2,0,2
5,2,3
11,0,11
5,0,5
1,2,-1
34,1,33
8,0,8
1,0,1
1,2,-1
4,3,1
4,1,3
35,10,25
11,0,11
4,9,-5
1,0,1
5,0,5
12,12,0
2,0,2
0,0,0
0,0,0
4,0,4
14,9,5
0,0,0
1,0,1
0,0,0
1,3,-2
0,0,0
3,1,2
1,0,1
22,0,22
1,2,-1
8,3,5
9,2,7
3,6,-3
5,0,5
0,0,0
22,1,21
0,2,-2
9,6,3
3,0,3
16,0,16
1,4,-3
19,7,12
0,0,0
0,0,0
3,0,3
0,0,0
1,0,1
5,0,5
12,0,12
2,0,2
4,0,4
15,0,15
13,6,7
11,9,2
1,0,1
2,0,2
33,0,33
5,2,3
13,0,13
0,0,0
8,0,8
1,0,1
27,1,26
1,1,0
1,9,-8
10,0,10
1,0,1
1,0,1
25,15,10
0,0,0
37,14,23
10,0,10
3,1,2
0,0,0
8,0,8
2,0,2
8,2,6
1,0,1
2,5,-3
8,5,3
6,7,-1
1,1,0
0,1,-1
6,3,3
0,0,0
15,0,15
3,5,-2
1,1,0
1,0,1
6,2,4
3,0,3
0,0,0
14,1,13
7,7,0
0,0,0
8,0,8
1,0,1
7,0,7
3,0,3
0,0,0
1,0,1
18,5,13
3,0,3
9,1,8
0,2,-2
10,2,8
7,12,-5
1,0,1
1,0,1
13,0,13
21,11,10
0,0,0
9,4,5
48,0,48
3,0,3
3,0,3
133,7,126
9,0,9
0,0,0
0,0,0
0,3,-3
13,5,8
0,0,0
34,0,34
2,0,2
3,7,-4
0,3,-3
0,7,-7
3,3,0
7,6,1
20,0,20
0,0,0
4,0,4
10,13,-3
10,1,9
13,1,12
23,13,10
0,0,0
7,0,7
25,0,25
4,0,4
2,0,2
1,7,-6
10,0,10
7,1,6
9,0,9
1,0,1
0,0,0
0,0,0
30,0,30
2,2,0
6,3,3
3,0,3
0,0,0
0,0,0
4,3,1
3,0,3
1,0,1
4,1,3
2,10,-8
13,7,6
3,3,0
8,2,6
4,0,4
9,9,0
0,0,0
11,2,9
0,0,0
0,0,0
3,0,3
3,0,3
12,21,-9
1,0,1
4,0,4
17,0,17
8,3,5
0,0,0
1,0,1
4,5,-1
0,0,0
1,0,1
10,0,10
13,0,13
5,3,2
0,0,0
3,4,-1
3,0,3
11,3,8
12,2,10
24,10,14
0,0,0
0,1,-1
4,0,4
7,4,3
7,1,6
19,0,19
1,0,1
36,0,36
1,9,-8
10,0,10
19,7,12
0,0,0
7,0,7
0,0,0
8,7,1
7,1,6
40,3,37
11,0,11
2,1,1
3,2,1
1,1,0
10,0,10
0,5,-5
1,1,0
1,1,0
5,1,4
1,0,1
2,4,-2
6,0,6
2,0,2
1,1,0
34,1,33
3,0,3
0,0,0
1,1,0
4,0,4
1,0,1
4,0,4
4,1,3
0,0,0
3,0,3
0,2,-2
6,4,2
17,7,10
1,0,1
7,0,7
4,1,3
0,0,0
2,1,1
0,0,0
2,0,2
0,1,-1
10,10,0
5,9,-4
13,0,13
0,1,-1
1,1,0
4,0,4
18,19,-1
19,0,19
12,1,11
1,0,1
2,7,-5
26,1,25
9,0,9
3,0,3
0,1,-1
29,0,29
0,5,-5
0,0,0
0,1,-1
2,0,2
2,2,0
1,0,1
1,0,1
0,0,0
3,0,3
9,2,7
13,0,13
17,5,12
1,0,1
20,6,14
5,3,2
2,0,2
0,0,0
12,0,12
2,0,2
6,10,-4
3,7,-4
0,0,0
2,1,1
7,8,-1
0,0,0
6,2,4
11,2,9
15,4,11
3,3,0
24,0,24
0,0,0
3,1,2
2,2,0
0,0,0
8,1,7
17,0,17
2,0,2
1,1,0
4,0,4
1,8,-7
13,2,11
11,1,10
33,0,33
3,0,3
2,1,1
2,2,0
16,0,16
0,0,0
15,1,14
15,3,12
0,0,0
2,0,2
0,0,0
0,0,0
7,0,7
1,3,-2
2,2,0
18,10,8
10,1,9
14,0,14
0,0,0
0,0,0
1,0,1
17,0,17
4,0,4
3,1,2
8,5,3
3,0,3
50,1,49
0,0,0
3,0,3
3,4,-1
0,0,0
13,4,9
4,5,-1
10,5,5
12,0,12
26,6,20
9,0,9
8,4,4
10,1,9
0,0,0
13,3,10
4,1,3
3,0,3
0,0,0
0,0,0
9,3,6
1,0,1
1,0,1
14,10,4
8,1,7
6,1,5
9,0,9
1,0,1
1,0,1
6,5,1
1,0,1
9,5,4
6,0,6
4,0,4
16,10,6
3,3,0
6,1,5
1,0,1
11,2,9
4,0,4
4,0,4
2,0,2
11,1,10
22,1,21
1,0,1
4,0,4
3,0,3
1,0,1
5,0,5
4,1,3
2,0,2
8,1,7
8,5,3
0,0,0
1,0,1
3,11,-8
5,0,5
20,0,20
0,6,-6
4,3,1
7,0,7
0,0,0
16,1,15
1,1,0
12,2,10
1,0,1
12,0,12
2,6,-4
5,2,3
0,0,0
2,0,2
1,4,-3
5,0,5
3,0,3
0,0,0
2,1,1
4,1,3
12,0,12
3,1,2
5,0,5
0,0,0
1,0,1
15,2,13
10,2,8
20,8,12
0,0,0
4,3,1
0,0,0
18,0,18
39,19,20
8,7,1
9,5,4
11,2,9
0,0,0
1,0,1
18,0,18
31,0,31
5,0,5
8,1,7
12,9,3
2,2,0
2,0,2
13,1,12
0,0,0
17,0,17
31,23,8
1,1,0
0,0,0
2,0,2
15,0,15
2,0,2
0,0,0
6,6,0
3,3,0
7,10,-3
0,0,0
0,0,0
8,1,7
3,1,2
3,0,3
3,0,3
23,13,10
1,1,0
8,1,7
1,0,1
0,0,0
0,0,0
1,0,1
2,0,2
1,0,1
7,0,7
17,1,16
2,1,1
3,0,3
13,1,12
3,0,3
12,0,12
0,0,0
8,1,7
8,2,6
13,0,13
7,13,-6
0,10,-10
3,2,1
1,0,1
3,0,3
11,1,10
2,2,0
3,1,2
0,1,-1
0,0,0
7,5,2
0,0,0
11,4,7
1,3,-2
0,0,0
6,6,0
2,0,2
7,1,6
0,0,0
3,0,3
24,3,21
8,7,1
10,8,2
16,8,8
4,15,-11
4,0,4
3,1,2
10,0,10
6,1,5
8,1,7
0,0,0
0,2,-2
10,1,9
1,2,-1
0,0,0
1,0,1
4,3,1
7,0,7
0,0,0
3,0,3
14,13,1
10,7,3
11,3,8
5,0,5
1,1,0
1,0,1
0,0,0
0,0,0
21,7,14
3,1,2
10,6,4
29,5,24
5,7,-2
26,1,25
24,5,19
0,0,0
12,1,11
9,2,7
12,17,-5
0,0,0
2,4,-2
55,9,46
0,2,-2
1,0,1
0,0,0
0,0,0
2,0,2
13,12,1
8,0,8
2,0,2
3,2,1
28,3,25
2,0,2
12,12,0
13,3,10
3,0,3
16,7,9
1,0,1
3,1,2
3,2,1
5,1,4
3,3,0
4,0,4
11,0,11
1,0,1
27,4,23
7,2,5
11,13,-2
16,3,13
1,0,1
0,0,0
1,3,-2
9,0,9
0,0,0
3,0,3
4,0,4
0,0,0
3,0,3
0,2,-2
0,1,-1
0,0,0
0,0,0
1,4,-3
10,0,10
2,0,2
0,0,0
6,2,4
15,13,2
0,0,0
1,1,0
0,0,0
0,0,0
7,5,2
10,1,9
1,0,1
2,0,2
36,7,29
4,3,1
9,1,8
8,3,5
2,0,2
4,6,-2
15,0,15
0,0,0
2,0,2
13,5,8
1,0,1
11,0,11
2,2,0
16,5,11
8,4,4
1,0,1
11,6,5
15,4,11
18,1,17
2,4,-2
1,0,1
15,2,13
8,2,6
3,0,3
0,0,0
0,2,-2
1,0,1
15,7,8
5,0,5
1,1,0
11,3,8
0,0,0
1,0,1
0,1,-1
5,0,5
4,1,3
1,1,0
0,0,0
4,8,-4
19,0,19
7,12,-5
0,0,0
14,5,9
7,2,5
0,0,0
0,1,-1
14,1,13
1,0,1
6,0,6
32,3,29
25,1,24
1,0,1
8,1,7
8,0,8
3,0,3
9,0,9
21,0,21
4,0,4
3,0,3
12,0,12
1,0,1
8,0,8
0,0,0
8,1,7
12,0,12
3,6,-3
1,1,0
5,1,4
4,0,4
2,0,2
2,0,2
6,0,6
0,0,0
6,0,6
1,0,1
2,10,-8
0,0,0
4,0,4
3,0,3
0,0,0
4,0,4
7,0,7
32,8,24
1,0,1
6,0,6
6,1,5
16,0,16
17,0,17
11,0,11
6,0,6
1,0,1
14,0,14
9,4,5
5,1,4
0,0,0
7,2,5
13,1,12
3,0,3
0,0,0
3,3,0
0,0,0
5,5,0
23,0,23
5,5,0
31,13,18
1,0,1
1,1,0
13,0,13
7,0,7
6,0,6
0,0,0
2,1,1
0,0,0
46,2,44
1,0,1
1,4,-3
2,0,2
21,1,20
0,0,0
3,0,3
0,0,0
2,0,2
2,0,2
4,0,4
4,0,4
17,9,8
14,0,14
5,0,5
1,0,1
0,0,0
5,0,5
5,8,-3
1,0,1
3,0,3
0,0,0
2,0,2
7,1,6
4,0,4
1,0,1
0,0,0
0,0,0
1,0,1
3,1,2
1,0,1
19,0,19
11,0,11
4,2,2
7,2,5
1,0,1
3,0,3
2,2,0
11,1,10
63,2,61
18,2,16
30,3,27
5,2,3
11,1,10
2,0,2
1,0,1
12,0,12
1,0,1
9,3,6
0,0,0
1,1,0
0,0,0
2,0,2
52,10,42
23,1,22
7,5,2
28,0,28
1,1,0
4,2,2
4,0,4
20,7,13
0,0,0
8,0,8
0,1,-1
5,2,3
0,0,0
22,1,21
12,8,4
1,0,1
12,8,4
3,0,3
12,0,12
10,9,1
9,9,0
1,0,1
1,1,0
3,0,3
9,5,4
2,0,2
8,0,8
0,0,0
0,1,-1
6,0,6
18,9,9
6,2,4
7,3,4
9,0,9
1,0,1
3,2,1
0,0,0
0,3,-3
0,0,0
11,0,11
8,1,7
1,1,0
2,0,2
3,7,-4
2,3,-1
2,1,1
7,11,-4
0,0,0
0,0,0
17,0,17
2,0,2
7,7,0
34,13,21
5,0,5
2,1,1
0,0,0
4,0,4
2,0,2
8,8,0
1,0,1
5,0,5
0,1,-1
0,1,-1
2,2,0
10,5,5
2,0,2
32,9,23
9,8,1
2,0,2
0,1,-1
12,1,11
1,18,-17
0,0,0
5,3,2
5,0,5
2,0,2
1,6,-5
1,2,-1
0,2,-2
5,1,4
5,0,5
15,0,15
5,0,5
2,0,2
5,17,-12
8,15,-7
9,2,7
11,5,6
6,15,-9
7,1,6
6,0,6
6,6,0
8,3,5
2,1,1
2,1,1
14,0,14
2,2,0
0,0,0
3,1,2
1,0,1
2,0,2
18,6,12
3,1,2
10,0,10
1,1,0
1,0,1
8,1,7
1,0,1
0,0,0
16,1,15
16,1,15
12,4,8
6,0,6
39,9,30
7,0,7
7,0,7
21,1,20
10,0,10
3,2,1
3,0,3
30,0,30
6,0,6
6,2,4
0,0,0
3,3,0
4,4,0
0,0,0
1,0,1
1,0,1
5,1,4
0,0,0
2,0,2
4,1,3
3,0,3
0,1,-1
0,0,0
1,0,1
7,0,7
19,0,19
26,0,26
6,1,5
0,0,0
1,7,-6
6,0,6
11,0,11
2,0,2
0,0,0
6,0,6
8,1,7
5,5,0
4,0,4
31,1,30
2,0,2
0,0,0
8,3,5
0,12,-12
5,2,3
0,0,0
4,0,4
21,6,15
7,5,2
6,1,5
3,0,3
0,1,-1
1,1,0
3,1,2
9,2,7
2,2,0
0,0,0
1,2,-1
0,1,-1
0,0,0
8,0,8
8,1,7
33,1,32
0,0,0
3,0,3
0,3,-3
15,0,15
7,0,7
0,0,0
34,0,34
4,3,1
5,2,3
1,0,1
11,5,6
21,5,16
2,0,2
2,0,2
0,0,0
9,0,9
0,13,-13
0,0,0
4,0,4
2,0,2
0,0,0
1,0,1
33,1,32
7,1,6
1,0,1
15,0,15
2,0,2
1,2,-1
4,2,2
19,10,9
4,0,4
1,0,1
0,0,0
1,0,1
1,1,0
1,0,1
3,0,3
1,6,-5
12,0,12
1,0,1
2,11,-9
51,8,43
0,1,-1
5,0,5
10,4,6
2,2,0
4,0,4
13,0,13
0,0,0
0,0,0
11,8,3
5,0,5
1,6,-5
2,0,2
10,7,3
5,6,-1
13,7,6
1,7,-6
2,0,2
4,5,-1
18,1,17
0,0,0
22,0,22
5,12,-7
5,1,4
8,5,3
6,5,1
0,0,0
5,5,0
2,0,2
8,0,8
0,1,-1
4,7,-3
15,4,11
0,0,0
42,0,42
1,0,1
10,10,0
15,11,4
6,2,4
21,1,20
0,0,0
18,0,18
2,0,2
13,3,10
0,0,0
0,0,0
3,0,3
27,11,16
4,0,4
3,0,3
4,0,4
2,1,1
2,1,1
0,0,0
0,1,-1
1,3,-2
9,14,-5
8,0,8
1,1,0
16,1,15
7,1,6
3,0,3
6,5,1
6,3,3
23,0,23
6,4,2
0,0,0
17,6,11
0,0,0
6,0,6
1,0,1
4,2,2
5,0,5
1,0,1
3,0,3
1,1,0
5,4,1
0,0,0
0,0,0
3,0,3
10,0,10
3,1,2
0,0,0
1,0,1
4,2,2
10,1,9
10,1,9
4,4,0
31,1,30
2,2,0
4,0,4
11,1,10
8,4,4
0,4,-4
2,0,2
0,0,0
2,2,0
3,3,0
2,1,1
13,1,12
1,0,1
2,0,2
0,0,0
4,0,4
2,2,0
4,1,3
11,0,11
2,0,2
3,0,3
9,2,7
9,3,6
2,22,-20
26,12,14
6,7,-1
2,0,2
40,27,13
0,0,0
0,0,0
54,5,49
6,5,1
0,0,0
2,1,1
8,0,8
0,0,0
11,18,-7
5,4,1
0,0,0
12,3,9
6,1,5
1,1,0
0,8,-8
22,12,10
4,0,4
1,2,-1
6,0,6
2,0,2
12,5,7
0,0,0
21,8,13
1,4,-3
1,1,0
2,1,1
1,20,-19
5,4,1
1,0,1
1,0,1
0,0,0
1,0,1
0,1,-1
6,2,4
29,1,28
1,0,1
0,0,0
1,0,1
4,1,3
37,0,37
4,0,4
3,1,2
2,0,2
0,0,0
2,3,-1
13,0,13
4,1,3
4,0,4
1,0,1
3,1,2
8,0,8
1,4,-3
7,1,6
1,0,1
9,0,9
0,0,0
4,1,3
3,8,-5
0,0,0
6,0,6
4,1,3
19,0,19
1,0,1
1,1,0
0,0,0
21,1,20
21,0,21
1,0,1
3,2,1
17,1,16
1,0,1
2,2,0
10,0,10
3,7,-4
3,0,3
3,0,3
2,0,2
3,0,3
0,0,0
0,0,0
43,0,43
40,0,40
29,2,27
0,0,0
6,2,4
0,1,-1
7,0,7
14,1,13
0,0,0
2,0,2
0,3,-3
9,5,4
12,0,12
17,1,16
4,2,2
6,1,5
0,0,0
12,0,12
25,4,21
14,12,2
2,0,2
14,0,14
9,2,7
1,1,0
0,0,0
12,0,12
3,4,-1
0,0,0
4,0,4
7,2,5
1,0,1
5,12,-7
1,1,0
7,8,-1
5,5,0
12,10,2
6,0,6
6,6,0
1,13,-12
4,2,2
1,0,1
3,3,0
7,0,7
8,4,4
1,0,1
4,9,-5
7,0,7
2,0,2
33,2,31
7,2,5
0,1,-1
36,4,32
1,0,1
5,0,5
1,2,-1
8,0,8
1,1,0
0,0,0
10,18,-8
15,7,8
0,0,0
5,1,4
33,0,33
0,0,0
0,0,0
0,0,0
14,9,5
0,0,0
26,2,24
0,0,0
5,1,4
48,4,44
2,0,2
17,0,17
2,0,2
3,0,3
2,5,-3
1,5,-4
4,3,1
2,7,-5
2,5,-3
9,4,5
37,0,37
0,0,0
0,0,0
7,0,7
24,9,15
5,2,3
4,1,3
13,2,11
0,0,0
12,0,12
0,1,-1
5,3,2
0,1,-1
7,7,0
5,1,4
6,1,5
4,2,2
1,0,1
6,4,2
0,0,0
2,0,2
7,0,7
1,0,1
30,1,29
0,0,0
4,10,-6
7,0,7
2,0,2
0,0,0
4,0,4
0,0,0
5,0,5
1,0,1
14,11,3
0,0,0
3,0,3
5,5,0
22,12,10
7,1,6
35,0,35
8,16,-8
6,0,6
3,2,1
6,2,4
0,2,-2
5,6,-1
3,6,-3
1,3,-2
0,5,-5
6,0,6
6,0,6
4,0,4
3,0,3
2,0,2
1,0,1
0,0,0
2,0,2
6,7,-1
0,0,0
2,2,0
5,1,4
3,0,3
6,0,6
6,7,-1
10,0,10
3,5,-2
1,0,1
3,0,3
1,0,1
2,3,-1
32,1,31
0,0,0
0,0,0
4,1,3
2,0,2
8,0,8
2,0,2
5,0,5
5,2,3
8,0,8
0,0,0
4,0,4
17,3,14
4,0,4
1,3,-2
0,0,0
30,18,12
15,0,15
0,0,0
5,2,3
6,0,6
3,0,3
0,0,0
3,3,0
7,7,0
5,0,5
20,0,20
4,1,3
10,0,10
7,2,5
3,0,3
2,0,2
2,0,2
3,3,0
0,0,0
0,0,0
1,0,1
1,1,0
36,5,31
1,3,-2
9,0,9
0,0,0
2,0,2
6,5,1
13,13,0
3,4,-1
2,0,2
0,0,0
1,0,1
1,0,1
0,9,-9
2,0,2
7,6,1
0,0,0
3,3,0
1,0,1
11,2,9
3,0,3
3,2,1
0,0,0
4,1,3
2,4,-2
22,7,15
15,2,13
5,0,5
6,6,0
13,0,13
12,6,6
3,2,1
0,0,0
8,0,8
6,0,6
5,0,5
10,1,9
7,0,7
4,0,4
9,0,9
2,1,1
9,0,9
3,0,3
17,2,15
0,0,0
0,0,0
4,0,4
0,0,0
10,0,10
0,3,-3
11,0,11
0,0,0
30,0,30
43,0,43
9,9,0
7,2,5
3,0,3
4,0,4
1,0,1
0,0,0
1,3,-2
8,1,7
1,0,1
0,11,-11
4,3,1
4,0,4
0,2,-2
23,0,23
3,3,0
7,0,7
0,0,0
4,0,4
13,0,13
1,1,0
5,2,3
7,1,6
1,0,1
8,2,6
13,3,10
0,0,0
9,7,2
9,0,9
22,1,21
3,0,3
3,0,3
0,1,-1
0,11,-11
5,2,3
42,2,40
7,0,7
0,0,0
1,2,-1
5,0,5
1,0,1
18,1,17
13,5,8
1,0,1
25,1,24
20,1,19
10,0,10
7,1,6
35,6,29
12,11,1
0,0,0
0,0,0
0,0,0
3,0,3
21,13,8
10,0,10
5,1,4
0,0,0
5,0,5
2,0,2
4,2,2
18,2,16
0,0,0
12,0,12
4,1,3
24,3,21
7,4,3
0,0,0
23,0,23
7,3,4
1,0,1
7,5,2
3,0,3
14,12,2
9,8,1
0,0,0
0,0,0
13,1,12
9,2,7
20,27,-7
6,0,6
5,7,-2
0,0,0
2,1,1
12,9,3
23,0,23
18,0,18
9,1,8
5,2,3
1,0,1
71,9,62
2,0,2
1,0,1
0,0,0
1,1,0
19,0,19
0,0,0
3,0,3
2,0,2
3,1,2
0,0,0
8,1,7
6,9,-3
13,1,12
3,2,1
2,1,1
2,0,2
5,2,3
5,0,5
1,0,1
0,0,0
2,0,2
7,0,7
0,0,0
25,2,23
1,8,-7
21,9,12
7,2,5
2,0,2
25,0,25
0,0,0
0,0,0
9,4,5
8,3,5
0,1,-1
7,7,0
1,0,1
4,4,0
5,5,0
23,3,20
2,0,2
8,0,8
1,0,1
2,0,2
47,0,47
0,0,0
9,0,9
0,0,0
15,3,12
29,8,21
43,0,43
1,2,-1
20,1,19
1,6,-5
5,1,4
1,2,-1
3,4,-1
35,6,29
1,0,1
3,4,-1
0,0,0
6,0,6
13,1,12
14,4,10
7,1,6
0,5,-5
0,0,0
4,0,4
14,1,13
1,6,-5
3,4,-1
9,0,9
0,0,0
0,0,0
13,0,13
0,0,0
38,18,20
3,1,2
0,0,0
6,5,1
15,0,15
6,0,6
11,1,10
0,0,0
8,0,8
4,2,2
26,2,24
4,1,3
5,0,5
17,0,17
1,0,1
10,6,4
7,0,7
9,8,1
3,2,1
0,4,-4
9,0,9
22,1,21
2,0,2
5,1,4
3,0,3
3,2,1
2,0,2
3,0,3
1,10,-9
9,1,8
0,0,0
6,0,6
11,5,6
3,0,3
35,0,35
2,1,1
0,0,0
0,1,-1
1,0,1
3,0,3
3,1,2
1,0,1
3,7,-4
0,0,0
2,17,-15
2,0,2
4,0,4
1,0,1
13,1,12
2,2,0
6,5,1
18,19,-1
1,0,1
6,0,6
1,7,-6
14,6,8
29,12,17
7,0,7
2,0,2
12,3,9
2,0,2
11,0,11
6,0,6
15,6,9
5,0,5
6,9,-3
31,0,31
8,1,7
0,0,0
18,39,-21
38,0,38
0,2,-2
12,0,12
8,1,7
0,0,0
10,0,10
62,7,55
0,2,-2
3,3,0
8,0,8
6,0,6
0,0,0
8,0,8
0,0,0
8,0,8
3,0,3
9,1,8
4,0,4
30,4,26
3,2,1
0,0,0
1,0,1
10,4,6
0,0,0
1,0,1
10,2,8
0,0,0
3,1,2
0,1,-1
6,0,6
6,1,5
0,0,0
0,0,0
14,0,14
2,0,2
2,0,2
6,0,6
65,4,61
1,0,1
24,0,24
0,0,0
0,0,0
21,4,17
2,1,1
1,5,-4
0,1,-1
6,0,6
19,10,9
17,7,10
2,0,2
3,0,3
10,15,-5
3,1,2
16,16,0
1,0,1
30,30,0
3,1,2
1,0,1
1,1,0
10,2,8
8,6,2
4,1,3
8,0,8
7,0,7
1,0,1
7,5,2
11,0,11
0,0,0
8,1,7
3,9,-6
0,0,0
1,4,-3
10,0,10
23,2,21
0,0,0
3,4,-1
4,5,-1
2,0,2
6,4,2
0,0,0
4,1,3
0,2,-2
0,0,0
2,3,-1
11,4,7
0,0,0
0,1,-1
10,2,8
3,2,1
4,3,1
4,0,4
11,3,8
15,5,10
0,4,-4
6,0,6
8,9,-1
17,1,16
3,0,3
0,0,0
4,1,3
5,6,-1
7,0,7
7,0,7
1,0,1
1,1,0
6,0,6
1,1,0
2,2,0
3,0,3
2,1,1
3,0,3
5,1,4
1,9,-8
1,0,1
0,2,-2
53,3,50
2,1,1
2,0,2
0,0,0
3,0,3
0,1,-1
0,1,-1
2,0,2
9,0,9
16,0,16
11,1,10
1,1,0
0,0,0
0,0,0
9,3,6
11,5,6
4,0,4
1,1,0
13,0,13
0,0,0
1,0,1
11,0,11
3,0,3
8,11,-3
21,0,21
1,0,1
2,0,2
9,6,3
18,1,17
6,2,4
26,2,24
2,2,0
9,1,8
1,0,1
1,0,1
24,2,22
8,0,8
1,0,1
8,2,6
9,1,8
37,2,35
0,8,-8
11,9,2
5,1,4
0,0,0
0,2,-2
1,0,1
24,0,24
0,0,0
7,2,5
0,9,-9
29,1,28
1,6,-5
6,2,4
0,2,-2
8,2,6
13,0,13
2,0,2
0,1,-1
3,3,0
2,0,2
1,0,1
11,0,11
2,1,1
20,3,17
11,5,6
9,2,7
8,0,8
4,0,4
6,0,6
30,5,25
24,1,23
19,1,18
3,0,3
0,0,0
2,2,0
6,6,0
1,0,1
7,4,3
8,0,8
18,0,18
34,2,32
0,0,0
3,0,3
25,0,25
2,0,2
0,0,0
3,5,-2
8,1,7
0,0,0
2,0,2
14,0,14
0,0,0
0,0,0
0,1,-1
1,0,1
11,0,11
1,2,-1
0,0,0
1,0,1
2,4,-2
41,0,41
18,1,17
5,0,5
1,5,-4
4,0,4
3,0,3
1,4,-3
5,0,5
9,1,8
85,35,50
4,7,-3
3,0,3
1,0,1
0,0,0
4,4,0
8,0,8
3,0,3
6,0,6
1,7,-6
26,0,26
1,1,0
0,0,0
0,0,0
3,1,2
5,0,5
6,3,3
0,2,-2
2,0,2
5,0,5
2,0,2
28,2,26
13,1,12
1,0,1
11,0,11
2,0,2
5,0,5
3,0,3
3,1,2
47,28,19
0,3,-3
1,0,1
10,3,7
1,0,1
2,0,2
27,0,27
0,0,0
0,0,0
2,0,2
1,0,1
8,0,8
4,0,4
0,0,0
3,0,3
2,1,1
0,0,0
3,0,3
5,0,5
6,0,6
26,1,25
27,12,15
7,0,7
5,2,3
9,4,5
8,0,8
1,1,0
9,13,-4
8,5,3
9,1,8
0,0,0
3,1,2
1,0,1
4,2,2
11,3,8
0,3,-3
4,0,4
6,0,6
4,4,0
7,1,6
15,10,5
9,4,5
4,4,0
10,1,9
33,15,18
2,2,0
0,0,0
1,0,1
4,4,0
9,2,7
0,0,0
1,0,1
9,0,9
14,2,12
1,0,1
13,0,13
11,2,9
2,0,2
3,2,1
1,1,0
17,12,5
19,1,18
0,0,0
0,3,-3
4,0,4
17,3,14
0,1,-1
2,0,2
5,0,5
0,0,0
9,9,0
2,1,1
11,0,11
7,1,6
0,1,-1
0,0,0
10,0,10
2,0,2
5,3,2
1,0,1
3,0,3
0,0,0
53,0,53
3,1,2
2,1,1
20,8,12
4,0,4
4,6,-2
3,7,-4
1,0,1
20,0,20
15,5,10
1,1,0
0,0,0
15,7,8
0,0,0
0,7,-7
2,1,1
2,0,2
1,0,1
37,17,20
2,0,2
4,2,2
1,0,1
0,0,0
1,0,1
0,0,0
16,0,16
16,0,16
3,13,-10
0,3,-3
0,8,-8
1,0,1
1,0,1
1,13,-12
0,0,0
1,0,1
4,10,-6
0,0,0
9,9,0
0,0,0
12,9,3
3,0,3
12,0,12
3,0,3
8,0,8
0,0,0
6,1,5
7,2,5
3,1,2
6,6,0
11,0,11
0,0,0
0,0,0
6,1,5
1,0,1
0,0,0
0,0,0
1,1,0
28,1,27
2,0,2
7,0,7
4,1,3
7,0,7
34,9,25
12,7,5
27,1,26
1,2,-1
10,0,10
9,0,9
2,0,2
0,0,0
7,1,6
3,1,2
12,0,12
20,13,7
6,2,4
0,0,0
0,0,0
0,7,-7
1,1,0
13,8,5
2,0,2
9,0,9
7,0,7
3,2,1
1,0,1
1,0,1
1,0,1
3,0,3
20,2,18
16,0,16
5,0,5
4,4,0
0,3,-3
6,1,5
1,0,1
0,0,0
5,0,5
3,0,3
4,3,1
4,2,2
6,1,5
2,5,-3
0,0,0
10,15,-5
4,1,3
0,0,0
6,2,4
12,0,12
7,0,7
13,0,13
6,1,5
34,1,33
9,0,9
7,0,7
1,0,1
8,3,5
6,1,5
3,2,1
1,1,0
38,10,28
10,12,-2
8,4,4
2,0,2
1,0,1
8,8,0
1,0,1
1,1,0
1,2,-1
0,0,0
10,7,3
10,0,10
3,3,0
5,0,5
1,2,-1
11,0,11
5,1,4
29,0,29
4,5,-1
3,3,0
3,0,3
0,0,0
0,0,0
9,0,9
22,1,21
20,0,20
1,2,-1
18,1,17
13,0,13
3,0,3
2,0,2
4,1,3
0,0,0
2,2,0
33,12,21
5,2,3
7,0,7
15,0,15
7,0,7
3,3,0
5,1,4
14,12,2
4,5,-1
4,0,4
2,3,-1
11,7,4
9,0,9
9,0,9
44,1,43
6,0,6
29,0,29
0,0,0
20,3,17
9,0,9
4,0,4
0,1,-1
5,8,-3
9,1,8
0,1,-1
0,0,0
32,0,32
2,3,-1
11,0,11
0,0,0
2,1,1
19,1,18
1,0,1
8,3,5
1,12,-11
3,0,3
2,0,2
0,0,0
4,0,4
0,0,0
1,1,0
0,1,-1
1,2,-1
1,0,1
0,0,0
6,0,6
5,4,1
3,0,3
2,0,2
1,0,1
0,0,0
10,9,1
2,2,0
9,13,-4
9,1,8
12,6,6
4,1,3
4,0,4
7,5,2
0,0,0
11,4,7
2,0,2
1,0,1
8,0,8
0,0,0
7,3,4
0,0,0
38,21,17
6,1,5
0,0,0
3,2,1
0,0,0
11,0,11
0,3,-3
1,0,1
1,2,-1
3,1,2
6,0,6
0,0,0
7,6,1
13,2,11
1,0,1
20,0,20
10,4,6
0,0,0
4,11,-7
22,1,21
1,0,1
3,0,3
6,2,4
8,1,7
9,0,9
25,12,13
6,1,5
1,0,1
0,0,0
19,9,10
6,5,1
2,0,2
7,13,-6
0,0,0
10,1,9
6,4,2
12,7,5
7,11,-4
0,0,0
8,2,6
7,0,7
0,2,-2
31,14,17
0,0,0
5,0,5
25,6,19
5,5,0
5,5,0
7,3,4
6,1,5
14,2,12
6,1,5
0,11,-11
2,1,1
6,1,5
17,0,17
1,5,-4
8,3,5
16,3,13
0,0,0
1,2,-1
8,1,7
1,1,0
1,0,1
4,4,0
16,0,16
5,3,2
1,0,1
11,0,11
0,0,0
4,1,3
4,1,3
2,0,2
5,0,5
0,0,0
1,0,1
8,2,6
8,0,8
5,5,0
15,0,15
11,0,11
0,1,-1
7,0,7
2,0,2
23,8,15
12,1,11
7,7,0
2,3,-1
0,0,0
2,0,2
12,12,0
1,12,-11
2,0,2
5,0,5
19,12,7
1,8,-7
9,0,9
11,2,9
4,0,4
4,4,0
4,0,4
22,0,22
24,2,22
5,0,5
0,1,-1
0,0,0
0,0,0
43,0,43
1,0,1
27,0,27
3,3,0
3,1,2
2,0,2
58,7,51
2,0,2
3,0,3
1,0,1
7,0,7
14,1,13
5,0,5
3,0,3
12,10,2
12,0,12
45,20,25
6,16,-10
5,5,0
10,3,7
0,0,0
14,2,12
16,0,16
5,16,-11
8,0,8
2,1,1
1,1,0
11,0,11
2,2,0
1,2,-1
2,6,-4
4,0,4
5,0,5
2,2,0
3,11,-8
1,3,-2
27,7,20
25,0,25
3,1,2
1,0,1
0,0,0
10,1,9
21,2,19
0,0,0
4,3,1
15,4,11
0,0,0
0,4,-4
1,0,1
3,0,3
3,0,3
15,0,15
2,1,1
3,3,0
0,0,0
5,1,4
2,0,2
13,1,12
5,0,5
43,2,41
3,0,3
3,0,3
1,0,1
0,0,0
0,0,0
17,1,16
15,14,1
13,4,9
1,0,1
5,0,5
1,0,1
2,6,-4
0,0,0
0,0,0
24,0,24
13,1,12
17,3,14
19,3,16
16,0,16
3,11,-8
2,0,2
7,13,-6
10,0,10
0,0,0
12,1,11
4,0,4
1,0,1
0,0,0
39,5,34
6,6,0
3,0,3
0,0,0
1,4,-3
8,0,8
7,0,7
0,1,-1
13,0,13
4,0,4
18,1,17
13,9,4
0,0,0
14,0,14
9,0,9
5,1,4
0,0,0
8,0,8
13,2,11
4,5,-1
0,0,0
1,1,0
5,0,5
4,13,-9
8,0,8
1,0,1
0,0,0
36,11,25
6,2,4
3,0,3
0,0,0
12,1,11
0,13,-13
6,0,6
9,8,1
0,0,0
2,0,2
1,20,-19
20,11,9
4,0,4
2,0,2
9,0,9
4,0,4
0,0,0
2,3,-1
16,6,10
1,1,0
6,2,4
7,0,7
3,0,3
20,6,14
6,3,3
5,2,3
0,0,0
10,10,0
10,0,10
12,4,8
2,1,1
1,0,1
0,0,0
71,2,69
5,18,-13
2,1,1
0,0,0
12,3,9
8,5,3
4,0,4
3,2,1
1,0,1
3,0,3
16,9,7
0,1,-1
4,7,-3
15,0,15
0,1,-1
28,13,15
8,0,8
0,0,0
9,4,5
0,0,0
5,0,5
15,15,0
42,13,29
6,0,6
4,3,1
6,2,4
23,2,21
11,0,11
9,2,7
2,0,2
5,0,5
5,0,5
9,0,9
6,0,6
11,2,9
0,0,0
15,0,15
0,0,0
14,2,12
1,0,1
0,0,0
5,0,5
2,0,2
2,0,2
0,0,0
14,4,10
0,0,0
3,0,3
1,1,0
4,2,2
2,0,2
3,0,3
0,1,-1
3,0,3
1,0,1
2,0,2
4,0,4
0,0,0
10,14,-4
0,0,0
1,0,1
0,0,0
8,1,7
6,1,5
24,1,23
6,5,1
0,0,0
4,0,4
4,0,4
24,2,22
0,5,-5
0,0,0
6,1,5
9,1,8
1,0,1
6,0,6
6,10,-4
22,1,21
2,0,2
5,1,4
9,5,4
15,0,15
1,10,-9
11,1,10
1,0,1
6,4,2
1,2,-1
29,0,29
0,0,0
9,6,3
2,0,2
1,0,1
0,3,-3
3,0,3
14,5,9
17,4,13
7,0,7
4,0,4
0,0,0
2,0,2
3,2,1
12,0,12
3,1,2
3,2,1
1,1,0
5,0,5
4,0,4
0,27,-27
9,1,8
15,10,5
8,0,8
11,0,11
2,4,-2
0,0,0
6,0,6
27,0,27
1,1,0
9,6,3
3,5,-2
14,0,14
0,0,0
16,0,16
0,1,-1
0,1,-1
11,0,11
0,0,0
5,0,5
1,0,1
6,7,-1
2,4,-2
7,2,5
3,0,3
0,0,0
13,2,11
2,0,2
3,0,3
2,0,2
12,1,11
3,0,3
15,5,10
2,0,2
0,0,0
0,0,0
1,1,0
7,9,-2
3,0,3
1,0,1
9,0,9
1,1,0
3,0,3
1,0,1
3,1,2
6,5,1
0,0,0
12,0,12
1,0,1
44,2,42
5,1,4
1,0,1
1,0,1
1,0,1
0,1,-1
8,3,5
3,0,3
1,3,-2
8,1,7
2,0,2
1,0,1
1,0,1
10,9,1
3,3,0
15,1,14
34,8,26
2,0,2
1,9,-8
16,12,4
1,0,1
1,0,1
60,27,33
11,0,11
2,2,0
19,2,17
39,17,22
27,2,25
3,15,-12
21,8,13
13,1,12
14,0,14
9,0,9
11,0,11
7,0,7
34,4,30
1,0,1
2,0,2
12,0,12
1,0,1
3,0,3
10,3,7
1,0,1
4,2,2
4,0,4
17,0,17
4,0,4
0,0,0
0,1,-1
1,0,1
13,2,11
4,0,4
6,0,6
0,0,0
0,4,-4
23,14,9
1,1,0
0,0,0
0,0,0
6,7,-1
1,0,1
1,0,1
0,0,0
0,0,0
1,0,1
31,0,31
5,1,4
11,0,11
3,0,3
18,8,10
0,1,-1
0,0,0
4,1,3
0,10,-10
0,0,0
7,0,7
1,1,0
37,7,30
5,2,3
1,1,0
2,0,2
0,0,0
14,3,11
10,2,8
4,5,-1
1,6,-5
2,0,2
28,15,13
1,0,1
5,8,-3
35,6,29
6,7,-1
7,7,0
8,2,6
2,1,1
1,0,1
0,0,0
10,2,8
0,0,0
8,3,5
11,12,-1
5,2,3
1,0,1
2,0,2
2,11,-9
4,0,4
22,0,22
8,3,5
1,0,1
5,0,5
6,0,6
2,3,-1
4,0,4
2,0,2
18,2,16
0,6,-6
1,0,1
1,4,-3
12,8,4
9,2,7
0,0,0
10,9,1
19,0,19
1,5,-4
15,0,15
6,0,6
1,0,1
4,21,-17
5,0,5
1,1,0
8,1,7
15,0,15
1,0,1
0,0,0
8,0,8
47,20,27
4,0,4
2,1,1
3,0,3
0,0,0
2,0,2
5,1,4
5,0,5
12,6,6
1,2,-1
0,0,0
4,0,4
15,2,13
17,16,1
1,2,-1
1,1,0
0,3,-3
0,0,0
4,3,1
1,0,1
1,0,1
22,5,17
9,4,5
2,1,1
5,1,4
4,2,2
1,0,1
6,1,5
8,6,2
14,5,9
0,0,0
0,0,0
11,0,11
4,1,3
23,5,18
0,0,0
2,0,2
1,1,0
9,2,7
7,0,7
0,0,0
1,1,0
3,2,1
43,1,42
0,0,0
0,0,0
0,0,0
21,7,14
14,0,14
27,0,27
11,0,11
9,0,9
1,0,1
12,1,11
9,5,4
8,0,8
7,7,0
5,1,4
13,0,13
8,0,8
7,0,7
1,0,1
15,0,15
3,4,-1
2,6,-4
3,0,3
4,6,-2
10,1,9
2,0,2
1,0,1
1,0,1
5,2,3
15,15,0
4,0,4
2,1,1
2,1,1
3,0,3
2,1,1
0,0,0
0,0,0
1,0,1
2,1,1
6,1,5
1,4,-3
3,3,0
4,1,3
12,12,0
20,0,20
1,1,0
11,0,11
6,5,1
6,0,6
5,1,4
0,0,0
48,0,48
20,0,20
2,0,2
0,0,0
4,1,3
10,9,1
4,0,4
10,8,2
22,1,21
12,0,12
21,0,21
2,0,2
8,8,0
0,0,0
1,0,1
7,1,6
3,6,-3
11,2,9
0,8,-8
5,3,2
1,1,0
17,3,14
2,0,2
4,1,3
2,1,1
10,2,8
25,1,24
16,0,16
4,2,2
11,6,5
6,0,6
2,3,-1
0,1,-1
13,7,6
2,1,1
4,6,-2
10,0,10
20,0,20
5,4,1
11,0,11
5,0,5
13,16,-3
43,9,34
5,0,5
0,2,-2
8,1,7
1,4,-3
6,1,5
5,0,5
8,1,7
8,1,7
16,1,15
2,2,0
4,0,4
0,0,0
10,0,10
4,0,4
6,0,6
10,0,10
1,0,1
30,2,28
18,3,15
0,4,-4
4,0,4
0,0,0
25,2,23
0,1,-1
8,8,0
3,12,-9
3,0,3
2,1,1
0,0,0
11,1,10
19,16,3
7,1,6
5,0,5
72,9,63
5,3,2
1,1,0
2,8,-6
13,0,13
11,0,11
3,0,3
9,0,9
1,0,1
33,11,22
0,0,0
8,1,7
3,0,3
5,0,5
0,5,-5
19,2,17
4,0,4
21,3,18
0,0,0
3,0,3
1,0,1
14,1,13
0,0,0
6,1,5
5,0,5
14,0,14
5,11,-6
19,0,19
16,6,10
2,0,2
1,1,0
4,9,-5
5,1,4
1,0,1
7,0,7
25,0,25
0,6,-6
4,3,1
2,1,1
1,0,1
26,4,22
0,0,0
1,0,1
1,0,1
0,0,0
10,1,9
25,1,24
1,0,1
0,0,0
0,1,-1
2,0,2
12,0,12
2,0,2
19,1,18
0,1,-1
0,0,0
4,0,4
4,1,3
7,4,3
30,18,12
4,1,3
8,2,6
3,4,-1
0,1,-1
0,0,0
1,0,1
0,0,0
36,4,32
11,4,7
22,0,22
0,0,0
2,0,2
36,0,36
8,4,4
9,0,9
19,3,16
5,6,-1
1,1,0
0,1,-1
3,0,3
2,0,2
3,1,2
0,0,0
3,0,3
19,0,19
6,2,4
4,5,-1
6,2,4
0,0,0
0,0,0
8,4,4
10,0,10
1,0,1
1,0,1
23,0,23
4,0,4
4,0,4
2,0,2
0,0,0
5,1,4
14,3,11
7,1,6
0,0,0
5,0,5
0,12,-12
1,3,-2
0,0,0
0,0,0
8,5,3
4,4,0
6,0,6
8,0,8
0,8,-8
26,6,20
7,0,7
11,0,11
4,0,4
2,4,-2
0,0,0
3,2,1
0,0,0
2,4,-2
1,1,0
1,0,1
11,0,11
6,1,5
1,2,-1
17,2,15
9,0,9
7,0,7
3,8,-5
5,0,5
0,0,0
0,0,0
0,0,0
0,0,0
0,0,0
23,8,15
0,0,0
4,0,4
1,0,1
0,0,0
6,2,4
1,0,1
6,2,4
15,3,12
2,2,0
9,6,3
1,0,1
25,11,14
4,0,4
8,0,8
2,2,0
11,0,11
24,0,24
0,1,-1
10,0,10
10,0,10
3,0,3
3,0,3
9,1,8
6,3,3
7,0,7
0,1,-1
1,6,-5
26,25,1
6,1,5
2,2,0
4,0,4
0,0,0
0,0,0
5,0,5
2,2,0
1,0,1
2,2,0
6,0,6
4,5,-1
11,5,6
5,13,-8
1,1,0
0,1,-1
31,2,29
5,1,4
1,0,1
2,6,-4
14,16,-2
0,7,-7
3,5,-2
15,3,12
7,1,6
2,2,0
0,1,-1
0,1,-1
0,1,-1
4,2,2
22,12,10
15,0,15
0,0,0
0,0,0
13,7,6
8,9,-1
7,6,1
1,4,-3
3,0,3
0,0,0
4,1,3
0,0,0
1,0,1
7,9,-2
1,2,-1
5,1,4
3,0,3
0,0,0
7,4,3
6,0,6
3,0,3
7,5,2
0,15,-15
19,6,13
1,0,1
1,1,0
5,0,5
2,6,-4
1,0,1
9,7,2
16,15,1
19,1,18
3,0,3
12,0,12
0,0,0
3,10,-7
0,1,-1
17,6,11
7,1,6
1,0,1
12,0,12
8,7,1
15,1,14
1,13,-12
5,1,4
2,0,2
8,0,8
6,0,6
2,0,2
11,5,6
0,0,0
8,0,8
1,0,1
0,1,-1
4,3,1
13,2,11
2,0,2
9,3,6
3,6,-3
5,0,5
3,0,3
3,0,3
2,0,2
23,13,10
18,0,18
6,0,6
9,3,6
3,0,3
14,7,7
8,0,8
4,4,0
6,0,6
2,0,2
1,0,1
0,0,0
1,3,-2
2,0,2
12,12,0
0,0,0
3,0,3
1,0,1
8,0,8
2,0,2
0,21,-21
0,0,0
1,2,-1
0,0,0
6,0,6
2,1,1
2,1,1
12,1,11
2,1,1
9,0,9
43,3,40
28,8,20
6,1,5
0,1,-1
1,0,1
18,0,18
4,1,3
40,13,27
3,1,2
16,0,16
3,0,3
3,3,0
5,0,5
7,1,6
0,0,0
6,1,5
2,4,-2
2,0,2
6,12,-6
2,2,0
1,0,1
16,16,0
1,3,-2
1,0,1
16,0,16
0,0,0
0,4,-4
5,0,5
2,2,0
0,0,0
1,0,1
7,7,0
1,0,1
7,3,4
16,10,6
1,0,1
4,0,4
2,2,0
6,0,6
3,0,3
38,8,30
6,8,-2
0,0,0
2,0,2
0,0,0
19,6,13
3,0,3
4,0,4
0,10,-10
0,0,0
0,2,-2
5,2,3
0,2,-2
6,2,4
0,0,0
6,1,5
0,0,0
1,1,0
4,0,4
10,0,10
8,3,5
5,9,-4
8,0,8
5,16,-11
1,0,1
4,1,3
0,0,0
9,0,9
7,0,7
14,5,9
0,0,0
2,2,0
12,0,12
6,19,-13
3,3,0
0,1,-1
1,0,1
12,0,12
1,0,1
1,0,1
9,0,9
10,0,10
1,0,1
46,18,28
1,0,1
17,4,13
34,1,33
18,0,18
11,2,9
13,1,12
1,0,1
2,0,2
4,4,0
12,2,10
0,0,0
23,3,20
32,3,29
5,6,-1
9,2,7
5,0,5
0,0,0
3,0,3
26,1,25
4,8,-4
0,0,0
1,1,0
8,0,8
17,0,17
0,5,-5
9,7,2
12,4,8
8,2,6
11,11,0
0,0,0
0,0,0
0,0,0
7,2,5
8,2,6
3,0,3
20,1,19
11,7,4
5,5,0
1,0,1
2,1,1
1,0,1
0,0,0
1,0,1
5,0,5
0,2,-2
8,2,6
13,17,-4
6,6,0
14,1,13
4,4,0
0,0,0
0,0,0
8,3,5
32,20,12
9,5,4
1,0,1
3,11,-8
31,2,29
2,0,2
3,0,3
4,0,4
5,5,0
4,1,3
2,0,2
3,0,3
4,0,4
0,2,-2
4,0,4
0,0,0
13,4,9
3,1,2
9,25,-16
10,0,10
8,8,0
16,6,10
7,6,1
12,0,12
8,0,8
6,0,6
1,0,1
7,4,3
13,11,2
1,1,0
1,0,1
2,3,-1
0,1,-1
8,0,8
20,1,19
0,0,0
11,12,-1
15,0,15
6,2,4
15,7,8
13,0,13
1,0,1
14,6,8
0,0,0
8,1,7
0,0,0
2,0,2
2,0,2
17,1,16
7,2,5
2,0,2
6,0,6
13,0,13
7,0,7
3,0,3
5,0,5
7,0,7
6,4,2
35,19,16
5,1,4
0,9,-9
2,1,1
0,0,0
1,2,-1
3,5,-2
5,1,4
1,2,-1
4,0,4
4,0,4
1,0,1
0,0,0
3,0,3
8,1,7
13,4,9
6,17,-11
1,0,1
3,18,-15
3,0,3
8,2,6
2,1,1
5,0,5
7,1,6
12,3,9
7,1,6
9,7,2
0,0,0
5,3,2
0,0,0
27,1,26
18,0,18
12,0,12
7,0,7
9,1,8
4,0,4
1,2,-1
2,0,2
5,3,2
2,1,1
4,0,4
0,1,-1
10,1,9
6,1,5
1,1,0
0,0,0
0,0,0
5,0,5
0,3,-3
9,0,9
16,0,16
2,5,-3
10,5,5
5,0,5
0,8,-8
9,0,9
2,2,0
9,0,9
4,1,3
0,1,-1
2,1,1
2,2,0
4,0,4
27,0,27
18,3,15
7,25,-18
6,2,4
7,0,7
1,0,1
10,6,4
6,1,5
1,2,-1
5,2,3
2,0,2
6,2,4
1,0,1
0,0,0
10,2,8
5,2,3
0,0,0
17,8,9
21,23,-2
0,1,-1
48,12,36
2,0,2
5,3,2
0,0,0
6,1,5
0,0,0
20,0,20
30,0,30
6,7,-1
21,1,20
2,0,2
5,2,3
13,12,1
0,0,0
0,1,-1
1,0,1
66,1,65
1,1,0
14,0,14
15,3,12
25,1,24
3,0,3
12,1,11
0,1,-1
4,0,4
0,5,-5
29,0,29
13,0,13
4,1,3
0,0,0
5,0,5
0,0,0
0,0,0
27,3,24
2,0,2
6,0,6
36,0,36
11,0,11
4,4,0
9,0,9
12,0,12
0,0,0
5,0,5
4,4,0
19,24,-5
13,5,8
0,0,0
2,0,2
2,0,2
6,2,4
10,1,9
3,2,1
9,0,9
14,0,14
2,0,2
9,2,7
9,9,0
1,0,1
16,2,14
10,0,10
11,5,6
0,0,0
8,3,5
6,7,-1
1,0,1
4,1,3
2,1,1
12,0,12
23,23,0
2,2,0
0,0,0
0,0,0
25,23,2
2,2,0
21,5,16
1,0,1
0,0,0
5,0,5
1,1,0
22,0,22
0,1,-1
10,0,10
9,0,9
0,1,-1
14,2,12
4,1,3
34,2,32
16,11,5
1,0,1
4,0,4
1,1,0
2,0,2
4,3,1
2,0,2
1,0,1
8,0,8
4,1,3
4,0,4
6,5,1
2,1,1
10,3,7
4,0,4
1,2,-1
1,0,1
2,0,2
0,1,-1
5,0,5
4,0,4
3,1,2
1,2,-1
5,0,5
1,1,0
9,2,7
0,1,-1
6,0,6
1,1,0
0,2,-2
4,3,1
0,0,0
10,4,6
3,0,3
1,20,-19
4,0,4
1,0,1
3,0,3
0,1,-1
16,0,16
1,0,1
0,0,0
8,2,6
0,5,-5
2,0,2
2,1,1
15,7,8
0,1,-1
13,0,13
1,5,-4
6,5,1
10,0,10
1,4,-3
10,0,10
2,0,2
0,0,0
22,1,21
1,1,0
2,1,1
0,0,0
3,1,2
0,0,0
22,5,17
2,2,0
1,12,-11
1,0,1
13,8,5
0,0,0
3,1,2
0,0,0
1,0,1
3,1,2
7,1,6
0,4,-4
9,0,9
2,1,1
16,17,-1
3,0,3
6,4,2
5,0,5
4,4,0
16,10,6
0,0,0
0,0,0
21,0,21
2,2,0
5,3,2
1,0,1
1,0,1
2,19,-17
3,2,1
48,0,48
2,0,2
6,1,5
2,2,0
2,0,2
6,0,6
3,0,3
3,1,2
2,2,0
0,0,0
16,0,16
6,9,-3
1,1,0
0,0,0
0,11,-11
0,2,-2
0,0,0
6,0,6
12,0,12
3,0,3
6,2,4
2,0,2
9,0,9
1,0,1
1,0,1
7,1,6
0,0,0
5,0,5
0,0,0
14,0,14
3,1,2
1,0,1
6,0,6
0,0,0
8,2,6
7,2,5
11,0,11
1,0,1
12,0,12
0,1,-1
22,0,22
4,0,4
0,8,-8
7,0,7
2,2,0
6,0,6
7,1,6
7,0,7
3,0,3
0,0,0
0,8,-8
5,5,0
1,0,1
3,0,3
10,1,9
9,2,7
2,0,2
17,0,17
1,0,1
26,5,21
2,0,2
11,17,-6
0,0,0
3,5,-2
10,0,10
1,0,1
2,0,2
9,6,3
3,2,1
17,9,8
10,0,10
6,1,5
11,0,11
31,4,27
10,6,4
1,2,-1
0,0,0
9,0,9
0,0,0
2,0,2
1,0,1
4,1,3
1,0,1
1,0,1
0,0,0
0,0,0
6,4,2
15,0,15
29,1,28
1,0,1
10,0,10
3,0,3
6,1,5
1,0,1
0,0,0
1,0,1
16,2,14
5,9,-4
27,12,15
26,23,3
0,0,0
16,8,8
0,2,-2
1,0,1
5,0,5
2,3,-1
3,0,3
19,0,19
2,2,0
5,2,3
2,0,2
8,0,8
0,0,0
0,0,0
1,0,1
14,0,14
1,0,1
0,0,0
0,0,0
0,0,0
1,0,1
0,1,-1
0,0,0
4,1,3
4,0,4
1,8,-7
13,0,13
1,1,0
0,0,0
10,0,10
0,1,-1
9,0,9
5,0,5
1,2,-1
12,7,5
30,6,24
0,0,0
5,0,5
0,0,0
1,0,1
7,0,7
13,6,7
0,0,0
1,0,1
0,0,0
9,2,7
6,0,6
1,1,0
14,0,14
3,3,0
1,0,1
3,0,3
5,4,1
14,5,9
0,0,0
13,15,-2
7,0,7
0,0,0
6,1,5
8,0,8
0,0,0
11,8,3
1,0,1
11,5,6
3,0,3
0,0,0
3,0,3
1,0,1
12,6,6
5,3,2
0,0,0
1,0,1
0,0,0
3,0,3
0,0,0
0,0,0
7,4,3
4,2,2
13,0,13
7,5,2
5,0,5
0,0,0
0,0,0
1,0,1
11,8,3
4,4,0
7,0,7
0,0,0
6,2,4
5,4,1
1,0,1
7,0,7
2,2,0
6,0,6
11,6,5
15,1,14
3,3,0
3,1,2
10,0,10
9,0,9
7,0,7
17,0,17
5,2,3
3,1,2
2,0,2
10,0,10
0,0,0
9,0,9
3,0,3
3,0,3
11,0,11
10,0,10
0,0,0
9,14,-5
0,0,0
12,0,12
16,1,15
1,4,-3
4,0,4
7,0,7
3,0,3
6,0,6
6,1,5
9,3,6
5,2,3
2,2,0
5,2,3
0,0,0
9,1,8
2,0,2
1,7,-6
0,0,0
11,6,5
12,6,6
10,2,8
18,1,17
6,0,6
121,2,119
0,3,-3
10,1,9
12,0,12
5,1,4
6,0,6
0,0,0
1,0,1
24,2,22
8,8,0
14,0,14
0,0,0
2,0,2
0,0,0
2,0,2
12,2,10
0,0,0
0,0,0
0,0,0
9,3,6
1,1,0
3,0,3
1,0,1
2,0,2
0,0,0
0,0,0
0,0,0
46,10,36
2,0,2
3,0,3
8,0,8
40,3,37
2,0,2
6,0,6
8,0,8
0,0,0
0,0,0
0,0,0
16,0,16
1,0,1
5,12,-7
0,1,-1
0,0,0
8,5,3
28,0,28
2,0,2
11,3,8
0,0,0
0,0,0
1,10,-9
1,0,1
20,9,11
5,2,3
30,2,28
34,0,34
4,2,2
9,7,2
8,0,8
1,0,1
40,13,27
2,0,2
5,3,2
0,0,0
1,2,-1
0,2,-2
0,0,0
9,0,9
44,0,44
3,8,-5
0,0,0
8,0,8
4,0,4
2,2,0
2,0,2
0,1,-1
0,0,0
0,0,0
0,0,0
0,0,0
0,10,-10
0,0,0
5,0,5
1,0,1
3,2,1
9,6,3
0,1,-1
7,6,1
11,7,4
3,2,1
1,2,-1
9,3,6
11,2,9
1,1,0
1,2,-1
3,3,0
3,2,1
15,0,15
14,2,12
34,4,30
4,1,3
4,3,1
0,0,0
13,0,13
7,7,0
0,0,0
7,1,6
1,9,-8
3,5,-2
8,4,4
12,16,-4
12,3,9
0,0,0
6,0,6
6,0,6
1,0,1
3,7,-4
9,33,-24
21,15,6
25,5,20
0,0,0
7,2,5
5,2,3
2,1,1
4,0,4
1,0,1
10,4,6
40,1,39
15,4,11
12,0,12
1,0,1
0,0,0
5,4,1
2,0,2
1,0,1
0,0,0
14,0,14
0,0,0
8,10,-2
4,0,4
4,0,4
6,3,3
62,3,59
14,0,14
11,4,7
11,2,9
14,0,14
11,4,7
0,0,0
1,0,1
9,1,8
11,0,11
1,0,1
5,1,4
6,0,6
2,9,-7
18,17,1
10,0,10
5,1,4
0,0,0
2,2,0
6,0,6
0,2,-2
15,0,15
4,1,3
11,5,6
2,0,2
1,0,1
4,0,4
0,0,0
0,1,-1
3,0,3
3,0,3
17,8,9
6,3,3
6,0,6
4,2,2
13,0,13
2,4,-2
6,10,-4
5,0,5
0,1,-1
13,8,5
15,0,15
15,6,9
8,1,7
9,0,9
2,0,2
0,0,0
1,0,1
1,0,1
8,0,8
1,0,1
3,1,2
1,5,-4
6,6,0
19,0,19
0,0,0
4,3,1
25,0,25
2,1,1
41,19,22
1,0,1
13,0,13
0,0,0
4,1,3
2,0,2
4,3,1
2,0,2
15,0,15
7,3,4
1,2,-1
1,0,1
8,5,3
3,0,3
0,0,0
4,2,2
90,11,79
2,0,2
3,7,-4
3,0,3
1,0,1
0,0,0
5,7,-2
22,13,9
1,0,1
19,1,18
2,0,2
0,0,0
21,7,14
3,0,3
3,0,3
15,1,14
2,4,-2
0,0,0
2,0,2
5,0,5
12,0,12
8,0,8
11,1,10
14,2,12
1,0,1
2,0,2
18,4,14
1,0,1
2,0,2
1,0,1
0,1,-1
15,1,14
0,0,0
14,0,14
1,6,-5
5,0,5
0,0,0
8,0,8
1,1,0
18,1,17
4,2,2
13,3,10
1,0,1
8,1,7
4,5,-1
22,13,9
16,1,15
0,0,0
3,0,3
9,2,7
11,2,9
7,0,7
0,1,-1
0,0,0
5,0,5
7,0,7
2,0,2
24,7,17
5,4,1
3,0,3
0,2,-2
0,2,-2
5,0,5
5,0,5
25,0,25
14,3,11
20,9,11
2,0,2
5,3,2
10,0,10
28,20,8
15,0,15
0,0,0
0,0,0
2,4,-2
12,4,8
0,0,0
0,0,0
2,9,-7
2,0,2
4,4,0
0,0,0
1,0,1
7,3,4
0,2,-2
5,0,5
2,0,2
9,3,6
0,0,0
2,1,1
9,0,9
7,0,7
11,2,9
2,0,2
1,0,1
3,1,2
1,1,0
0,0,0
3,0,3
14,0,14
5,2,3
2,4,-2
27,7,20
1,0,1
1,0,1
4,0,4
18,0,18
9,0,9
3,0,3
19,10,9
7,2,5
1,0,1
0,2,-2
2,12,-10
8,1,7
0,2,-2
79,6,73
4,4,0
2,1,1
3,3,0
4,1,3
1,1,0
0,0,0
37,0,37
0,0,0
0,0,0
9,0,9
5,5,0
5,5,0
8,2,6
0,0,0
0,3,-3
1,3,-2
6,11,-5
22,0,22
0,0,0
60,5,55
25,1,24
13,9,4
4,1,3
3,0,3
1,0,1
3,1,2
4,0,4
2,2,0
10,1,9
4,0,4
8,5,3
10,2,8
6,4,2
3,0,3
1,0,1
20,1,19
11,14,-3
4,8,-4
7,0,7
1,0,1
0,0,0
14,0,14
7,3,4
6,3,3
5,6,-1
1,0,1
0,1,-1
39,0,39
2,2,0
3,0,3
11,10,1
1,0,1
9,6,3
22,0,22
1,2,-1
3,0,3
1,0,1
2,1,1
0,0,0
11,1,10
1,0,1
2,0,2
1,1,0
21,7,14
0,0,0
1,0,1
11,4,7
0,4,-4
9,0,9
3,0,3
1,2,-1
3,0,3
15,5,10
0,0,0
1,1,0
1,0,1
2,0,2
2,1,1
0,0,0
2,4,-2
1,0,1
3,0,3
9,1,8
2,0,2
4,1,3
3,0,3
26,0,26
22,0,22
9,0,9
28,7,21
53,1,52
0,0,0
4,0,4
0,0,0
8,5,3
20,1,19
1,0,1
2,0,2
3,1,2
0,0,0
0,0,0
13,4,9
5,0,5
13,7,6
13,2,11
0,0,0
3,0,3
5,13,-8
0,0,0
8,1,7
0,0,0
5,0,5
0,0,0
4,0,4
6,0,6
19,2,17
4,4,0
0,1,-1
0,0,0
0,0,0
2,0,2
0,0,0
3,0,3
1,0,1
0,0,0
4,0,4
11,14,-3
19,5,14
0,0,0
31,1,30
3,2,1
7,0,7
10,0,10
0,1,-1
3,3,0
10,1,9
10,0,10
3,4,-1
6,0,6
4,1,3
0,0,0
2,1,1
0,0,0
5,0,5
1,7,-6
0,0,0
7,1,6
9,3,6
2,2,0
3,0,3
2,0,2
6,1,5
6,0,6
1,0,1
2,2,0
5,0,5
7,0,7
3,3,0
18,13,5
2,0,2
10,20,-10
3,1,2
0,0,0
3,0,3
0,0,0
3,4,-1
0,1,-1
39,8,31
0,0,0
24,2,22
26,3,23
2,0,2
11,1,10
0,0,0
3,0,3
0,0,0
4,0,4
5,0,5
0,0,0
2,0,2
7,0,7
0,1,-1
9,2,7
2,0,2
21,1,20
9,7,2
0,0,0
3,1,2
1,0,1
0,0,0
23,0,23
34,0,34
6,2,4
0,1,-1
0,4,-4
5,0,5
34,1,33
0,0,0
2,0,2
1,1,0
9,6,3
19,0,19
7,4,3
5,2,3
28,2,26
0,0,0
15,0,15
6,0,6
3,0,3
6,4,2
4,4,0
0,0,0
16,1,15
7,9,-2
11,5,6
3,1,2
0,2,-2
0,0,0
5,0,5
3,0,3
9,9,0
0,0,0
9,0,9
0,1,-1
0,0,0
3,5,-2
3,2,1
1,0,1
2,3,-1
8,0,8
2,5,-3
30,3,27
27,14,13
3,1,2
17,12,5
4,0,4
13,2,11
0,0,0
18,0,18
27,0,27
1,0,1
0,0,0
9,1,8
3,0,3
9,1,8
2,0,2
9,0,9
15,0,15
2,0,2
4,0,4
1,0,1
7,0,7
2,6,-4
0,0,0
2,0,2
7,0,7
8,9,-1
2,0,2
43,5,38
17,17,0
0,0,0
0,0,0
0,0,0
7,0,7
57,4,53
22,0,22
20,8,12
4,0,4
13,1,12
4,4,0
8,0,8
0,0,0
8,0,8
5,0,5
32,4,28
11,0,11
4,3,1
0,0,0
0,0,0
0,0,0
8,10,-2
0,0,0
1,2,-1
30,6,24
2,0,2
1,0,1
8,0,8
5,2,3
1,6,-5
0,0,0
4,1,3
0,1,-1
8,2,6
2,4,-2
1,0,1
12,1,11
8,0,8
1,0,1
0,1,-1
2,0,2
0,0,0
7,0,7
6,2,4
44,6,38
0,0,0
2,1,1
0,0,0
8,2,6
1,0,1
3,0,3
3,3,0
6,7,-1
4,1,3
4,3,1
0,3,-3
2,0,2
5,2,3
28,13,15
4,0,4
0,0,0
10,0,10
5,0,5
8,1,7
1,0,1
8,0,8
24,0,24
0,0,0
3,0,3
9,4,5
2,0,2
10,15,-5
25,1,24
25,0,25
3,0,3
1,1,0
12,0,12
0,1,-1
0,0,0
0,0,0
0,4,-4
0,2,-2
18,1,17
1,0,1
1,0,1
4,4,0
8,5,3
18,3,15
16,0,16
0,0,0
24,0,24
9,5,4
0,0,0
11,5,6
21,0,21
13,4,9
8,0,8
0,0,0
9,3,6
2,2,0
1,0,1
6,2,4
2,0,2
3,0,3
0,0,0
6,0,6
0,1,-1
22,0,22
3,5,-2
2,1,1
6,2,4
1,0,1
1,0,1
4,3,1
2,0,2
5,4,1
1,1,0
4,2,2
5,4,1
8,2,6
1,0,1
3,2,1
8,11,-3
1,0,1
4,0,4
11,8,3
6,2,4
13,2,11
19,3,16
7,1,6
0,0,0
0,2,-2
2,2,0
0,0,0
4,3,1
1,0,1
3,0,3
1,0,1
2,3,-1
5,4,1
3,0,3
2,1,1
80,23,57
1,2,-1
13,0,13
2,1,1
4,4,0
8,0,8
0,0,0
0,0,0
1,0,1
0,0,0
6,0,6
5,0,5
1,1,0
15,3,12
1,0,1
12,1,11
6,0,6
0,0,0
7,0,7
3,0,3
3,10,-7
5,1,4
1,9,-8
0,0,0
0,0,0
1,4,-3
0,0,0
6,2,4
18,0,18
12,3,9
12,15,-3
27,16,11
35,0,35
10,0,10
2,0,2
17,5,12
2,0,2
0,1,-1
1,0,1
0,0,0
0,0,0
5,0,5
4,10,-6
1,0,1
8,6,2
2,0,2
3,0,3
0,0,0
18,14,4
1,0,1
0,2,-2
5,2,3
0,0,0
6,0,6
0,1,-1
5,0,5
12,4,8
0,0,0
52,5,47
0,0,0
19,0,19
0,0,0
3,1,2
14,1,13
4,2,2
4,1,3
0,0,0
0,1,-1
1,0,1
27,13,14
1,0,1
5,11,-6
3,1,2
10,5,5
0,0,0
0,0,0
0,0,0
0,0,0
1,1,0
26,2,24
1,1,0
3,0,3
3,4,-1
4,1,3
86,0,86
1,0,1
23,9,14
4,0,4
14,10,4
4,4,0
0,3,-3
6,2,4
18,1,17
8,5,3
0,0,0
5,1,4
1,3,-2
12,4,8
2,2,0
0,9,-9
22,1,21
11,0,11
4,5,-1
0,1,-1
4,3,1
2,7,-5
15,1,14
13,7,6
0,0,0
3,0,3
0,0,0
0,0,0
6,0,6
1,0,1
0,1,-1
0,0,0
0,1,-1
13,0,13
6,0,6
3,1,2
41,6,35
0,0,0
7,0,7
12,6,6
43,0,43
3,0,3
2,1,1
4,2,2
11,0,11
11,2,9
9,1,8
13,0,13
2,4,-2
4,0,4
0,1,-1
1,0,1
11,4,7
3,0,3
3,0,3
25,9,16
10,5,5
4,0,4
5,5,0
15,8,7
3,0,3
1,0,1
0,0,0
1,2,-1
0,0,0
15,0,15
0,3,-3
3,6,-3
1,0,1
0,1,-1
11,4,7
3,0,3
17,0,17
0,2,-2
2,0,2
7,2,5
6,0,6
0,0,0
3,0,3
0,0,0
4,0,4
12,0,12
15,4,11
2,3,-1
1,1,0
0,0,0
1,1,0
2,0,2
1,0,1
7,0,7
28,1,27
13,14,-1
2,6,-4
1,3,-2
5,1,4
24,3,21
3,0,3
0,0,0
3,14,-11
10,1,9
2,0,2
0,0,0
0,0,0
0,0,0
34,4,30
1,0,1
8,5,3
0,0,0
24,0,24
4,8,-4
1,1,0
8,8,0
1,0,1
1,4,-3
7,6,1
1,1,0
6,0,6
1,0,1
3,0,3
0,1,-1
4,0,4
2,0,2
8,0,8
17,3,14
18,5,13
5,0,5
2,5,-3
2,0,2
2,0,2
24,0,24
1,0,1
5,0,5
14,14,0
10,1,9
10,7,3
8,0,8
0,0,0
0,12,-12
16,0,16
1,1,0
3,0,3
13,0,13
4,0,4
3,0,3
2,2,0
4,0,4
0,0,0
4,5,-1
0,0,0
3,0,3
3,1,2
0,0,0
9,4,5
8,2,6
0,0,0
7,0,7
6,22,-16
3,0,3
0,0,0
4,2,2
2,4,-2
19,5,14
39,15,24
10,2,8
1,0,1
8,3,5
0,0,0
1,0,1
1,0,1
1,7,-6
1,7,-6
0,0,0
5,0,5
10,1,9
8,4,4
14,4,10
12,4,8
2,2,0
10,4,6
25,0,25
2,0,2
7,0,7
0,0,0
2,0,2
11,0,11
15,0,15
0,0,0
3,0,3
0,0,0
13,0,13
3,0,3
9,7,2
10,1,9
6,13,-7
0,0,0
5,4,1
2,0,2
3,0,3
15,4,11
2,0,2
0,0,0
1,0,1
6,3,3
18,3,15
3,1,2
1,0,1
2,0,2
2,2,0
8,4,4
1,0,1
10,0,10
0,0,0
0,0,0
1,0,1
0,1,-1
4,0,4
15,0,15
3,3,0
0,0,0
12,0,12
1,0,1
39,0,39
10,2,8
0,0,0
0,1,-1
0,0,0
4,0,4
26,7,19
2,0,2
1,0,1
1,0,1
1,0,1
2,1,1
6,0,6
0,0,0
10,0,10
13,0,13
0,0,0
2,0,2
2,1,1
1,0,1
4,13,-9
0,0,0
2,0,2
1,1,0
10,3,7
3,12,-9
0,0,0
0,0,0
14,2,12
21,1,20
3,2,1
3,0,3
2,3,-1
5,1,4
8,0,8
4,0,4
11,8,3
1,0,1
9,1,8
12,1,11
14,1,13
14,0,14
0,0,0
5,3,2
1,1,0
5,0,5
5,0,5
6,3,3
20,18,2
0,0,0
0,0,0
1,0,1
5,5,0
1,1,0
0,0,0
11,0,11
0,0,0
19,7,12
16,0,16
17,0,17
3,0,3
28,0,28
9,0,9
1,1,0
1,0,1
0,0,0
0,0,0
4,6,-2
5,0,5
4,0,4
4,0,4
2,2,0
8,1,7
0,0,0
0,0,0
10,5,5
4,0,4
0,6,-6
5,1,4
1,0,1
4,0,4
10,0,10
0,1,-1
1,0,1
22,16,6
0,0,0
4,0,4
5,20,-15
0,0,0
12,3,9
9,1,8
9,0,9
1,2,-1
0,0,0
4,0,4
7,0,7
5,7,-2
3,1,2
5,0,5
4,0,4
18,7,11
0,5,-5
3,1,2
1,0,1
0,0,0
1,1,0
19,5,14
2,0,2
2,6,-4
21,9,12
1,0,1
0,0,0
1,0,1
8,3,5
1,0,1
21,7,14
23,4,19
0,0,0
5,0,5
1,1,0
17,17,0
17,0,17
4,4,0
1,3,-2
1,2,-1
0,0,0
3,0,3
13,0,13
7,0,7
5,0,5
18,0,18
6,5,1
10,0,10
11,10,1
16,9,7
0,0,0
0,0,0
4,0,4
2,1,1
3,2,1
0,0,0
7,1,6
5,0,5
0,0,0
22,1,21
1,6,-5
4,0,4
0,0,0
6,0,6
2,0,2
8,0,8
20,0,20
0,2,-2
3,0,3
0,0,0
1,0,1
7,0,7
2,13,-11
1,0,1
14,2,12
42,0,42
10,4,6
1,0,1
3,1,2
1,2,-1
0,0,0
0,0,0
9,1,8
6,0,6
0,0,0
12,2,10
5,1,4
37,2,35
1,3,-2
27,2,25
1,2,-1
7,0,7
6,11,-5
0,0,0
1,0,1
5,0,5
0,2,-2
0,0,0
6,1,5
2,1,1
13,2,11
2,0,2
1,0,1
26,1,25
11,1,10
22,2,20
2,5,-3
16,0,16
1,8,-7
1,0,1
11,0,11
0,0,0
7,2,5
15,3,12
1,3,-2
9,0,9
64,20,44
7,1,6
1,0,1
11,1,10
5,2,3
1,1,0
1,0,1
17,0,17
8,9,-1
12,4,8
5,0,5
1,0,1
2,0,2
4,1,3
7,1,6
8,0,8
1,0,1
3,2,1
0,0,0
3,0,3
5,0,5
0,1,-1
0,0,0
0,1,-1
3,0,3
10,0,10
5,0,5
0,0,0
33,1,32
7,0,7
6,0,6
10,1,9
1,0,1
9,1,8
15,0,15
4,5,-1
3,2,1
0,0,0
32,1,31
16,0,16
4,0,4
0,1,-1
6,0,6
0,0,0
3,0,3
9,5,4
2,3,-1
3,0,3
1,0,1
1,1,0
10,1,9
35,0,35
24,0,24
8,7,1
18,0,18
0,1,-1
20,1,19
20,9,11
0,6,-6
0,0,0
40,12,28
3,2,1
3,6,-3
0,0,0
28,0,28
0,0,0
6,0,6
2,0,2
0,1,-1
6,6,0
10,8,2
0,0,0
12,2,10
3,4,-1
0,0,0
8,0,8
8,1,7
15,3,12
2,0,2
4,2,2
10,14,-4
2,1,1
1,0,1
1,0,1
0,0,0
12,2,10
9,2,7
0,0,0
0,2,-2
4,0,4
14,0,14
29,4,25
12,3,9
1,0,1
6,0,6
0,1,-1
1,0,1
4,3,1
0,1,-1
10,0,10
5,1,4
3,0,3
0,0,0
8,0,8
21,1,20
2,0,2
17,1,16
5,6,-1
2,0,2
11,3,8
1,0,1
1,0,1
0,0,0
23,0,23
53,0,53
0,1,-1
0,0,0
2,0,2
3,2,1
0,2,-2
8,9,-1
9,10,-1
2,0,2
23,0,23
2,0,2
23,4,19
7,9,-2
7,0,7
13,0,13
4,0,4
6,3,3
1,0,1
2,0,2
11,0,11
9,4,5
7,2,5
4,0,4
0,0,0
10,0,10
0,0,0
0,0,0
2,1,1
0,1,-1
0,0,0
0,0,0
8,0,8
2,2,0
12,3,9
7,2,5
11,7,4
5,3,2
5,2,3
0,2,-2
0,0,0
3,2,1
4,0,4
5,0,5
0,0,0
1,9,-8
20,2,18
4,1,3
0,0,0
6,0,6
13,2,11
11,1,10
3,0,3
9,9,0
7,4,3
0,0,0
25,18,7
8,0,8
0,0,0
0,0,0
4,2,2
17,13,4
6,5,1
1,0,1
0,0,0
8,1,7
0,0,0
23,2,21
0,1,-1
5,0,5
17,0,17
17,4,13
12,3,9
0,0,0
5,4,1
14,5,9
2,0,2
2,0,2
3,6,-3
1,9,-8
13,0,13
5,0,5
5,1,4
8,0,8
27,0,27
18,1,17
4,1,3
2,0,2
2,0,2
13,5,8
2,0,2
46,3,43
15,6,9
7,0,7
2,0,2
4,1,3
0,0,0
10,1,9
5,0,5
3,0,3
0,0,0
3,0,3
0,0,0
3,0,3
16,4,12
0,0,0
6,2,4
1,0,1
1,3,-2
15,0,15
2,1,1
6,5,1
2,2,0
1,0,1
6,8,-2
10,1,9
0,0,0
0,0,0
5,1,4
2,0,2
10,1,9
21,5,16
3,5,-2
0,0,0
1,1,0
2,0,2
6,13,-7
1,8,-7
5,6,-1
3,0,3
27,12,15
5,2,3
52,10,42
3,5,-2
8,11,-3
23,0,23
1,0,1
12,3,9
27,3,24
1,1,0
1,4,-3
6,1,5
0,0,0
2,1,1
2,0,2
1,0,1
6,0,6
2,0,2
3,2,1
0,0,0
2,0,2
8,3,5
7,2,5
0,1,-1
24,0,24
2,0,2
0,0,0
1,1,0
0,2,-2
12,0,12
0,0,0
12,1,11
0,0,0
27,10,17
23,0,23
2,0,2
0,0,0
37,0,37
12,12,0
0,0,0
0,0,0
21,0,21
6,1,5
1,0,1
1,0,1
0,0,0
5,1,4
5,0,5
0,0,0
4,1,3
0,0,0
6,0,6
3,10,-7
20,3,17
23,8,15
0,1,-1
2,0,2
4,2,2
0,0,0
17,0,17
0,0,0
1,0,1
1,0,1
8,5,3
3,0,3
9,2,7
1,1,0
1,0,1
2,0,2
0,0,0
7,0,7
1,0,1
26,10,16
3,5,-2
0,0,0
3,2,1
1,1,0
21,3,18
9,9,0
16,0,16
0,1,-1
6,5,1
2,0,2
7,0,7
13,4,9
0,0,0
0,4,-4
1,0,1
1,7,-6
7,7,0
4,0,4
2,0,2
11,6,5
41,19,22
15,0,15
10,0,10
10,5,5
3,0,3
6,6,0
15,2,13
7,0,7
4,2,2
2,0,2
29,1,28
7,4,3
20,13,7
1,5,-4
3,0,3
29,1,28
25,0,25
8,1,7
6,7,-1
4,0,4
0,1,-1
0,0,0
1,0,1
1,0,1
58,5,53
2,2,0
18,13,5
2,10,-8
22,0,22
26,0,26
7,9,-2
10,1,9
5,4,1
4,10,-6
0,0,0
0,0,0
34,1,33
8,1,7
10,0,10
4,0,4
3,5,-2
1,0,1
2,1,1
31,0,31
0,0,0
8,1,7
1,4,-3
0,0,0
0,0,0
0,0,0
3,13,-10
0,2,-2
9,4,5
4,0,4
0,2,-2
0,0,0
0,13,-13
9,0,9
33,12,21
15,0,15
1,0,1
12,2,10
9,1,8
4,0,4
3,0,3
1,1,0
0,3,-3
40,0,40
0,0,0
0,0,0
0,0,0
0,8,-8
3,2,1
3,0,3
9,9,0
14,0,14
0,0,0
12,0,12
3,11,-8
14,20,-6
5,0,5
0,0,0
0,0,0
7,2,5
0,0,0
18,6,12
0,0,0
1,0,1
1,0,1
2,1,1
0,0,0
2,0,2
6,0,6
9,16,-7
8,0,8
0,3,-3
3,1,2
0,0,0
0,0,0
1,0,1
14,13,1
0,0,0
1,0,1
7,3,4
15,6,9
2,0,2
2,4,-2
3,9,-6
18,1,17
7,3,4
2,2,0
8,5,3
0,1,-1
2,0,2
0,2,-2
0,2,-2
10,5,5
1,1,0
0,0,0
4,1,3
0,0,0
3,0,3
17,1,16
0,0,0
0,0,0
3,4,-1
7,1,6
31,0,31
0,1,-1
9,0,9
53,2,51
0,0,0
12,10,2
11,4,7
3,2,1
6,0,6
2,0,2
3,3,0
0,0,0
0,0,0
6,1,5
0,0,0
0,0,0
7,10,-3
1,1,0
0,0,0
7,7,0
0,0,0
7,0,7
13,3,10
4,1,3
1,2,-1
11,5,6
7,0,7
4,2,2
1,0,1
0,0,0
1,0,1
0,0,0
0,0,0
1,2,-1
1,0,1
1,1,0
15,0,15
23,14,9
1,0,1
33,0,33
4,4,0
1,0,1
1,0,1
7,0,7
39,0,39
0,0,0
0,0,0
1,0,1
0,0,0
29,0,29
1,0,1
6,2,4
2,0,2
14,16,-2
7,2,5
7,3,4
5,1,4
3,0,3
6,2,4
11,3,8
2,0,2
9,0,9
33,5,28
0,0,0
4,4,0
0,0,0
2,8,-6
11,8,3
0,4,-4
7,0,7
11,0,11
8,1,7
10,10,0
2,5,-3
0,0,0
2,11,-9
2,0,2
1,0,1
9,0,9
0,0,0
1,0,1
14,2,12
7,0,7
7,0,7
0,0,0
15,1,14
4,1,3
8,3,5
0,0,0
11,11,0
28,0,28
2,2,0
12,2,10
3,8,-5
6,1,5
1,0,1
0,0,0
15,1,14
7,7,0
2,2,0
1,0,1
10,0,10
2,1,1
3,6,-3
1,2,-1
1,0,1
1,0,1
4,2,2
19,0,19
10,0,10
19,2,17
21,0,21
0,0,0
0,3,-3
0,0,0
5,0,5
3,2,1
21,0,21
8,0,8
44,14,30
2,6,-4
16,1,15
1,0,1
3,0,3
9,9,0
7,0,7
4,0,4
1,0,1
9,9,0
0,0,0
7,0,7
16,5,11
0,7,-7
2,1,1
1,0,1
0,0,0
8,0,8
3,0,3
3,0,3
17,8,9
1,0,1
4,9,-5
1,0,1
1,0,1
8,1,7
23,0,23
1,0,1
2,0,2
6,0,6
25,8,17
7,0,7
8,0,8
0,0,0
11,1,10
32,9,23
4,1,3
0,3,-3
4,1,3
4,0,4
24,18,6
4,2,2
0,0,0
3,1,2
1,0,1
1,0,1
5,5,0
5,2,3
14,2,12
0,0,0
11,16,-5
0,8,-8
25,14,11
1,1,0
4,1,3
13,3,10
15,7,8
9,2,7
5,2,3
4,1,3
17,9,8
3,0,3
3,0,3
10,0,10
19,1,18
18,14,4
6,1,5
1,0,1
0,0,0
1,2,-1
1,0,1
3,2,1
2,0,2
10,3,7
13,0,13
9,1,8
39,4,35
2,0,2
1,5,-4
0,0,0
8,1,7
4,3,1
0,0,0
4,0,4
9,7,2
0,0,0
14,3,11
2,1,1
9,0,9
15,2,13
4,5,-1
0,0,0
1,1,0
1,0,1
2,0,2
29,12,17
1,0,1
3,3,0
8,2,6
4,0,4
28,7,21
5,0,5
2,2,0
0,0,0
2,2,0
5,0,5
5,1,4
4,1,3
7,3,4
3,1,2
5,0,5
31,1,30
9,0,9
18,0,18
0,0,0
4,0,4
10,0,10
16,2,14
6,1,5
3,1,2
4,0,4
3,0,3
0,0,0
5,5,0
0,0,0
1,0,1
0,0,0
0,5,-5
10,7,3
3,5,-2
0,0,0
29,19,10
4,0,4
1,0,1
5,0,5
4,1,3
14,3,11
1,10,-9
2,0,2
4,0,4
4,14,-10
0,0,0
6,6,0
12,0,12
5,0,5
1,0,1
5,2,3
3,0,3
1,0,1
4,0,4
1,5,-4
10,1,9
4,1,3
2,0,2
12,0,12
0,0,0
3,3,0
3,0,3
0,6,-6
5,9,-4
2,1,1
0,0,0
0,0,0
3,0,3
37,6,31
11,0,11
1,1,0
0,0,0
11,0,11
7,0,7
1,0,1
0,0,0
1,0,1
2,9,-7
10,8,2
21,2,19
2,1,1
17,5,12
3,2,1
0,0,0
4,2,2
0,0,0
15,1,14
0,0,0
0,0,0
7,4,3
13,0,13
1,1,0
37,1,36
1,0,1
10,0,10
3,0,3
0,0,0
1,1,0
2,9,-7
0,0,0
8,1,7
8,8,0
5,1,4
1,0,1
2,2,0
3,0,3
0,0,0
19,8,11
0,0,0
0,0,0
0,3,-3
20,0,20
15,7,8
0,0,0
16,0,16
11,0,11
12,1,11
6,2,4
12,2,10
7,1,6
2,0,2
1,0,1
0,0,0
5,5,0
20,2,18
16,1,15
34,15,19
0,0,0
9,0,9
1,4,-3
6,2,4
0,0,0
2,0,2
0,0,0
2,0,2
3,2,1
6,0,6
1,0,1
2,0,2
0,0,0
25,6,19
0,0,0
8,0,8
2,0,2
0,0,0
1,1,0
1,1,0
14,7,7
12,0,12
0,0,0
19,8,11
0,0,0
3,1,2
9,0,9
0,0,0
6,5,1
1,0,1
0,0,0
5,0,5
4,1,3
23,0,23
41,14,27
4,1,3
11,0,11
4,0,4
2,3,-1
17,1,16
0,5,-5
3,0,3
0,1,-1
6,1,5
12,0,12
0,0,0
7,9,-2
0,0,0
0,0,0
11,0,11
1,3,-2
18,7,11
0,0,0
0,0,0
0,0,0
19,1,18
5,2,3
2,0,2
2,3,-1
1,0,1
4,0,4
0,0,0
0,0,0
3,0,3
0,0,0
7,4,3
45,9,36
2,1,1
6,0,6
6,5,1
14,0,14
0,1,-1
8,0,8
9,7,2
1,0,1
0,2,-2
6,3,3
8,4,4
0,0,0
14,0,14
11,0,11
4,0,4
3,0,3
7,3,4
7,7,0
1,0,1
3,2,1
7,8,-1
0,3,-3
5,0,5
9,1,8
3,3,0
0,0,0
3,0,3
0,0,0
8,0,8
8,3,5
0,1,-1
7,1,6
19,0,19
1,0,1
10,4,6
7,0,7
4,4,0
0,0,0
6,3,3
62,6,56
1,0,1
1,0,1
29,3,26
3,7,-4
2,2,0
1,1,0
0,0,0
0,0,0
36,5,31
4,4,0
0,0,0
15,0,15
0,15,-15
0,0,0
1,0,1
0,2,-2
10,6,4
4,3,1
3,0,3
6,0,6
2,1,1
20,1,19
17,5,12
42,1,41
13,0,13
30,13,17
1,0,1
0,0,0
3,0,3
36,6,30
10,4,6
14,0,14
5,0,5
7,0,7
4,3,1
20,0,20
1,0,1
20,6,14
3,8,-5
1,2,-1
4,1,3
6,0,6
7,4,3
5,10,-5
16,7,9
0,0,0
7,2,5
2,1,1
2,15,-13
0,0,0
2,0,2
25,4,21
2,0,2
3,0,3
4,0,4
7,3,4
9,0,9
29,0,29
1,3,-2
4,0,4
3,2,1
10,6,4
3,1,2
31,2,29
13,0,13
0,1,-1
0,0,0
0,0,0
18,13,5
7,0,7
6,6,0
1,0,1
0,0,0
0,0,0
1,0,1
10,11,-1
0,0,0
17,0,17
11,0,11
20,1,19
5,0,5
8,3,5
1,0,1
1,4,-3
2,12,-10
7,4,3
32,14,18
4,0,4
6,3,3
11,0,11
2,1,1
14,3,11
3,5,-2
7,0,7
1,0,1
9,7,2
2,3,-1
13,15,-2
8,0,8
1,1,0
29,8,21
2,0,2
2,0,2
1,1,0
0,1,-1
15,0,15
14,14,0
0,0,0
1,1,0
0,0,0
5,0,5
4,0,4
1,0,1
10,2,8
24,0,24
1,9,-8
0,0,0
16,8,8
0,0,0
0,0,0
2,0,2
6,1,5
3,2,1
2,0,2
15,6,9
6,5,1
7,0,7
2,10,-8
20,3,17
1,0,1
3,0,3
24,0,24
4,4,0
3,0,3
3,0,3
0,0,0
2,3,-1
9,8,1
0,0,0
1,2,-1
2,0,2
1,0,1
2,0,2
6,0,6
20,1,19
10,9,1
5,0,5
3,3,0
2,0,2
2,0,2
10,1,9
15,5,10
18,11,7
5,5,0
0,1,-1
1,0,1
0,0,0
1,0,1
0,0,0
2,0,2
0,0,0
6,4,2
3,12,-9
18,6,12
1,2,-1
4,4,0
3,17,-14
5,0,5
0,0,0
0,1,-1
5,0,5
10,7,3
19,14,5
5,0,5
0,2,-2
0,0,0
21,0,21
0,5,-5
23,9,14
0,0,0
3,1,2
9,0,9
2,3,-1
0,0,0
3,0,3
0,0,0
1,0,1
7,1,6
26,0,26
8,4,4
21,5,16
20,0,20
6,1,5
6,1,5
46,2,44
0,0,0
2,0,2
19,4,15
1,1,0
5,4,1
20,0,20
0,0,0
4,0,4
8,2,6
4,0,4
6,12,-6
0,0,0
11,7,4
0,0,0
10,0,10
1,4,-3
0,0,0
0,2,-2
18,5,13
5,5,0
5,3,2
5,0,5
0,0,0
3,3,0
5,0,5
12,11,1
0,3,-3
0,5,-5
3,2,1
5,0,5
0,0,0
0,2,-2
1,1,0
8,4,4
0,0,0
5,1,4
7,0,7
4,0,4
48,0,48
1,0,1
2,0,2
1,0,1
5,4,1
1,1,0
9,0,9
13,10,3
1,1,0
6,0,6
23,9,14
14,0,14
6,0,6
5,2,3
13,10,3
13,13,0
4,0,4
9,1,8
3,0,3
1,0,1
7,0,7
21,0,21
22,1,21
5,0,5
0,0,0
7,5,2
3,1,2
14,0,14
7,0,7
7,0,7
17,13,4
6,0,6
0,0,0
9,9,0
6,0,6
2,2,0
16,3,13
8,0,8
13,11,2
35,0,35
0,0,0
1,0,1
3,0,3
1,3,-2
2,0,2
0,0,0
3,0,3
2,0,2
1,0,1
34,15,19
4,0,4
9,2,7
1,1,0
4,3,1
3,3,0
0,1,-1
8,0,8
0,0,0
15,0,15
1,7,-6
10,4,6
1,2,-1
23,2,21
3,3,0
18,4,14
26,0,26
5,5,0
3,0,3
22,1,21
13,1,12
0,0,0
10,2,8
12,3,9
2,0,2
22,14,8
14,3,11
5,3,2
6,0,6
20,20,0
16,0,16
0,0,0
8,0,8
10,0,10
13,0,13
14,0,14
0,0,0
10,12,-2
9,0,9
2,0,2
0,0,0
13,0,13
2,0,2
1,1,0
4,0,4
0,0,0
4,4,0
2,0,2
8,3,5
0,0,0
0,0,0
0,0,0
37,7,30
24,6,18
7,0,7
3,10,-7
13,1,12
3,0,3
17,2,15
1,0,1
23,1,22
3,2,1
8,2,6
1,3,-2
5,1,4
0,0,0
4,0,4
6,19,-13
4,1,3
34,2,32
0,0,0
0,0,0
46,16,30
0,2,-2
3,0,3
0,0,0
0,0,0
8,1,7
2,2,0
0,0,0
16,15,1
1,0,1
1,0,1
2,1,1
21,5,16
8,11,-3
1,0,1
3,0,3
5,0,5
1,0,1
1,0,1
3,0,3
5,5,0
0,0,0
14,6,8
7,1,6
19,6,13
6,0,6
6,2,4
1,0,1
26,10,16
7,4,3
15,9,6
1,0,1
0,0,0
17,17,0
7,6,1
14,0,14
11,5,6
0,0,0
5,5,0
6,1,5
5,5,0
0,1,-1
0,0,0
1,0,1
48,0,48
5,0,5
13,2,11
10,0,10
1,2,-1
2,3,-1
34,0,34
0,0,0
0,6,-6
5,0,5
6,0,6
16,5,11
6,7,-1
1,0,1
58,5,53
2,3,-1
31,12,19
14,0,14
0,0,0
7,0,7
10,0,10
35,0,35
2,4,-2
1,2,-1
20,4,16
9,4,5
4,1,3
7,5,2
5,6,-1
79,0,79
6,0,6
2,0,2
3,0,3
31,8,23
4,1,3
2,0,2
1,0,1
7,1,6
5,1,4
14,10,4
10,8,2
5,0,5
6,0,6
2,10,-8
0,0,0
3,2,1
1,3,-2
3,6,-3
4,0,4
1,0,1
2,0,2
18,1,17
5,6,-1
7,1,6
0,0,0
1,0,1
1,2,-1
17,0,17
8,12,-4
23,1,22
1,0,1
4,0,4
0,0,0
7,1,6
5,0,5
2,3,-1
17,0,17
0,0,0
16,0,16
3,0,3
0,0,0
0,0,0
7,0,7
14,0,14
12,0,12
17,0,17
2,0,2
0,3,-3
14,0,14
14,0,14
0,2,-2
11,1,10
0,0,0
1,0,1
2,1,1
4,8,-4
0,0,0
27,5,22
5,2,3
2,1,1
4,4,0
3,0,3
7,7,0
2,6,-4
27,1,26
2,0,2
0,0,0
0,0,0
9,1,8
2,6,-4
1,5,-4
1,0,1
5,5,0
8,0,8
0,0,0
4,3,1
1,7,-6
6,0,6
0,0,0
2,3,-1
35,0,35
1,0,1
18,2,16
9,0,9
5,0,5
6,4,2
1,0,1
0,0,0
16,3,13
6,2,4
4,0,4
1,0,1
8,1,7
4,2,2
5,1,4
3,1,2
17,6,11
7,0,7
5,16,-11
12,4,8
1,1,0
14,1,13
1,0,1
4,0,4
1,10,-9
1,0,1
8,12,-4
0,0,0
18,23,-5
9,0,9
2,6,-4
9,0,9
9,8,1
12,8,4
2,0,2
2,0,2
0,1,-1
14,0,14
15,15,0
2,0,2
0,0,0
15,4,11
3,8,-5
0,0,0
3,1,2
3,1,2
2,4,-2
11,0,11
1,1,0
3,0,3
5,0,5
7,2,5
21,0,21
7,1,6
0,1,-1
0,0,0
0,0,0
32,6,26
2,0,2
2,1,1
4,0,4
2,0,2
16,12,4
21,4,17
3,0,3
3,5,-2
1,0,1
1,0,1
11,0,11
3,0,3
4,4,0
0,1,-1
1,0,1
2,1,1
1,0,1
1,0,1
28,0,28
0,0,0
9,0,9
4,0,4
4,0,4
1,0,1
0,0,0
2,0,2
25,2,23
21,0,21
2,0,2
3,0,3
1,0,1
4,1,3
8,1,7
0,1,-1
3,0,3
0,0,0
22,16,6
17,2,15
13,2,11
0,0,0
6,7,-1
6,4,2
22,0,22
1,0,1
81,1,80
8,13,-5
4,2,2
0,0,0
5,3,2
33,5,28
0,0,0
0,0,0
3,0,3
34,3,31
1,0,1
6,0,6
11,0,11
0,0,0
0,1,-1
9,4,5
2,0,2
7,1,6
3,4,-1
1,0,1
10,0,10
5,5,0
7,7,0
1,0,1
1,0,1
1,6,-5
15,4,11
16,0,16
5,0,5
0,0,0
0,0,0
5,2,3
0,0,0
8,1,7
1,0,1
5,0,5
1,0,1
2,2,0
31,15,16
0,4,-4
0,0,0
0,0,0
5,1,4
0,0,0
2,0,2
1,5,-4
2,0,2
9,0,9
15,7,8
0,0,0
6,0,6
0,0,0
2,0,2
13,1,12
3,2,1
5,1,4
20,11,9
1,6,-5
7,0,7
2,0,2
14,0,14
0,12,-12
18,1,17
14,9,5
5,1,4
7,2,5
1,2,-1
1,0,1
9,10,-1
13,0,13
2,2,0
0,0,0
1,0,1
19,7,12
22,0,22
6,4,2
0,0,0
0,0,0
1,1,0
0,0,0
5,0,5
16,0,16
3,0,3
0,0,0
1,0,1
0,0,0
2,1,1
0,0,0
3,0,3
0,2,-2
2,0,2
15,0,15
0,0,0
4,0,4
32,0,32
13,0,13
19,0,19
1,0,1
6,11,-5
0,4,-4
14,9,5
22,2,20
0,0,0
12,4,8
1,0,1
4,0,4
21,1,20
9,0,9
2,0,2
0,0,0
1,0,1
2,0,2
11,3,8
4,0,4
5,3,2
0,0,0
41,0,41
34,9,25
6,0,6
1,0,1
7,8,-1
2,1,1
0,4,-4
2,0,2
13,2,11
8,0,8
7,6,1
9,3,6
11,3,8
1,1,0
20,0,20
0,0,0
2,0,2
0,0,0
1,10,-9
30,2,28
20,17,3
4,0,4
0,0,0
0,0,0
3,3,0
3,0,3
7,7,0
4,3,1
2,0,2
8,0,8
24,10,14
8,0,8
1,1,0
0,0,0
0,0,0
0,0,0
2,1,1
5,1,4
1,0,1
1,1,0
0,0,0
14,8,6
0,0,0
0,0,0
11,11,0
1,1,0
25,0,25
1,0,1
4,4,0
4,0,4
2,0,2
1,0,1
23,8,15
1,1,0
0,0,0
1,0,1
5,0,5
0,0,0
0,0,0
0,0,0
0,0,0
8,8,0
2,4,-2
5,0,5
0,0,0
2,3,-1
5,3,2
1,6,-5
8,0,8
17,2,15
1,0,1
0,0,0
8,1,7
25,9,16
27,3,24
0,0,0
3,8,-5
3,0,3
5,0,5
2,3,-1
0,0,0
7,7,0
1,1,0
1,6,-5
20,0,20
2,0,2
8,0,8
0,0,0
1,1,0
2,2,0
4,1,3
0,4,-4
22,1,21
9,1,8
0,0,0
1,1,0
2,1,1
0,1,-1
12,0,12
1,0,1
7,3,4
1,0,1
26,5,21
12,5,7
17,0,17
26,1,25
4,3,1
21,1,20
11,2,9
8,3,5
2,5,-3
1,0,1
1,0,1
6,0,6
22,1,21
0,0,0
9,0,9
19,0,19
6,2,4
0,2,-2
0,0,0
3,21,-18
1,1,0
10,0,10
0,0,0
2,9,-7
7,1,6
0,0,0
7,0,7
10,9,1
2,1,1
0,0,0
6,0,6
2,3,-1
2,3,-1
4,0,4
19,5,14
12,0,12
4,0,4
11,5,6
7,0,7
11,3,8
0,0,0
0,0,0
10,0,10
3,1,2
0,0,0
0,0,0
8,8,0
1,0,1
27,10,17
4,5,-1
3,0,3
15,2,13
7,9,-2
0,0,0
1,0,1
0,0,0
90,0,90
8,2,6
3,0,3
3,0,3
7,0,7
1,0,1
6,1,5
0,0,0
34,6,28
0,0,0
29,4,25
13,8,5
2,0,2
0,0,0
0,0,0
8,5,3
16,2,14
14,0,14
7,1,6
0,0,0
0,0,0
2,1,1
3,0,3
4,2,2
0,0,0
2,0,2
15,0,15
14,4,10
2,0,2
0,0,0
6,0,6
6,6,0
4,0,4
8,1,7
5,0,5
1,0,1
9,0,9
13,0,13
0,0,0
5,0,5
1,0,1
17,1,16
1,0,1
10,2,8
5,1,4
2,0,2
4,0,4
4,1,3
0,0,0
0,14,-14
5,7,-2
3,0,3
4,0,4
1,0,1
2,2,0
2,4,-2
8,0,8
1,0,1
2,0,2
2,1,1
7,0,7
16,22,-6
7,13,-6
1,2,-1
61,6,55
0,0,0
2,14,-12
2,1,1
14,17,-3
0,0,0
3,0,3
3,0,3
52,0,52
0,1,-1
19,0,19
3,0,3
0,0,0
5,1,4
2,0,2
37,2,35
0,2,-2
0,0,0
2,0,2
15,0,15
4,0,4
1,4,-3
12,0,12
22,0,22
17,2,15
2,0,2
13,0,13
4,0,4
1,0,1
11,2,9
8,17,-9
3,2,1
0,0,0
1,0,1
14,0,14
13,8,5
0,0,0
0,0,0
4,2,2
2,1,1
9,12,-3
0,0,0
13,1,12
2,2,0
2,3,-1
2,4,-2
31,31,0
0,0,0
7,3,4
0,0,0
0,0,0
23,14,9
13,0,13
3,0,3
21,0,21
1,1,0
20,0,20
15,1,14
5,0,5
0,0,0
6,1,5
5,1,4
3,0,3
0,1,-1
2,1,1
24,5,19
1,0,1
9,8,1
28,9,19
30,0,30
1,0,1
11,11,0
0,9,-9
0,0,0
8,0,8
12,0,12
4,0,4
9,1,8
15,5,10
7,3,4
4,0,4
4,0,4
3,0,3
5,2,3
7,1,6
0,0,0
6,0,6
0,0,0
7,2,5
1,0,1
16,2,14
3,5,-2
0,0,0
0,0,0
4,0,4
4,2,2
4,2,2
1,0,1
2,0,2
7,2,5
0,0,0
25,8,17
0,0,0
2,8,-6
14,6,8
0,0,0
3,1,2
16,1,15
2,2,0
0,0,0
0,0,0
10,1,9
20,1,19
3,0,3
1,1,0
13,0,13
0,0,0
2,0,2
3,9,-6
2,0,2
3,0,3
4,0,4
0,0,0
12,6,6
17,5,12
1,0,1
33,1,32
1,0,1
2,0,2
0,0,0
0,1,-1
1,0,1
9,3,6
5,0,5
3,6,-3
1,0,1
27,0,27
1,0,1
2,1,1
4,14,-10
20,8,12
1,0,1
29,0,29
6,0,6
26,8,18
3,0,3
1,5,-4
1,3,-2
28,12,16
10,2,8
3,0,3
2,0,2
0,0,0
2,0,2
1,0,1
3,0,3
0,1,-1
0,0,0
0,0,0
2,0,2
7,7,0
40,0,40
0,0,0
5,8,-3
1,7,-6
4,1,3
7,0,7
7,0,7
21,13,8
8,0,8
12,4,8
3,0,3
4,0,4
2,0,2
17,1,16
0,0,0
0,0,0
0,0,0
14,26,-12
10,5,5
3,0,3
1,0,1
9,0,9
1,7,-6
2,0,2
17,0,17
3,3,0
4,4,0
9,0,9
17,2,15
9,5,4
0,0,0
5,13,-8
1,1,0
2,0,2
0,1,-1
2,2,0
47,3,44
1,7,-6
6,3,3
31,4,27
2,0,2
1,0,1
1,2,-1
3,0,3
37,3,34
8,0,8
4,0,4
10,13,-3
8,0,8
7,1,6
66,2,64
5,0,5
0,1,-1
1,2,-1
1,2,-1
2,2,0
7,0,7
1,0,1
8,23,-15
0,0,0
13,0,13
4,3,1
11,2,9
51,6,45
14,3,11
3,0,3
14,2,12
6,0,6
0,0,0
1,2,-1
4,2,2
0,4,-4
0,2,-2
6,0,6
2,0,2
0,4,-4
3,1,2
1,0,1
0,0,0
3,2,1
18,5,13
6,0,6
2,1,1
18,0,18
0,0,0
0,0,0
2,2,0
0,25,-25
13,1,12
12,3,9
0,1,-1
3,0,3
0,0,0
6,2,4
6,2,4
13,12,1
1,0,1
15,5,10
11,11,0
2,0,2
2,2,0
6,9,-3
6,0,6
13,10,3
0,0,0
0,0,0
1,0,1
6,2,4
22,6,16
9,0,9
5,0,5
11,1,10
11,6,5
0,0,0
0,2,-2
4,4,0
0,10,-10
6,5,1
4,0,4
36,2,34
13,6,7
12,0,12
0,0,0
0,0,0
9,0,9
10,0,10
6,0,6
4,0,4
0,0,0
9,5,4
3,4,-1
6,0,6
2,1,1
5,3,2
2,0,2
4,0,4
0,0,0
0,0,0
6,1,5
3,2,1
6,1,5
0,0,0
36,0,36
2,1,1
2,0,2
0,0,0
1,2,-1
13,6,7
0,0,0
0,2,-2
0,0,0
0,0,0
0,1,-1
5,0,5
9,0,9
2,1,1
15,0,15
6,6,0
0,0,0
16,0,16
0,1,-1
2,0,2
0,0,0
0,0,0
0,0,0
3,7,-4
2,0,2
9,0,9
4,0,4
2,1,1
0,0,0
1,0,1
10,1,9
0,0,0
0,2,-2
2,1,1
2,5,-3
25,0,25
10,1,9
0,1,-1
6,7,-1
1,0,1
0,0,0
3,4,-1
1,3,-2
0,0,0
3,12,-9
4,5,-1
2,1,1
0,0,0
21,0,21
0,0,0
1,0,1
0,0,0
0,0,0
5,1,4
12,1,11
11,0,11
3,2,1
1,0,1
6,2,4
0,0,0
0,0,0
27,27,0
16,1,15
3,0,3
8,0,8
0,0,0
3,4,-1
25,6,19
2,4,-2
5,11,-6
11,0,11
1,1,0
0,0,0
2,3,-1
0,0,0
6,0,6
8,3,5
14,0,14
0,0,0
0,0,0
1,0,1
11,14,-3
20,6,14
9,1,8
0,5,-5
3,0,3
23,0,23
2,0,2
2,0,2
16,1,15
6,0,6
0,0,0
0,0,0
0,1,-1
19,19,0
0,0,0
14,0,14
2,0,2
1,1,0
17,13,4
1,4,-3
3,0,3
0,0,0
0,10,-10
0,2,-2
2,0,2
12,5,7
12,0,12
5,1,4
0,0,0
5,6,-1
2,0,2
8,0,8
2,2,0
9,15,-6
3,0,3
2,13,-11
4,0,4
5,1,4
5,1,4
0,0,0
7,0,7
4,0,4
12,1,11
10,4,6
32,20,12
28,0,28
5,1,4
6,1,5
6,14,-8
0,0,0
16,6,10
3,5,-2
34,11,23
0,0,0
24,0,24
0,0,0
0,0,0
0,1,-1
6,4,2
3,0,3
15,12,3
0,0,0
34,27,7
18,18,0
10,0,10
39,15,24
3,0,3
2,7,-5
8,6,2
6,5,1
9,15,-6
4,0,4
0,0,0
4,0,4
1,12,-11
6,1,5
3,0,3
1,8,-7
19,9,10
5,8,-3
10,9,1
3,1,2
7,2,5
1,0,1
13,2,11
25,2,23
7,11,-4
1,0,1
1,0,1
6,0,6
7,1,6
3,0,3
17,4,13
3,0,3
4,0,4
0,0,0
3,3,0
6,2,4
6,0,6
3,0,3
15,8,7
2,0,2
15,0,15
7,12,-5
10,0,10
13,14,-1
6,2,4
0,0,0
4,0,4
1,0,1
1,0,1
14,6,8
0,0,0
16,4,12
11,0,11
1,0,1
18,0,18
0,0,0
0,0,0
12,12,0
4,0,4
3,0,3
0,0,0
17,3,14
3,0,3
11,1,10
0,0,0
1,0,1
0,0,0
8,8,0
8,0,8
8,2,6
6,0,6
2,0,2
5,0,5
1,2,-1
27,4,23
12,2,10
1,0,1
1,3,-2
15,0,15
0,1,-1
0,0,0
13,0,13
43,0,43
3,7,-4
1,0,1
1,1,0
0,0,0
3,0,3
4,0,4
0,0,0
4,7,-3
0,0,0
0,2,-2
2,1,1
14,1,13
2,0,2
0,1,-1
18,0,18
1,5,-4
13,0,13
0,0,0
12,0,12
38,0,38
10,0,10
6,8,-2
3,1,2
20,1,19
0,2,-2
2,0,2
0,0,0
0,0,0
0,0,0
8,1,7
3,0,3
0,0,0
3,4,-1
9,9,0
0,0,0
3,0,3
8,0,8
0,1,-1
7,1,6
6,0,6
2,0,2
0,0,0
5,2,3
2,2,0
2,0,2
2,0,2
19,0,19
0,3,-3
5,0,5
2,1,1
0,2,-2
5,0,5
4,0,4
5,0,5
0,0,0
0,0,0
7,5,2
6,8,-2
0,0,0
2,0,2
12,9,3
1,0,1
6,6,0
1,5,-4
0,1,-1
1,0,1
42,7,35
8,4,4
4,1,3
0,0,0
0,4,-4
6,13,-7
1,0,1
9,6,3
0,5,-5
0,0,0
5,0,5
0,11,-11
0,0,0
0,0,0
0,0,0
0,0,0
0,1,-1
6,0,6
12,0,12
0,0,0
3,3,0
6,2,4
21,1,20
23,0,23
2,0,2
11,0,11
4,3,1
4,0,4
15,1,14
2,0,2
10,10,0
0,0,0
0,0,0
2,0,2
5,0,5
13,0,13
4,0,4
6,2,4
12,0,12
21,2,19
0,0,0
20,8,12
12,15,-3
29,8,21
1,2,-1
0,0,0
12,0,12
1,1,0
0,0,0
0,0,0
3,4,-1
2,0,2
15,3,12
3,8,-5
7,7,0
20,3,17
16,2,14
9,1,8
9,10,-1
24,0,24
0,0,0
0,1,-1
18,0,18
6,0,6
0,0,0
26,17,9
14,0,14
0,0,0
0,0,0
6,1,5
0,0,0
1,0,1
11,14,-3
5,0,5
52,5,47
8,8,0
0,0,0
0,0,0
19,6,13
2,0,2
2,0,2
4,0,4
1,0,1
9,2,7
0,0,0
19,3,16
0,2,-2
0,2,-2
19,0,19
2,0,2
24,24,0
1,1,0
1,0,1
3,4,-1
0,0,0
1,0,1
2,1,1
34,21,13
8,0,8
3,0,3
18,0,18
6,1,5
13,5,8
1,0,1
13,8,5
2,1,1
13,0,13
0,0,0
6,5,1
0,0,0
10,0,10
0,0,0
3,0,3
1,0,1
1,0,1
0,3,-3
9,0,9
10,4,6
0,0,0
0,18,-18
19,0,19
5,0,5
0,9,-9
0,0,0
17,0,17
16,5,11
9,4,5
8,0,8
2,0,2
1,0,1
0,0,0
0,0,0
12,15,-3
4,0,4
0,0,0
0,1,-1
0,1,-1
9,1,8
5,5,0
1,0,1
2,2,0
3,0,3
9,0,9
0,8,-8
1,0,1
8,0,8
5,0,5
0,0,0
5,1,4
13,2,11
0,0,0
1,0,1
0,0,0
7,1,6
6,4,2
0,0,0
1,0,1
2,2,0
7,8,-1
13,6,7
4,1,3
1,3,-2
6,14,-8
5,6,-1
7,0,7
0,0,0
14,9,5
5,0,5
0,0,0
1,2,-1
56,14,42
5,2,3
4,4,0
4,1,3
33,27,6
3,0,3
0,0,0
7,3,4
1,0,1
9,13,-4
1,0,1
10,0,10
33,0,33
15,0,15
5,0,5
5,5,0
1,0,1
39,25,14
2,4,-2
2,2,0
0,1,-1
12,4,8
8,1,7
1,2,-1
1,6,-5
0,0,0
1,0,1
1,0,1
0,2,-2
1,0,1
5,0,5
9,1,8
1,0,1
7,4,3
2,0,2
5,5,0
12,2,10
6,8,-2
16,7,9
2,0,2
5,2,3
2,0,2
5,0,5
4,6,-2
0,0,0
0,2,-2
7,2,5
14,9,5
0,0,0
37,6,31
4,2,2
16,11,5
1,0,1
0,0,0
1,0,1
0,0,0
3,1,2
0,0,0
7,4,3
1,9,-8
17,1,16
14,3,11
2,0,2
11,0,11
1,0,1
15,1,14
16,0,16
12,0,12
22,10,12
14,8,6
7,0,7
3,5,-2
23,15,8
5,1,4
12,3,9
0,1,-1
4,0,4
1,10,-9
6,1,5
5,0,5
0,0,0
5,3,2
0,0,0
5,0,5
16,1,15
3,8,-5
15,9,6
17,12,5
0,0,0
0,2,-2
0,0,0
1,0,1
5,7,-2
2,0,2
3,0,3
33,9,24
2,0,2
6,12,-6
0,1,-1
3,3,0
18,0,18
6,0,6
0,6,-6
5,1,4
29,0,29
3,2,1
1,3,-2
10,2,8
0,0,0
2,0,2
2,2,0
3,8,-5
3,0,3
2,7,-5
0,0,0
0,0,0
3,0,3
2,0,2
11,5,6
12,2,10
8,8,0
20,0,20
9,0,9
1,1,0
7,0,7
12,1,11
4,0,4
1,3,-2
11,10,1
10,10,0
15,1,14
0,1,-1
12,8,4
6,2,4
8,2,6
38,0,38
5,8,-3
15,1,14
2,0,2
0,0,0
3,0,3
4,2,2
9,0,9
1,0,1
1,0,1
4,3,1
4,0,4
3,2,1
8,0,8
0,0,0
0,0,0
2,0,2
6,7,-1
3,20,-17
3,2,1
13,4,9
13,0,13
2,1,1
22,12,10
4,0,4
1,0,1
3,0,3
15,0,15
4,4,0
13,1,12
1,0,1
11,0,11
13,0,13
2,0,2
2,0,2
0,0,0
3,0,3
4,0,4
2,8,-6
11,1,10
2,1,1
3,0,3
9,9,0
3,2,1
5,0,5
12,0,12
8,2,6
39,1,38
0,0,0
10,8,2
0,1,-1
29,0,29
10,1,9
3,0,3
4,0,4
34,12,22
0,0,0
3,6,-3
7,4,3
6,6,0
3,0,3
0,0,0
0,2,-2
0,0,0
8,20,-12
0,1,-1
2,1,1
68,1,67
1,0,1
6,0,6
12,9,3
5,4,1
0,1,-1
2,0,2
2,0,2
1,0,1
20,9,11
0,0,0
7,0,7
13,2,11
9,6,3
0,0,0
7,1,6
11,3,8
29,10,19
4,0,4
6,5,1
0,0,0
4,0,4
43,1,42
4,0,4
17,2,15
1,0,1
0,0,0
0,1,-1
14,10,4
9,2,7
0,1,-1
14,13,1
12,15,-3
6,4,2
5,2,3
9,4,5
0,0,0
2,0,2
0,0,0
2,1,1
0,6,-6
4,1,3
13,0,13
9,5,4
1,0,1
0,0,0
16,0,16
7,0,7
6,0,6
0,0,0
4,3,1
10,8,2
9,5,4
1,1,0
0,0,0
0,0,0
0,0,0
2,0,2
20,3,17
18,1,17
0,0,0
4,0,4
2,0,2
7,17,-10
2,4,-2
0,0,0
10,8,2
1,1,0
0,0,0
9,0,9
4,0,4
2,0,2
0,0,0
0,0,0
16,4,12
7,0,7
7,0,7
0,0,0
6,1,5
4,1,3
0,0,0
0,0,0
0,0,0
4,11,-7
1,2,-1
1,0,1
15,15,0
8,0,8
1,0,1
4,9,-5
37,13,24
3,2,1
3,3,0
3,4,-1
17,0,17
3,0,3
0,0,0
6,0,6
20,1,19
1,0,1
10,0,10
1,0,1
0,0,0
9,3,6
1,0,1
3,1,2
0,0,0
2,0,2
22,20,2
19,0,19
26,0,26
11,4,7
3,0,3
3,1,2
30,13,17
8,3,5
3,1,2
0,3,-3
7,5,2
2,2,0
17,0,17
1,0,1
8,1,7
0,0,0
6,0,6
17,0,17
20,5,15
10,5,5
12,0,12
0,0,0
1,1,0
0,2,-2
3,0,3
4,1,3
3,0,3
8,12,-4
1,0,1
6,0,6
1,1,0
48,0,48
2,1,1
2,0,2
0,0,0
3,2,1
6,3,3
3,8,-5
0,0,0
10,3,7
0,0,0
5,4,1
36,6,30
9,2,7
38,1,37
22,0,22
11,8,3
0,0,0
3,0,3
1,0,1
9,0,9
1,0,1
9,10,-1
3,1,2
1,0,1
0,0,0
2,0,2
0,1,-1
11,0,11
5,0,5
5,1,4
1,1,0
27,6,21
2,0,2
4,1,3
18,4,14
0,0,0
1,1,0
11,4,7
0,0,0
14,0,14
0,0,0
20,1,19
11,3,8
1,0,1
2,16,-14
1,1,0
6,6,0
1,0,1
4,2,2
4,0,4
3,0,3
5,0,5
0,0,0
2,0,2
1,1,0
13,5,8
0,0,0
2,1,1
0,0,0
1,0,1
9,3,6
15,9,6
14,8,6
2,1,1
4,2,2
17,0,17
14,0,14
6,2,4
0,0,0
2,0,2
2,2,0
0,0,0
3,0,3
4,13,-9
0,0,0
0,0,0
10,7,3
3,3,0
10,14,-4
3,1,2
11,0,11
2,2,0
0,0,0
0,0,0
9,0,9
13,4,9
3,3,0
0,0,0
0,0,0
2,1,1
6,3,3
2,2,0
3,0,3
9,4,5
3,0,3
0,0,0
0,0,0
4,1,3
4,0,4
11,0,11
0,0,0
19,17,2
7,7,0
9,0,9
21,0,21
4,4,0
5,0,5
4,0,4
2,0,2
16,0,16
1,3,-2
44,17,27
16,6,10
2,0,2
31,5,26
34,0,34
0,3,-3
1,7,-6
3,1,2
0,0,0
6,3,3
6,5,1
1,3,-2
7,2,5
1,0,1
0,0,0
19,0,19
3,0,3
2,2,0
0,0,0
0,0,0
5,6,-1
12,0,12
0,3,-3
6,5,1
15,3,12
13,1,12
2,1,1
17,0,17
15,0,15
9,4,5
0,0,0
7,0,7
8,3,5
0,0,0
1,0,1
13,0,13
0,0,0
3,0,3
12,0,12
8,1,7
16,0,16
25,9,16
12,3,9
9,0,9
6,0,6
7,0,7
9,0,9
11,0,11
0,6,-6
4,3,1
1,0,1
0,0,0
1,1,0
2,0,2
46,2,44
12,0,12
1,3,-2
2,2,0
2,0,2
2,0,2
39,11,28
1,0,1
0,0,0
6,0,6
36,14,22
0,0,0
40,0,40
3,4,-1
0,0,0
0,0,0
1,0,1
40,4,36
1,9,-8
3,0,3
3,2,1
0,0,0
5,0,5
0,1,-1
1,0,1
17,0,17
26,0,26
18,0,18
2,0,2
27,1,26
0,0,0
12,6,6
8,2,6
5,0,5
8,0,8
10,0,10
8,0,8
0,0,0
1,0,1
3,0,3
1,0,1
3,0,3
12,0,12
1,1,0
13,4,9
3,0,3
0,0,0
1,6,-5
5,9,-4
1,0,1
7,6,1
0,3,-3
2,3,-1
1,1,0
11,18,-7
1,0,1
5,0,5
4,0,4
1,0,1
0,0,0
3,0,3
1,0,1
8,1,7
10,0,10
5,2,3
26,0,26
1,2,-1
0,0,0
1,0,1
20,6,14
0,0,0
9,3,6
9,0,9
1,0,1
1,1,0
12,2,10
0,0,0
6,0,6
0,3,-3
7,1,6
10,2,8
2,0,2
1,0,1
4,1,3
10,2,8
9,8,1
7,0,7
5,0,5
1,0,1
6,8,-2
10,1,9
2,3,-1
1,0,1
6,0,6
24,0,24
0,1,-1
1,0,1
7,5,2
16,4,12
6,1,5
11,7,4
2,0,2
84,13,71
1,0,1
5,4,1
20,1,19
0,0,0
0,0,0
0,0,0
8,0,8
4,2,2
4,21,-17
0,0,0
0,0,0
8,1,7
10,0,10
32,1,31
15,0,15
3,2,1
3,2,1
0,0,0
6,8,-2
1,0,1
29,2,27
2,2,0
0,0,0
0,0,0
7,0,7
44,0,44
0,0,0
15,0,15
2,0,2
2,0,2
1,2,-1
4,1,3
22,1,21
0,0,0
31,1,30
3,4,-1
5,0,5
14,6,8
0,1,-1
39,14,25
4,1,3
2,0,2
9,1,8
1,0,1
10,10,0
0,0,0
3,0,3
8,1,7
7,3,4
0,0,0
0,0,0
23,3,20
18,0,18
7,3,4
2,1,1
0,0,0
3,1,2
1,2,-1
5,1,4
0,0,0
0,0,0
14,7,7
31,0,31
0,0,0
4,1,3
1,0,1
1,0,1
1,1,0
2,2,0
7,0,7
16,0,16
0,2,-2
23,3,20
2,2,0
25,1,24
6,3,3
0,1,-1
0,0,0
37,12,25
1,0,1
6,0,6
6,0,6
0,4,-4
1,0,1
7,0,7
2,0,2
0,0,0
4,0,4
6,1,5
0,22,-22
0,0,0
0,0,0
4,4,0
1,0,1
5,4,1
4,12,-8
11,5,6
0,0,0
1,0,1
1,0,1
8,3,5
9,0,9
1,0,1
1,6,-5
1,0,1
11,0,11
21,7,14
2,0,2
1,0,1
2,1,1
1,0,1
15,2,13
8,8,0
3,3,0
6,4,2
13,0,13
12,0,12
0,0,0
1,5,-4
0,4,-4
0,0,0
0,0,0
2,6,-4
6,2,4
0,0,0
11,6,5
3,0,3
5,12,-7
0,0,0
4,5,-1
4,0,4
3,1,2
9,1,8
0,11,-11
5,1,4
0,0,0
0,0,0
3,0,3
4,0,4
5,0,5
1,0,1
3,0,3
0,2,-2
2,1,1
61,1,60
15,1,14
1,0,1
7,3,4
5,3,2
0,0,0
2,1,1
24,8,16
8,0,8
12,6,6
0,3,-3
3,0,3
11,4,7
1,2,-1
0,2,-2
3,1,2
7,6,1
2,0,2
1,3,-2
0,1,-1
0,6,-6
0,0,0
3,0,3
3,1,2
28,1,27
14,0,14
10,2,8
0,0,0
16,0,16
4,2,2
4,0,4
21,6,15
6,3,3
6,0,6
6,0,6
0,0,0
3,0,3
3,3,0
0,3,-3
6,8,-2
0,0,0
25,1,24
5,1,4
31,12,19
18,1,17
0,0,0
6,2,4
11,0,11
1,0,1
1,3,-2
6,2,4
0,0,0
5,6,-1
6,0,6
4,0,4
5,3,2
7,0,7
36,1,35
49,15,34
4,8,-4
13,0,13
7,0,7
3,2,1
2,2,0
27,27,0
1,0,1
11,0,11
0,0,0
1,0,1
1,1,0
9,0,9
4,0,4
2,0,2
0,0,0
18,1,17
4,2,2
4,1,3
5,2,3
0,11,-11
4,6,-2
0,0,0
1,0,1
2,0,2
10,7,3
4,7,-3
1,0,1
1,0,1
5,5,0
0,0,0
2,2,0
28,0,28
1,0,1
2,0,2
8,0,8
0,3,-3
15,2,13
5,3,2
3,5,-2
1,3,-2
1,0,1
12,0,12
4,0,4
7,1,6
0,0,0
7,0,7
0,0,0
1,1,0
9,11,-2
2,0,2
0,0,0
4,0,4
3,4,-1
1,0,1
13,0,13
18,3,15
0,0,0
10,2,8
1,0,1
1,1,0
3,0,3
0,0,0
11,2,9
0,1,-1
8,0,8
0,0,0
3,0,3
10,4,6
8,3,5
14,2,12
3,0,3
2,0,2
2,0,2
1,0,1
8,6,2
1,0,1
0,0,0
66,18,48
2,1,1
0,0,0
10,0,10
6,3,3
1,0,1
1,0,1
10,2,8
3,8,-5
0,0,0
52,0,52
6,0,6
2,1,1
12,5,7
0,14,-14
6,0,6
3,0,3
13,3,10
1,0,1
1,4,-3
16,10,6
2,17,-15
8,7,1
11,0,11
1,0,1
3,0,3
32,3,29
7,1,6
0,0,0
0,0,0
5,0,5
18,2,16
1,1,0
7,0,7
0,0,0
5,1,4
4,0,4
1,1,0
2,2,0
10,12,-2
3,3,0
16,1,15
4,10,-6
1,0,1
1,0,1
0,0,0
2,1,1
0,0,0
2,2,0
1,0,1
0,1,-1
1,0,1
0,6,-6
0,0,0
9,1,8
2,3,-1
3,1,2
2,2,0
3,5,-2
1,0,1
3,0,3
0,4,-4
0,0,0
1,0,1
1,1,0
1,0,1
0,0,0
1,4,-3
3,0,3
9,0,9
24,1,23
2,0,2
4,0,4
28,0,28
15,9,6
1,0,1
2,1,1
2,0,2
3,0,3
3,10,-7
2,1,1
3,0,3
0,3,-3
4,0,4
16,9,7
2,0,2
3,8,-5
7,0,7
0,0,0
5,4,1
6,0,6
5,0,5
4,0,4
0,0,0
2,0,2
0,0,0
0,0,0
11,0,11
4,0,4
2,4,-2
17,0,17
25,7,18
2,2,0
47,2,45
0,0,0
2,1,1
2,3,-1
5,0,5
36,0,36
12,0,12
0,2,-2
4,0,4
36,12,24
1,6,-5
8,2,6
3,0,3
8,0,8
4,1,3
3,0,3
7,4,3
5,2,3
2,9,-7
16,0,16
8,4,4
6,0,6
1,0,1
3,0,3
14,8,6
3,0,3
6,3,3
17,1,16
14,1,13
1,0,1
7,3,4
7,0,7
30,8,22
21,1,20
0,0,0
2,3,-1
24,2,22
9,0,9
0,0,0
1,0,1
1,0,1
5,16,-11
9,12,-3
9,0,9
5,1,4
39,0,39
0,2,-2
0,0,0
11,2,9
0,0,0
7,1,6
10,0,10
5,1,4
0,0,0
0,0,0
8,0,8
2,1,1
0,0,0
12,0,12
6,0,6
11,2,9
10,10,0
9,3,6
0,0,0
9,0,9
9,2,7
0,1,-1
2,0,2
1,0,1
7,0,7
1,0,1
10,3,7
15,1,14
4,1,3
76,4,72
13,0,13
7,0,7
9,1,8
6,6,0
1,0,1
0,0,0
9,3,6
0,0,0
0,0,0
0,1,-1
4,0,4
11,0,11
12,0,12
1,0,1
3,4,-1
2,0,2
0,0,0
0,3,-3
1,5,-4
14,1,13
0,1,-1
0,1,-1
0,0,0
5,4,1
7,0,7
0,0,0
8,2,6
25,2,23
4,1,3
18,12,6
4,6,-2
0,0,0
0,0,0
48,0,48
2,0,2
12,3,9
20,0,20
25,15,10
1,0,1
0,0,0
8,1,7
10,5,5
8,7,1
1,0,1
4,1,3
5,1,4
4,1,3
14,2,12
3,0,3
1,0,1
1,0,1
2,2,0
2,8,-6
9,0,9
8,0,8
18,1,17
0,0,0
7,0,7
2,5,-3
3,0,3
8,1,7
5,0,5
1,0,1
1,2,-1
0,0,0
18,1,17
14,6,8
26,12,14
0,6,-6
4,0,4
8,0,8
0,0,0
0,0,0
4,2,2
0,0,0
5,0,5
2,0,2
0,0,0
0,0,0
10,0,10
4,2,2
20,1,19
7,0,7
4,1,3
14,1,13
9,0,9
10,7,3
1,0,1
9,2,7
13,0,13
8,1,7
5,6,-1
4,5,-1
21,13,8
21,10,11
5,3,2
7,0,7
0,0,0
3,2,1
36,0,36
8,7,1
5,0,5
9,1,8
2,0,2
0,8,-8
10,3,7
0,0,0
3,1,2
3,2,1
12,5,7
0,0,0
15,0,15
5,2,3
5,1,4
109,7,102
0,0,0
0,0,0
5,3,2
6,6,0
0,0,0
7,0,7
0,0,0
0,6,-6
0,1,-1
3,0,3
3,1,2
0,0,0
0,0,0
6,11,-5
30,10,20
3,1,2
4,0,4
2,2,0
24,1,23
9,0,9
11,6,5
1,6,-5
3,0,3
22,6,16
16,0,16
13,1,12
2,0,2
2,0,2
5,0,5
25,9,16
0,0,0
4,1,3
7,1,6
24,0,24
0,0,0
12,0,12
0,0,0
35,0,35
0,0,0
1,12,-11
5,0,5
37,0,37
4,2,2
0,0,0
11,0,11
10,0,10
4,2,2
5,0,5
8,4,4
4,1,3
7,0,7
4,8,-4
3,0,3
1,4,-3
3,0,3
0,6,-6
10,0,10
8,1,7
2,0,2
1,9,-8
0,1,-1
3,0,3
1,1,0
1,0,1
2,0,2
43,8,35
4,3,1
8,0,8
4,0,4
34,4,30
3,5,-2
1,0,1
0,0,0
4,4,0
0,0,0
1,0,1
3,0,3
0,0,0
3,0,3
5,0,5
0,0,0
5,0,5
5,0,5
5,0,5
10,9,1
40,2,38
1,19,-18
1,3,-2
5,2,3
16,5,11
10,0,10
3,1,2
3,0,3
2,1,1
3,2,1
5,18,-13
0,0,0
0,0,0
4,1,3
16,0,16
2,0,2
3,8,-5
4,9,-5
1,1,0
10,3,7
12,8,4
0,0,0
1,1,0
5,3,2
20,0,20
16,8,8
0,0,0
9,7,2
0,0,0
4,1,3
14,0,14
7,0,7
4,1,3
1,1,0
1,0,1
0,0,0
8,0,8
2,1,1
6,0,6
21,1,20
5,1,4
0,0,0
0,0,0
1,1,0
6,0,6
7,0,7
1,5,-4
5,5,0
9,8,1
2,0,2
12,0,12
1,0,1
0,0,0
7,6,1
4,2,2
12,1,11
6,5,1
3,3,0
7,2,5
9,5,4
13,14,-1
6,0,6
4,0,4
10,4,6
3,9,-6
1,0,1
7,8,-1
1,3,-2
11,4,7
0,0,0
1,0,1
15,2,13
5,5,0
11,12,-1
11,6,5
2,0,2
18,5,13
1,0,1
5,0,5
13,0,13
1,0,1
13,2,11
6,3,3
1,0,1
2,1,1
2,1,1
1,0,1
13,13,0
9,3,6
13,1,12
5,5,0
19,12,7
1,0,1
3,5,-2
3,0,3
8,12,-4
8,8,0
21,3,18
11,1,10
0,1,-1
15,4,11
3,3,0
3,0,3
0,1,-1
0,0,0
12,0,12
1,0,1
1,0,1
2,0,2
0,0,0
2,0,2
0,2,-2
0,0,0
0,7,-7
0,0,0
20,1,19
7,3,4
4,3,1
1,1,0
0,0,0
4,0,4
2,0,2
6,1,5
0,1,-1
8,0,8
3,3,0
1,5,-4
0,0,0
9,1,8
6,0,6
0,0,0
0,0,0
3,0,3
0,0,0
6,0,6
15,17,-2
2,4,-2
2,6,-4
17,2,15
24,21,3
1,0,1
0,0,0
45,8,37
11,0,11
1,1,0
2,1,1
9,4,5
24,6,18
2,0,2
0,0,0
0,0,0
5,12,-7
7,0,7
8,1,7
7,0,7
3,3,0
2,0,2
0,0,0
0,0,0
14,1,13
0,0,0
25,1,24
10,6,4
1,0,1
0,5,-5
1,0,1
50,18,32
8,0,8
6,1,5
6,0,6
0,0,0
6,0,6
12,6,6
2,2,0
7,0,7
17,16,1
0,0,0
3,0,3
9,7,2
7,1,6
0,0,0
12,0,12
15,4,11
2,0,2
10,0,10
2,0,2
5,0,5
7,0,7
4,4,0
13,1,12
5,19,-14
16,1,15
10,1,9
0,1,-1
18,4,14
13,8,5
6,0,6
0,0,0
0,3,-3
7,9,-2
5,0,5
11,0,11
4,2,2
9,1,8
0,0,0
12,2,10
4,1,3
11,0,11
31,7,24
11,2,9
6,1,5
4,6,-2
1,0,1
1,0,1
12,1,11
9,0,9
3,0,3
5,0,5
2,6,-4
16,0,16
1,0,1
1,0,1
0,0,0
2,0,2
0,0,0
0,0,0
3,0,3
13,3,10
0,0,0
1,0,1
11,7,4
6,0,6
6,7,-1
6,0,6
8,3,5
4,5,-1
2,3,-1
0,0,0
20,10,10
3,1,2
3,3,0
10,1,9
4,0,4
3,1,2
11,6,5
0,8,-8
0,0,0
10,0,10
5,0,5
27,0,27
0,1,-1
9,0,9
0,0,0
22,0,22
34,2,32
10,0,10
4,2,2
4,0,4
4,0,4
29,1,28
12,2,10
13,7,6
12,0,12
4,1,3
1,0,1
3,0,3
36,9,27
30,13,17
5,6,-1
5,1,4
0,9,-9
4,4,0
7,0,7
5,0,5
0,1,-1
7,2,5
5,0,5
15,0,15
1,0,1
0,1,-1
1,3,-2
43,1,42
1,8,-7
2,0,2
0,0,0
16,0,16
1,0,1
2,16,-14
15,5,10
5,0,5
3,3,0
4,0,4
12,0,12
1,0,1
4,4,0
14,7,7
0,0,0
12,0,12
24,0,24
0,0,0
22,11,11
6,1,5
26,9,17
12,4,8
2,0,2
0,0,0
13,1,12
5,0,5
0,0,0
10,3,7
0,0,0
6,0,6
6,0,6
9,2,7
23,1,22
17,0,17
10,0,10
43,3,40
2,0,2
0,1,-1
0,0,0
24,0,24
6,0,6
10,0,10
3,0,3
4,0,4
5,0,5
8,8,0
0,0,0
2,0,2
1,0,1
5,0,5
3,0,3
3,0,3
2,15,-13
17,0,17
7,0,7
7,0,7
3,2,1
0,0,0
99,0,99
6,0,6
9,3,6
5,0,5
0,0,0
34,0,34
18,0,18
3,1,2
15,3,12
46,0,46
15,1,14
4,0,4
3,5,-2
0,0,0
15,2,13
4,2,2
0,0,0
0,0,0
1,10,-9
18,7,11
10,10,0
0,0,0
17,12,5
4,1,3
31,5,26
9,3,6
9,5,4
0,0,0
4,0,4
3,1,2
4,0,4
11,0,11
1,0,1
5,5,0
4,1,3
7,0,7
6,4,2
20,1,19
3,1,2
0,0,0
0,1,-1
12,0,12
40,14,26
7,0,7
17,1,16
0,0,0
6,3,3
1,0,1
5,0,5
14,4,10
3,0,3
3,27,-24
2,2,0
3,0,3
15,6,9
9,10,-1
0,0,0
0,1,-1
11,0,11
0,3,-3
4,1,3
1,0,1
2,0,2
29,0,29
8,0,8
3,0,3
13,1,12
23,9,14
1,6,-5
17,0,17
2,0,2
4,0,4
3,2,1
11,1,10
22,1,21
2,0,2
4,0,4
6,0,6
3,1,2
6,0,6
4,1,3
0,0,0
9,0,9
0,0,0
5,12,-7
0,0,0
35,0,35
0,8,-8
12,3,9
10,7,3
0,0,0
3,0,3
5,0,5
0,0,0
5,0,5
0,0,0
5,0,5
2,0,2
3,9,-6
1,0,1
20,0,20
25,7,18
5,0,5
2,5,-3
1,2,-1
2,0,2
11,8,3
0,0,0
11,4,7
16,1,15
5,2,3
10,1,9
14,3,11
3,0,3
10,0,10
22,20,2
1,0,1
12,1,11
0,1,-1
5,2,3
2,0,2
0,0,0
2,0,2
0,0,0
8,0,8
0,0,0
2,2,0
4,1,3
15,20,-5
1,0,1
46,0,46
2,1,1
0,0,0
10,15,-5
4,4,0
0,0,0
13,0,13
0,1,-1
4,0,4
4,0,4
5,0,5
8,9,-1
1,1,0
4,13,-9
3,0,3
2,0,2
1,0,1
3,4,-1
2,0,2
23,2,21
6,0,6
4,7,-3
7,2,5
5,1,4
1,0,1
3,0,3
16,3,13
17,0,17
0,0,0
1,0,1
0,0,0
10,4,6
2,3,-1
5,4,1
38,2,36
0,2,-2
1,5,-4
9,0,9
0,0,0
5,0,5
6,0,6
3,2,1
0,0,0
4,0,4
6,0,6
4,0,4
0,0,0
4,0,4
5,0,5
1,0,1
0,0,0
7,0,7
1,0,1
4,2,2
5,1,4
3,0,3
10,3,7
3,4,-1
1,1,0
1,0,1
3,1,2
13,0,13
1,0,1
6,1,5
5,1,4
2,0,2
5,0,5
9,2,7
9,0,9
1,0,1
0,0,0
1,0,1
0,0,0
1,1,0
0,0,0
13,3,10
10,10,0
34,1,33
23,0,23
9,0,9
6,0,6
0,0,0
15,15,0
2,2,0
13,8,5
1,0,1
10,0,10
30,0,30
53,0,53
19,1,18
5,0,5
5,5,0
2,4,-2
8,7,1
28,0,28
5,1,4
70,1,69
6,3,3
5,0,5
5,0,5
15,1,14
2,2,0
0,0,0
3,6,-3
2,0,2
0,0,0
10,0,10
0,2,-2
3,0,3
0,0,0
0,0,0
18,9,9
3,0,3
14,0,14
8,2,6
0,0,0
2,3,-1
4,2,2
11,5,6
3,3,0
5,0,5
7,0,7
14,1,13
0,0,0
0,2,-2
0,0,0
13,5,8
2,3,-1
7,4,3
5,7,-2
1,0,1
8,8,0
13,1,12
4,1,3
0,0,0
6,0,6
16,9,7
1,1,0
0,4,-4
6,0,6
14,3,11
5,5,0
24,1,23
4,0,4
10,0,10
0,0,0
34,0,34
0,0,0
38,4,34
4,0,4
25,1,24
1,0,1
4,0,4
0,0,0
4,1,3
1,0,1
2,2,0
12,6,6
3,1,2
2,0,2
0,0,0
4,15,-11
20,2,18
3,0,3
1,1,0
2,10,-8
0,0,0
1,0,1
2,3,-1
1,0,1
2,5,-3
0,0,0
4,8,-4
0,0,0
12,5,7
4,6,-2
0,0,0
8,0,8
6,23,-17
0,0,0
2,0,2
3,7,-4
16,1,15
2,1,1
2,1,1
2,0,2
0,0,0
1,0,1
18,7,11
2,0,2
0,0,0
7,8,-1
1,0,1
3,0,3
3,0,3
0,0,0
3,6,-3
1,1,0
10,2,8
12,5,7
75,4,71
15,1,14
2,0,2
6,0,6
6,0,6
4,0,4
34,14,20
15,5,10
3,0,3
1,1,0
2,0,2
15,8,7
13,0,13
18,8,10
13,2,11
3,1,2
20,2,18
2,0,2
0,0,0
12,0,12
9,0,9
9,0,9
31,2,29
1,1,0
0,0,0
3,6,-3
2,0,2
0,0,0
5,2,3
9,2,7
24,8,16
0,0,0
1,0,1
3,0,3
21,4,17
12,0,12
11,0,11
11,0,11
0,8,-8
19,2,17
7,2,5
5,2,3
0,0,0
35,1,34
10,1,9
8,8,0
3,0,3
0,1,-1
4,0,4
11,0,11
2,1,1
22,7,15
0,2,-2
0,0,0
5,2,3
2,0,2
5,5,0
0,0,0
7,0,7
2,0,2
28,0,28
0,0,0
2,0,2
0,0,0
4,3,1
3,3,0
18,0,18
4,1,3
0,0,0
23,6,17
16,0,16
9,11,-2
6,0,6
3,0,3
10,2,8
6,1,5
8,5,3
0,0,0
4,0,4
3,0,3
11,0,11
6,0,6
11,10,1
2,0,2
3,1,2
5,0,5
5,0,5
7,7,0
0,4,-4
4,0,4
0,7,-7
0,0,0
24,0,24
0,0,0
2,0,2
7,0,7
7,8,-1
0,0,0
6,0,6
3,1,2
1,12,-11
6,5,1
11,0,11
10,5,5
1,0,1
10,2,8
9,4,5
0,0,0
9,2,7
0,0,0
4,0,4
0,2,-2
1,0,1
0,0,0
8,0,8
8,1,7
8,0,8
10,1,9
1,19,-18
1,1,0
5,8,-3
0,1,-1
0,0,0
4,0,4
23,14,9
2,2,0
2,0,2
71,2,69
0,0,0
0,3,-3
1,0,1
2,0,2
0,0,0
0,0,0
0,0,0
1,5,-4
2,1,1
16,1,15
3,0,3
7,5,2
14,2,12
10,0,10
5,0,5
9,4,5
2,0,2
2,0,2
0,0,0
23,0,23
7,5,2
0,0,0
1,0,1
7,0,7
0,0,0
0,0,0
2,0,2
3,7,-4
9,7,2
7,0,7
0,0,0
9,0,9
3,0,3
0,0,0
5,0,5
21,0,21
0,0,0
0,0,0
3,0,3
3,1,2
5,0,5
25,0,25
0,0,0
0,0,0
6,0,6
14,1,13
5,2,3
27,0,27
15,0,15
2,0,2
3,0,3
24,14,10
0,0,0
29,0,29
3,2,1
0,0,0
5,2,3
17,2,15
10,0,10
0,0,0
2,0,2
2,1,1
6,0,6
0,0,0
5,0,5
1,0,1
0,0,0
27,1,26
3,1,2
1,0,1
3,0,3
4,0,4
3,0,3
5,2,3
3,0,3
13,5,8
11,7,4
19,0,19
0,0,0
11,0,11
1,0,1
7,6,1
18,1,17
10,2,8
0,0,0
17,2,15
5,0,5
1,0,1
1,2,-1
0,0,0
20,13,7
18,0,18
7,6,1
2,0,2
8,2,6
2,0,2
5,1,4
8,1,7
13,1,12
14,6,8
24,1,23
5,4,1
5,0,5
11,2,9
2,0,2
9,7,2
6,3,3
0,0,0
3,0,3
0,0,0
11,4,7
2,0,2
11,2,9
13,0,13
1,0,1
8,5,3
7,0,7
6,0,6
16,18,-2
23,11,12
0,0,0
1,0,1
4,3,1
12,0,12
5,1,4
2,0,2
0,0,0
5,0,5
30,0,30
0,0,0
5,1,4
42,5,37
6,0,6
0,0,0
19,5,14
8,1,7
1,1,0
6,0,6
6,0,6
3,3,0
10,6,4
0,0,0
10,3,7
1,1,0
4,0,4
8,0,8
0,0,0
0,0,0
5,2,3
2,0,2
13,1,12
0,4,-4
24,1,23
11,2,9
2,2,0
8,3,5
7,0,7
33,12,21
9,0,9
6,0,6
2,3,-1
0,0,0
1,1,0
0,0,0
1,2,-1
0,0,0
3,1,2
1,2,-1
4,0,4
1,0,1
1,0,1
19,7,12
8,0,8
0,0,0
0,0,0
9,6,3
7,6,1
2,1,1
5,0,5
0,1,-1
1,1,0
23,11,12
4,0,4
11,0,11
1,0,1
5,0,5
6,0,6
3,0,3
2,1,1
17,0,17
4,0,4
4,0,4
19,1,18
5,4,1
18,1,17
23,0,23
7,8,-1
0,0,0
4,5,-1
31,0,31
7,5,2
2,1,1
23,2,21
20,0,20
5,0,5
5,0,5
10,6,4
3,0,3
8,8,0
0,12,-12
7,7,0
10,0,10
0,4,-4
4,1,3
7,0,7
27,0,27
21,2,19
0,0,0
9,2,7
5,37,-32
7,2,5
0,6,-6
9,0,9
4,1,3
1,1,0
0,0,0
2,0,2
0,0,0
1,0,1
23,1,22
0,0,0
8,4,4
20,7,13
3,1,2
0,0,0
10,7,3
4,0,4
1,6,-5
1,0,1
0,0,0
13,1,12
9,9,0
2,0,2
0,0,0
0,0,0
0,0,0
3,4,-1
3,0,3
3,0,3
31,1,30
0,15,-15
15,1,14
0,0,0
12,1,11
1,1,0
0,0,0
0,0,0
0,1,-1
0,0,0
0,0,0
0,0,0
1,0,1
5,0,5
7,4,3
7,4,3
4,5,-1
0,0,0
0,0,0
1,1,0
12,12,0
0,1,-1
1,0,1
1,0,1
10,3,7
18,5,13
5,7,-2
2,8,-6
0,0,0
5,1,4
1,6,-5
11,14,-3
1,0,1
11,3,8
6,4,2
5,1,4
5,7,-2
3,3,0
0,0,0
0,0,0
4,1,3
20,5,15
23,1,22
7,8,-1
1,0,1
6,1,5
2,0,2
0,0,0
4,0,4
4,0,4
8,10,-2
8,3,5
0,0,0
1,0,1
14,0,14
5,9,-4
1,1,0
6,6,0
0,0,0
7,0,7
12,8,4
1,0,1
5,2,3
7,4,3
0,0,0
0,5,-5
0,0,0
2,2,0
5,2,3
15,2,13
9,7,2
1,0,1
16,0,16
2,5,-3
4,0,4
5,5,0
0,0,0
0,0,0
4,4,0
10,0,10
9,2,7
10,5,5
2,1,1
40,0,40
2,0,2
3,1,2
15,0,15
4,0,4
1,3,-2
30,1,29
2,1,1
7,0,7
0,0,0
15,5,10
7,0,7
1,0,1
1,0,1
3,0,3
0,1,-1
1,0,1
34,0,34
13,0,13
11,0,11
3,0,3
1,0,1
2,0,2
5,0,5
1,0,1
4,0,4
2,1,1
4,2,2
13,0,13
21,6,15
6,2,4
1,0,1
1,1,0
0,0,0
3,0,3
0,0,0
10,10,0
5,0,5
13,2,11
0,0,0
7,0,7
4,0,4
3,2,1
4,3,1
16,0,16
2,0,2
2,0,2
1,2,-1
12,21,-9
3,1,2
0,0,0
30,3,27
33,0,33
0,0,0
20,3,17
4,0,4
1,0,1
8,0,8
15,9,6
19,0,19
9,4,5
7,0,7
3,3,0
3,0,3
11,0,11
0,0,0
1,1,0
0,0,0
1,4,-3
0,0,0
6,0,6
4,0,4
1,0,1
9,0,9
1,1,0
0,0,0
2,0,2
32,4,28
11,0,11
0,0,0
2,2,0
5,4,1
0,3,-3
2,9,-7
13,0,13
9,0,9
0,1,-1
11,2,9
24,0,24
13,2,11
0,0,0
9,6,3
0,0,0
1,1,0
18,0,18
2,2,0
14,0,14
2,0,2
1,0,1
2,0,2
5,0,5
0,0,0
24,0,24
5,16,-11
8,5,3
7,1,6
5,2,3
3,0,3
4,9,-5
27,1,26
0,0,0
9,0,9
0,0,0
1,0,1
1,5,-4
7,2,5
7,7,0
4,0,4
24,0,24
6,5,1
0,0,0
1,0,1
10,1,9
2,0,2
0,0,0
1,0,1
16,8,8
22,0,22
2,0,2
15,0,15
17,3,14
17,12,5
7,7,0
0,1,-1
16,15,1
1,0,1
14,7,7
2,3,-1
6,7,-1
1,0,1
37,2,35
1,8,-7
5,2,3
0,0,0
5,2,3
0,0,0
6,0,6
18,2,16
1,0,1
22,0,22
1,0,1
7,11,-4
0,0,0
34,22,12
8,0,8
2,0,2
2,0,2
8,2,6
1,8,-7
1,0,1
3,4,-1
27,3,24
1,0,1
1,0,1
4,4,0
17,3,14
0,0,0
8,0,8
3,0,3
0,2,-2
1,0,1
7,3,4
16,1,15
6,1,5
0,0,0
35,10,25
1,1,0
4,0,4
17,0,17
0,0,0
1,0,1
0,0,0
4,1,3
6,3,3
7,0,7
3,1,2
5,0,5
2,1,1
9,3,6
4,1,3
3,0,3
4,0,4
7,0,7
0,0,0
25,0,25
0,0,0
0,0,0
17,4,13
15,5,10
7,4,3
19,11,8
1,0,1
63,20,43
1,0,1
3,1,2
5,2,3
0,4,-4
12,1,11
1,6,-5
8,0,8
0,0,0
12,0,12
5,0,5
3,5,-2
4,0,4
1,2,-1
5,0,5
4,1,3
14,0,14
3,0,3
44,0,44
6,0,6
0,0,0
8,10,-2
0,5,-5
0,0,0
2,0,2
3,9,-6
2,0,2
4,3,1
4,5,-1
5,8,-3
2,1,1
30,0,30
20,8,12
8,0,8
4,6,-2
22,0,22
0,1,-1
0,1,-1
6,2,4
2,3,-1
3,0,3
0,0,0
8,15,-7
3,3,0
9,0,9
0,0,0
0,1,-1
3,0,3
2,3,-1
7,1,6
0,0,0
2,0,2
0,0,0
11,4,7
3,0,3
0,0,0
3,4,-1
3,0,3
20,13,7
1,8,-7
6,0,6
0,1,-1
1,0,1
0,0,0
4,0,4
0,0,0
5,0,5
15,8,7
2,0,2
3,1,2
5,0,5
9,0,9
1,0,1
4,5,-1
8,1,7
4,1,3
0,0,0
100,19,81
10,1,9
1,2,-1
7,2,5
4,0,4
15,0,15
5,1,4
2,2,0
3,3,0
0,0,0
8,0,8
2,0,2
11,0,11
5,0,5
9,2,7
0,0,0
4,0,4
0,1,-1
9,1,8
13,2,11
3,0,3
28,4,24
43,2,41
6,1,5
4,0,4
2,0,2
6,0,6
10,0,10
1,0,1
2,6,-4
16,3,13
20,4,16
0,0,0
6,0,6
3,0,3
2,2,0
1,0,1
10,14,-4
3,1,2
4,0,4
23,3,20
6,12,-6
2,12,-10
17,7,10
6,1,5
3,0,3
2,8,-6
0,0,0
7,0,7
2,0,2
4,0,4
4,1,3
3,4,-1
9,5,4
0,0,0
22,1,21
3,0,3
9,0,9
4,8,-4
14,3,11
10,0,10
0,6,-6
8,9,-1
0,0,0
3,0,3
12,0,12
19,0,19
10,0,10
5,3,2
0,0,0
1,3,-2
2,3,-1
1,4,-3
1,0,1
2,0,2
1,3,-2
1,5,-4
12,0,12
12,0,12
2,1,1
3,8,-5
7,6,1
7,0,7
27,0,27
5,0,5
11,5,6
2,2,0
5,2,3
9,4,5
0,0,0
1,0,1
13,1,12
4,0,4
0,0,0
5,12,-7
1,1,0
13,5,8
13,4,9
18,1,17
2,0,2
1,3,-2
9,0,9
3,0,3
1,3,-2
34,2,32
35,8,27
7,0,7
6,4,2
33,11,22
2,0,2
1,2,-1
7,8,-1
0,0,0
1,0,1
1,0,1
1,1,0
3,0,3
0,0,0
3,5,-2
4,1,3
4,4,0
25,1,24
13,2,11
3,4,-1
1,9,-8
2,0,2
0,1,-1
3,1,2
11,4,7
5,3,2
8,7,1
0,0,0
29,0,29
20,0,20
5,0,5
2,1,1
1,0,1
5,2,3
6,1,5
2,0,2
1,0,1
3,8,-5
9,2,7
48,3,45
7,0,7
4,0,4
3,2,1
7,0,7
0,0,0
26,0,26
2,1,1
2,2,0
0,0,0
0,0,0
6,3,3
3,1,2
6,3,3
0,5,-5
2,2,0
16,9,7
2,0,2
2,0,2
11,0,11
18,7,11
2,10,-8
4,3,1
13,0,13
1,6,-5
1,2,-1
64,14,50
1,0,1
12,0,12
2,0,2
1,1,0
31,27,4
1,0,1
7,0,7
26,4,22
8,0,8
0,0,0
4,0,4
5,3,2
0,12,-12
0,2,-2
4,2,2
1,0,1
4,0,4
8,0,8
0,0,0
1,1,0
7,0,7
9,6,3
3,4,-1
14,0,14
0,3,-3
9,4,5
11,9,2
3,6,-3
3,3,0
5,0,5
1,2,-1
0,0,0
0,0,0
13,5,8
13,7,6
2,2,0
1,2,-1
2,0,2
0,0,0
0,0,0
6,0,6
1,1,0
18,0,18
8,2,6
11,3,8
2,0,2
2,1,1
0,0,0
1,0,1
42,2,40
0,0,0
10,0,10
5,0,5
1,2,-1
3,0,3
6,0,6
1,6,-5
0,0,0
5,0,5
11,6,5
1,0,1
2,0,2
2,4,-2
5,0,5
2,0,2
4,1,3
37,1,36
2,4,-2
0,0,0
5,2,3
5,0,5
0,1,-1
11,5,6
35,21,14
0,0,0
6,2,4
6,0,6
19,10,9
0,1,-1
1,8,-7
0,0,0
2,2,0
55,0,55
0,0,0
14,0,14
2,1,1
0,0,0
3,0,3
6,0,6
9,9,0
1,5,-4
5,2,3
5,4,1
16,0,16
8,8,0
1,0,1
4,0,4
1,1,0
5,0,5
1,0,1
2,0,2
1,0,1
2,0,2
12,0,12
18,0,18
0,0,0
1,0,1
2,1,1
2,0,2
0,0,0
1,0,1
5,1,4
0,0,0
1,0,1
1,0,1
1,0,1
12,6,6
14,0,14
5,3,2
3,1,2
3,3,0
25,9,16
3,5,-2
5,8,-3
1,0,1
1,1,0
13,0,13
4,5,-1
4,17,-13
1,0,1
5,2,3
17,4,13
16,0,16
12,16,-4
10,5,5
0,0,0
0,2,-2
25,22,3
2,0,2
8,0,8
11,0,11
1,1,0
1,0,1
2,0,2
5,2,3
2,5,-3
12,1,11
6,0,6
1,0,1
7,0,7
10,0,10
14,9,5
1,0,1
3,0,3
0,0,0
0,0,0
4,6,-2
20,1,19
1,1,0
0,0,0
2,0,2
34,8,26
14,14,0
0,0,0
15,20,-5
8,0,8
15,22,-7
18,0,18
1,0,1
1,0,1
9,2,7
5,0,5
0,0,0
0,0,0
3,2,1
1,0,1
0,2,-2
0,1,-1
1,1,0
15,2,13
0,0,0
11,0,11
4,3,1
1,0,1
10,0,10
6,9,-3
14,4,10
0,0,0
1,0,1
2,0,2
23,0,23
17,9,8
0,0,0
9,2,7
12,4,8
17,2,15
1,0,1
2,1,1
8,2,6
2,0,2
4,2,2
1,0,1
2,0,2
36,14,22
42,5,37
0,0,0
15,0,15
1,0,1
2,0,2
0,0,0
7,5,2
16,0,16
0,0,0
22,7,15
20,1,19
1,0,1
0,0,0
1,0,1
25,2,23
10,10,0
2,0,2
0,0,0
0,0,0
1,0,1
3,0,3
6,2,4
0,0,0
5,5,0
0,7,-7
0,0,0
33,3,30
15,0,15
0,0,0
2,0,2
0,0,0
8,4,4
5,0,5
23,0,23
0,0,0
1,1,0
0,0,0
11,0,11
3,11,-8
0,0,0
33,1,32
1,0,1
1,1,0
5,0,5
3,0,3
2,0,2
7,0,7
0,1,-1
7,4,3
1,4,-3
1,0,1
1,4,-3
1,0,1
6,0,6
36,2,34
0,0,0
0,0,0
0,2,-2
1,1,0
4,8,-4
0,0,0
28,5,23
0,0,0
1,1,0
15,1,14
7,6,1
23,0,23
3,0,3
4,0,4
1,0,1
10,2,8
8,2,6
4,2,2
2,1,1
1,1,0
12,0,12
40,1,39
2,2,0
0,0,0
11,3,8
0,0,0
12,1,11
16,2,14
2,0,2
17,0,17
2,12,-10
0,7,-7
14,0,14
0,0,0
1,2,-1
2,8,-6
38,7,31
4,1,3
0,0,0
8,0,8
3,0,3
1,0,1
3,0,3
0,0,0
54,0,54
13,8,5
19,0,19
4,0,4
5,8,-3
6,0,6
10,0,10
5,0,5
6,2,4
0,0,0
9,0,9
3,0,3
0,1,-1
3,0,3
3,6,-3
0,0,0
14,6,8
0,0,0
10,7,3
0,0,0
5,5,0
9,1,8
5,9,-4
8,3,5
7,0,7
1,0,1
3,0,3
3,0,3
20,0,20
0,0,0
1,0,1
7,7,0
16,3,13
1,0,1
1,0,1
2,17,-15
1,0,1
11,4,7
7,1,6
5,11,-6
4,2,2
2,0,2
0,0,0
0,2,-2
6,10,-4
9,0,9
0,0,0
2,6,-4
0,0,0
8,0,8
0,0,0
11,6,5
0,0,0
6,6,0
14,5,9
0,0,0
20,2,18
5,0,5
29,9,20
1,1,0
0,0,0
0,0,0
2,6,-4
7,3,4
6,0,6
7,0,7
0,0,0
23,3,20
23,0,23
3,0,3
0,0,0
3,0,3
3,0,3
2,1,1
26,2,24
2,0,2
0,3,-3
7,2,5
6,8,-2
0,0,0
3,0,3
33,0,33
27,2,25
3,6,-3
6,0,6
24,2,22
8,1,7
2,0,2
9,0,9
0,0,0
40,0,40
8,1,7
1,5,-4
19,0,19
5,4,1
38,6,32
2,5,-3
8,6,2
0,0,0
2,0,2
1,0,1
7,3,4
0,0,0
0,0,0
6,4,2
8,7,1
4,0,4
1,4,-3
3,0,3
12,0,12
6,0,6
3,3,0
0,0,0
7,6,1
0,4,-4
25,2,23
31,11,20
9,0,9
12,0,12
0,0,0
1,0,1
1,1,0
6,0,6
15,0,15
0,0,0
0,0,0
1,0,1
12,0,12
4,2,2
26,15,11
17,9,8
9,9,0
1,0,1
6,4,2
10,10,0
0,0,0
2,2,0
5,2,3
3,9,-6
8,0,8
3,0,3
5,1,4
1,4,-3
16,4,12
2,5,-3
0,0,0
16,0,16
24,5,19
0,1,-1
16,0,16
16,3,13
1,0,1
3,2,1
8,0,8
7,3,4
0,0,0
20,10,10
0,0,0
0,0,0
0,0,0
1,0,1
0,0,0
1,1,0
4,1,3
12,5,7
3,0,3
1,0,1
5,4,1
4,0,4
4,0,4
17,15,2
7,8,-1
1,0,1
2,0,2
4,0,4
9,0,9
20,9,11
4,0,4
8,3,5
19,1,18
3,6,-3
31,0,31
0,1,-1
1,1,0
0,0,0
15,0,15
11,4,7
0,0,0
1,0,1
10,3,7
17,0,17
5,0,5
3,0,3
2,0,2
6,0,6
3,0,3
13,0,13
3,1,2
10,6,4
2,9,-7
1,0,1
0,0,0
1,1,0
3,3,0
0,0,0
0,0,0
6,1,5
2,2,0
2,0,2
6,0,6
1,0,1
20,1,19
0,0,0
3,7,-4
0,0,0
2,0,2
1,0,1
1,1,0
2,0,2
2,0,2
10,1,9
6,3,3
4,1,3
5,3,2
0,0,0
4,0,4
0,0,0
1,0,1
8,1,7
0,0,0
13,0,13
5,0,5
0,0,0
1,0,1
1,0,1
5,2,3
8,2,6
4,0,4
6,0,6
22,1,21
1,2,-1
0,0,0
0,0,0
0,2,-2
8,0,8
1,0,1
0,0,0
1,0,1
7,0,7
26,1,25
5,2,3
4,0,4
6,23,-17
15,0,15
3,2,1
18,1,17
5,1,4
1,8,-7
3,5,-2
0,0,0
26,8,18
0,1,-1
0,9,-9
2,2,0
4,4,0
0,0,0
25,10,15
0,4,-4
3,0,3
0,0,0
0,0,0
2,0,2
3,5,-2
16,0,16
5,1,4
3,5,-2
1,0,1
2,0,2
14,0,14
19,2,17
5,0,5
10,0,10
0,0,0
3,2,1
0,0,0
4,9,-5
2,0,2
3,11,-8
11,1,10
25,1,24
53,10,43
0,0,0
53,0,53
15,2,13
12,4,8
8,3,5
2,1,1
1,1,0
5,0,5
2,2,0
6,0,6
10,3,7
0,0,0
0,0,0
84,0,84
2,1,1
8,2,6
1,0,1
0,0,0
5,0,5
1,5,-4
0,0,0
11,2,9
9,4,5
3,0,3
1,0,1
2,0,2
0,0,0
14,14,0
14,1,13
1,0,1
4,3,1
7,1,6
0,0,0
5,1,4
1,0,1
2,0,2
17,3,14
14,6,8
2,0,2
1,0,1
0,0,0
0,0,0
12,1,11
2,0,2
53,8,45
9,6,3
6,1,5
0,0,0
11,0,11
0,0,0
6,0,6
27,0,27
4,0,4
14,0,14
42,9,33
3,0,3
20,1,19
3,0,3
0,0,0
12,4,8
5,2,3
4,7,-3
6,0,6
1,0,1
8,9,-1
3,0,3
1,0,1
1,0,1
3,0,3
0,0,0
7,2,5
5,5,0
0,0,0
10,6,4
6,0,6
0,0,0
6,1,5
6,0,6
3,3,0
2,1,1
4,5,-1
4,0,4
8,1,7
10,3,7
2,1,1
19,0,19
5,1,4
40,27,13
2,0,2
4,2,2
39,3,36
19,1,18
3,2,1
0,0,0
1,0,1
1,1,0
1,1,0
10,4,6
4,0,4
15,9,6
3,0,3
15,3,12
1,0,1
0,2,-2
0,2,-2
6,0,6
0,0,0
0,0,0
10,0,10
5,4,1
1,0,1
2,0,2
4,3,1
1,0,1
0,1,-1
4,0,4
11,9,2
1,0,1
2,4,-2
0,4,-4
2,2,0
2,0,2
18,0,18
4,1,3
0,0,0
1,0,1
1,1,0
3,0,3
0,0,0
0,0,0
12,0,12
3,5,-2
13,0,13
31,4,27
0,0,0
2,0,2
0,0,0
4,0,4
9,0,9
4,2,2
8,0,8
7,8,-1
3,1,2
2,0,2
9,0,9
2,0,2
7,5,2
14,0,14
25,2,23
1,0,1
0,0,0
1,0,1
1,3,-2
3,6,-3
0,0,0
7,5,2
1,0,1
0,0,0
2,2,0
5,0,5
0,0,0
13,3,10
5,3,2
1,0,1
3,1,2
3,2,1
7,2,5
4,0,4
0,4,-4
7,3,4
0,0,0
6,2,4
4,0,4
1,1,0
10,0,10
0,1,-1
0,0,0
1,0,1
4,6,-2
6,1,5
4,2,2
4,3,1
2,0,2
2,0,2
5,0,5
1,0,1
3,0,3
8,6,2
0,1,-1
4,0,4
18,11,7
5,5,0
3,2,1
17,0,17
13,0,13
7,10,-3
3,0,3
3,0,3
0,0,0
14,0,14
0,0,0
0,1,-1
6,5,1
0,0,0
17,1,16
4,0,4
12,7,5
12,13,-1
0,4,-4
1,0,1
16,7,9
11,0,11
16,11,5
0,1,-1
2,2,0
0,0,0
10,0,10
26,8,18
0,0,0
6,1,5
1,11,-10
0,0,0
0,0,0
0,0,0
3,1,2
2,9,-7
3,0,3
10,0,10
4,6,-2
8,0,8
16,2,14
4,2,2
10,5,5
3,0,3
0,0,0
6,4,2
5,0,5
4,15,-11
7,5,2
2,6,-4
8,3,5
1,0,1
6,5,1
1,3,-2
1,0,1
0,0,0
0,0,0
2,1,1
1,0,1
1,1,0
1,0,1
9,0,9
13,5,8
1,0,1
6,3,3
0,0,0
8,0,8
14,2,12
2,2,0
1,0,1
3,0,3
1,0,1
8,11,-3
1,0,1
8,0,8
4,8,-4
38,8,30
18,0,18
12,5,7
7,2,5
25,0,25
16,0,16
3,4,-1
3,2,1
0,0,0
7,0,7
0,0,0
1,0,1
1,0,1
6,0,6
7,0,7
0,0,0
16,2,14
1,0,1
15,14,1
0,0,0
15,0,15
2,0,2
14,1,13
2,7,-5
22,2,20
9,1,8
2,0,2
1,1,0
1,0,1
2,0,2
1,0,1
1,0,1
2,0,2
3,1,2
1,0,1
3,0,3
0,3,-3
4,3,1
1,0,1
5,2,3
3,9,-6
16,3,13
0,0,0
1,0,1
10,6,4
4,1,3
2,3,-1
1,3,-2
18,4,14
0,4,-4
4,0,4
2,0,2
17,2,15
2,0,2
0,0,0
0,0,0
1,0,1
4,3,1
12,5,7
11,0,11
3,1,2
0,2,-2
1,1,0
6,1,5
0,0,0
7,5,2
0,0,0
6,1,5
2,0,2
0,0,0
0,0,0
5,1,4
0,0,0
2,4,-2
8,3,5
9,1,8
8,0,8
6,0,6
6,12,-6
1,0,1
50,1,49
0,0,0
1,2,-1
1,1,0
1,0,1
5,5,0
10,1,9
2,0,2
0,0,0
1,0,1
14,8,6
7,3,4
3,0,3
1,2,-1
15,1,14
11,3,8
2,0,2
0,0,0
87,7,80
1,0,1
0,0,0
3,0,3
2,0,2
25,0,25
4,0,4
27,2,25
1,0,1
16,5,11
8,2,6
0,0,0
6,5,1
3,0,3
12,1,11
9,1,8
24,0,24
5,1,4
0,0,0
2,0,2
2,2,0
12,0,12
4,0,4
7,3,4
1,0,1
0,0,0
13,1,12
6,0,6
5,1,4
7,0,7
0,0,0
7,2,5
0,0,0
0,0,0
0,1,-1
4,4,0
3,0,3
8,3,5
15,1,14
8,1,7
2,0,2
2,0,2
3,6,-3
0,0,0
28,1,27
2,2,0
20,8,12
23,1,22
8,0,8
6,1,5
6,0,6
1,5,-4
0,0,0
0,0,0
1,0,1
6,0,6
18,6,12
8,4,4
10,0,10
1,0,1
0,0,0
0,0,0
4,1,3
43,16,27
3,0,3
9,0,9
3,1,2
3,0,3
1,4,-3
8,0,8
15,0,15
1,0,1
2,1,1
1,1,0
0,0,0
12,2,10
3,0,3
3,9,-6
4,6,-2
20,4,16
4,0,4
1,1,0
5,0,5
0,0,0
1,0,1
26,10,16
6,3,3
5,2,3
0,0,0
3,0,3
1,0,1
0,0,0
2,0,2
16,0,16
0,0,0
0,0,0
7,0,7
22,0,22
16,2,14
14,0,14
3,2,1
1,0,1
1,0,1
0,0,0
1,0,1
4,0,4
0,0,0
19,0,19
0,0,0
3,3,0
4,15,-11
8,0,8
4,5,-1
17,1,16
6,2,4
7,0,7
2,0,2
1,0,1
27,4,23
2,0,2
1,0,1
3,0,3
7,6,1
1,1,0
6,2,4
7,2,5
0,2,-2
4,0,4
7,2,5
5,2,3
3,0,3
4,6,-2
1,0,1
13,1,12
2,0,2
3,0,3
4,0,4
3,5,-2
1,0,1
3,0,3
0,0,0
0,1,-1
6,0,6
3,4,-1
0,1,-1
1,0,1
3,0,3
1,0,1
0,0,0
4,7,-3
3,0,3
0,1,-1
4,0,4
15,5,10
2,0,2
10,0,10
5,0,5
17,6,11
3,0,3
13,6,7
4,0,4
8,0,8
0,0,0
1,0,1
1,0,1
21,12,9
5,5,0
6,7,-1
0,0,0
2,0,2
4,4,0
51,8,43
2,3,-1
1,1,0
67,2,65
15,4,11
2,2,0
7,7,0
0,3,-3
0,0,0
16,6,10
22,22,0
0,0,0
6,1,5
9,3,6
6,2,4
2,0,2
4,0,4
6,0,6
19,1,18
8,0,8
8,2,6
2,0,2
1,0,1
25,0,25
1,1,0
6,4,2
7,2,5
20,0,20
0,0,0
1,0,1
0,1,-1
0,0,0
5,2,3
7,6,1
8,3,5
6,0,6
6,0,6
8,0,8
3,0,3
0,0,0
1,2,-1
9,2,7
17,8,9
7,1,6
5,1,4
2,0,2
0,0,0
4,0,4
1,1,0
0,0,0
1,2,-1
6,0,6
51,21,30
15,0,15
1,0,1
11,6,5
22,1,21
14,2,12
30,2,28
0,0,0
6,0,6
8,0,8
2,10,-8
3,0,3
11,1,10
2,0,2
0,0,0
0,0,0
9,2,7
7,1,6
2,0,2
6,0,6
0,0,0
1,2,-1
10,0,10
5,0,5
3,4,-1
0,0,0
1,0,1
0,1,-1
1,1,0
0,0,0
27,2,25
2,0,2
15,0,15
3,0,3
0,0,0
11,5,6
4,4,0
34,1,33
0,0,0
10,5,5
3,0,3
85,2,83
3,2,1
3,0,3
30,16,14
7,7,0
6,5,1
3,0,3
2,0,2
5,1,4
1,0,1
9,1,8
0,0,0
10,0,10
2,0,2
24,6,18
6,1,5
8,1,7
2,5,-3
21,4,17
8,0,8
11,8,3
0,0,0
2,0,2
3,2,1
7,0,7
0,0,0
30,21,9
0,1,-1
2,3,-1
3,1,2
31,1,30
0,0,0
81,1,80
2,0,2
6,0,6
5,0,5
3,0,3
32,0,32
2,0,2
8,5,3
1,0,1
0,0,0
9,0,9
23,1,22
10,0,10
0,0,0
2,3,-1
3,0,3
0,0,0
8,9,-1
1,1,0
0,0,0
13,0,13
6,2,4
0,0,0
5,2,3
2,0,2
3,2,1
2,0,2
12,1,11
1,1,0
0,0,0
0,0,0
2,1,1
3,1,2
3,5,-2
0,0,0
31,0,31
4,0,4
9,9,0
5,2,3
19,6,13
7,0,7
38,2,36
17,6,11
14,0,14
4,0,4
7,0,7
0,0,0
4,1,3
1,0,1
13,0,13
14,8,6
9,0,9
7,5,2
1,0,1
2,0,2
3,0,3
7,1,6
1,0,1
2,5,-3
24,12,12
15,0,15
21,12,9
24,0,24
8,0,8
1,0,1
9,5,4
2,0,2
3,0,3
2,0,2
2,0,2
7,1,6
8,0,8
0,2,-2
10,3,7
3,0,3
9,0,9
7,4,3
0,0,0
5,0,5
16,0,16
7,3,4
18,0,18
13,0,13
1,1,0
17,12,5
4,4,0
10,0,10
17,17,0
1,3,-2
8,3,5
15,1,14
5,0,5
11,1,10
15,0,15
21,0,21
6,1,5
1,0,1
1,0,1
0,0,0
1,2,-1
1,1,0
3,14,-11
4,0,4
3,0,3
1,1,0
10,0,10
39,0,39
12,5,7
29,2,27
2,0,2
13,9,4
10,0,10
2,0,2
0,0,0
16,1,15
0,0,0
7,3,4
1,1,0
0,0,0
21,11,10
2,0,2
18,18,0
4,1,3
3,17,-14
4,2,2
7,5,2
11,0,11
3,3,0
2,0,2
5,5,0
1,0,1
2,0,2
5,1,4
0,0,0
2,0,2
3,0,3
0,0,0
7,5,2
0,0,0
5,0,5
0,0,0
49,8,41
1,0,1
13,0,13
4,0,4
2,0,2
7,2,5
8,0,8
0,0,0
13,4,9
2,0,2
4,0,4
6,5,1
5,0,5
0,0,0
5,0,5
8,3,5
24,0,24
4,7,-3
23,10,13
0,0,0
5,5,0
11,11,0
0,0,0
10,0,10
0,0,0
4,0,4
0,0,0
5,2,3
7,7,0
1,0,1
14,5,9
2,0,2
0,1,-1
2,0,2
3,0,3
14,0,14
1,0,1
10,1,9
14,3,11
0,1,-1
0,0,0
1,2,-1
0,1,-1
3,5,-2
9,7,2
1,4,-3
1,2,-1
0,0,0
0,0,0
0,2,-2
16,8,8
13,4,9
4,0,4
0,0,0
1,0,1
0,0,0
0,0,0
10,4,6
67,39,28
6,0,6
1,1,0
7,7,0
1,3,-2
4,2,2
0,0,0
0,0,0
1,0,1
4,2,2
3,0,3
9,5,4
1,3,-2
0,3,-3
8,1,7
10,0,10
9,1,8
2,1,1
0,0,0
19,12,7
5,0,5
5,0,5
15,0,15
2,2,0
0,3,-3
2,1,1
1,0,1
0,0,0
3,3,0
1,0,1
0,0,0
0,0,0
1,0,1
0,2,-2
2,0,2
3,0,3
12,1,11
0,0,0
3,6,-3
2,2,0
8,0,8
4,3,1
0,0,0
12,5,7
3,0,3
9,1,8
6,3,3
2,1,1
5,1,4
7,0,7
0,0,0
8,0,8
6,2,4
3,10,-7
9,0,9
7,0,7
6,6,0
12,0,12
32,2,30
1,0,1
5,5,0
3,0,3
0,0,0
6,0,6
0,0,0
25,1,24
2,0,2
0,0,0
1,1,0
1,0,1
1,0,1
2,0,2
3,1,2
4,0,4
2,0,2
13,6,7
16,0,16
0,0,0
10,1,9
11,3,8
7,6,1
2,5,-3
12,2,10
0,0,0
5,0,5
44,26,18
1,2,-1
7,0,7
5,0,5
0,0,0
8,0,8
18,3,15
20,14,6
0,0,0
0,0,0
2,1,1
3,0,3
1,1,0
5,0,5
37,1,36
3,2,1
6,14,-8
22,3,19
4,4,0
3,1,2
13,6,7
16,9,7
3,0,3
0,0,0
8,1,7
1,2,-1
8,0,8
7,9,-2
5,0,5
0,0,0
1,0,1
15,3,12
1,0,1
3,0,3
5,3,2
3,0,3
3,0,3
5,8,-3
5,0,5
2,2,0
0,0,0
1,0,1
5,0,5
9,0,9
13,1,12
4,0,4
11,0,11
19,0,19
17,13,4
8,7,1
0,0,0
13,1,12
18,4,14
6,0,6
2,0,2
11,3,8
18,0,18
5,0,5
12,0,12
1,4,-3
9,0,9
9,0,9
11,2,9
3,0,3
26,2,24
21,1,20
5,4,1
0,0,0
1,0,1
6,6,0
1,0,1
6,3,3
7,5,2
6,1,5
1,0,1
1,1,0
16,15,1
1,1,0
3,0,3
2,1,1
4,0,4
22,0,22
7,1,6
15,4,11
5,0,5
0,0,0
0,0,0
0,6,-6
6,6,0
0,1,-1
4,6,-2
9,2,7
7,2,5
10,1,9
3,2,1
0,0,0
1,4,-3
0,0,0
37,0,37
1,2,-1
33,2,31
0,0,0
4,0,4
16,0,16
11,0,11
7,2,5
0,1,-1
1,0,1
5,3,2
2,0,2
5,0,5
0,0,0
2,0,2
1,1,0
5,0,5
5,0,5
11,0,11
17,13,4
21,10,11
12,15,-3
5,7,-2
8,0,8
2,1,1
0,0,0
19,0,19
12,2,10
2,2,0
2,0,2
0,0,0
15,7,8
11,1,10
7,3,4
7,6,1
0,3,-3
2,0,2
4,0,4
4,0,4
1,0,1
36,1,35
4,1,3
2,1,1
0,0,0
2,0,2
2,1,1
3,0,3
10,0,10
10,1,9
6,1,5
2,0,2
9,3,6
12,5,7
0,1,-1
1,0,1
1,1,0
1,1,0
4,0,4
0,0,0
3,0,3
0,0,0
23,3,20
3,0,3
3,5,-2
2,2,0
6,0,6
10,9,1
6,4,2
10,4,6
26,7,19
0,0,0
5,1,4
1,0,1
0,0,0
5,0,5
2,5,-3
1,1,0
1,0,1
5,3,2
13,4,9
1,1,0
16,11,5
0,26,-26
3,0,3
5,0,5
0,0,0
13,4,9
12,0,12
0,0,0
7,2,5
10,4,6
2,4,-2
0,2,-2
0,0,0
2,0,2
9,0,9
3,0,3
12,1,11
13,7,6
13,0,13
0,0,0
3,0,3
10,0,10
0,0,0
1,3,-2
1,2,-1
2,0,2
8,4,4
59,0,59
0,0,0
4,0,4
10,0,10
1,0,1
0,0,0
0,0,0
0,0,0
2,0,2
1,0,1
5,1,4
3,8,-5
5,3,2
0,0,0
8,2,6
5,7,-2
4,0,4
0,0,0
11,3,8
5,0,5
7,0,7
0,1,-1
4,4,0
3,0,3
8,9,-1
0,0,0
2,2,0
15,2,13
12,4,8
1,1,0
2,2,0
12,14,-2
19,5,14
2,0,2
2,0,2
0,0,0
1,0,1
1,0,1
2,0,2
4,8,-4
9,9,0
2,13,-11
5,3,2
3,0,3
3,6,-3
0,0,0
15,5,10
2,0,2
1,0,1
0,0,0
5,1,4
5,4,1
2,1,1
41,8,33
3,0,3
23,27,-4
2,0,2
9,2,7
0,0,0
31,2,29
2,0,2
3,0,3
9,0,9
2,0,2
1,2,-1
115,9,106
0,0,0
10,1,9
0,0,0
16,2,14
1,1,0
9,1,8
1,3,-2
32,0,32
0,0,0
9,0,9
8,0,8
2,0,2
9,1,8
0,0,0
2,4,-2
2,3,-1
2,0,2
1,6,-5
2,6,-4
9,0,9
4,5,-1
14,1,13
3,0,3
4,1,3
7,2,5
11,0,11
6,6,0
9,0,9
16,10,6
6,1,5
4,8,-4
3,0,3
5,7,-2
2,0,2
4,13,-9
0,0,0
0,0,0
1,0,1
1,1,0
6,0,6
3,0,3
4,2,2
21,18,3
4,0,4
5,0,5
5,2,3
0,0,0
17,0,17
4,3,1
0,0,0
0,1,-1
2,0,2
0,0,0
0,0,0
5,1,4
2,0,2
4,7,-3
18,0,18
2,0,2
8,2,6
30,2,28
8,13,-5
0,4,-4
0,0,0
22,2,20
15,4,11
0,0,0
2,0,2
3,0,3
12,0,12
16,9,7
7,0,7
12,4,8
9,2,7
2,0,2
16,1,15
9,0,9
31,0,31
3,0,3
5,5,0
3,0,3
1,0,1
0,0,0
23,6,17
1,16,-15
2,1,1
1,0,1
1,4,-3
11,0,11
0,1,-1
2,0,2
2,0,2
8,7,1
10,9,1
2,1,1
5,0,5
4,0,4
25,0,25
5,3,2
4,0,4
0,0,0
0,0,0
3,1,2
22,0,22
17,1,16
10,1,9
0,0,0
0,0,0
15,0,15
1,0,1
16,4,12
10,0,10
3,0,3
11,2,9
3,0,3
12,6,6
2,0,2
0,0,0
0,0,0
2,8,-6
0,0,0
0,0,0
44,14,30
0,0,0
0,3,-3
7,2,5
0,0,0
66,2,64
0,0,0
17,0,17
6,4,2
0,0,0
7,0,7
3,11,-8
27,0,27
36,1,35
1,1,0
3,2,1
13,5,8
0,0,0
9,0,9
20,6,14
6,0,6
7,3,4
10,8,2
6,0,6
0,8,-8
3,1,2
2,0,2
18,3,15
10,0,10
7,3,4
0,0,0
7,7,0
3,8,-5
17,13,4
0,0,0
3,2,1
3,1,2
2,0,2
0,0,0
12,0,12
4,0,4
4,0,4
3,1,2
6,0,6
4,0,4
0,0,0
0,1,-1
5,7,-2
0,0,0
15,1,14
17,2,15
7,3,4
2,0,2
0,0,0
0,0,0
17,34,-17
4,0,4
1,0,1
0,0,0
0,0,0
0,7,-7
4,0,4
5,0,5
0,0,0
0,0,0
2,0,2
10,0,10
3,0,3
0,0,0
18,0,18
2,10,-8
8,0,8
16,7,9
9,6,3
4,0,4
9,0,9
6,1,5
0,0,0
23,8,15
15,0,15
11,10,1
7,0,7
12,1,11
2,1,1
20,0,20
20,0,20
2,1,1
6,1,5
9,4,5
4,0,4
0,0,0
0,0,0
3,1,2
1,0,1
0,0,0
0,0,0
20,0,20
0,0,0
1,0,1
22,0,22
50,18,32
3,0,3
2,0,2
10,4,6
29,0,29
0,0,0
0,2,-2
3,0,3
13,0,13
17,0,17
2,2,0
1,0,1
1,0,1
6,8,-2
6,7,-1
0,0,0
7,5,2
0,0,0
3,0,3
0,1,-1
0,0,0
8,11,-3
7,0,7
9,0,9
0,1,-1
11,7,4
0,0,0
7,2,5
7,0,7
15,8,7
1,0,1
0,2,-2
1,0,1
26,5,21
0,0,0
12,1,11
0,0,0
2,0,2
1,0,1
0,8,-8
0,0,0
2,0,2
5,5,0
4,2,2
1,6,-5
0,0,0
0,0,0
6,5,1
19,1,18
1,0,1
1,0,1
66,0,66
23,4,19
2,0,2
1,0,1
0,0,0
5,0,5
3,0,3
6,0,6
0,3,-3
1,0,1
3,4,-1
2,1,1
6,0,6
3,0,3
8,0,8
3,6,-3
2,0,2
6,1,5
1,0,1
15,5,10
13,0,13
6,2,4
4,0,4
18,0,18
5,0,5
9,6,3
2,2,0
2,0,2
1,0,1
0,0,0
0,0,0
4,4,0
13,4,9
10,1,9
56,4,52
3,1,2
11,12,-1
8,3,5
0,0,0
48,1,47
1,0,1
24,1,23
2,1,1
1,1,0
3,4,-1
1,9,-8
1,1,0
6,2,4
15,2,13
0,0,0
0,0,0
15,5,10
1,0,1
1,0,1
26,0,26
0,0,0
36,0,36
0,0,0
19,1,18
8,0,8
0,0,0
10,7,3
7,7,0
0,13,-13
4,0,4
3,2,1
0,0,0
16,3,13
2,0,2
5,0,5
4,0,4
1,0,1
0,0,0
0,3,-3
6,6,0
0,0,0
1,0,1
3,0,3
0,2,-2
2,7,-5
0,0,0
18,9,9
1,3,-2
1,0,1
2,1,1
1,2,-1
0,0,0
1,3,-2
3,1,2
6,1,5
0,8,-8
5,0,5
0,0,0
17,0,17
5,2,3
0,0,0
46,8,38
37,9,28
18,5,13
16,0,16
14,6,8
7,0,7
6,0,6
0,0,0
0,0,0
1,0,1
1,6,-5
4,1,3
0,0,0
1,0,1
3,7,-4
16,17,-1
13,0,13
0,0,0
8,2,6
1,0,1
25,2,23
0,0,0
6,0,6
1,0,1
0,0,0
2,1,1
0,0,0
4,0,4
8,6,2
3,0,3
4,0,4
8,2,6
6,1,5
1,0,1
2,0,2
11,1,10
5,0,5
1,0,1
10,14,-4
0,0,0
3,2,1
0,1,-1
6,20,-14
9,5,4
12,0,12
5,4,1
3,0,3
8,0,8
6,0,6
1,0,1
2,1,1
1,0,1
0,2,-2
11,2,9
3,1,2
9,2,7
13,2,11
5,0,5
22,6,16
11,0,11
2,1,1
0,0,0
1,0,1
25,3,22
5,0,5
10,2,8
0,0,0
0,0,0
14,0,14
4,4,0
5,0,5
37,2,35
2,0,2
0,0,0
12,0,12
8,0,8
2,0,2
7,0,7
6,0,6
7,0,7
3,0,3
33,0,33
10,0,10
0,0,0
2,0,2
1,0,1
5,2,3
4,0,4
2,0,2
1,1,0
0,0,0
14,0,14
2,0,2
19,10,9
4,1,3
30,3,27
4,4,0
0,0,0
4,0,4
6,1,5
0,0,0
56,0,56
12,1,11
32,0,32
10,3,7
0,0,0
3,1,2
0,0,0
0,0,0
2,3,-1
11,0,11
2,0,2
7,7,0
1,0,1
0,2,-2
4,6,-2
0,0,0
0,0,0
18,0,18
2,0,2
0,0,0
5,1,4
2,0,2
4,1,3
21,0,21
8,1,7
14,4,10
14,5,9
16,5,11
10,0,10
0,1,-1
6,4,2
0,0,0
1,0,1
0,0,0
2,0,2
30,0,30
9,2,7
3,1,2
8,0,8
3,0,3
5,0,5
2,1,1
5,1,4
8,6,2
9,1,8
0,0,0
5,2,3
0,0,0
20,0,20
2,1,1
42,5,37
5,0,5
2,1,1
9,2,7
0,0,0
34,14,20
1,0,1
11,0,11
222,37,185
1,0,1
0,0,0
0,3,-3
3,0,3
20,3,17
25,9,16
2,0,2
0,0,0
7,5,2
17,0,17
4,0,4
0,0,0
2,0,2
1,0,1
0,0,0
0,1,-1
3,0,3
2,0,2
3,0,3
0,2,-2
11,2,9
14,4,10
2,0,2
3,0,3
7,5,2
31,0,31
3,0,3
1,0,1
37,0,37
25,0,25
4,0,4
5,0,5
1,0,1
3,1,2
1,3,-2
9,0,9
6,0,6
10,3,7
6,1,5
2,0,2
0,1,-1
9,0,9
5,0,5
2,0,2
8,0,8
7,5,2
0,3,-3
15,1,14
6,4,2
11,0,11
4,3,1
15,15,0
21,0,21
2,3,-1
1,1,0
5,5,0
16,0,16
0,0,0
6,4,2
0,0,0
5,3,2
10,10,0
0,0,0
0,0,0
7,0,7
9,1,8
10,2,8
13,0,13
1,3,-2
7,0,7
5,8,-3
0,0,0
1,6,-5
2,0,2
25,1,24
6,3,3
8,0,8
2,0,2
12,0,12
7,10,-3
8,5,3
6,1,5
0,0,0
29,0,29
9,1,8
2,0,2
0,0,0
2,2,0
5,3,2
1,0,1
0,0,0
11,0,11
7,2,5
10,3,7
4,0,4
15,1,14
3,0,3
12,0,12
0,0,0
8,5,3
4,1,3
22,4,18
1,0,1
0,1,-1
9,1,8
1,0,1
7,4,3
2,0,2
1,0,1
4,0,4
9,0,9
2,0,2
8,0,8
3,0,3
7,0,7
3,4,-1
1,0,1
1,1,0
15,14,1
16,9,7
1,0,1
5,4,1
14,1,13
16,1,15
2,0,2
5,0,5
12,0,12
5,6,-1
4,0,4
11,0,11
15,0,15
9,2,7
19,1,18
7,3,4
0,5,-5
25,2,23
11,5,6
4,0,4
1,0,1
2,0,2
7,0,7
20,0,20
1,1,0
1,0,1
3,0,3
2,2,0
0,0,0
7,0,7
25,2,23
9,10,-1
0,0,0
1,0,1
0,0,0
5,4,1
6,0,6
0,0,0
12,0,12
11,0,11
8,1,7
13,3,10
2,9,-7
18,9,9
1,0,1
4,2,2
23,0,23
2,0,2
5,3,2
5,5,0
0,0,0
8,8,0
16,6,10
1,1,0
1,0,1
1,0,1
11,3,8
3,1,2
21,12,9
1,2,-1
11,0,11
9,9,0
3,0,3
11,1,10
3,0,3
6,6,0
3,12,-9
2,2,0
1,1,0
4,0,4
2,2,0
5,0,5
8,4,4
2,1,1
0,0,0
0,0,0
9,14,-5
21,11,10
6,6,0
2,0,2
1,0,1
1,3,-2
2,2,0
12,5,7
11,0,11
2,1,1
3,6,-3
10,0,10
17,1,16
5,3,2
0,0,0
11,0,11
9,0,9
1,0,1
2,1,1
1,5,-4
0,0,0
2,1,1
2,13,-11
6,0,6
3,0,3
4,1,3
1,0,1
6,0,6
11,2,9
3,0,3
9,0,9
46,4,42
5,0,5
2,0,2
8,0,8
6,9,-3
5,2,3
14,6,8
13,2,11
25,0,25
1,0,1
13,2,11
22,13,9
5,0,5
8,0,8
1,2,-1
6,3,3
0,0,0
3,0,3
6,1,5
16,0,16
2,0,2
15,0,15
2,1,1
0,0,0
36,1,35
4,0,4
1,0,1
2,1,1
1,0,1
18,6,12
8,2,6
0,1,-1
7,2,5
51,1,50
1,0,1
10,4,6
5,0,5
0,0,0
16,1,15
0,0,0
2,2,0
2,6,-4
1,0,1
6,2,4
2,0,2
20,7,13
3,4,-1
3,0,3
2,0,2
18,0,18
5,0,5
0,0,0
9,1,8
0,2,-2
4,1,3
18,0,18
1,2,-1
8,1,7
11,0,11
12,1,11
5,0,5
5,1,4
2,0,2
1,0,1
13,1,12
4,0,4
1,0,1
6,0,6
25,0,25
2,2,0
7,0,7
3,1,2
50,0,50
6,0,6
30,12,18
8,1,7
2,2,0
1,5,-4
1,1,0
0,0,0
26,1,25
0,5,-5
0,0,0
19,8,11
0,0,0
31,3,28
59,2,57
4,0,4
0,1,-1
9,0,9
1,0,1
0,0,0
0,0,0
0,0,0
2,6,-4
5,0,5
3,4,-1
6,1,5
3,0,3
2,3,-1
13,0,13
1,0,1
0,3,-3
4,0,4
18,5,13
0,0,0
10,4,6
1,0,1
3,6,-3
0,0,0
8,0,8
6,1,5
14,1,13
5,1,4
3,0,3
0,1,-1
0,1,-1
5,0,5
8,2,6
20,0,20
12,0,12
42,13,29
2,5,-3
24,1,23
8,8,0
0,0,0
14,3,11
0,0,0
2,4,-2
12,0,12
0,0,0
1,1,0
11,0,11
0,0,0
3,3,0
0,0,0
23,0,23
1,0,1
1,1,0
10,0,10
5,0,5
17,7,10
7,5,2
17,0,17
17,1,16
1,0,1
0,0,0
8,1,7
5,1,4
1,1,0
18,1,17
0,1,-1
2,1,1
9,2,7
13,0,13
5,3,2
5,0,5
2,0,2
2,2,0
2,1,1
0,0,0
7,1,6
10,0,10
6,5,1
9,4,5
5,3,2
6,0,6
5,0,5
8,0,8
1,4,-3
0,0,0
7,1,6
9,3,6
12,8,4
1,0,1
3,0,3
5,0,5
0,0,0
3,3,0
3,0,3
81,1,80
6,0,6
17,25,-8
4,0,4
2,0,2
12,2,10
2,1,1
6,5,1
3,0,3
9,0,9
22,7,15
7,0,7
32,0,32
1,2,-1
14,0,14
13,2,11
0,0,0
2,1,1
1,0,1
14,4,10
3,1,2
0,0,0
1,4,-3
4,0,4
10,0,10
0,0,0
0,0,0
0,0,0
1,0,1
1,0,1
0,0,0
0,0,0
8,0,8
2,0,2
5,3,2
2,0,2
2,0,2
5,0,5
6,0,6
14,4,10
1,0,1
11,0,11
12,1,11
3,2,1
9,0,9
2,5,-3
5,0,5
0,0,0
2,0,2
0,0,0
6,3,3
29,1,28
12,1,11
45,2,43
0,0,0
0,0,0
5,0,5
4,0,4
0,3,-3
45,0,45
1,0,1
0,0,0
2,1,1
1,2,-1
21,5,16
16,0,16
0,0,0
21,6,15
10,6,4
4,0,4
4,0,4
8,0,8
2,5,-3
3,4,-1
0,0,0
0,0,0
6,0,6
1,0,1
1,2,-1
0,0,0
1,1,0
16,12,4
16,0,16
9,2,7
49,0,49
2,0,2
2,0,2
2,1,1
12,0,12
6,4,2
5,5,0
7,0,7
1,0,1
2,0,2
0,1,-1
2,0,2
10,2,8
2,0,2
6,6,0
6,3,3
7,6,1
3,0,3
5,0,5
1,0,1
1,0,1
5,0,5
1,0,1
9,2,7
27,8,19
10,4,6
5,0,5
7,2,5
13,0,13
7,0,7
14,0,14
4,0,4
6,2,4
0,0,0
4,5,-1
8,4,4
1,0,1
16,9,7
45,0,45
3,0,3
7,1,6
1,0,1
0,0,0
4,0,4
1,0,1
8,0,8
1,1,0
2,0,2
0,0,0
5,5,0
1,0,1
33,11,22
12,6,6
6,6,0
0,2,-2
9,1,8
0,0,0
0,0,0
0,2,-2
20,1,19
2,2,0
3,0,3
4,17,-13
14,0,14
11,7,4
11,0,11
1,0,1
6,0,6
4,5,-1
18,1,17
0,0,0
5,5,0
23,1,22
9,1,8
11,3,8
4,0,4
13,12,1
29,13,16
5,1,4
0,0,0
8,12,-4
2,0,2
3,0,3
5,0,5
0,1,-1
4,0,4
10,9,1
0,0,0
6,0,6
29,0,29
6,0,6
6,8,-2
24,0,24
9,4,5
5,1,4
3,1,2
28,4,24
10,3,7
1,0,1
13,0,13
10,2,8
2,0,2
28,20,8
2,0,2
0,0,0
18,0,18
1,2,-1
0,0,0
1,0,1
13,0,13
16,2,14
10,5,5
5,0,5
4,2,2
3,0,3
26,1,25
2,0,2
0,0,0
16,2,14
4,0,4
0,1,-1
0,0,0
8,0,8
3,5,-2
5,0,5
2,2,0
1,0,1
0,0,0
5,0,5
1,0,1
1,0,1
3,0,3
1,0,1
0,0,0
0,0,0
3,0,3
2,2,0
8,8,0
1,0,1
1,0,1
6,6,0
21,3,18
5,0,5
1,1,0
3,3,0
2,4,-2
3,0,3
16,4,12
0,0,0
3,0,3
9,1,8
29,27,2
2,0,2
0,0,0
1,2,-1
5,3,2
0,0,0
8,4,4
2,0,2
2,1,1
0,3,-3
1,0,1
0,4,-4
5,5,0
35,16,19
23,0,23
1,2,-1
0,0,0
13,2,11
0,0,0
12,2,10
11,5,6
20,3,17
13,6,7
7,3,4
23,0,23
11,3,8
0,0,0
6,3,3
3,0,3
2,0,2
1,3,-2
9,2,7
10,6,4
9,0,9
2,0,2
2,0,2
10,1,9
3,0,3
0,0,0
29,0,29
2,0,2
4,4,0
14,2,12
11,6,5
2,0,2
2,0,2
7,1,6
7,1,6
9,1,8
0,0,0
3,4,-1
22,1,21
0,0,0
0,3,-3
9,0,9
0,1,-1
13,2,11
17,8,9
8,4,4
3,2,1
3,0,3
5,0,5
19,0,19
5,0,5
17,2,15
0,0,0
1,0,1
10,4,6
2,0,2
12,10,2
8,6,2
34,3,31
5,3,2
33,2,31
0,4,-4
0,0,0
3,0,3
6,0,6
12,0,12
3,9,-6
2,0,2
0,0,0
33,1,32
2,1,1
0,0,0
2,0,2
0,4,-4
52,8,44
1,1,0
0,0,0
3,1,2
3,0,3
5,0,5
18,0,18
14,6,8
11,6,5
9,1,8
2,1,1
5,0,5
6,0,6
3,0,3
2,2,0
4,6,-2
20,0,20
0,0,0
0,0,0
1,0,1
6,3,3
2,2,0
0,0,0
16,7,9
6,1,5
109,0,109
15,0,15
0,0,0
8,1,7
5,0,5
0,0,0
32,0,32
14,3,11
3,3,0
0,0,0
0,9,-9
1,0,1
13,13,0
1,0,1
46,11,35
21,0,21
9,0,9
1,0,1
9,0,9
2,0,2
32,23,9
3,1,2
12,17,-5
6,0,6
48,10,38
8,3,5
4,6,-2
2,4,-2
5,16,-11
6,5,1
1,1,0
46,17,29
0,0,0
4,5,-1
5,3,2
0,1,-1
1,0,1
2,2,0
1,0,1
3,0,3
2,1,1
9,7,2
5,5,0
77,1,76
3,0,3
0,0,0
3,4,-1
1,6,-5
1,2,-1
1,0,1
5,3,2
11,6,5
5,2,3
2,0,2
1,2,-1
1,1,0
2,0,2
0,0,0
0,0,0
1,0,1
4,0,4
15,4,11
2,0,2
0,0,0
1,0,1
5,14,-9
0,0,0
17,1,16
1,0,1
10,0,10
29,17,12
0,0,0
6,4,2
5,5,0
4,3,1
0,0,0
0,1,-1
7,3,4
1,19,-18
1,5,-4
11,2,9
6,6,0
5,0,5
0,0,0
1,11,-10
2,1,1
0,0,0
5,0,5
0,0,0
14,23,-9
2,0,2
23,0,23
1,0,1
33,12,21
1,0,1
2,0,2
1,19,-18
1,1,0
0,7,-7
1,6,-5
18,0,18
6,0,6
0,0,0
8,3,5
25,2,23
14,0,14
22,6,16
4,1,3
0,0,0
0,0,0
35,0,35
11,1,10
3,1,2
0,0,0
1,0,1
0,1,-1
2,0,2
21,5,16
3,0,3
2,0,2
7,0,7
3,0,3
3,2,1
5,3,2
1,2,-1
12,0,12
1,1,0
7,2,5
0,1,-1
0,1,-1
13,2,11
2,4,-2
13,6,7
1,3,-2
0,0,0
6,0,6
26,0,26
0,1,-1
1,0,1
19,0,19
11,3,8
2,3,-1
17,0,17
2,0,2
7,0,7
3,0,3
0,0,0
18,1,17
12,1,11
12,2,10
6,1,5
1,0,1
19,11,8
7,0,7
7,0,7
37,37,0
5,0,5
10,3,7
12,7,5
7,4,3
2,1,1
2,1,1
6,3,3
1,0,1
18,1,17
6,0,6
0,0,0
1,4,-3
0,0,0
4,0,4
1,0,1
10,7,3
9,3,6
3,0,3
9,0,9
11,1,10
28,0,28
10,4,6
1,0,1
4,0,4
4,10,-6
1,0,1
1,1,0
4,0,4
32,0,32
11,29,-18
47,6,41
0,0,0
15,0,15
80,5,75
1,0,1
11,0,11
0,0,0
7,2,5
3,0,3
18,7,11
0,0,0
11,0,11
0,0,0
0,0,0
10,0,10
5,0,5
9,10,-1
13,3,10
9,0,9
1,0,1
10,0,10
24,0,24
1,0,1
5,0,5
4,0,4
1,0,1
34,2,32
0,0,0
2,2,0
1,0,1
18,4,14
9,0,9
12,13,-1
17,0,17
15,0,15
5,0,5
33,22,11
4,2,2
5,3,2
1,1,0
7,3,4
4,1,3
5,7,-2
10,4,6
8,0,8
5,8,-3
11,0,11
15,16,-1
1,0,1
4,5,-1
22,6,16
35,1,34
1,3,-2
1,0,1
0,0,0
1,2,-1
6,0,6
1,0,1
1,0,1
3,5,-2
0,0,0
5,9,-4
2,10,-8
0,0,0
14,0,14
1,2,-1
6,0,6
13,9,4
0,0,0
7,7,0
36,4,32
5,0,5
7,2,5
0,6,-6
6,0,6
5,0,5
4,0,4
1,0,1
12,0,12
0,0,0
1,0,1
3,0,3
9,4,5
8,11,-3
16,5,11
27,1,26
3,0,3
0,5,-5
2,0,2
0,0,0
1,0,1
22,3,19
4,0,4
6,3,3
0,3,-3
43,6,37
4,0,4
32,0,32
13,0,13
0,1,-1
3,1,2
18,0,18
8,0,8
3,14,-11
3,8,-5
1,1,0
0,0,0
1,1,0
0,0,0
6,0,6
5,17,-12
7,0,7
21,6,15
0,1,-1
7,4,3
5,0,5
4,0,4
2,0,2
11,7,4
1,0,1
1,1,0
7,0,7
33,13,20
10,4,6
4,0,4
19,0,19
0,0,0
1,1,0
1,0,1
10,0,10
2,1,1
3,13,-10
7,6,1
0,0,0
3,1,2
8,4,4
9,0,9
0,0,0
7,0,7
3,0,3
8,1,7
12,0,12
1,0,1
2,0,2
5,5,0
2,1,1
5,0,5
1,0,1
16,17,-1
8,6,2
0,0,0
5,7,-2
3,1,2
0,0,0
3,0,3
2,0,2
21,0,21
34,5,29
7,0,7
2,0,2
9,5,4
31,12,19
4,5,-1
4,0,4
11,1,10
1,0,1
0,0,0
1,2,-1
0,0,0
2,0,2
1,0,1
1,0,1
1,0,1
13,1,12
5,0,5
2,0,2
2,11,-9
6,0,6
12,2,10
16,0,16
6,2,4
6,2,4
1,0,1
6,0,6
4,0,4
0,0,0
2,0,2
0,0,0
0,4,-4
2,4,-2
20,14,6
0,0,0
1,6,-5
2,0,2
0,0,0
1,0,1
3,0,3
0,0,0
0,0,0
6,0,6
0,0,0
17,2,15
5,6,-1
5,2,3
13,17,-4
4,0,4
7,3,4
6,1,5
0,0,0
4,9,-5
0,0,0
1,0,1
1,0,1
10,10,0
5,0,5
5,6,-1
1,7,-6
1,1,0
3,4,-1
0,0,0
0,0,0
1,2,-1
9,14,-5
1,0,1
0,0,0
2,0,2
6,0,6
0,2,-2
3,1,2
6,3,3
2,0,2
3,0,3
22,21,1
10,0,10
0,4,-4
6,2,4
0,0,0
18,0,18
3,2,1
2,0,2
2,0,2
4,1,3
0,0,0
3,0,3
10,0,10
0,2,-2
7,1,6
15,6,9
10,5,5
9,15,-6
35,1,34
2,2,0
5,11,-6
10,5,5
1,0,1
0,0,0
7,0,7
4,0,4
17,1,16
2,0,2
33,16,17
6,1,5
2,2,0
0,1,-1
7,0,7
1,0,1
0,0,0
0,4,-4
24,15,9
16,1,15
2,12,-10
6,0,6
6,0,6
29,29,0
0,0,0
3,0,3
5,0,5
7,0,7
17,11,6
0,1,-1
5,3,2
7,0,7
0,0,0
4,2,2
7,3,4
1,0,1
5,5,0
7,0,7
1,0,1
3,0,3
0,0,0
5,3,2
1,0,1
2,0,2
2,0,2
0,0,0
13,1,12
5,5,0
7,7,0
9,4,5
5,5,0
13,7,6
24,6,18
3,2,1
0,0,0
0,0,0
6,5,1
17,1,16
1,0,1
1,0,1
5,0,5
9,0,9
5,1,4
13,0,13
0,0,0
0,0,0
4,4,0
7,6,1
1,0,1
14,0,14
4,0,4
5,1,4
9,9,0
5,9,-4
0,2,-2
18,2,16
2,2,0
15,1,14
1,0,1
9,4,5
7,2,5
8,3,5
27,4,23
1,0,1
6,0,6
3,14,-11
36,12,24
0,0,0
4,0,4
8,0,8
0,0,0
4,1,3
8,9,-1
8,0,8
2,0,2
0,3,-3
1,0,1
0,0,0
0,0,0
12,5,7
5,2,3
0,0,0
18,1,17
10,2,8
0,0,0
0,0,0
3,5,-2
0,0,0
13,10,3
0,1,-1
1,0,1
3,0,3
10,0,10
7,0,7
2,0,2
0,0,0
8,3,5
31,14,17
14,2,12
6,0,6
2,1,1
0,1,-1
38,15,23
13,0,13
0,0,0
1,0,1
0,0,0
9,3,6
6,6,0
3,0,3
2,0,2
1,1,0
3,2,1
15,0,15
3,0,3
1,1,0
4,8,-4
0,0,0
0,0,0
21,6,15
6,1,5
5,2,3
6,0,6
11,0,11
17,1,16
13,2,11
9,0,9
6,1,5
1,0,1
3,9,-6
8,0,8
6,2,4
40,0,40
2,4,-2
8,1,7
1,0,1
5,1,4
13,15,-2
1,9,-8
11,0,11
10,1,9
1,1,0
0,0,0
2,14,-12
16,2,14
7,1,6
1,0,1
2,0,2
5,1,4
7,0,7
1,0,1
1,0,1
9,0,9
1,0,1
44,0,44
0,0,0
0,1,-1
1,0,1
1,8,-7
1,2,-1
17,3,14
5,0,5
20,17,3
17,1,16
1,2,-1
5,0,5
7,0,7
5,0,5
0,0,0
6,0,6
22,0,22
0,0,0
6,9,-3
9,0,9
0,0,0
2,0,2
0,0,0
5,0,5
24,11,13
6,9,-3
6,1,5
9,0,9
0,0,0
35,16,19
10,0,10
0,0,0
2,2,0
1,0,1
4,10,-6
0,0,0
7,0,7
4,4,0
7,9,-2
0,0,0
0,0,0
0,1,-1
8,0,8
15,1,14
10,3,7
2,8,-6
9,2,7
1,1,0
9,0,9
2,0,2
1,2,-1
3,1,2
2,5,-3
4,1,3
10,1,9
12,5,7
6,0,6
13,0,13
3,0,3
1,0,1
5,0,5
0,0,0
1,0,1
3,0,3
0,0,0
0,0,0
1,0,1
36,1,35
49,0,49
1,0,1
0,0,0
0,1,-1
0,0,0
32,1,31
3,1,2
13,2,11
1,0,1
1,0,1
0,0,0
10,0,10
0,0,0
2,0,2
10,2,8
14,5,9
6,0,6
3,0,3
0,0,0
7,1,6
0,0,0
58,12,46
0,0,0
19,1,18
16,8,8
5,2,3
0,0,0
6,0,6
2,4,-2
3,0,3
21,0,21
6,0,6
0,0,0
3,3,0
5,7,-2
1,5,-4
3,0,3
9,0,9
1,0,1
2,2,0
0,0,0
1,1,0
23,6,17
0,2,-2
1,0,1
1,1,0
0,0,0
26,0,26
6,4,2
3,3,0
6,0,6
7,0,7
15,7,8
1,0,1
15,1,14
5,0,5
3,3,0
2,2,0
3,1,2
3,2,1
0,0,0
16,0,16
0,0,0
0,0,0
50,2,48
2,1,1
0,0,0
14,0,14
2,2,0
3,3,0
13,0,13
8,12,-4
9,6,3
28,1,27
8,3,5
3,0,3
11,1,10
23,3,20
0,0,0
46,1,45
13,2,11
0,0,0
0,0,0
4,2,2
6,0,6
1,11,-10
16,0,16
4,0,4
1,1,0
3,7,-4
0,0,0
6,1,5
24,15,9
0,0,0
4,1,3
61,12,49
9,0,9
30,0,30
8,12,-4
2,0,2
12,0,12
0,0,0
7,0,7
2,4,-2
1,0,1
0,0,0
0,0,0
24,0,24
0,0,0
1,0,1
2,4,-2
0,0,0
12,5,7
1,0,1
10,0,10
1,0,1
10,6,4
9,0,9
1,0,1
16,0,16
2,2,0
0,0,0
1,1,0
1,1,0
5,5,0
1,1,0
7,4,3
14,8,6
20,1,19
1,0,1
0,3,-3
1,0,1
23,0,23
31,5,26
0,0,0
1,0,1
0,0,0
6,0,6
0,0,0
12,1,11
6,5,1
4,0,4
7,0,7
3,6,-3
2,0,2
6,1,5
25,0,25
1,3,-2
0,0,0
5,8,-3
0,1,-1
2,2,0
8,1,7
1,1,0
3,0,3
3,2,1
0,0,0
2,0,2
7,0,7
5,1,4
2,1,1
0,1,-1
6,1,5
0,2,-2
3,10,-7
11,0,11
21,8,13
2,2,0
18,3,15
0,1,-1
0,0,0
17,3,14
0,0,0
2,2,0
1,0,1
32,3,29
10,2,8
15,0,15
4,0,4
5,0,5
1,0,1
2,4,-2
18,18,0
6,0,6
12,0,12
25,1,24
1,0,1
2,1,1
43,9,34
7,3,4
3,6,-3
6,0,6
0,0,0
7,1,6
0,3,-3
6,0,6
47,0,47
12,0,12
50,21,29
4,5,-1
1,0,1
8,8,0
1,0,1
8,0,8
4,8,-4
17,0,17
6,10,-4
0,0,0
2,0,2
17,13,4
0,0,0
0,0,0
1,8,-7
0,1,-1
13,0,13
30,0,30
1,0,1
1,2,-1
0,0,0
0,5,-5
1,0,1
2,0,2
0,0,0
0,0,0
0,0,0
10,0,10
9,0,9
2,0,2
1,0,1
9,1,8
8,0,8
2,0,2
6,0,6
0,0,0
3,6,-3
34,0,34
7,0,7
22,0,22
11,2,9
0,1,-1
4,4,0
16,2,14
14,0,14
0,0,0
0,0,0
6,0,6
2,0,2
9,7,2
1,0,1
5,0,5
0,1,-1
3,0,3
5,0,5
8,2,6
7,0,7
2,0,2
7,1,6
14,8,6
0,0,0
4,0,4
3,0,3
1,0,1
0,0,0
0,1,-1
0,0,0
7,0,7
0,0,0
0,0,0
0,8,-8
6,1,5
2,2,0
16,9,7
0,0,0
27,2,25
0,0,0
2,2,0
2,3,-1
2,3,-1
0,0,0
1,0,1
0,0,0
13,7,6
1,1,0
3,6,-3
0,0,0
0,2,-2
30,3,27
0,0,0
7,3,4
5,0,5
6,1,5
4,0,4
7,3,4
6,1,5
9,0,9
1,0,1
1,0,1
0,0,0
2,1,1
4,0,4
18,3,15
0,1,-1
0,0,0
5,1,4
1,0,1
5,3,2
6,0,6
7,0,7
3,0,3
0,0,0
23,7,16
21,21,0
4,0,4
3,1,2
1,0,1
7,8,-1
9,2,7
14,4,10
36,6,30
3,0,3
17,2,15
6,0,6
0,0,0
2,7,-5
14,0,14
4,1,3
0,0,0
0,0,0
0,0,0
0,0,0
10,0,10
0,0,0
3,0,3
11,5,6
1,0,1
2,0,2
18,2,16
12,2,10
12,4,8
2,0,2
2,0,2
5,0,5
1,2,-1
2,2,0
4,0,4
5,3,2
12,0,12
5,0,5
1,1,0
0,0,0
7,2,5
1,0,1
18,6,12
1,0,1
8,1,7
4,4,0
5,0,5
10,6,4
5,1,4
8,3,5
4,0,4
11,0,11
10,2,8
5,0,5
6,1,5
1,4,-3
0,0,0
5,2,3
27,1,26
2,2,0
3,0,3
2,0,2
4,5,-1
0,0,0
3,0,3
16,5,11
0,0,0
8,2,6
4,1,3
12,0,12
10,1,9
5,0,5
9,0,9
7,2,5
4,0,4
0,0,0
0,0,0
2,0,2
0,0,0
4,0,4
9,0,9
2,4,-2
30,13,17
0,0,0
3,2,1
13,12,1
0,0,0
8,0,8
1,4,-3
7,0,7
0,0,0
1,0,1
1,0,1
5,1,4
1,2,-1
1,0,1
4,1,3
0,0,0
9,1,8
23,6,17
12,4,8
4,0,4
5,1,4
7,0,7
0,0,0
33,0,33
5,3,2
12,14,-2
46,8,38
2,1,1
15,1,14
0,2,-2
17,6,11
8,4,4
8,5,3
1,1,0
0,0,0
1,1,0
2,3,-1
4,2,2
0,0,0
16,8,8
10,3,7
0,0,0
4,7,-3
2,0,2
1,3,-2
0,1,-1
1,3,-2
7,0,7
1,0,1
1,5,-4
1,0,1
3,0,3
8,0,8
0,3,-3
1,0,1
0,2,-2
9,0,9
4,1,3
2,1,1
2,0,2
9,4,5
38,5,33
2,3,-1
1,9,-8
14,13,1
7,4,3
7,6,1
2,1,1
0,0,0
36,0,36
6,1,5
9,6,3
35,11,24
7,7,0
2,1,1
17,1,16
16,6,10
0,0,0
27,0,27
32,0,32
1,0,1
6,0,6
3,0,3
0,1,-1
1,0,1
5,4,1
3,1,2
5,0,5
5,0,5
1,0,1
4,2,2
1,1,0
3,1,2
10,2,8
9,1,8
0,0,0
18,0,18
8,7,1
2,1,1
2,0,2
2,0,2
6,1,5
3,0,3
1,0,1
4,0,4
2,0,2
10,0,10
1,0,1
3,0,3
4,4,0
3,3,0
0,0,0
5,2,3
2,0,2
1,0,1
4,1,3
1,1,0
3,2,1
13,2,11
4,0,4
3,6,-3
2,1,1
1,2,-1
1,0,1
0,0,0
1,3,-2
7,0,7
5,0,5
8,1,7
24,0,24
3,1,2
10,0,10
19,2,17
0,0,0
36,3,33
0,0,0
0,0,0
6,3,3
5,1,4
27,0,27
2,3,-1
22,10,12
10,3,7
1,2,-1
2,0,2
16,3,13
0,0,0
10,3,7
2,0,2
0,0,0
0,0,0
9,18,-9
11,0,11
3,0,3
11,0,11
0,0,0
0,6,-6
21,6,15
1,6,-5
16,3,13
2,0,2
16,6,10
0,6,-6
5,0,5
8,8,0
14,16,-2
0,0,0
37,13,24
6,0,6
5,5,0
13,0,13
11,1,10
1,1,0
23,2,21
6,2,4
6,4,2
1,0,1
2,2,0
3,1,2
8,3,5
1,0,1
0,0,0
6,3,3
0,0,0
0,0,0
4,0,4
14,0,14
2,0,2
14,0,14
34,4,30
41,2,39
4,1,3
0,0,0
11,6,5
5,1,4
1,2,-1
2,2,0
2,0,2
1,0,1
4,2,2
0,0,0
5,1,4
13,1,12
1,1,0
7,0,7
3,0,3
19,7,12
39,0,39
10,0,10
0,0,0
2,0,2
0,0,0
2,0,2
0,1,-1
7,0,7
2,0,2
11,0,11
3,2,1
11,2,9
1,1,0
14,2,12
2,1,1
4,0,4
16,2,14
2,6,-4
3,0,3
1,0,1
0,7,-7
0,1,-1
4,1,3
3,12,-9
1,0,1
6,15,-9
1,2,-1
5,3,2
6,0,6
8,0,8
0,0,0
21,6,15
8,3,5
0,0,0
1,0,1
0,1,-1
3,0,3
1,0,1
3,0,3
10,14,-4
3,0,3
16,4,12
0,0,0
0,0,0
11,2,9
27,8,19
21,0,21
14,0,14
6,4,2
14,0,14
9,1,8
16,16,0
1,0,1
6,2,4
8,0,8
0,0,0
1,0,1
0,1,-1
0,2,-2
10,2,8
45,2,43
2,0,2
71,0,71
13,11,2
6,0,6
0,0,0
9,4,5
0,0,0
1,0,1
5,1,4
0,1,-1
3,1,2
4,2,2
9,7,2
2,0,2
6,3,3
1,0,1
8,0,8
0,0,0
2,2,0
6,9,-3
0,0,0
11,4,7
2,1,1
18,13,5
6,0,6
17,3,14
0,0,0
0,0,0
113,10,103
15,0,15
1,1,0
0,0,0
26,10,16
72,6,66
0,0,0
7,1,6
2,1,1
8,7,1
12,3,9
1,0,1
4,0,4
27,7,20
19,18,1
0,0,0
0,0,0
1,0,1
1,3,-2
0,0,0
12,6,6
8,0,8
0,0,0
1,0,1
0,0,0
1,0,1
3,0,3
2,0,2
2,0,2
20,3,17
4,4,0
1,0,1
1,0,1
5,0,5
1,1,0
0,1,-1
1,0,1
9,0,9
14,8,6
4,0,4
0,8,-8
14,10,4
8,4,4
1,0,1
3,2,1
18,0,18
8,0,8
16,0,16
0,0,0
1,0,1
2,0,2
2,0,2
2,2,0
8,0,8
3,0,3
3,4,-1
10,0,10
0,0,0
35,5,30
1,1,0
4,0,4
4,0,4
3,3,0
5,1,4
0,0,0
10,0,10
0,0,0
8,3,5
10,29,-19
0,0,0
2,5,-3
0,0,0
6,2,4
3,2,1
0,0,0
0,0,0
5,3,2
2,0,2
37,9,28
6,4,2
3,0,3
3,1,2
13,3,10
1,5,-4
5,0,5
0,0,0
14,0,14
1,1,0
7,2,5
8,5,3
34,3,31
0,0,0
1,0,1
7,0,7
12,0,12
6,6,0
1,0,1
0,0,0
4,2,2
5,7,-2
0,2,-2
14,0,14
0,0,0
31,0,31
8,2,6
12,2,10
1,0,1
1,0,1
0,0,0
1,0,1
10,2,8
2,0,2
0,0,0
5,2,3
2,0,2
11,4,7
2,0,2
2,1,1
19,0,19
0,1,-1
8,3,5
12,3,9
17,1,16
0,0,0
12,4,8
1,1,0
0,0,0
0,0,0
10,0,10
0,0,0
12,0,12
1,0,1
8,1,7
8,2,6
3,0,3
0,0,0
12,0,12
4,1,3
1,6,-5
2,2,0
5,3,2
8,2,6
6,1,5
6,5,1
0,2,-2
4,8,-4
0,0,0
12,1,11
1,1,0
2,0,2
3,0,3
1,0,1
0,0,0
5,6,-1
8,0,8
5,3,2
1,2,-1
3,0,3
3,3,0
4,5,-1
0,0,0
37,0,37
0,2,-2
21,10,11
0,0,0
1,0,1
12,0,12
2,3,-1
3,0,3
4,4,0
4,0,4
0,0,0
5,0,5
22,7,15
1,0,1
1,0,1
4,0,4
5,0,5
0,0,0
0,0,0
3,6,-3
2,0,2
1,0,1
0,0,0
6,0,6
2,0,2
1,0,1
1,3,-2
15,6,9
3,3,0
1,0,1
4,5,-1
0,0,0
4,0,4
8,0,8
9,0,9
6,7,-1
10,6,4
0,0,0
0,0,0
5,0,5
8,3,5
4,3,1
1,4,-3
1,1,0
1,0,1
1,0,1
18,0,18
11,18,-7
1,5,-4
0,0,0
8,15,-7
8,1,7
0,0,0
4,0,4
0,1,-1
36,2,34
1,3,-2
9,2,7
0,0,0
2,0,2
8,1,7
3,0,3
5,3,2
44,14,30
4,2,2
8,2,6
5,1,4
5,2,3
8,1,7
1,1,0
8,0,8
2,0,2
6,0,6
0,5,-5
0,0,0
47,2,45
1,0,1
9,1,8
0,0,0
0,0,0
12,0,12
1,2,-1
13,13,0
0,0,0
6,2,4
42,1,41
1,0,1
4,0,4
6,0,6
3,0,3
4,1,3
28,0,28
40,3,37
9,1,8
5,2,3
0,0,0
0,0,0
1,0,1
5,1,4
2,0,2
0,0,0
0,0,0
9,0,9
2,0,2
3,3,0
0,1,-1
4,0,4
1,0,1
8,4,4
1,0,1
0,0,0
4,0,4
0,0,0
3,0,3
5,0,5
3,0,3
2,0,2
0,0,0
0,1,-1
0,0,0
0,0,0
0,0,0
0,0,0
7,0,7
4,1,3
0,1,-1
5,0,5
14,0,14
2,1,1
3,3,0
0,0,0
2,8,-6
5,0,5
3,2,1
0,0,0
0,0,0
1,8,-7
0,0,0
1,0,1
1,0,1
17,1,16
36,1,35
1,0,1
9,5,4
3,0,3
1,9,-8
0,0,0
4,3,1
8,0,8
0,0,0
3,0,3
6,0,6
4,9,-5
6,0,6
5,0,5
17,1,16
24,9,15
0,9,-9
1,0,1
36,1,35
13,13,0
21,7,14
5,2,3
3,1,2
3,1,2
1,0,1
2,1,1
1,0,1
10,1,9
2,1,1
1,1,0
4,2,2
6,1,5
0,0,0
10,5,5
7,1,6
0,0,0
0,0,0
24,0,24
0,0,0
7,0,7
1,0,1
2,2,0
4,0,4
1,0,1
1,0,1
13,0,13
1,0,1
1,0,1
2,1,1
0,0,0
0,0,0
3,0,3
0,0,0
4,0,4
5,0,5
11,6,5
1,0,1
8,0,8
5,0,5
1,6,-5
0,0,0
5,0,5
2,0,2
14,0,14
1,0,1
4,2,2
3,5,-2
7,10,-3
0,0,0
10,12,-2
1,3,-2
3,1,2
23,9,14
8,0,8
2,0,2
5,0,5
12,7,5
1,0,1
0,5,-5
7,0,7
1,0,1
0,0,0
3,13,-10
3,6,-3
0,0,0
5,1,4
0,0,0
13,0,13
0,0,0
1,0,1
4,2,2
6,0,6
24,1,23
4,6,-2
6,2,4
0,0,0
0,0,0
0,3,-3
10,0,10
0,0,0
4,9,-5
0,0,0
1,9,-8
6,0,6
12,0,12
8,3,5
8,1,7
3,2,1
21,0,21
0,0,0
0,0,0
0,0,0
5,3,2
1,3,-2
0,0,0
6,0,6
6,1,5
23,0,23
4,0,4
16,6,10
7,6,1
7,0,7
0,1,-1
1,0,1
4,0,4
7,0,7
23,3,20
1,4,-3
1,0,1
0,0,0
0,0,0
0,0,0
2,1,1
3,0,3
22,4,18
14,3,11
14,8,6
2,8,-6
8,0,8
5,2,3
21,2,19
2,0,2
12,12,0
13,1,12
42,0,42
0,0,0
1,0,1
1,0,1
21,8,13
36,17,19
4,0,4
51,9,42
4,6,-2
0,0,0
5,0,5
3,0,3
3,0,3
2,0,2
7,0,7
4,1,3
2,0,2
7,1,6
3,4,-1
0,3,-3
4,1,3
0,6,-6
9,5,4
2,2,0
5,1,4
16,0,16
7,3,4
4,7,-3
0,0,0
0,0,0
1,0,1
8,5,3
2,1,1
7,1,6
0,0,0
0,0,0
5,1,4
1,0,1
12,2,10
0,0,0
9,0,9
3,1,2
12,1,11
7,0,7
0,0,0
2,0,2
0,0,0
7,6,1
9,4,5
6,0,6
6,1,5
3,1,2
4,0,4
0,0,0
20,1,19
9,2,7
3,3,0
1,1,0
6,7,-1
9,0,9
1,0,1
8,0,8
0,0,0
2,0,2
0,0,0
8,4,4
12,2,10
3,0,3
0,1,-1
1,5,-4
3,0,3
1,0,1
3,0,3
3,0,3
2,0,2
4,4,0
3,6,-3
1,6,-5
0,0,0
5,0,5
0,0,0
20,0,20
1,0,1
1,4,-3
4,3,1
3,0,3
3,0,3
9,1,8
4,2,2
0,0,0
0,1,-1
1,0,1
18,0,18
0,0,0
6,0,6
0,0,0
1,0,1
2,4,-2
10,3,7
0,0,0
3,0,3
6,0,6
0,0,0
31,6,25
1,1,0
1,30,-29
4,0,4
5,0,5
0,0,0
11,5,6
1,1,0
8,10,-2
2,1,1
4,4,0
4,0,4
14,0,14
7,8,-1
0,0,0
21,7,14
0,0,0
0,1,-1
1,5,-4
17,12,5
9,6,3
6,0,6
0,0,0
0,0,0
11,2,9
0,0,0
4,4,0
5,0,5
1,0,1
0,2,-2
33,12,21
9,5,4
0,0,0
6,0,6
4,1,3
2,3,-1
0,0,0
20,0,20
2,0,2
9,8,1
0,0,0
0,2,-2
0,0,0
13,4,9
3,0,3
22,1,21
9,0,9
7,9,-2
1,0,1
1,0,1
3,1,2
1,0,1
1,0,1
43,1,42
2,2,0
0,0,0
24,7,17
1,5,-4
3,0,3
5,0,5
1,1,0
0,0,0
2,0,2
2,0,2
12,8,4
17,0,17
0,0,0
33,1,32
10,0,10
2,0,2
7,0,7
0,0,0
11,1,10
2,0,2
0,0,0
0,0,0
3,0,3
2,0,2
22,0,22
1,0,1
10,0,10
0,0,0
49,10,39
6,0,6
13,1,12
3,0,3
1,2,-1
0,0,0
0,0,0
4,1,3
23,18,5
5,6,-1
5,1,4
5,5,0
9,0,9
4,0,4
0,1,-1
7,0,7
6,1,5
11,4,7
40,4,36
19,5,14
0,0,0
13,0,13
33,4,29
15,0,15
1,0,1
1,1,0
14,0,14
1,5,-4
26,4,22
0,0,0
0,0,0
3,2,1
0,0,0
3,8,-5
6,0,6
4,0,4
3,4,-1
0,0,0
1,0,1
1,0,1
0,0,0
6,1,5
3,2,1
0,0,0
14,2,12
16,6,10
5,3,2
0,0,0
5,7,-2
6,2,4
3,3,0
1,0,1
2,3,-1
1,4,-3
3,0,3
0,0,0
4,2,2
10,1,9
6,1,5
1,0,1
1,3,-2
25,3,22
8,4,4
0,0,0
14,5,9
15,12,3
5,0,5
7,0,7
13,1,12
21,0,21
11,0,11
0,1,-1
12,0,12
2,0,2
0,0,0
1,1,0
2,0,2
14,0,14
1,1,0
0,0,0
2,1,1
1,0,1
33,0,33
2,5,-3
2,0,2
2,2,0
2,2,0
17,2,15
12,0,12
10,1,9
14,0,14
2,0,2
3,0,3
0,0,0
0,1,-1
14,2,12
1,0,1
39,0,39
4,0,4
5,2,3
14,1,13
20,7,13
0,3,-3
0,1,-1
1,0,1
2,6,-4
57,27,30
0,0,0
0,0,0
24,1,23
21,5,16
7,1,6
2,1,1
12,0,12
2,0,2
1,0,1
1,2,-1
10,5,5
0,6,-6
1,0,1
4,0,4
0,0,0
1,0,1
4,0,4
4,0,4
6,0,6
0,0,0
9,0,9
6,2,4
11,4,7
4,3,1
2,1,1
43,1,42
1,3,-2
0,0,0
8,0,8
0,1,-1
4,0,4
4,0,4
2,0,2
8,0,8
2,0,2
7,0,7
6,2,4
7,0,7
7,1,6
3,0,3
0,0,0
2,0,2
2,2,0
0,0,0
3,7,-4
4,8,-4
2,1,1
12,9,3
3,0,3
25,17,8
17,0,17
10,0,10
16,4,12
2,15,-13
0,0,0
0,0,0
1,0,1
3,0,3
9,0,9
0,0,0
2,1,1
0,0,0
4,0,4
2,0,2
1,0,1
17,0,17
10,0,10
0,0,0
0,0,0
12,6,6
9,2,7
5,3,2
2,20,-18
2,2,0
16,2,14
0,0,0
11,4,7
0,0,0
7,2,5
17,5,12
4,2,2
4,5,-1
0,0,0
13,5,8
6,11,-5
8,3,5
4,0,4
6,0,6
2,1,1
6,3,3
6,1,5
5,3,2
15,1,14
33,6,27
3,0,3
8,1,7
0,0,0
0,0,0
3,0,3
0,0,0
4,3,1
3,1,2
6,6,0
4,0,4
1,4,-3
0,0,0
1,0,1
28,0,28
1,4,-3
5,13,-8
2,0,2
14,4,10
0,0,0
12,7,5
11,11,0
0,0,0
0,0,0
27,2,25
6,0,6
0,0,0
8,0,8
5,5,0
10,0,10
10,3,7
3,0,3
5,1,4
5,9,-4
27,2,25
26,13,13
6,19,-13
7,0,7
21,0,21
8,0,8
4,1,3
1,0,1
14,0,14
15,0,15
25,4,21
0,0,0
2,0,2
7,6,1
8,0,8
2,2,0
0,0,0
7,0,7
23,0,23
13,0,13
42,1,41
4,2,2
0,0,0
8,1,7
6,0,6
3,0,3
2,0,2
0,1,-1
0,0,0
0,0,0
19,11,8
16,0,16
26,0,26
3,0,3
45,0,45
0,2,-2
1,0,1
0,0,0
1,4,-3
3,0,3
3,0,3
12,33,-21
4,15,-11
2,0,2
6,0,6
8,0,8
24,4,20
7,7,0
4,2,2
0,0,0
7,0,7
45,12,33
5,0,5
9,0,9
7,0,7
30,11,19
0,0,0
2,0,2
2,0,2
3,0,3
4,0,4
4,3,1
4,0,4
0,0,0
9,9,0
0,0,0
0,0,0
8,4,4
1,0,1
2,0,2
8,2,6
2,0,2
6,2,4
14,5,9
3,2,1
2,5,-3
5,0,5
22,1,21
13,1,12
14,9,5
0,0,0
3,7,-4
6,0,6
2,7,-5
1,10,-9
12,4,8
23,1,22
8,0,8
3,0,3
2,0,2
0,0,0
1,0,1
20,2,18
5,0,5
1,0,1
0,0,0
1,0,1
17,2,15
8,0,8
5,0,5
2,5,-3
32,0,32
2,0,2
2,5,-3
5,6,-1
15,10,5
28,0,28
0,0,0
2,5,-3
0,0,0
2,1,1
29,1,28
8,1,7
0,0,0
0,0,0
6,7,-1
2,0,2
0,0,0
32,3,29
3,13,-10
6,3,3
3,0,3
5,6,-1
11,0,11
16,0,16
0,0,0
1,0,1
9,7,2
2,0,2
3,0,3
32,0,32
3,1,2
0,1,-1
60,36,24
0,0,0
0,0,0
4,10,-6
0,0,0
0,0,0
0,0,0
11,3,8
12,6,6
10,1,9
0,0,0
2,0,2
0,0,0
2,0,2
0,0,0
2,2,0
11,6,5
14,0,14
8,3,5
5,1,4
6,6,0
5,16,-11
2,0,2
19,0,19
1,0,1
1,0,1
0,0,0
0,1,-1
2,4,-2
2,0,2
1,0,1
6,0,6
16,0,16
14,0,14
2,0,2
1,0,1
22,0,22
14,0,14
4,1,3
19,1,18
1,3,-2
1,0,1
11,0,11
11,0,11
12,5,7
20,0,20
13,0,13
14,4,10
1,0,1
48,48,0
2,1,1
2,2,0
1,8,-7
0,1,-1
25,8,17
43,0,43
12,8,4
5,4,1
14,0,14
0,9,-9
0,0,0
1,0,1
23,8,15
4,0,4
2,6,-4
7,1,6
2,0,2
135,5,130
18,0,18
11,2,9
3,0,3
2,7,-5
3,1,2
0,0,0
4,2,2
2,0,2
114,0,114
0,1,-1
0,0,0
1,0,1
0,0,0
15,1,14
1,0,1
1,0,1
1,0,1
13,5,8
0,0,0
17,5,12
11,1,10
0,0,0
6,6,0
15,0,15
19,3,16
16,0,16
20,1,19
6,46,-40
84,0,84
0,0,0
0,0,0
2,9,-7
4,3,1
1,6,-5
11,3,8
3,0,3
0,0,0
9,2,7
1,0,1
0,10,-10
0,0,0
0,0,0
0,0,0
7,6,1
15,0,15
0,0,0
3,1,2
4,4,0
3,3,0
4,0,4
1,1,0
14,2,12
6,0,6
1,1,0
2,0,2
27,1,26
1,0,1
8,0,8
3,0,3
1,0,1
5,0,5
2,0,2
2,0,2
7,1,6
0,0,0
0,0,0
11,0,11
1,1,0
0,0,0
0,0,0
9,1,8
19,14,5
7,2,5
1,0,1
4,1,3
1,0,1
3,2,1
3,1,2
6,0,6
5,2,3
2,0,2
17,6,11
5,1,4
7,3,4
0,0,0
0,0,0
7,1,6
42,2,40
6,2,4
0,0,0
0,0,0
0,0,0
3,0,3
16,3,13
0,2,-2
3,3,0
1,1,0
1,0,1
3,0,3
4,0,4
5,5,0
0,0,0
22,1,21
2,3,-1
0,3,-3
3,0,3
14,0,14
2,6,-4
10,5,5
1,4,-3
7,0,7
2,1,1
6,0,6
0,0,0
1,1,0
1,4,-3
7,5,2
0,0,0
0,0,0
0,0,0
0,0,0
1,1,0
4,3,1
31,0,31
5,0,5
1,1,0
0,0,0
14,3,11
3,0,3
0,0,0
9,0,9
2,0,2
0,4,-4
7,1,6
3,0,3
7,0,7
10,0,10
0,0,0
2,0,2
15,0,15
2,2,0
1,0,1
16,6,10
11,7,4
3,3,0
0,1,-1
8,1,7
4,6,-2
11,2,9
11,11,0
1,3,-2
3,0,3
4,0,4
3,0,3
0,0,0
6,1,5
1,1,0
0,1,-1
5,2,3
0,0,0
9,10,-1
9,0,9
1,1,0
26,14,12
13,8,5
1,1,0
2,1,1
4,0,4
1,0,1
0,1,-1
0,0,0
8,1,7
2,4,-2
2,2,0
0,0,0
9,0,9
0,0,0
0,0,0
45,0,45
4,0,4
3,0,3
5,0,5
14,8,6
0,0,0
7,15,-8
5,0,5
5,1,4
12,0,12
3,1,2
8,3,5
42,8,34
3,2,1
3,0,3
11,0,11
7,0,7
6,1,5
1,0,1
20,3,17
18,2,16
9,2,7
7,10,-3
19,0,19
1,0,1
8,2,6
3,0,3
3,6,-3
8,1,7
11,4,7
6,2,4
11,8,3
4,1,3
6,2,4
7,1,6
2,3,-1
0,0,0
5,1,4
3,0,3
1,1,0
1,4,-3
8,8,0
4,0,4
4,12,-8
1,0,1
3,0,3
4,0,4
0,0,0
8,0,8
2,5,-3
0,0,0
31,13,18
5,0,5
5,2,3
7,7,0
1,0,1
0,3,-3
10,3,7
11,6,5
9,0,9
0,0,0
4,2,2
3,1,2
0,0,0
1,2,-1
6,5,1
11,0,11
1,0,1
0,0,0
57,0,57
16,1,15
4,2,2
2,4,-2
7,3,4
2,0,2
5,0,5
0,0,0
1,0,1
4,0,4
2,8,-6
0,0,0
2,0,2
7,0,7
6,0,6
5,0,5
10,1,9
6,1,5
9,0,9
2,0,2
4,3,1
0,0,0
44,2,42
1,0,1
0,0,0
2,0,2
13,9,4
2,0,2
1,0,1
44,10,34
4,0,4
5,1,4
13,0,13
14,15,-1
0,0,0
3,0,3
1,0,1
5,0,5
2,0,2
0,0,0
1,0,1
20,0,20
3,0,3
1,1,0
3,1,2
2,8,-6
1,0,1
4,0,4
6,0,6
18,9,9
0,0,0
13,13,0
2,0,2
8,0,8
8,7,1
0,0,0
4,1,3
2,2,0
0,0,0
13,0,13
0,1,-1
1,2,-1
3,2,1
31,15,16
18,4,14
6,5,1
16,2,14
0,0,0
5,0,5
6,15,-9
4,9,-5
0,0,0
20,5,15
4,0,4
9,0,9
0,0,0
2,0,2
17,2,15
1,1,0
3,0,3
0,0,0
0,0,0
17,0,17
3,0,3
13,3,10
2,4,-2
0,0,0
12,0,12
3,2,1
4,3,1
3,9,-6
0,0,0
2,2,0
3,2,1
3,0,3
1,3,-2
17,2,15
3,0,3
7,0,7
0,0,0
0,0,0
3,0,3
1,0,1
5,0,5
18,0,18
2,0,2
2,0,2
4,10,-6
36,0,36
0,0,0
8,0,8
0,5,-5
4,0,4
2,22,-20
4,0,4
5,1,4
3,0,3
18,0,18
2,2,0
10,1,9
13,4,9
2,1,1
0,0,0
5,5,0
0,0,0
0,0,0
16,5,11
7,0,7
9,6,3
4,2,2
1,0,1
0,0,0
9,4,5
8,0,8
1,6,-5
0,0,0
3,0,3
5,2,3
0,9,-9
7,10,-3
1,2,-1
14,15,-1
4,1,3
0,0,0
33,0,33
4,2,2
6,0,6
7,0,7
5,0,5
0,0,0
4,0,4
1,0,1
1,0,1
1,3,-2
0,1,-1
0,0,0
7,0,7
5,0,5
1,0,1
1,0,1
1,2,-1
5,0,5
0,0,0
0,0,0
1,0,1
0,0,0
2,0,2
28,0,28
3,0,3
12,0,12
6,13,-7
6,4,2
5,0,5
4,0,4
6,0,6
10,0,10
14,12,2
5,0,5
15,5,10
0,0,0
2,2,0
2,5,-3
6,0,6
23,3,20
4,0,4
6,5,1
33,8,25
3,0,3
4,2,2
10,1,9
0,0,0
1,0,1
6,4,2
17,2,15
0,0,0
17,1,16
18,0,18
10,8,2
23,1,22
10,4,6
2,0,2
2,3,-1
2,0,2
23,1,22
0,0,0
18,1,17
0,0,0
1,0,1
2,1,1
8,5,3
20,9,11
6,4,2
26,0,26
0,0,0
29,3,26
8,0,8
2,5,-3
1,0,1
3,3,0
4,9,-5
0,1,-1
6,0,6
17,0,17
4,5,-1
1,3,-2
9,33,-24
3,4,-1
1,9,-8
10,0,10
15,0,15
5,10,-5
6,0,6
0,0,0
0,5,-5
8,4,4
2,0,2
3,0,3
0,0,0
20,0,20
2,1,1
4,0,4
9,0,9
7,0,7
9,5,4
13,4,9
1,4,-3
5,0,5
0,0,0
13,0,13
0,11,-11
0,0,0
11,0,11
8,1,7
3,3,0
9,11,-2
3,3,0
0,0,0
9,2,7
12,0,12
13,14,-1
22,0,22
13,0,13
0,0,0
2,0,2
1,1,0
1,0,1
4,1,3
2,0,2
6,0,6
8,3,5
3,2,1
3,0,3
0,3,-3
56,10,46
5,4,1
6,2,4
0,0,0
0,0,0
0,0,0
9,2,7
0,0,0
24,1,23
9,0,9
2,0,2
1,0,1
2,1,1
101,3,98
2,0,2
20,6,14
11,2,9
1,0,1
5,0,5
3,3,0
13,4,9
3,12,-9
12,8,4
5,3,2
3,0,3
6,7,-1
2,0,2
8,2,6
1,0,1
16,0,16
6,3,3
0,11,-11
5,6,-1
7,0,7
6,0,6
9,1,8
0,18,-18
2,1,1
1,0,1
0,0,0
19,14,5
4,4,0
7,0,7
5,4,1
4,0,4
6,0,6
11,1,10
5,0,5
0,0,0
21,1,20
5,1,4
2,0,2
4,0,4
3,2,1
16,4,12
2,0,2
3,0,3
5,5,0
0,0,0
0,0,0
7,0,7
4,1,3
7,0,7
1,0,1
2,2,0
1,0,1
8,0,8
6,8,-2
1,1,0
21,21,0
3,1,2
6,2,4
5,0,5
18,0,18
0,0,0
0,0,0
7,3,4
0,0,0
0,0,0
6,6,0
1,0,1
1,0,1
1,0,1
1,1,0
13,8,5
7,0,7
0,0,0
5,7,-2
1,0,1
17,3,14
0,0,0
5,0,5
0,0,0
9,0,9
0,1,-1
11,11,0
11,0,11
5,0,5
1,2,-1
0,0,0
1,0,1
7,0,7
0,0,0
0,0,0
11,4,7
1,1,0
0,0,0
1,0,1
1,0,1
2,2,0
6,9,-3
0,0,0
2,1,1
20,20,0
9,0,9
0,3,-3
2,0,2
11,4,7
25,7,18
13,25,-12
7,7,0
12,22,-10
0,1,-1
10,10,0
22,0,22
1,0,1
7,5,2
18,2,16
2,2,0
6,0,6
15,16,-1
0,0,0
2,0,2
0,0,0
0,0,0
1,2,-1
10,1,9
0,0,0
15,0,15
6,3,3
2,0,2
3,3,0
37,19,18
21,1,20
1,0,1
0,0,0
0,0,0
36,0,36
0,0,0
1,0,1
45,18,27
0,0,0
11,0,11
3,3,0
1,1,0
1,0,1
5,0,5
1,3,-2
3,0,3
0,1,-1
1,0,1
4,10,-6
3,0,3
11,0,11
10,10,0
16,8,8
8,0,8
2,1,1
1,0,1
12,1,11
4,1,3
1,0,1
0,0,0
6,1,5
0,0,0
7,3,4
2,1,1
0,0,0
24,10,14
55,4,51
5,0,5
1,1,0
12,6,6
0,0,0
1,2,-1
6,2,4
4,0,4
34,0,34
0,0,0
0,0,0
18,0,18
18,2,16
1,0,1
2,0,2
5,0,5
20,0,20
1,5,-4
1,1,0
19,0,19
11,0,11
15,5,10
23,0,23
18,0,18
5,0,5
0,0,0
0,3,-3
14,6,8
1,5,-4
5,0,5
5,0,5
20,4,16
10,4,6
2,0,2
4,1,3
5,0,5
0,0,0
5,0,5
13,8,5
0,4,-4
0,0,0
9,3,6
2,0,2
0,0,0
19,7,12
11,11,0
0,0,0
2,0,2
3,1,2
0,0,0
75,22,53
11,9,2
21,0,21
10,7,3
1,0,1
8,6,2
7,3,4
0,0,0
3,0,3
4,0,4
8,0,8
4,6,-2
1,0,1
5,5,0
0,0,0
10,0,10
0,1,-1
9,1,8
13,3,10
0,0,0
1,3,-2
0,0,0
16,0,16
5,0,5
0,0,0
5,0,5
0,0,0
0,0,0
8,2,6
5,0,5
0,0,0
3,0,3
6,2,4
24,1,23
0,0,0
27,0,27
1,0,1
0,1,-1
0,0,0
62,3,59
0,6,-6
22,1,21
5,0,5
0,5,-5
12,1,11
2,0,2
4,0,4
8,2,6
5,1,4
5,1,4
6,1,5
0,0,0
51,0,51
0,3,-3
16,0,16
7,7,0
5,1,4
5,0,5
1,0,1
0,1,-1
5,5,0
7,1,6
14,0,14
0,0,0
10,4,6
0,1,-1
14,1,13
0,0,0
10,0,10
0,0,0
1,4,-3
1,1,0
3,0,3
5,0,5
0,0,0
4,2,2
3,7,-4
0,0,0
8,2,6
3,0,3
10,4,6
20,2,18
6,10,-4
13,5,8
1,0,1
19,2,17
35,2,33
2,2,0
6,0,6
8,1,7
4,3,1
4,0,4
9,9,0
1,0,1
19,3,16
0,0,0
1,0,1
4,6,-2
0,0,0
1,0,1
0,0,0
19,0,19
3,0,3
5,9,-4
3,0,3
0,0,0
0,0,0
6,0,6
14,0,14
1,0,1
0,0,0
14,1,13
1,1,0
1,4,-3
7,2,5
0,4,-4
9,1,8
0,3,-3
31,8,23
5,5,0
46,4,42
19,6,13
6,5,1
1,3,-2
4,3,1
8,0,8
10,0,10
3,0,3
21,13,8
16,3,13
6,6,0
7,5,2
0,0,0
22,3,19
4,1,3
25,6,19
30,1,29
3,0,3
6,2,4
5,0,5
0,0,0
9,0,9
5,8,-3
12,4,8
2,0,2
5,0,5
6,0,6
6,1,5
0,12,-12
0,0,0
0,0,0
10,8,2
2,0,2
7,1,6
29,0,29
7,1,6
1,3,-2
11,0,11
1,0,1
2,1,1
1,3,-2
1,0,1
0,0,0
19,2,17
10,7,3
3,3,0
2,0,2
12,0,12
5,6,-1
1,1,0
8,0,8
4,1,3
2,0,2
10,2,8
11,0,11
10,0,10
1,1,0
39,0,39
5,2,3
2,0,2
5,4,1
0,0,0
1,0,1
18,5,13
1,1,0
0,0,0
20,1,19
6,0,6
12,0,12
2,0,2
4,5,-1
8,0,8
50,0,50
9,9,0
0,1,-1
1,0,1
2,0,2
16,10,6
0,0,0
4,7,-3
11,3,8
9,3,6
0,0,0
43,0,43
7,3,4
1,17,-16
1,1,0
8,0,8
19,16,3
0,1,-1
3,0,3
0,0,0
0,0,0
4,0,4
1,9,-8
0,2,-2
9,0,9
7,5,2
0,0,0
13,0,13
31,1,30
14,1,13
1,0,1
0,0,0
27,1,26
9,1,8
43,1,42
2,0,2
5,0,5
11,0,11
2,3,-1
8,2,6
2,2,0
0,0,0
14,2,12
7,3,4
5,0,5
2,0,2
4,2,2
6,0,6
6,4,2
2,2,0
2,6,-4
2,0,2
9,2,7
3,5,-2
10,9,1
12,8,4
0,0,0
1,0,1
3,7,-4
0,0,0
2,0,2
0,0,0
0,7,-7
4,10,-6
0,6,-6
7,0,7
3,1,2
13,13,0
26,3,23
3,0,3
11,4,7
0,0,0
61,1,60
5,0,5
7,3,4
17,10,7
0,0,0
9,0,9
12,3,9
5,2,3
0,0,0
2,2,0
9,4,5
9,0,9
1,6,-5
6,0,6
5,0,5
60,0,60
4,0,4
2,0,2
1,1,0
3,2,1
21,0,21
0,0,0
0,0,0
0,1,-1
0,0,0
77,2,75
0,0,0
0,1,-1
1,0,1
2,0,2
0,6,-6
14,0,14
0,0,0
3,2,1
7,0,7
3,3,0
0,1,-1
5,0,5
15,2,13
18,1,17
0,0,0
1,0,1
0,3,-3
10,2,8
1,30,-29
10,0,10
6,0,6
5,5,0
2,9,-7
3,0,3
0,0,0
13,0,13
7,6,1
9,2,7
7,0,7
11,1,10
1,0,1
1,4,-3
3,7,-4
5,0,5
10,6,4
4,1,3
10,1,9
2,0,2
5,0,5
11,0,11
4,0,4
1,0,1
4,5,-1
4,0,4
13,0,13
2,0,2
55,2,53
19,0,19
1,1,0
3,16,-13
0,0,0
1,0,1
4,0,4
18,1,17
2,1,1
18,0,18
1,0,1
0,0,0
0,2,-2
26,5,21
0,0,0
5,1,4
0,4,-4
8,4,4
1,1,0
0,0,0
5,5,0
3,0,3
3,5,-2
6,4,2
2,2,0
12,2,10
5,2,3
8,0,8
2,0,2
16,3,13
0,0,0
0,3,-3
10,0,10
2,6,-4
34,4,30
7,0,7
2,0,2
4,2,2
0,0,0
1,0,1
0,0,0
0,0,0
0,0,0
7,1,6
2,0,2
34,0,34
18,0,18
28,3,25
24,0,24
2,1,1
9,1,8
6,1,5
5,0,5
5,11,-6
19,0,19
0,2,-2
0,2,-2
20,2,18
1,0,1
9,0,9
2,0,2
6,14,-8
0,0,0
11,0,11
5,0,5
0,0,0
13,1,12
3,6,-3
0,0,0
0,1,-1
3,2,1
3,0,3
4,4,0
2,5,-3
6,2,4
25,0,25
10,4,6
12,5,7
0,0,0
4,0,4
3,0,3
5,0,5
6,0,6
5,0,5
3,3,0
1,2,-1
6,1,5
4,0,4
5,1,4
14,1,13
12,1,11
0,0,0
11,6,5
17,3,14
5,6,-1
15,6,9
1,0,1
23,0,23
8,0,8
8,0,8
6,0,6
0,0,0
4,0,4
3,5,-2
0,0,0
14,5,9
7,1,6
13,0,13
2,0,2
4,0,4
0,0,0
1,3,-2
1,0,1
0,0,0
4,5,-1
0,0,0
1,1,0
13,15,-2
20,10,10
6,1,5
26,5,21
0,0,0
6,3,3
19,0,19
1,2,-1
0,0,0
7,1,6
4,0,4
10,0,10
11,5,6
11,0,11
0,1,-1
24,8,16
6,0,6
2,0,2
1,0,1
16,4,12
4,0,4
1,1,0
0,3,-3
1,1,0
3,0,3
0,0,0
5,0,5
0,0,0
0,0,0
3,0,3
12,5,7
5,1,4
9,0,9
9,2,7
37,6,31
5,11,-6
7,4,3
8,7,1
1,1,0
6,0,6
0,2,-2
18,18,0
13,0,13
0,1,-1
1,0,1
0,0,0
0,0,0
1,5,-4
0,2,-2
12,5,7
9,0,9
2,0,2
1,12,-11
14,2,12
0,0,0
3,10,-7
21,5,16
7,0,7
5,2,3
6,6,0
3,0,3
13,0,13
0,0,0
10,1,9
4,0,4
7,0,7
0,1,-1
0,0,0
25,18,7
1,0,1
0,0,0
0,2,-2
2,0,2
5,0,5
10,1,9
0,0,0
18,0,18
7,6,1
1,0,1
12,12,0
4,10,-6
0,0,0
0,0,0
1,1,0
4,0,4
0,2,-2
0,2,-2
2,0,2
1,0,1
2,0,2
11,1,10
5,0,5
0,1,-1
0,0,0
5,2,3
6,0,6
0,0,0
0,0,0
3,1,2
42,20,22
2,2,0
0,0,0
4,0,4
0,0,0
32,1,31
0,0,0
2,6,-4
54,0,54
6,2,4
0,0,0
22,0,22
4,0,4
2,0,2
1,0,1
2,1,1
0,0,0
0,1,-1
18,2,16
7,0,7
4,0,4
4,0,4
8,0,8
2,0,2
7,0,7
11,2,9
2,2,0
1,0,1
7,0,7
0,0,0
0,0,0
3,2,1
1,0,1
9,0,9
0,2,-2
6,11,-5
5,0,5
0,1,-1
0,0,0
1,0,1
1,1,0
24,3,21
4,3,1
5,0,5
0,0,0
10,0,10
10,0,10
0,0,0
12,4,8
5,0,5
0,0,0
38,0,38
5,9,-4
9,4,5
2,0,2
1,0,1
4,0,4
1,0,1
24,3,21
6,1,5
1,17,-16
2,0,2
27,6,21
0,0,0
4,0,4
11,11,0
0,1,-1
8,5,3
6,2,4
0,0,0
8,3,5
1,1,0
10,3,7
10,1,9
4,3,1
1,4,-3
1,2,-1
2,6,-4
11,1,10
0,0,0
23,0,23
0,0,0
5,1,4
34,6,28
26,1,25
0,1,-1
3,0,3
16,6,10
14,8,6
11,7,4
7,0,7
0,0,0
2,0,2
0,0,0
0,0,0
7,5,2
13,1,12
2,0,2
2,4,-2
8,0,8
2,3,-1
5,1,4
2,0,2
0,1,-1
40,10,30
3,0,3
13,2,11
1,0,1
1,1,0
6,10,-4
3,5,-2
6,0,6
0,0,0
2,0,2
1,1,0
0,0,0
2,0,2
2,0,2
6,0,6
1,0,1
0,0,0
6,0,6
0,0,0
0,0,0
10,4,6
8,1,7
0,0,0
0,0,0
33,1,32
0,2,-2
4,0,4
66,4,62
0,0,0
17,9,8
3,0,3
0,0,0
0,0,0
1,0,1
3,6,-3
5,0,5
3,2,1
15,2,13
5,1,4
7,0,7
10,1,9
7,1,6
5,12,-7
3,0,3
0,0,0
18,6,12
5,2,3
1,0,1
3,0,3
7,2,5
1,6,-5
0,0,0
4,2,2
11,1,10
5,1,4
0,0,0
8,0,8
2,2,0
2,8,-6
24,0,24
2,1,1
5,0,5
9,4,5
6,0,6
3,1,2
49,3,46
17,1,16
0,0,0
9,0,9
4,0,4
9,0,9
7,0,7
14,0,14
12,11,1
0,0,0
1,0,1
7,0,7
1,6,-5
4,0,4
8,10,-2
1,0,1
0,0,0
0,0,0
21,0,21
0,0,0
1,0,1
20,0,20
7,0,7
0,0,0
2,0,2
7,0,7
0,1,-1
0,0,0
9,2,7
10,0,10
0,1,-1
0,3,-3
35,13,22
0,0,0
26,1,25
4,4,0
17,15,2
9,2,7
0,1,-1
1,0,1
2,0,2
1,1,0
1,1,0
10,2,8
8,10,-2
0,0,0
30,22,8
11,8,3
10,4,6
0,1,-1
0,0,0
4,2,2
1,1,0
4,0,4
6,5,1
9,5,4
0,0,0
2,1,1
10,0,10
2,0,2
4,1,3
2,1,1
1,0,1
3,1,2
2,3,-1
1,0,1
5,0,5
8,9,-1
14,0,14
0,0,0
4,8,-4
0,0,0
6,0,6
17,6,11
0,0,0
0,0,0
6,0,6
12,1,11
5,10,-5
5,0,5
0,0,0
2,0,2
0,1,-1
7,7,0
2,2,0
10,6,4
4,0,4
0,0,0
0,0,0
0,0,0
16,0,16
8,0,8
0,1,-1
6,0,6
6,0,6
1,0,1
45,15,30
8,1,7
0,1,-1
4,1,3
2,0,2
1,0,1
6,0,6
1,0,1
0,6,-6
3,0,3
7,0,7
36,0,36
1,1,0
18,6,12
0,0,0
2,2,0
8,0,8
5,5,0
5,0,5
7,0,7
1,3,-2
0,6,-6
13,1,12
0,1,-1
4,0,4
1,0,1
4,0,4
19,0,19
5,1,4
4,0,4
0,0,0
22,2,20
0,0,0
4,4,0
2,4,-2
0,0,0
6,0,6
1,0,1
2,3,-1
0,0,0
0,2,-2
4,0,4
2,14,-12
0,0,0
1,4,-3
1,0,1
1,1,0
7,1,6
0,0,0
10,0,10
13,2,11
5,2,3
7,2,5
8,0,8
0,0,0
1,0,1
3,0,3
3,10,-7
2,0,2
0,0,0
0,0,0
3,0,3
9,6,3
2,2,0
2,3,-1
7,0,7
2,1,1
3,0,3
4,0,4
6,8,-2
0,0,0
8,0,8
25,17,8
1,1,0
14,0,14
0,2,-2
16,0,16
2,0,2
0,0,0
1,1,0
1,0,1
0,0,0
14,0,14
2,0,2
13,2,11
7,0,7
0,1,-1
16,2,14
2,2,0
2,0,2
63,14,49
16,2,14
0,0,0
23,0,23
8,3,5
1,0,1
17,3,14
3,1,2
83,2,81
1,2,-1
1,13,-12
29,10,19
29,1,28
7,0,7
1,0,1
0,0,0
1,0,1
2,0,2
10,0,10
37,0,37
0,0,0
0,0,0
3,0,3
1,1,0
3,0,3
27,9,18
11,0,11
19,1,18
14,1,13
9,9,0
20,1,19
35,9,26
19,6,13
5,3,2
4,1,3
1,0,1
5,0,5
17,1,16
6,0,6
14,2,12
1,0,1
6,1,5
4,0,4
3,0,3
1,0,1
0,1,-1
2,0,2
2,0,2
14,2,12
0,8,-8
0,0,0
1,0,1
4,0,4
0,0,0
3,0,3
4,0,4
2,0,2
5,1,4
0,0,0
18,0,18
0,0,0
27,15,12
34,6,28
7,5,2
1,0,1
5,1,4
6,0,6
12,1,11
9,5,4
9,5,4
4,0,4
1,4,-3
4,4,0
4,0,4
16,2,14
0,0,0
16,5,11
0,0,0
7,0,7
5,3,2
1,2,-1
0,0,0
6,0,6
2,0,2
0,0,0
0,0,0
0,0,0
2,7,-5
2,8,-6
0,0,0
4,2,2
8,0,8
2,0,2
29,0,29
54,1,53
2,1,1
1,0,1
4,6,-2
9,1,8
10,0,10
6,0,6
0,0,0
0,0,0
16,0,16
2,0,2
2,0,2
133,6,127
1,0,1
2,13,-11
0,0,0
24,0,24
5,0,5
3,3,0
1,3,-2
18,1,17
44,17,27
1,0,1
10,0,10
11,6,5
6,0,6
1,1,0
11,5,6
0,0,0
11,1,10
14,0,14
0,0,0
0,0,0
1,1,0
3,3,0
33,11,22
0,0,0
23,0,23
0,0,0
7,0,7
30,6,24
0,3,-3
3,0,3
2,0,2
0,1,-1
3,0,3
12,0,12
8,7,1
1,0,1
0,0,0
5,8,-3
6,5,1
19,0,19
13,13,0
6,1,5
15,2,13
20,3,17
1,0,1
7,0,7
1,10,-9
5,5,0
16,0,16
2,1,1
2,2,0
1,12,-11
42,15,27
2,0,2
28,1,27
1,2,-1
1,1,0
2,0,2
0,0,0
23,0,23
12,12,0
8,0,8
21,1,20
0,0,0
0,0,0
3,0,3
1,0,1
2,1,1
0,3,-3
8,4,4
0,2,-2
22,10,12
3,0,3
1,0,1
24,1,23
1,0,1
0,0,0
5,0,5
1,1,0
6,0,6
0,0,0
7,0,7
0,0,0
1,0,1
18,5,13
7,0,7
0,0,0
12,0,12
4,0,4
6,3,3
1,1,0
6,2,4
33,33,0
9,1,8
11,1,10
18,0,18
2,2,0
2,0,2
1,2,-1
4,1,3
1,2,-1
6,0,6
0,0,0
16,0,16
0,0,0
0,0,0
16,3,13
1,2,-1
4,1,3
1,0,1
2,0,2
0,1,-1
16,6,10
6,1,5
9,5,4
23,0,23
38,0,38
3,0,3
0,0,0
1,0,1
5,1,4
6,7,-1
0,0,0
8,7,1
50,8,42
7,0,7
11,0,11
19,0,19
1,0,1
0,1,-1
1,1,0
1,1,0
31,0,31
31,2,29
2,2,0
0,0,0
0,1,-1
2,0,2
14,2,12
0,0,0
1,0,1
6,0,6
2,0,2
1,0,1
2,0,2
2,0,2
0,1,-1
7,7,0
28,7,21
4,0,4
1,0,1
1,0,1
0,1,-1
3,3,0
0,0,0
0,0,0
15,1,14
0,0,0
39,1,38
27,0,27
7,2,5
1,0,1
12,2,10
1,0,1
4,0,4
0,4,-4
2,2,0
0,0,0
8,0,8
1,0,1
12,0,12
13,5,8
7,1,6
10,0,10
0,0,0
1,0,1
9,4,5
2,0,2
17,0,17
1,0,1
3,0,3
3,0,3
0,0,0
5,0,5
1,0,1
7,3,4
22,11,11
3,5,-2
0,0,0
0,0,0
5,1,4
0,0,0
12,9,3
0,1,-1
8,8,0
13,1,12
7,1,6
0,0,0
0,0,0
2,5,-3
4,0,4
3,2,1
6,4,2
3,0,3
15,2,13
12,11,1
2,2,0
2,0,2
0,0,0
81,16,65
17,7,10
0,0,0
1,0,1
8,0,8
27,2,25
3,0,3
6,0,6
3,0,3
7,0,7
5,5,0
8,0,8
0,1,-1
3,1,2
9,14,-5
0,0,0
4,4,0
2,2,0
6,0,6
14,9,5
0,0,0
53,12,41
2,0,2
39,6,33
2,2,0
0,0,0
0,0,0
5,4,1
15,1,14
5,9,-4
16,0,16
12,12,0
3,17,-14
11,0,11
78,3,75
3,0,3
10,2,8
7,0,7
14,5,9
11,0,11
7,5,2
2,5,-3
42,5,37
0,0,0
2,4,-2
14,2,12
5,0,5
3,3,0
2,5,-3
15,6,9
5,11,-6
19,2,17
20,1,19
12,0,12
1,0,1
1,0,1
5,0,5
14,0,14
1,0,1
2,0,2
4,0,4
9,1,8
5,3,2
1,0,1
3,0,3
9,0,9
0,0,0
4,5,-1
1,2,-1
0,0,0
2,2,0
0,0,0
14,2,12
38,4,34
7,4,3
0,0,0
10,4,6
0,5,-5
0,1,-1
3,2,1
0,0,0
28,5,23
9,0,9
18,1,17
4,1,3
4,0,4
4,5,-1
0,0,0
1,0,1
7,0,7
6,1,5
0,5,-5
1,0,1
24,0,24
15,5,10
4,5,-1
2,2,0
0,0,0
3,0,3
1,0,1
21,6,15
28,13,15
0,0,0
5,2,3
2,2,0
1,4,-3
5,0,5
2,2,0
4,3,1
11,0,11
6,0,6
0,0,0
1,2,-1
8,5,3
5,2,3
1,0,1
0,0,0
1,0,1
8,0,8
25,13,12
2,2,0
2,0,2
8,0,8
0,0,0
2,0,2
0,5,-5
6,2,4
1,0,1
2,3,-1
21,2,19
4,4,0
15,4,11
0,2,-2
6,1,5
2,0,2
2,2,0
0,0,0
1,1,0
10,1,9
5,5,0
7,0,7
18,0,18
31,2,29
0,0,0
18,2,16
6,1,5
4,2,2
1,1,0
0,0,0
0,0,0
17,0,17
2,1,1
6,6,0
2,1,1
0,2,-2
0,0,0
4,8,-4
0,0,0
3,2,1
3,0,3
20,0,20
0,0,0
1,0,1
6,1,5
1,3,-2
5,0,5
6,0,6
7,1,6
27,1,26
6,0,6
16,1,15
0,0,0
9,2,7
17,0,17
10,0,10
1,0,1
25,0,25
1,0,1
0,0,0
0,0,0
0,0,0
0,0,0
13,0,13
5,7,-2
1,0,1
8,9,-1
5,9,-4
12,2,10
1,0,1
16,0,16
0,0,0
2,1,1
7,0,7
11,0,11
18,7,11
9,6,3
1,0,1
1,0,1
0,1,-1
1,0,1
15,1,14
0,0,0
4,0,4
58,11,47
9,1,8
1,4,-3
2,0,2
6,0,6
0,0,0
8,0,8
9,1,8
1,0,1
0,0,0
10,7,3
0,1,-1
9,0,9
9,0,9
0,5,-5
0,0,0
11,0,11
3,4,-1
15,0,15
10,5,5
14,1,13
0,0,0
5,12,-7
5,1,4
1,0,1
2,0,2
7,18,-11
0,0,0
1,1,0
0,0,0
0,0,0
0,0,0
14,2,12
7,6,1
1,0,1
25,25,0
27,4,23
4,4,0
0,0,0
3,1,2
9,12,-3
0,0,0
2,0,2
0,0,0
3,2,1
12,1,11
8,2,6
0,0,0
4,0,4
18,0,18
21,5,16
14,0,14
3,0,3
16,0,16
8,7,1
0,0,0
1,1,0
26,3,23
0,0,0
7,2,5
0,0,0
0,0,0
7,0,7
0,0,0
2,0,2
4,0,4
1,0,1
3,4,-1
9,6,3
5,0,5
1,1,0
6,0,6
4,0,4
0,0,0
1,0,1
3,15,-12
18,0,18
14,9,5
2,6,-4
2,0,2
4,0,4
11,0,11
5,0,5
6,3,3
12,8,4
2,2,0
11,8,3
5,0,5
10,9,1
11,1,10
0,0,0
4,0,4
2,0,2
10,0,10
14,13,1
10,14,-4
29,12,17
7,0,7
0,2,-2
0,0,0
32,22,10
12,15,-3
4,0,4
8,0,8
11,0,11
12,12,0
4,0,4
3,2,1
3,0,3
10,1,9
16,1,15
4,0,4
24,0,24
5,0,5
5,0,5
24,2,22
19,5,14
3,1,2
3,0,3
1,0,1
2,0,2
5,3,2
2,1,1
0,3,-3
1,0,1
3,1,2
3,0,3
12,6,6
3,0,3
2,1,1
0,5,-5
3,0,3
28,3,25
3,3,0
3,0,3
19,1,18
1,0,1
1,0,1
0,2,-2
5,2,3
8,12,-4
0,0,0
3,0,3
32,0,32
1,0,1
6,0,6
1,0,1
11,3,8
1,3,-2
6,2,4
7,0,7
10,2,8
8,2,6
1,0,1
0,0,0
9,18,-9
9,0,9
19,4,15
6,0,6
2,5,-3
14,5,9
7,4,3
0,0,0
0,0,0
1,0,1
18,19,-1
4,0,4
3,1,2
8,4,4
11,0,11
2,0,2
11,1,10
16,1,15
13,0,13
1,0,1
6,0,6
0,1,-1
2,0,2
4,1,3
5,0,5
1,0,1
5,4,1
22,4,18
1,0,1
9,4,5
37,1,36
7,1,6
0,1,-1
5,0,5
19,7,12
7,5,2
0,0,0
6,0,6
0,0,0
0,0,0
5,0,5
1,0,1
0,0,0
12,4,8
1,1,0
5,0,5
24,5,19
0,0,0
11,9,2
7,9,-2
6,1,5
0,0,0
1,1,0
0,0,0
53,1,52
11,11,0
0,0,0
2,0,2
0,0,0
13,0,13
0,1,-1
0,1,-1
1,1,0
1,0,1
0,0,0
1,0,1
0,0,0
1,0,1
24,5,19
1,5,-4
28,2,26
3,0,3
2,0,2
10,3,7
20,11,9
9,0,9
0,0,0
7,4,3
0,0,0
1,5,-4
0,0,0
1,1,0
2,4,-2
4,1,3
1,0,1
24,16,8
0,0,0
2,0,2
0,1,-1
2,6,-4
0,0,0
12,1,11
7,5,2
15,5,10
0,0,0
10,1,9
25,0,25
0,0,0
2,6,-4
32,0,32
2,0,2
1,5,-4
2,0,2
10,1,9
0,5,-5
0,13,-13
0,2,-2
0,0,0
0,0,0
44,22,22
3,2,1
17,0,17
6,1,5
11,1,10
5,0,5
1,0,1
6,0,6
12,9,3
2,4,-2
3,2,1
0,0,0
6,0,6
0,0,0
2,0,2
17,11,6
5,0,5
18,0,18
2,0,2
11,0,11
11,5,6
1,0,1
21,1,20
4,0,4
4,4,0
0,0,0
0,6,-6
6,0,6
1,0,1
1,0,1
11,4,7
0,3,-3
10,0,10
9,2,7
28,2,26
1,0,1
16,3,13
2,0,2
0,0,0
1,0,1
4,0,4
9,0,9
14,7,7
11,6,5
5,0,5
1,0,1
1,0,1
8,0,8
16,5,11
0,2,-2
3,0,3
13,1,12
2,1,1
2,0,2
26,0,26
1,1,0
26,1,25
7,1,6
2,3,-1
3,3,0
4,0,4
5,6,-1
3,5,-2
26,15,11
6,0,6
5,0,5
23,6,17
4,4,0
20,2,18
6,9,-3
13,0,13
0,1,-1
6,2,4
4,0,4
8,3,5
0,2,-2
60,3,57
2,0,2
0,0,0
2,3,-1
1,0,1
3,0,3
1,4,-3
0,0,0
6,0,6
0,0,0
11,1,10
16,5,11
11,0,11
6,1,5
8,1,7
1,0,1
7,0,7
8,0,8
13,0,13
1,0,1
1,0,1
11,0,11
1,0,1
0,0,0
9,2,7
5,5,0
9,0,9
3,0,3
8,3,5
2,6,-4
6,1,5
46,1,45
0,0,0
0,0,0
0,1,-1
11,0,11
7,4,3
1,0,1
0,0,0
12,0,12
5,4,1
3,0,3
1,0,1
0,0,0
18,0,18
4,0,4
0,0,0
1,0,1
2,14,-12
1,0,1
31,25,6
1,0,1
2,3,-1
1,0,1
2,0,2
8,0,8
7,0,7
12,4,8
1,2,-1
3,3,0
14,0,14
11,1,10
11,7,4
1,0,1
2,0,2
0,0,0
3,1,2
41,0,41
9,0,9
1,0,1
0,0,0
3,0,3
22,2,20
21,3,18
19,1,18
7,6,1
19,0,19
5,5,0
1,0,1
3,1,2
5,0,5
6,2,4
7,0,7
0,0,0
2,0,2
8,0,8
1,0,1
2,2,0
36,0,36
1,0,1
0,2,-2
1,0,1
0,8,-8
20,36,-16
7,0,7
2,0,2
6,5,1
1,0,1
3,0,3
1,0,1
1,4,-3
7,0,7
0,0,0
5,8,-3
8,0,8
2,5,-3
12,0,12
2,0,2
13,0,13
1,1,0
2,10,-8
0,0,0
0,0,0
6,1,5
1,0,1
1,1,0
3,2,1
3,3,0
35,2,33
0,0,0
29,5,24
4,2,2
5,0,5
3,1,2
4,0,4
4,0,4
19,22,-3
2,0,2
0,2,-2
10,0,10
8,0,8
8,0,8
3,0,3
10,0,10
0,2,-2
32,9,23
1,0,1
1,0,1
6,15,-9
14,5,9
5,1,4
6,0,6
18,6,12
2,0,2
3,0,3
9,3,6
3,0,3
6,0,6
2,0,2
32,0,32
9,0,9
2,0,2
4,2,2
14,2,12
0,0,0
1,0,1
0,0,0
6,0,6
11,9,2
8,0,8
23,9,14
8,0,8
4,0,4
3,0,3
1,0,1
4,4,0
0,0,0
10,0,10
3,0,3
6,5,1
10,2,8
0,0,0
5,0,5
22,1,21
3,0,3
13,8,5
16,10,6
8,0,8
17,0,17
5,1,4
1,0,1
3,0,3
0,0,0
0,0,0
7,1,6
39,0,39
0,0,0
10,0,10
4,0,4
3,0,3
5,0,5
10,0,10
1,0,1
0,0,0
0,0,0
8,0,8
0,0,0
32,1,31
15,4,11
7,0,7
2,0,2
30,0,30
1,0,1
11,6,5
16,14,2
10,0,10
2,0,2
10,2,8
13,0,13
0,0,0
3,0,3
6,2,4
9,2,7
1,16,-15
2,0,2
1,0,1
28,0,28
1,0,1
16,0,16
0,0,0
0,0,0
0,3,-3
0,0,0
9,9,0
3,1,2
5,4,1
29,4,25
10,1,9
0,0,0
0,0,0
2,4,-2
3,0,3
0,0,0
0,0,0
5,0,5
1,0,1
0,0,0
0,0,0
5,1,4
6,1,5
0,0,0
1,0,1
3,0,3
0,0,0
12,4,8
7,0,7
19,4,15
2,9,-7
0,1,-1
3,0,3
1,11,-10
0,0,0
13,6,7
27,3,24
0,0,0
3,0,3
0,0,0
0,0,0
15,0,15
17,0,17
11,4,7
9,5,4
8,7,1
13,0,13
12,7,5
5,3,2
0,0,0
1,0,1
3,0,3
8,0,8
0,0,0
2,0,2
0,5,-5
24,0,24
3,0,3
16,0,16
11,2,9
1,1,0
4,12,-8
2,2,0
2,0,2
7,4,3
10,4,6
0,0,0
0,0,0
5,5,0
0,0,0
0,0,0
0,0,0
5,0,5
0,0,0
12,2,10
3,0,3
2,0,2
0,4,-4
6,1,5
9,0,9
13,0,13
24,3,21
1,1,0
0,0,0
1,3,-2
4,0,4
2,1,1
4,0,4
3,0,3
5,2,3
18,12,6
11,2,9
1,0,1
2,0,2
1,1,0
12,0,12
15,9,6
15,6,9
14,0,14
2,0,2
0,0,0
0,0,0
10,5,5
3,1,2
4,3,1
0,0,0
15,0,15
3,0,3
5,0,5
6,11,-5
0,7,-7
8,0,8
2,2,0
2,0,2
0,0,0
17,3,14
11,4,7
1,0,1
3,1,2
0,0,0
8,0,8
48,0,48
0,0,0
4,9,-5
16,0,16
3,2,1
3,0,3
10,0,10
11,0,11
9,0,9
6,6,0
16,0,16
12,0,12
4,0,4
2,0,2
1,1,0
6,5,1
11,0,11
1,2,-1
0,0,0
1,0,1
1,0,1
0,0,0
4,0,4
0,0,0
2,0,2
17,0,17
3,0,3
8,0,8
20,0,20
2,0,2
4,0,4
32,5,27
3,1,2
0,0,0
4,11,-7
1,0,1
7,0,7
4,6,-2
21,0,21
0,0,0
1,0,1
3,0,3
4,0,4
7,0,7
10,10,0
6,2,4
49,0,49
12,2,10
17,1,16
7,0,7
2,0,2
4,0,4
0,0,0
18,11,7
0,0,0
1,5,-4
3,2,1
3,4,-1
8,1,7
3,3,0
35,0,35
5,5,0
2,0,2
2,0,2
11,10,1
6,0,6
1,0,1
0,0,0
1,0,1
0,2,-2
1,0,1
6,0,6
8,2,6
1,0,1
25,4,21
37,6,31
7,5,2
18,8,10
7,6,1
0,0,0
7,1,6
0,2,-2
0,0,0
0,11,-11
9,2,7
11,2,9
7,4,3
11,0,11
1,0,1
3,0,3
1,0,1
11,7,4
8,2,6
21,1,20
0,1,-1
2,1,1
7,0,7
6,0,6
6,1,5
0,0,0
7,3,4
3,5,-2
1,0,1
2,0,2
5,0,5
10,7,3
1,0,1
4,0,4
1,0,1
18,0,18
1,1,0
19,2,17
0,0,0
16,10,6
0,0,0
11,0,11
28,2,26
1,0,1
10,14,-4
1,4,-3
0,1,-1
0,0,0
1,0,1
6,4,2
8,2,6
1,0,1
3,1,2
0,0,0
1,7,-6
6,12,-6
9,0,9
0,0,0
7,15,-8
27,0,27
5,0,5
49,4,45
1,0,1
2,0,2
1,2,-1
24,3,21
10,6,4
27,0,27
9,6,3
0,0,0
5,0,5
4,0,4
1,0,1
26,6,20
8,6,2
10,0,10
10,0,10
0,0,0
2,0,2
0,0,0
4,0,4
5,0,5
4,1,3
0,0,0
0,1,-1
2,0,2
4,0,4
14,1,13
1,1,0
6,0,6
2,0,2
28,0,28
1,0,1
18,5,13
2,0,2
1,0,1
7,2,5
7,0,7
7,8,-1
1,0,1
0,1,-1
10,0,10
3,4,-1
0,0,0
26,1,25
10,10,0
11,0,11
21,1,20
0,0,0
0,0,0
48,2,46
0,0,0
11,0,11
3,1,2
2,0,2
24,2,22
8,1,7
13,0,13
8,0,8
0,2,-2
0,1,-1
0,0,0
1,2,-1
0,4,-4
1,0,1
0,10,-10
8,0,8
15,0,15
0,0,0
3,0,3
11,0,11
9,0,9
9,0,9
8,7,1
2,2,0
2,0,2
1,2,-1
8,5,3
16,1,15
1,2,-1
8,1,7
8,5,3
6,5,1
0,0,0
1,0,1
7,14,-7
21,4,17
0,0,0
11,3,8
1,0,1
14,2,12
4,3,1
7,4,3
5,0,5
8,0,8
0,0,0
0,0,0
10,1,9
0,0,0
0,1,-1
4,6,-2
2,1,1
12,15,-3
0,0,0
6,3,3
0,0,0
6,6,0
0,0,0
2,0,2
14,17,-3
2,1,1
1,2,-1
1,2,-1
9,19,-10
17,3,14
0,0,0
0,0,0
1,0,1
7,0,7
25,0,25
2,0,2
2,0,2
2,0,2
1,0,1
14,1,13
10,0,10
10,2,8
1,2,-1
7,1,6
1,7,-6
3,0,3
5,1,4
14,7,7
0,0,0
0,1,-1
16,0,16
5,3,2
9,2,7
1,0,1
8,8,0
3,0,3
0,0,0
0,0,0
8,0,8
12,2,10
0,0,0
1,4,-3
2,0,2
0,0,0
11,0,11
3,0,3
0,0,0
20,0,20
0,0,0
4,0,4
10,0,10
28,0,28
3,4,-1
7,2,5
0,0,0
3,0,3
10,7,3
2,0,2
3,0,3
1,1,0
11,1,10
1,0,1
12,0,12
1,0,1
1,0,1
4,3,1
10,4,6
15,2,13
0,0,0
1,0,1
4,1,3
4,1,3
3,1,2
1,4,-3
0,0,0
7,0,7
2,2,0
4,0,4
4,2,2
2,2,0
1,0,1
3,1,2
2,2,0
2,5,-3
4,0,4
0,0,0
2,0,2
2,0,2
0,0,0
10,2,8
10,2,8
1,0,1
3,1,2
5,0,5
11,6,5
10,5,5
4,0,4
46,11,35
9,0,9
6,3,3
1,0,1
14,1,13
1,0,1
11,2,9
1,6,-5
4,0,4
39,2,37
1,0,1
2,2,0
9,0,9
0,0,0
33,4,29
3,10,-7
0,0,0
1,7,-6
3,0,3
27,4,23
15,1,14
8,20,-12
5,0,5
8,0,8
4,1,3
3,0,3
4,0,4
5,0,5
0,0,0
0,0,0
11,0,11
2,0,2
8,0,8
1,0,1
2,0,2
15,2,13
20,1,19
22,0,22
10,5,5
1,0,1
6,9,-3
0,0,0
13,0,13
4,0,4
1,0,1
3,5,-2
12,3,9
10,1,9
5,0,5
0,0,0
41,0,41
3,0,3
0,0,0
0,0,0
0,0,0
5,1,4
2,0,2
0,0,0
10,0,10
23,6,17
6,7,-1
3,0,3
0,0,0
12,4,8
10,0,10
0,0,0
13,14,-1
14,4,10
42,0,42
3,2,1
1,0,1
23,3,20
1,0,1
2,0,2
4,0,4
25,3,22
4,0,4
0,0,0
4,0,4
2,1,1
1,0,1
11,1,10
6,2,4
21,5,16
4,2,2
3,4,-1
0,6,-6
0,0,0
5,6,-1
59,7,52
4,7,-3
7,0,7
18,0,18
2,0,2
5,1,4
32,0,32
0,0,0
0,0,0
12,12,0
6,3,3
4,0,4
15,1,14
0,0,0
1,0,1
6,0,6
3,0,3
11,0,11
0,0,0
24,12,12
31,0,31
4,0,4
11,11,0
7,1,6
0,0,0
8,1,7
11,0,11
1,0,1
0,0,0
6,0,6
5,0,5
1,0,1
1,0,1
1,0,1
1,0,1
3,0,3
0,5,-5
4,1,3
0,0,0
2,6,-4
0,0,0
14,1,13
19,6,13
2,9,-7
2,2,0
22,0,22
1,2,-1
2,1,1
3,0,3
30,16,14
0,1,-1
7,0,7
7,0,7
12,1,11
4,0,4
0,1,-1
1,0,1
1,1,0
10,10,0
7,4,3
9,0,9
1,0,1
1,0,1
1,0,1
7,7,0
6,28,-22
7,10,-3
4,11,-7
5,6,-1
29,0,29
0,0,0
9,2,7
3,5,-2
3,0,3
23,5,18
26,1,25
1,6,-5
2,0,2
5,1,4
9,0,9
0,0,0
27,12,15
6,3,3
4,3,1
7,0,7
0,0,0
27,1,26
1,0,1
1,0,1
5,1,4
9,5,4
11,0,11
1,0,1
0,1,-1
11,11,0
8,1,7
10,2,8
18,0,18
15,1,14
0,0,0
6,1,5
6,3,3
1,0,1
7,0,7
19,5,14
0,0,0
5,0,5
4,19,-15
0,7,-7
0,0,0
0,0,0
7,6,1
2,11,-9
26,0,26
1,1,0
18,7,11
1,0,1
3,0,3
1,9,-8
0,0,0
4,0,4
9,3,6
0,0,0
0,0,0
18,14,4
12,13,-1
15,0,15
0,0,0
30,0,30
4,5,-1
0,0,0
0,0,0
8,1,7
3,0,3
0,3,-3
9,0,9
2,0,2
0,0,0
24,2,22
1,1,0
1,0,1
4,0,4
2,0,2
2,1,1
10,2,8
2,1,1
1,1,0
4,3,1
1,0,1
4,1,3
0,3,-3
1,0,1
5,2,3
3,5,-2
1,0,1
11,0,11
0,0,0
6,0,6
0,0,0
0,0,0
10,0,10
0,0,0
3,0,3
0,0,0
12,5,7
4,0,4
7,0,7
3,1,2
3,0,3
2,1,1
1,0,1
9,2,7
15,3,12
9,0,9
14,13,1
1,0,1
4,0,4
2,1,1
0,0,0
3,0,3
2,1,1
5,4,1
1,0,1
2,0,2
2,3,-1
0,1,-1
4,0,4
20,0,20
5,0,5
13,5,8
8,0,8
2,0,2
8,2,6
2,6,-4
2,2,0
2,3,-1
15,0,15
7,0,7
0,0,0
2,0,2
1,3,-2
1,0,1
1,0,1
8,0,8
1,0,1
11,0,11
6,2,4
4,2,2
2,4,-2
3,6,-3
0,0,0
7,7,0
2,0,2
10,1,9
21,0,21
20,6,14
17,1,16
7,1,6
0,0,0
7,2,5
0,0,0
9,0,9
0,0,0
4,0,4
4,0,4
2,0,2
19,1,18
6,4,2
4,0,4
7,0,7
19,2,17
4,1,3
2,1,1
5,0,5
25,7,18
25,9,16
6,1,5
7,1,6
15,5,10
0,0,0
1,4,-3
1,0,1
3,1,2
2,1,1
19,11,8
7,0,7
4,0,4
1,3,-2
0,0,0
13,10,3
1,0,1
0,1,-1
5,7,-2
4,3,1
0,0,0
5,2,3
1,3,-2
10,0,10
0,0,0
8,1,7
5,0,5
5,4,1
1,0,1
0,0,0
1,0,1
29,0,29
3,0,3
0,0,0
3,3,0
3,0,3
1,3,-2
0,0,0
0,0,0
0,0,0
1,0,1
1,0,1
11,8,3
0,7,-7
4,1,3
8,3,5
7,0,7
4,1,3
21,14,7
3,0,3
2,0,2
1,16,-15
10,2,8
4,0,4
0,0,0
4,0,4
5,1,4
0,0,0
2,3,-1
3,2,1
4,5,-1
4,0,4
1,0,1
3,1,2
0,0,0
4,0,4
0,0,0
10,1,9
1,0,1
1,0,1
3,2,1
2,0,2
0,0,0
0,0,0
4,0,4
5,0,5
1,0,1
0,2,-2
0,0,0
0,3,-3
1,0,1
13,0,13
9,2,7
3,0,3
23,1,22
31,4,27
1,1,0
15,6,9
3,2,1
0,1,-1
4,2,2
0,10,-10
2,0,2
9,2,7
1,0,1
3,0,3
12,17,-5
7,0,7
4,0,4
0,1,-1
0,0,0
6,0,6
10,10,0
2,1,1
5,0,5
1,0,1
3,0,3
1,2,-1
1,0,1
1,0,1
1,0,1
42,4,38
19,1,18
1,1,0
0,0,0
17,0,17
7,0,7
25,4,21
16,3,13
1,0,1
42,1,41
10,1,9
15,0,15
0,0,0
7,6,1
3,0,3
0,0,0
11,0,11
7,1,6
1,18,-17
18,1,17
34,2,32
5,7,-2
0,0,0
20,5,15
0,0,0
2,6,-4
5,0,5
3,0,3
2,1,1
0,0,0
5,2,3
11,0,11
4,4,0
1,0,1
29,1,28
3,0,3
5,3,2
3,5,-2
10,0,10
6,0,6
0,2,-2
4,1,3
0,2,-2
6,0,6
2,0,2
14,0,14
13,0,13
26,0,26
1,0,1
16,1,15
1,0,1
4,0,4
12,0,12
5,0,5
8,1,7
7,2,5
1,2,-1
3,0,3
2,0,2
1,1,0
6,0,6
8,0,8
0,0,0
0,0,0
2,0,2
5,5,0
0,6,-6
2,5,-3
1,0,1
1,0,1
15,20,-5
16,2,14
9,0,9
0,0,0
9,3,6
0,0,0
18,0,18
1,1,0
19,0,19
0,0,0
7,0,7
2,4,-2
33,6,27
11,0,11
6,2,4
14,1,13
0,0,0
0,0,0
0,0,0
0,1,-1
20,2,18
2,1,1
3,1,2
7,4,3
43,3,40
14,2,12
1,4,-3
4,0,4
8,0,8
2,0,2
12,0,12
3,2,1
10,2,8
2,9,-7
29,1,28
7,0,7
21,3,18
5,9,-4
6,0,6
11,3,8
14,0,14
27,17,10
9,0,9
3,0,3
9,1,8
3,0,3
0,0,0
1,0,1
0,7,-7
3,0,3
2,1,1
18,11,7
7,1,6
3,1,2
3,0,3
11,0,11
1,0,1
0,0,0
1,0,1
1,0,1
8,5,3
2,0,2
0,0,0
0,0,0
0,2,-2
2,0,2
8,0,8
1,0,1
1,0,1
3,0,3
10,12,-2
9,10,-1
13,0,13
6,3,3
11,1,10
1,1,0
4,1,3
3,6,-3
17,1,16
8,8,0
6,0,6
11,5,6
0,0,0
5,0,5
13,0,13
27,0,27
7,3,4
15,0,15
2,5,-3
13,0,13
0,0,0
1,0,1
1,0,1
9,7,2
0,0,0
2,16,-14
1,0,1
12,0,12
3,0,3
60,1,59
10,0,10
1,1,0
0,0,0
0,2,-2
2,1,1
6,0,6
1,1,0
0,0,0
5,1,4
1,7,-6
4,4,0
3,2,1
13,0,13
2,0,2
4,0,4
22,0,22
8,1,7
3,0,3
40,25,15
4,1,3
0,0,0
4,2,2
8,0,8
1,1,0
5,0,5
0,0,0
4,13,-9
4,0,4
9,13,-4
42,1,41
0,0,0
2,0,2
9,3,6
2,1,1
4,0,4
1,5,-4
0,0,0
2,2,0
10,11,-1
0,0,0
2,8,-6
1,0,1
7,1,6
15,2,13
37,6,31
1,0,1
3,1,2
5,1,4
6,0,6
9,1,8
24,5,19
1,0,1
10,3,7
2,3,-1
6,3,3
1,0,1
8,2,6
0,0,0
6,0,6
3,0,3
20,1,19
6,8,-2
9,2,7
7,0,7
1,2,-1
13,0,13
1,0,1
33,1,32
1,0,1
23,10,13
4,1,3
7,0,7
4,1,3
27,0,27
13,0,13
1,0,1
2,0,2
3,0,3
15,1,14
4,0,4
12,0,12
6,0,6
1,0,1
0,0,0
0,0,0
3,1,2
0,0,0
7,0,7
7,0,7
3,0,3
9,0,9
1,0,1
9,0,9
27,3,24
2,2,0
5,8,-3
0,0,0
1,0,1
34,0,34
11,1,10
1,2,-1
5,7,-2
1,0,1
5,1,4
14,10,4
22,1,21
1,4,-3
2,0,2
1,0,1
2,0,2
8,6,2
16,3,13
8,6,2
1,0,1
3,2,1
2,0,2
5,0,5
32,8,24
4,1,3
13,0,13
11,0,11
2,0,2
11,5,6
0,0,0
4,0,4
1,4,-3
11,0,11
1,1,0
3,2,1
3,0,3
6,1,5
0,0,0
1,1,0
10,6,4
9,5,4
7,7,0
0,0,0
2,1,1
10,2,8
1,5,-4
12,0,12
6,5,1
2,0,2
1,5,-4
4,4,0
8,10,-2
8,4,4
3,12,-9
3,1,2
7,2,5
15,0,15
8,1,7
9,2,7
6,6,0
1,1,0
13,2,11
24,0,24
0,0,0
2,0,2
0,0,0
2,0,2
4,0,4
0,9,-9
7,7,0
3,3,0
6,0,6
13,13,0
0,1,-1
10,2,8
18,10,8
0,0,0
13,5,8
0,1,-1
7,5,2
10,0,10
6,0,6
1,1,0
26,0,26
0,0,0
0,0,0
2,5,-3
1,0,1
20,0,20
13,0,13
1,0,1
5,16,-11
1,8,-7
1,1,0
2,0,2
2,2,0
24,1,23
0,0,0
4,4,0
2,0,2
2,5,-3
4,0,4
7,8,-1
10,0,10
0,0,0
2,1,1
5,0,5
1,1,0
8,0,8
28,0,28
6,8,-2
3,0,3
13,3,10
17,4,13
0,0,0
6,1,5
0,0,0
6,0,6
8,4,4
3,11,-8
12,2,10
2,0,2
11,0,11
1,1,0
5,0,5
0,0,0
0,0,0
11,0,11
17,0,17
15,2,13
2,0,2
3,0,3
7,1,6
8,0,8
1,0,1
12,7,5
10,1,9
1,0,1
1,0,1
1,0,1
7,2,5
8,3,5
2,7,-5
13,0,13
1,0,1
2,10,-8
11,0,11
0,0,0
4,0,4
0,1,-1
10,3,7
14,1,13
28,6,22
0,4,-4
3,1,2
1,4,-3
34,1,33
2,0,2
7,0,7
0,0,0
10,2,8
5,2,3
3,0,3
18,1,17
1,0,1
6,1,5
2,12,-10
19,7,12
10,1,9
49,11,38
4,0,4
53,10,43
1,12,-11
16,0,16
11,3,8
11,7,4
2,1,1
0,0,0
7,5,2
2,0,2
22,0,22
2,0,2
2,4,-2
4,0,4
2,8,-6
13,4,9
1,0,1
2,0,2
4,0,4
12,7,5
17,0,17
13,6,7
13,1,12
12,5,7
7,3,4
11,2,9
1,0,1
6,0,6
23,9,14
1,0,1
13,0,13
9,0,9
2,0,2
1,0,1
4,0,4
0,0,0
8,0,8
4,0,4
0,0,0
1,2,-1
9,2,7
2,1,1
1,1,0
0,0,0
0,0,0
1,0,1
33,9,24
20,0,20
14,0,14
25,0,25
9,5,4
12,5,7
1,0,1
5,1,4
1,3,-2
1,1,0
42,0,42
16,13,3
5,1,4
18,0,18
33,5,28
4,0,4
2,0,2
12,0,12
1,3,-2
15,15,0
25,15,10
1,0,1
17,5,12
1,1,0
0,0,0
2,3,-1
0,7,-7
41,1,40
1,5,-4
0,0,0
1,1,0
0,0,0
0,0,0
19,1,18
4,2,2
12,3,9
1,0,1
7,2,5
5,0,5
4,2,2
0,0,0
2,3,-1
2,0,2
8,8,0
0,0,0
27,2,25
10,1,9
22,1,21
5,5,0
28,5,23
3,0,3
2,1,1
7,0,7
19,1,18
8,7,1
1,0,1
8,5,3
9,0,9
14,4,10
21,1,20
2,4,-2
3,1,2
1,0,1
1,2,-1
2,0,2
0,0,0
0,0,0
13,0,13
3,0,3
0,0,0
0,1,-1
5,5,0
3,0,3
0,0,0
5,8,-3
25,3,22
11,1,10
2,0,2
8,6,2
2,0,2
3,7,-4
7,3,4
4,0,4
13,13,0
2,0,2
3,0,3
1,3,-2
1,0,1
0,0,0
2,2,0
48,16,32
29,19,10
3,1,2
16,15,1
0,0,0
13,0,13
76,0,76
11,3,8
17,11,6
8,0,8
0,0,0
1,0,1
17,0,17
33,0,33
0,0,0
16,5,11
4,0,4
1,0,1
0,3,-3
2,1,1
4,0,4
18,1,17
0,0,0
10,2,8
0,0,0
3,0,3
3,4,-1
15,2,13
4,6,-2
6,0,6
7,23,-16
1,1,0
9,1,8
0,0,0
32,0,32
7,5,2
1,0,1
5,5,0
0,7,-7
39,0,39
30,4,26
0,0,0
9,5,4
15,1,14
0,1,-1
16,10,6
3,2,1
1,0,1
15,4,11
12,0,12
1,0,1
4,3,1
5,9,-4
1,0,1
4,3,1
0,0,0
1,0,1
2,0,2
0,0,0
4,2,2
2,9,-7
0,0,0
0,1,-1
22,1,21
49,0,49
0,0,0
12,0,12
0,0,0
2,0,2
0,1,-1
0,0,0
2,0,2
0,0,0
1,1,0
2,0,2
8,0,8
17,6,11
14,9,5
14,1,13
1,0,1
1,0,1
4,1,3
5,0,5
3,2,1
22,10,12
2,0,2
2,0,2
16,6,10
13,0,13
0,0,0
17,11,6
0,0,0
9,0,9
3,0,3
20,18,2
7,0,7
0,1,-1
4,2,2
31,0,31
7,0,7
12,2,10
4,0,4
1,0,1
0,2,-2
11,7,4
5,1,4
0,0,0
5,0,5
4,4,0
0,2,-2
5,0,5
11,6,5
0,0,0
3,5,-2
6,0,6
2,1,1
10,6,4
1,0,1
12,0,12
17,0,17
1,2,-1
0,3,-3
19,0,19
4,4,0
0,0,0
0,1,-1
2,3,-1
2,1,1
6,2,4
37,1,36
16,19,-3
0,0,0
1,0,1
5,0,5
5,2,3
1,1,0
14,0,14
2,1,1
6,0,6
2,0,2
19,6,13
1,1,0
17,2,15
1,1,0
3,2,1
0,1,-1
2,0,2
9,0,9
6,1,5
4,2,2
2,0,2
0,0,0
1,2,-1
29,12,17
1,2,-1
0,0,0
5,15,-10
0,0,0
1,1,0
0,0,0
9,3,6
4,3,1
2,0,2
3,0,3
1,0,1
2,6,-4
14,0,14
6,1,5
4,5,-1
21,10,11
15,4,11
0,0,0
1,8,-7
2,5,-3
3,0,3
0,0,0
2,0,2
1,0,1
28,27,1
2,0,2
5,5,0
16,4,12
12,8,4
58,2,56
4,0,4
20,4,16
3,4,-1
1,1,0
4,0,4
3,0,3
3,0,3
0,2,-2
15,1,14
1,1,0
3,1,2
18,0,18
1,0,1
0,0,0
1,0,1
3,5,-2
0,0,0
11,0,11
1,0,1
0,1,-1
0,0,0
0,1,-1
1,0,1
0,0,0
5,2,3
3,3,0
2,0,2
2,0,2
5,0,5
4,2,2
31,12,19
23,12,11
1,0,1
24,4,20
21,1,20
5,0,5
6,2,4
15,1,14
6,0,6
3,7,-4
20,0,20
1,0,1
5,0,5
38,0,38
3,0,3
8,1,7
24,1,23
9,1,8
13,3,10
0,0,0
6,0,6
2,7,-5
14,3,11
0,0,0
12,0,12
1,0,1
19,8,11
0,0,0
1,0,1
0,0,0
11,6,5
0,0,0
4,1,3
5,6,-1
2,0,2
6,0,6
6,3,3
0,0,0
0,0,0
12,9,3
0,0,0
0,0,0
7,10,-3
10,6,4
0,0,0
7,7,0
8,1,7
3,10,-7
0,0,0
46,3,43
19,1,18
21,8,13
1,0,1
12,12,0
0,0,0
2,0,2
1,0,1
5,1,4
16,1,15
33,2,31
4,3,1
2,1,1
0,0,0
2,1,1
7,1,6
1,0,1
5,0,5
9,0,9
3,0,3
8,8,0
3,0,3
0,1,-1
0,0,0
11,6,5
4,5,-1
9,0,9
1,0,1
6,5,1
7,1,6
10,1,9
20,0,20
6,3,3
4,5,-1
1,21,-20
1,0,1
1,0,1
71,7,64
11,2,9
18,0,18
19,0,19
0,1,-1
5,9,-4
5,10,-5
12,10,2
8,0,8
9,2,7
18,0,18
0,0,0
14,0,14
4,0,4
15,7,8
17,0,17
6,13,-7
16,1,15
11,8,3
0,0,0
0,0,0
5,2,3
26,3,23
0,0,0
7,0,7
4,6,-2
0,0,0
0,0,0
2,17,-15
15,2,13
0,0,0
8,2,6
2,2,0
0,0,0
48,9,39
12,7,5
1,2,-1
41,6,35
9,1,8
0,0,0
0,0,0
0,0,0
2,3,-1
3,0,3
11,1,10
15,5,10
0,0,0
0,0,0
13,0,13
21,10,11
11,1,10
1,0,1
0,0,0
1,2,-1
0,0,0
4,0,4
2,0,2
8,0,8
6,5,1
2,2,0
8,9,-1
19,8,11
0,0,0
9,1,8
1,0,1
9,3,6
21,5,16
53,1,52
0,7,-7
3,1,2
0,0,0
9,3,6
2,0,2
13,5,8
16,6,10
8,3,5
10,0,10
0,0,0
0,0,0
1,2,-1
4,1,3
0,1,-1
15,1,14
0,0,0
0,7,-7
26,0,26
10,0,10
17,9,8
4,0,4
20,5,15
27,0,27
2,0,2
0,0,0
0,0,0
4,3,1
8,10,-2
0,1,-1
24,3,21
6,7,-1
9,0,9
3,10,-7
17,0,17
6,0,6
2,8,-6
24,2,22
0,0,0
0,0,0
16,0,16
1,1,0
0,4,-4
2,0,2
1,3,-2
2,0,2
12,0,12
8,0,8
2,0,2
10,7,3
0,0,0
6,0,6
8,2,6
0,0,0
6,0,6
3,0,3
2,0,2
0,0,0
4,1,3
1,1,0
3,0,3
8,0,8
4,0,4
1,1,0
7,0,7
0,0,0
12,2,10
1,0,1
29,29,0
4,0,4
25,3,22
3,1,2
3,2,1
10,0,10
4,0,4
2,0,2
2,0,2
2,0,2
2,1,1
0,3,-3
11,6,5
0,0,0
1,0,1
3,0,3
1,0,1
0,0,0
3,5,-2
0,0,0
0,0,0
5,0,5
3,1,2
0,0,0
3,4,-1
0,0,0
4,0,4
7,1,6
1,0,1
39,0,39
20,12,8
1,0,1
0,0,0
1,1,0
2,0,2
1,0,1
3,1,2
0,0,0
0,0,0
2,0,2
0,0,0
7,7,0
7,1,6
12,0,12
11,2,9
6,0,6
1,0,1
4,6,-2
4,0,4
5,0,5
7,4,3
4,1,3
0,3,-3
4,9,-5
5,5,0
0,0,0
7,7,0
3,6,-3
0,0,0
2,0,2
17,7,10
0,0,0
2,0,2
0,0,0
14,9,5
6,3,3
1,0,1
9,1,8
1,0,1
11,0,11
1,1,0
22,8,14
0,0,0
11,0,11
3,6,-3
1,0,1
6,0,6
9,1,8
0,0,0
2,0,2
4,9,-5
1,0,1
14,6,8
5,0,5
4,0,4
13,9,4
25,3,22
5,5,0
2,5,-3
9,0,9
7,0,7
14,3,11
14,0,14
0,0,0
0,0,0
2,0,2
0,6,-6
6,7,-1
0,0,0
6,6,0
10,0,10
2,0,2
10,14,-4
0,0,0
6,4,2
9,0,9
0,2,-2
0,0,0
16,1,15
4,0,4
5,9,-4
12,1,11
19,0,19
1,0,1
3,0,3
1,0,1
38,0,38
15,8,7
7,3,4
2,2,0
10,0,10
3,12,-9
10,8,2
3,0,3
2,0,2
1,0,1
7,5,2
1,0,1
7,0,7
18,0,18
10,3,7
3,0,3
0,0,0
0,0,0
22,3,19
1,1,0
14,0,14
0,0,0
5,6,-1
13,2,11
8,4,4
1,0,1
34,19,15
2,0,2
1,1,0
7,2,5
5,1,4
0,0,0
8,5,3
3,3,0
4,0,4
23,2,21
42,2,40
0,0,0
6,5,1
5,10,-5
0,0,0
8,0,8
9,0,9
9,0,9
0,2,-2
0,0,0
7,0,7
5,2,3
0,0,0
1,0,1
1,3,-2
12,0,12
23,9,14
3,3,0
1,0,1
0,0,0
8,0,8
7,3,4
7,0,7
7,0,7
20,8,12
6,0,6
15,0,15
0,0,0
12,2,10
0,0,0
0,0,0
12,0,12
1,2,-1
16,0,16
0,0,0
5,0,5
2,0,2
5,6,-1
2,0,2
1,0,1
5,6,-1
9,4,5
0,0,0
5,1,4
13,2,11
7,2,5
2,7,-5
10,0,10
1,3,-2
5,1,4
5,1,4
1,0,1
0,0,0
0,0,0
0,0,0
2,1,1
14,6,8
0,0,0
0,0,0
2,2,0
37,1,36
3,13,-10
2,2,0
6,5,1
4,3,1
12,0,12
48,9,39
1,0,1
4,0,4
1,0,1
0,0,0
8,8,0
0,1,-1
1,2,-1
0,0,0
2,0,2
4,2,2
3,1,2
4,1,3
6,6,0
2,0,2
20,0,20
3,3,0
0,1,-1
7,3,4
0,0,0
2,3,-1
9,10,-1
3,1,2
14,5,9
8,2,6
11,0,11
18,0,18
1,0,1
1,0,1
6,0,6
5,0,5
5,3,2
4,0,4
3,2,1
0,3,-3
2,0,2
1,0,1
0,0,0
4,0,4
16,5,11
0,0,0
1,0,1
0,0,0
2,0,2
7,0,7
8,0,8
10,1,9
1,0,1
5,1,4
0,1,-1
12,0,12
3,5,-2
4,0,4
9,1,8
30,6,24
2,0,2
2,0,2
8,0,8
27,19,8
1,0,1
0,1,-1
11,0,11
0,0,0
5,0,5
1,0,1
10,4,6
3,4,-1
5,11,-6
3,1,2
14,10,4
0,0,0
0,0,0
17,0,17
0,0,0
35,0,35
1,9,-8
2,0,2
8,3,5
0,0,0
1,0,1
14,4,10
9,15,-6
3,0,3
14,0,14
2,0,2
7,2,5
2,0,2
28,1,27
5,0,5
18,0,18
2,6,-4
12,2,10
7,15,-8
5,0,5
14,2,12
9,9,0
3,6,-3
0,0,0
0,0,0
1,2,-1
10,7,3
0,0,0
16,1,15
2,0,2
22,0,22
0,0,0
0,0,0
2,0,2
13,4,9
7,0,7
4,1,3
3,2,1
6,0,6
6,6,0
1,0,1
0,0,0
8,0,8
3,0,3
3,0,3
2,0,2
2,0,2
3,0,3
7,0,7
0,1,-1
2,0,2
1,1,0
2,1,1
13,2,11
2,1,1
13,1,12
4,0,4
1,1,0
8,0,8
0,0,0
0,0,0
15,5,10
0,1,-1
3,0,3
20,0,20
6,0,6
4,2,2
2,0,2
2,0,2
20,3,17
0,0,0
16,0,16
1,0,1
0,0,0
1,0,1
3,0,3
3,3,0
9,1,8
0,3,-3
0,0,0
0,1,-1
18,0,18
4,1,3
0,2,-2
3,0,3
1,0,1
0,0,0
14,0,14
5,0,5
1,5,-4
9,0,9
1,0,1
12,1,11
1,0,1
1,0,1
5,5,0
1,0,1
12,3,9
8,6,2
20,1,19
19,0,19
1,0,1
15,1,14
6,0,6
24,0,24
17,5,12
10,2,8
9,0,9
28,11,17
4,6,-2
25,9,16
20,4,16
0,5,-5
11,3,8
0,0,0
19,0,19
20,7,13
126,7,119
9,14,-5
5,0,5
0,0,0
1,0,1
13,7,6
15,0,15
6,0,6
0,0,0
6,5,1
6,1,5
1,1,0
2,0,2
0,0,0
2,0,2
0,1,-1
2,0,2
1,0,1
5,0,5
1,2,-1
0,0,0
8,0,8
11,3,8
10,0,10
3,6,-3
18,12,6
9,14,-5
9,5,4
2,0,2
2,1,1
9,0,9
0,0,0
12,0,12
21,0,21
0,0,0
4,0,4
0,1,-1
0,0,0
24,1,23
4,0,4
4,0,4
2,2,0
8,0,8
2,0,2
0,0,0
0,0,0
9,1,8
1,0,1
2,0,2
3,0,3
13,0,13
6,1,5
3,1,2
9,0,9
0,0,0
9,2,7
9,4,5
16,0,16
1,6,-5
0,11,-11
0,1,-1
2,0,2
21,0,21
1,0,1
5,0,5
0,0,0
5,3,2
3,0,3
3,5,-2
2,0,2
1,0,1
14,0,14
1,0,1
8,0,8
3,0,3
7,0,7
2,2,0
4,0,4
15,0,15
15,5,10
27,13,14
2,1,1
5,2,3
14,13,1
0,0,0
6,0,6
9,0,9
2,0,2
13,1,12
19,2,17
16,1,15
9,0,9
9,0,9
8,1,7
20,2,18
11,1,10
6,9,-3
2,0,2
0,0,0
16,6,10
5,2,3
11,9,2
5,0,5
2,3,-1
16,0,16
0,0,0
0,0,0
4,3,1
5,3,2
6,2,4
2,2,0
35,0,35
1,0,1
6,10,-4
1,2,-1
37,1,36
12,1,11
9,2,7
23,0,23
5,0,5
4,4,0
12,0,12
8,3,5
4,0,4
16,4,12
14,2,12
1,0,1
7,4,3
6,0,6
3,2,1
4,0,4
0,0,0
0,0,0
6,6,0
10,4,6
45,13,32
9,2,7
0,0,0
13,5,8
3,5,-2
12,7,5
16,1,15
5,6,-1
3,0,3
4,0,4
15,1,14
0,0,0
3,0,3
0,0,0
0,0,0
1,0,1
11,0,11
6,14,-8
3,2,1
1,0,1
4,0,4
4,1,3
2,2,0
1,0,1
0,0,0
0,0,0
1,0,1
0,1,-1
2,0,2
2,1,1
0,8,-8
3,3,0
0,0,0
5,2,3
0,0,0
3,1,2
22,0,22
21,21,0
0,0,0
13,0,13
14,0,14
4,11,-7
0,1,-1
16,12,4
16,14,2
0,0,0
4,2,2
3,0,3
5,1,4
0,0,0
29,6,23
10,0,10
16,0,16
32,5,27
3,0,3
0,0,0
6,0,6
12,4,8
20,0,20
0,0,0
3,0,3
6,9,-3
16,0,16
33,9,24
0,0,0
8,13,-5
0,8,-8
1,0,1
10,0,10
24,0,24
11,0,11
0,0,0
0,6,-6
16,10,6
5,3,2
8,5,3
6,0,6
0,0,0
14,0,14
21,0,21
10,2,8
0,0,0
4,2,2
13,2,11
3,0,3
3,3,0
0,0,0
10,0,10
5,0,5
24,5,19
8,0,8
3,0,3
0,0,0
19,0,19
8,0,8
7,0,7
12,6,6
3,3,0
15,0,15
2,0,2
3,5,-2
2,1,1
1,0,1
13,2,11
16,17,-1
16,3,13
23,0,23
0,0,0
4,0,4
1,0,1
1,0,1
27,15,12
21,0,21
1,0,1
14,1,13
1,0,1
0,0,0
7,0,7
14,0,14
2,0,2
11,0,11
0,0,0
6,7,-1
3,2,1
24,3,21
8,1,7
11,0,11
1,0,1
5,0,5
1,0,1
27,1,26
6,2,4
16,2,14
7,9,-2
14,0,14
3,0,3
3,3,0
3,2,1
50,1,49
4,1,3
0,0,0
17,2,15
7,0,7
1,7,-6
2,0,2
11,11,0
0,2,-2
18,2,16
8,3,5
25,14,11
0,4,-4
18,0,18
5,4,1
2,0,2
8,5,3
0,0,0
8,0,8
3,2,1
21,12,9
16,11,5
3,1,2
2,2,0
0,0,0
0,0,0
9,9,0
3,7,-4
1,0,1
7,0,7
3,14,-11
27,0,27
1,1,0
1,3,-2
1,0,1
17,3,14
6,2,4
17,0,17
0,1,-1
6,6,0
2,0,2
0,0,0
11,2,9
4,1,3
6,0,6
7,1,6
1,0,1
13,0,13
4,2,2
29,17,12
11,2,9
8,1,7
10,2,8
2,2,0
13,1,12
0,7,-7
10,0,10
21,4,17
4,6,-2
34,0,34
19,2,17
15,8,7
2,4,-2
17,6,11
13,0,13
9,3,6
0,0,0
2,0,2
7,6,1
10,3,7
0,0,0
4,0,4
15,0,15
2,0,2
1,0,1
12,1,11
0,0,0
3,14,-11
2,3,-1
15,15,0
0,0,0
28,0,28
1,0,1
9,5,4
6,0,6
0,0,0
6,0,6
6,1,5
21,15,6
1,0,1
2,2,0
0,0,0
6,4,2
0,0,0
10,5,5
2,0,2
2,2,0
4,3,1
29,0,29
4,0,4
2,0,2
2,5,-3
0,0,0
0,0,0
5,0,5
3,0,3
2,0,2
6,2,4
15,0,15
44,1,43
11,1,10
4,3,1
0,0,0
6,6,0
0,0,0
2,0,2
0,0,0
22,18,4
0,0,0
8,2,6
7,0,7
18,0,18
0,0,0
5,0,5
1,0,1
4,0,4
33,5,28
4,4,0
16,5,11
4,1,3
2,2,0
3,9,-6
2,0,2
10,24,-14
0,1,-1
1,0,1
2,0,2
1,1,0
0,0,0
0,2,-2
24,1,23
0,0,0
0,3,-3
11,8,3
0,0,0
8,2,6
11,10,1
0,0,0
3,3,0
2,0,2
2,4,-2
0,0,0
2,0,2
5,1,4
1,0,1
0,0,0
1,0,1
5,0,5
2,0,2
5,2,3
1,0,1
6,0,6
6,1,5
3,1,2
11,0,11
20,0,20
10,9,1
4,0,4
11,2,9
7,1,6
9,4,5
0,0,0
3,3,0
2,0,2
0,1,-1
6,6,0
1,0,1
4,1,3
1,0,1
2,1,1
2,0,2
6,0,6
3,0,3
6,1,5
63,39,24
0,0,0
20,0,20
5,0,5
9,1,8
0,0,0
1,0,1
4,0,4
3,0,3
0,0,0
0,0,0
0,0,0
0,0,0
16,1,15
7,1,6
8,2,6
3,0,3
0,0,0
9,0,9
0,0,0
3,0,3
22,0,22
0,0,0
4,2,2
0,2,-2
3,0,3
6,0,6
2,0,2
23,0,23
8,0,8
30,16,14
28,0,28
1,0,1
0,0,0
4,0,4
1,0,1
2,0,2
30,9,21
1,0,1
0,0,0
0,1,-1
0,0,0
0,0,0
3,2,1
3,3,0
3,0,3
1,0,1
5,0,5
0,0,0
20,0,20
0,1,-1
8,5,3
0,0,0
19,10,9
4,2,2
13,3,10
0,0,0
5,0,5
3,2,1
0,0,0
29,10,19
12,12,0
1,0,1
1,0,1
0,0,0
7,0,7
14,10,4
5,0,5
11,9,2
4,0,4
0,0,0
0,0,0
1,0,1
0,0,0
1,7,-6
3,6,-3
1,0,1
1,3,-2
1,0,1
6,1,5
12,3,9
1,1,0
0,0,0
41,0,41
0,0,0
0,0,0
10,0,10
3,2,1
15,0,15
0,0,0
1,0,1
15,0,15
7,0,7
0,0,0
0,0,0
33,0,33
4,0,4
3,0,3
1,0,1
9,0,9
4,8,-4
2,0,2
0,7,-7
0,0,0
4,3,1
16,7,9
1,0,1
21,5,16
5,2,3
2,0,2
9,1,8
8,1,7
2,0,2
3,0,3
6,21,-15
0,0,0
5,1,4
0,0,0
23,8,15
0,0,0
1,1,0
7,2,5
6,0,6
7,2,5
2,6,-4
2,1,1
9,5,4
1,1,0
4,4,0
27,12,15
13,4,9
0,0,0
7,5,2
9,0,9
1,0,1
15,3,12
10,1,9
2,0,2
2,2,0
20,17,3
2,0,2
0,9,-9
2,7,-5
4,2,2
20,4,16
0,0,0
23,0,23
0,5,-5
22,1,21
12,10,2
0,0,0
0,0,0
1,0,1
3,4,-1
6,0,6
0,0,0
1,0,1
3,0,3
19,1,18
24,2,22
0,0,0
12,5,7
11,0,11
58,1,57
9,0,9
8,0,8
2,11,-9
1,1,0
10,5,5
0,0,0
9,3,6
11,0,11
0,0,0
1,19,-18
10,3,7
8,0,8
22,0,22
6,0,6
6,3,3
1,0,1
5,5,0
1,0,1
6,0,6
10,0,10
17,3,14
0,0,0
0,0,0
1,0,1
6,0,6
3,3,0
3,0,3
5,2,3
0,0,0
3,0,3
6,0,6
1,0,1
15,2,13
1,0,1
16,6,10
27,2,25
0,1,-1
2,1,1
8,2,6
5,5,0
11,0,11
5,0,5
14,7,7
13,17,-4
11,0,11
0,0,0
9,3,6
4,0,4
2,0,2
11,0,11
1,0,1
3,0,3
2,0,2
12,0,12
0,0,0
2,0,2
2,0,2
15,0,15
6,2,4
0,0,0
21,17,4
35,2,33
10,0,10
15,0,15
4,0,4
5,3,2
26,1,25
9,13,-4
0,0,0
2,9,-7
6,5,1
1,0,1
6,2,4
0,0,0
0,0,0
0,1,-1
18,0,18
7,0,7
0,0,0
28,3,25
0,0,0
0,0,0
0,0,0
1,0,1
4,0,4
3,1,2
1,0,1
0,1,-1
11,13,-2
8,0,8
4,3,1
1,0,1
7,1,6
9,3,6
1,9,-8
0,0,0
14,1,13
1,0,1
11,2,9
37,0,37
11,0,11
3,0,3
18,17,1
16,5,11
60,13,47
0,0,0
0,0,0
11,12,-1
2,0,2
5,2,3
2,0,2
1,0,1
2,0,2
0,0,0
27,0,27
0,0,0
7,2,5
23,11,12
4,1,3
10,0,10
5,1,4
15,4,11
27,16,11
1,0,1
3,8,-5
11,5,6
0,0,0
3,0,3
13,1,12
2,0,2
11,0,11
9,1,8
3,0,3
1,0,1
31,4,27
3,10,-7
1,0,1
7,1,6
0,0,0
8,0,8
3,4,-1
0,1,-1
0,0,0
7,0,7
14,2,12
7,2,5
8,1,7
0,0,0
0,0,0
17,1,16
0,0,0
3,3,0
3,2,1
13,1,12
12,0,12
4,0,4
6,0,6
28,14,14
0,0,0
0,3,-3
17,0,17
6,10,-4
0,0,0
22,6,16
25,2,23
16,0,16
0,0,0
18,8,10
9,4,5
21,0,21
14,1,13
30,0,30
11,8,3
12,1,11
4,0,4
9,0,9
18,4,14
3,1,2
12,0,12
0,0,0
15,2,13
3,0,3
0,0,0
30,0,30
1,0,1
12,12,0
12,1,11
11,0,11
10,5,5
10,6,4
22,7,15
0,0,0
7,0,7
22,11,11
0,0,0
2,0,2
1,3,-2
9,4,5
63,6,57
10,8,2
16,5,11
1,0,1
6,3,3
0,0,0
11,0,11
9,5,4
0,0,0
0,0,0
2,0,2
2,0,2
18,0,18
4,0,4
1,0,1
0,0,0
4,0,4
1,0,1
15,10,5
6,4,2
8,0,8
0,10,-10
43,0,43
0,0,0
3,0,3
0,2,-2
3,0,3
16,1,15
4,2,2
1,0,1
26,0,26
1,1,0
4,3,1
6,0,6
14,14,0
9,1,8
1,2,-1
3,0,3
0,0,0
4,0,4
9,8,1
1,0,1
3,0,3
0,0,0
0,0,0
3,5,-2
3,6,-3
1,3,-2
16,11,5
1,1,0
0,0,0
0,1,-1
1,0,1
8,3,5
1,6,-5
14,0,14
3,0,3
3,1,2
6,0,6
102,8,94
0,0,0
2,4,-2
8,5,3
4,0,4
1,0,1
19,0,19
29,2,27
2,4,-2
2,0,2
6,1,5
4,1,3
5,0,5
5,3,2
1,0,1
0,0,0
5,0,5
3,0,3
1,0,1
5,0,5
4,11,-7
0,0,0
1,5,-4
1,0,1
8,8,0
9,0,9
0,1,-1
15,10,5
0,0,0
0,0,0
1,0,1
7,1,6
1,0,1
8,10,-2
3,3,0
22,0,22
7,2,5
30,0,30
2,0,2
17,21,-4
6,0,6
8,2,6
25,1,24
10,5,5
19,3,16
9,0,9
20,1,19
2,0,2
3,3,0
10,0,10
0,2,-2
0,2,-2
0,0,0
0,0,0
4,0,4
0,0,0
28,4,24
14,14,0
8,0,8
5,0,5
12,0,12
65,2,63
1,0,1
0,0,0
10,1,9
1,0,1
1,3,-2
2,0,2
2,0,2
0,0,0
4,1,3
5,0,5
12,0,12
7,1,6
0,0,0
42,22,20
1,3,-2
0,0,0
4,0,4
0,5,-5
9,1,8
0,0,0
8,0,8
4,1,3
12,0,12
41,0,41
3,4,-1
0,0,0
3,0,3
3,5,-2
1,2,-1
1,1,0
0,0,0
2,2,0
8,2,6
1,0,1
3,0,3
12,8,4
26,0,26
2,0,2
4,0,4
2,3,-1
13,3,10
28,12,16
7,0,7
2,2,0
0,0,0
14,7,7
12,0,12
25,6,19
5,0,5
12,0,12
0,0,0
4,2,2
1,0,1
2,0,2
0,0,0
28,8,20
6,2,4
5,3,2
1,0,1
1,2,-1
4,1,3
2,4,-2
4,1,3
5,0,5
4,5,-1
29,7,22
15,15,0
11,0,11
18,8,10
33,33,0
5,1,4
26,11,15
16,15,1
11,2,9
18,0,18
2,2,0
13,0,13
2,0,2
1,1,0
2,7,-5
4,0,4
0,0,0
0,0,0
0,0,0
3,4,-1
0,0,0
5,1,4
0,3,-3
13,4,9
4,1,3
2,0,2
0,0,0
4,1,3
2,0,2
0,0,0
13,19,-6
10,5,5
36,0,36
0,1,-1
6,2,4
4,1,3
5,1,4
5,0,5
3,0,3
1,0,1
0,0,0
2,0,2
2,0,2
6,7,-1
7,3,4
2,0,2
1,3,-2
7,1,6
1,1,0
18,13,5
3,2,1
8,8,0
3,0,3
1,0,1
39,3,36
5,1,4
0,0,0
2,2,0
14,2,12
10,3,7
5,2,3
3,0,3
1,0,1
21,0,21
6,0,6
9,4,5
4,0,4
29,3,26
17,0,17
6,2,4
1,1,0
1,1,0
14,4,10
5,1,4
6,0,6
1,0,1
0,0,0
3,1,2
0,0,0
8,0,8
1,0,1
0,0,0
2,1,1
0,0,0
14,0,14
15,3,12
0,0,0
5,0,5
0,0,0
4,2,2
1,1,0
1,2,-1
15,5,10
8,9,-1
0,0,0
1,7,-6
6,0,6
17,2,15
74,9,65
4,0,4
2,0,2
0,3,-3
25,17,8
4,2,2
12,1,11
14,15,-1
4,0,4
16,4,12
0,0,0
2,0,2
8,0,8
0,0,0
0,0,0
4,6,-2
5,0,5
10,2,8
14,6,8
0,0,0
3,0,3
0,1,-1
4,2,2
6,0,6
12,4,8
1,0,1
16,3,13
8,2,6
34,2,32
3,0,3
0,0,0
20,1,19
12,1,11
3,2,1
18,1,17
5,2,3
0,1,-1
7,0,7
1,0,1
10,1,9
13,0,13
6,0,6
1,0,1
5,0,5
3,4,-1
3,0,3
7,3,4
0,0,0
6,3,3
3,0,3
0,2,-2
1,3,-2
4,0,4
6,1,5
7,0,7
0,0,0
3,2,1
0,0,0
14,0,14
2,3,-1
0,0,0
1,5,-4
2,0,2
0,0,0
7,0,7
1,0,1
3,1,2
8,4,4
10,1,9
13,0,13
0,1,-1
2,0,2
17,2,15
6,3,3
0,0,0
16,3,13
18,0,18
23,0,23
3,0,3
11,1,10
5,0,5
0,0,0
1,0,1
0,0,0
8,0,8
5,0,5
14,19,-5
4,1,3
0,5,-5
0,0,0
10,0,10
12,13,-1
4,5,-1
11,0,11
18,3,15
17,2,15
5,0,5
29,4,25
27,1,26
0,0,0
0,0,0
1,0,1
9,2,7
10,0,10
0,0,0
21,0,21
1,1,0
4,2,2
1,0,1
20,0,20
8,1,7
0,5,-5
0,0,0
1,0,1
0,3,-3
12,8,4
4,6,-2
2,2,0
5,0,5
0,0,0
52,0,52
27,2,25
1,0,1
14,1,13
11,4,7
0,0,0
3,5,-2
2,0,2
3,0,3
16,0,16
1,0,1
3,0,3
1,0,1
6,4,2
6,0,6
1,0,1
1,3,-2
2,0,2
1,0,1
5,1,4
14,0,14
5,0,5
0,16,-16
0,0,0
1,1,0
4,1,3
2,2,0
2,0,2
1,1,0
1,0,1
8,0,8
12,1,11
2,18,-16
9,3,6
40,2,38
4,2,2
0,0,0
0,2,-2
3,0,3
2,0,2
26,0,26
6,5,1
48,4,44
12,8,4
0,0,0
15,15,0
4,0,4
3,1,2
5,0,5
1,0,1
0,5,-5
8,0,8
1,0,1
7,4,3
24,0,24
10,12,-2
15,2,13
13,0,13
32,14,18
0,0,0
0,0,0
2,0,2
20,4,16
0,0,0
0,0,0
0,0,0
0,3,-3
23,2,21
1,0,1
5,6,-1
8,6,2
9,2,7
0,1,-1
2,0,2
2,0,2
1,0,1
5,2,3
18,14,4
2,0,2
0,0,0
3,0,3
0,0,0
0,0,0
0,0,0
3,3,0
1,0,1
0,0,0
0,0,0
0,0,0
0,0,0
14,3,11
16,1,15
0,2,-2
4,7,-3
0,0,0
30,0,30
3,0,3
12,5,7
0,0,0
1,0,1
3,6,-3
55,6,49
20,1,19
0,0,0
0,0,0
1,0,1
4,0,4
5,1,4
4,7,-3
9,0,9
23,14,9
15,1,14
5,1,4
2,0,2
3,1,2
0,0,0
5,0,5
8,0,8
0,0,0
2,0,2
1,0,1
10,0,10
4,0,4
2,3,-1
29,2,27
13,0,13
25,0,25
6,3,3
19,0,19
0,2,-2
0,0,0
17,2,15
3,8,-5
25,0,25
0,0,0
5,13,-8
8,1,7
10,2,8
1,0,1
3,1,2
0,1,-1
13,1,12
3,0,3
2,0,2
3,1,2
2,2,0
0,0,0
5,0,5
9,0,9
56,0,56
0,0,0
1,0,1
5,0,5
0,0,0
1,0,1
0,0,0
47,27,20
9,2,7
0,0,0
7,1,6
10,0,10
6,5,1
2,0,2
0,0,0
17,2,15
2,0,2
0,0,0
21,1,20
3,0,3
7,0,7
19,10,9
13,3,10
13,9,4
6,0,6
6,0,6
9,0,9
2,11,-9
10,0,10
0,0,0
29,9,20
11,2,9
1,0,1
5,0,5
8,0,8
6,0,6
1,4,-3
4,0,4
4,0,4
0,0,0
2,0,2
0,0,0
0,0,0
18,10,8
1,0,1
7,0,7
8,4,4
3,0,3
29,10,19
6,1,5
4,8,-4
1,0,1
10,5,5
5,0,5
3,8,-5
0,0,0
0,0,0
3,0,3
0,0,0
17,0,17
5,1,4
4,4,0
1,0,1
0,1,-1
6,1,5
0,0,0
5,3,2
1,1,0
0,5,-5
7,0,7
3,1,2
29,0,29
6,0,6
9,0,9
39,23,16
3,27,-24
21,3,18
1,0,1
10,0,10
3,0,3
4,0,4
0,0,0
9,0,9
5,11,-6
2,0,2
6,3,3
20,0,20
0,1,-1
3,7,-4
21,2,19
0,0,0
6,7,-1
1,3,-2
18,1,17
4,2,2
0,0,0
1,0,1
15,0,15
0,1,-1
7,1,6
1,0,1
20,3,17
1,4,-3
3,0,3
2,0,2
2,12,-10
1,0,1
5,1,4
5,6,-1
9,0,9
8,3,5
10,11,-1
7,1,6
0,0,0
18,9,9
4,0,4
13,3,10
0,6,-6
5,11,-6
3,0,3
2,6,-4
8,3,5
1,0,1
1,1,0
2,2,0
6,0,6
1,1,0
7,1,6
7,1,6
10,1,9
29,0,29
0,0,0
17,1,16
8,0,8
2,0,2
2,0,2
1,5,-4
13,2,11
2,0,2
18,5,13
4,0,4
1,1,0
4,0,4
10,2,8
8,1,7
27,2,25
5,1,4
3,1,2
5,4,1
3,2,1
2,1,1
0,0,0
2,1,1
0,1,-1
0,0,0
6,15,-9
16,4,12
1,2,-1
15,6,9
1,0,1
0,0,0
19,1,18
1,0,1
7,0,7
3,0,3
5,5,0
1,0,1
2,0,2
2,0,2
2,0,2
1,2,-1
1,2,-1
27,0,27
1,6,-5
11,7,4
1,5,-4
0,0,0
24,24,0
2,1,1
1,0,1
6,0,6
2,1,1
3,0,3
3,5,-2
6,0,6
6,0,6
17,2,15
0,0,0
5,8,-3
7,1,6
10,4,6
0,1,-1
13,2,11
2,0,2
4,0,4
4,4,0
0,0,0
35,1,34
7,0,7
20,0,20
0,0,0
0,3,-3
15,8,7
0,0,0
3,1,2
9,0,9
0,0,0
1,0,1
15,0,15
4,1,3
1,1,0
11,0,11
2,2,0
2,1,1
0,0,0
0,0,0
3,3,0
6,0,6
7,6,1
9,0,9
0,0,0
0,0,0
0,0,0
2,0,2
1,2,-1
25,1,24
17,0,17
77,1,76
2,0,2
0,0,0
0,0,0
4,1,3
9,0,9
15,0,15
4,1,3
8,9,-1
9,15,-6
5,5,0
3,5,-2
1,1,0
14,0,14
4,5,-1
7,5,2
0,1,-1
3,1,2
8,0,8
52,33,19
15,9,6
0,0,0
0,0,0
34,8,26
0,0,0
2,0,2
2,0,2
0,0,0
1,0,1
12,2,10
0,0,0
8,8,0
2,0,2
7,1,6
1,0,1
0,0,0
3,1,2
12,2,10
5,0,5
1,7,-6
22,3,19
27,3,24
4,3,1
0,0,0
3,0,3
4,17,-13
0,0,0
10,1,9
2,0,2
1,0,1
12,1,11
18,2,16
3,1,2
27,7,20
1,2,-1
2,4,-2
0,8,-8
4,0,4
0,0,0
0,1,-1
1,0,1
9,9,0
15,7,8
12,0,12
24,9,15
1,0,1
14,1,13
15,0,15
5,0,5
0,0,0
0,0,0
0,0,0
2,0,2
1,0,1
4,2,2
8,0,8
0,0,0
10,3,7
17,11,6
2,1,1
4,3,1
7,4,3
6,1,5
1,0,1
6,4,2
0,0,0
3,5,-2
1,0,1
19,2,17
0,0,0
0,0,0
3,1,2
4,2,2
0,0,0
0,0,0
0,0,0
4,1,3
0,0,0
6,0,6
1,0,1
0,11,-11
0,0,0
0,0,0
0,0,0
1,0,1
0,0,0
0,0,0
3,3,0
1,0,1
2,1,1
19,4,15
0,0,0
0,1,-1
3,2,1
1,0,1
44,16,28
7,10,-3
26,0,26
15,0,15
2,1,1
1,8,-7
1,0,1
0,0,0
2,0,2
0,0,0
4,3,1
2,0,2
10,0,10
5,0,5
0,0,0
4,0,4
2,0,2
4,0,4
3,0,3
3,0,3
1,1,0
4,2,2
11,9,2
1,0,1
10,0,10
9,0,9
0,0,0
0,0,0
2,0,2
8,5,3
0,1,-1
0,0,0
5,9,-4
0,1,-1
0,0,0
6,1,5
1,1,0
7,10,-3
0,0,0
3,0,3
19,6,13
8,17,-9
0,0,0
5,1,4
12,0,12
3,0,3
7,3,4
6,2,4
17,13,4
3,0,3
0,0,0
1,0,1
1,1,0
1,1,0
14,9,5
5,12,-7
4,0,4
0,8,-8
8,1,7
1,0,1
4,4,0
15,0,15
3,3,0
1,9,-8
3,0,3
2,0,2
9,12,-3
7,1,6
0,1,-1
20,0,20
4,2,2
1,0,1
4,0,4
1,0,1
0,0,0
17,17,0
1,0,1
3,2,1
3,0,3
11,7,4
0,0,0
3,2,1
0,0,0
10,10,0
0,0,0
9,0,9
19,1,18
1,0,1
1,2,-1
0,1,-1
29,10,19
3,6,-3
1,0,1
1,0,1
4,0,4
6,2,4
0,1,-1
0,0,0
1,0,1
1,0,1
0,0,0
0,0,0
9,7,2
0,0,0
0,0,0
10,0,10
7,0,7
4,0,4
2,0,2
0,0,0
0,0,0
0,0,0
9,0,9
1,2,-1
6,5,1
2,0,2
8,4,4
27,14,13
1,0,1
0,0,0
7,0,7
0,0,0
3,5,-2
6,0,6
1,1,0
2,0,2
2,0,2
7,0,7
0,0,0
8,5,3
8,4,4
19,9,10
6,0,6
1,0,1
0,0,0
0,1,-1
15,5,10
4,0,4
0,0,0
19,0,19
2,0,2
2,1,1
4,0,4
6,1,5
2,2,0
7,0,7
0,0,0
0,2,-2
7,1,6
6,2,4
2,2,0
5,6,-1
0,1,-1
0,0,0
11,0,11
2,1,1
0,0,0
84,0,84
7,15,-8
10,1,9
5,0,5
19,0,19
32,0,32
17,8,9
0,0,0
7,0,7
2,0,2
0,0,0
56,27,29
0,0,0
2,5,-3
1,2,-1
0,0,0
2,1,1
0,0,0
0,0,0
4,5,-1
14,3,11
11,0,11
11,3,8
0,2,-2
0,1,-1
5,0,5
2,0,2
11,1,10
0,0,0
0,4,-4
2,20,-18
4,0,4
10,1,9
0,0,0
6,1,5
1,3,-2
9,2,7
15,15,0
3,3,0
11,0,11
0,1,-1
22,16,6
0,1,-1
3,0,3
2,3,-1
22,3,19
8,2,6
22,1,21
3,0,3
0,0,0
0,0,0
0,0,0
1,2,-1
10,5,5
4,0,4
13,8,5
43,4,39
15,0,15
6,0,6
3,0,3
18,12,6
5,2,3
0,0,0
0,0,0
0,0,0
2,0,2
1,0,1
5,0,5
0,0,0
12,0,12
1,1,0
2,5,-3
0,0,0
8,4,4
22,0,22
0,0,0
13,0,13
3,0,3
1,0,1
2,1,1
4,0,4
4,0,4
21,0,21
2,0,2
5,0,5
0,0,0
4,1,3
0,2,-2
0,0,0
2,5,-3
14,6,8
1,0,1
1,0,1
2,2,0
6,0,6
1,1,0
5,0,5
1,2,-1
20,0,20
0,0,0
0,0,0
0,0,0
5,1,4
1,0,1
64,13,51
13,13,0
0,4,-4
4,2,2
2,2,0
1,0,1
1,1,0
0,0,0
8,1,7
8,15,-7
5,0,5
10,0,10
0,1,-1
4,1,3
1,0,1
2,3,-1
11,0,11
4,0,4
0,0,0
5,9,-4
6,5,1
0,0,0
13,1,12
12,0,12
6,6,0
0,0,0
0,0,0
2,2,0
1,0,1
12,1,11
3,0,3
0,0,0
0,0,0
3,0,3
0,0,0
12,3,9
8,5,3
19,1,18
12,10,2
7,0,7
9,0,9
3,0,3
17,11,6
0,0,0
17,1,16
0,0,0
3,0,3
12,10,2
1,0,1
4,3,1
4,0,4
20,14,6
18,0,18
5,5,0
0,0,0
5,1,4
2,1,1
0,0,0
3,1,2
0,5,-5
0,0,0
39,1,38
7,5,2
35,14,21
0,0,0
20,0,20
16,0,16
0,0,0
10,0,10
0,0,0
1,0,1
0,0,0
6,0,6
5,1,4
0,0,0
1,0,1
0,0,0
5,8,-3
11,10,1
0,0,0
10,22,-12
6,2,4
4,4,0
1,0,1
1,0,1
1,4,-3
2,0,2
13,0,13
6,0,6
1,1,0
4,0,4
1,9,-8
1,0,1
14,5,9
6,0,6
4,1,3
2,0,2
4,0,4
16,2,14
2,3,-1
12,0,12
3,2,1
10,0,10
0,0,0
9,0,9
0,0,0
0,0,0
1,3,-2
16,0,16
0,0,0
1,0,1
5,0,5
0,2,-2
0,1,-1
0,2,-2
2,0,2
2,0,2
6,0,6
1,0,1
2,0,2
13,5,8
2,0,2
1,0,1
10,8,2
11,9,2
0,2,-2
4,15,-11
8,16,-8
1,0,1
14,5,9
0,0,0
6,1,5
2,0,2
10,5,5
1,0,1
18,0,18
3,0,3
10,1,9
8,0,8
18,0,18
3,4,-1
3,4,-1
4,1,3
25,1,24
50,0,50
0,1,-1
1,0,1
2,0,2
8,5,3
4,4,0
1,2,-1
1,0,1
1,0,1
2,0,2
17,4,13
2,0,2
1,2,-1
6,1,5
1,0,1
0,0,0
5,0,5
5,0,5
6,1,5
16,2,14
0,1,-1
0,2,-2
5,0,5
25,0,25
15,3,12
0,0,0
0,0,0
2,0,2
0,0,0
13,0,13
0,0,0
7,0,7
0,0,0
0,0,0
5,7,-2
2,0,2
6,7,-1
15,9,6
8,1,7
9,0,9
5,0,5
0,7,-7
0,0,0
21,3,18
38,0,38
0,0,0
8,0,8
0,0,0
7,1,6
92,2,90
2,0,2
9,9,0
4,0,4
29,4,25
5,3,2
1,0,1
4,7,-3
21,0,21
16,1,15
6,0,6
2,1,1
3,0,3
7,3,4
1,0,1
13,5,8
0,7,-7
2,0,2
48,12,36
20,0,20
0,16,-16
1,0,1
0,0,0
29,0,29
1,1,0
3,7,-4
0,0,0
19,2,17
0,2,-2
1,5,-4
3,0,3
24,3,21
10,0,10
0,1,-1
8,3,5
4,1,3
3,5,-2
1,0,1
20,20,0
13,10,3
19,0,19
7,0,7
7,15,-8
0,0,0
4,4,0
6,0,6
17,13,4
14,5,9
0,0,0
0,0,0
11,1,10
5,2,3
0,0,0
22,11,11
3,3,0
12,0,12
0,0,0
1,0,1
1,0,1
12,1,11
19,1,18
0,0,0
1,0,1
36,0,36
13,0,13
50,17,33
3,0,3
0,0,0
0,0,0
2,0,2
6,1,5
2,1,1
0,0,0
3,0,3
2,7,-5
8,1,7
4,13,-9
2,0,2
3,2,1
18,7,11
12,7,5
5,1,4
0,0,0
3,1,2
1,0,1
0,0,0
5,0,5
3,0,3
1,1,0
0,0,0
0,0,0
8,2,6
1,1,0
8,10,-2
0,0,0
16,14,2
5,3,2
1,0,1
0,0,0
4,0,4
3,4,-1
3,9,-6
11,3,8
2,4,-2
1,0,1
1,4,-3
8,3,5
4,2,2
1,0,1
0,1,-1
23,2,21
5,1,4
11,0,11
2,0,2
4,1,3
38,0,38
10,4,6
5,0,5
0,0,0
6,5,1
2,0,2
1,0,1
1,0,1
5,7,-2
3,0,3
11,7,4
6,3,3
3,0,3
11,0,11
9,9,0
0,0,0
4,0,4
6,6,0
4,2,2
12,3,9
1,0,1
0,0,0
10,10,0
0,0,0
4,0,4
0,0,0
4,0,4
1,0,1
2,3,-1
12,6,6
17,0,17
0,0,0
20,0,20
0,0,0
0,11,-11
5,0,5
0,0,0
1,0,1
0,0,0
10,2,8
4,0,4
0,0,0
0,1,-1
21,3,18
7,6,1
0,0,0
8,4,4
9,1,8
0,0,0
1,0,1
2,1,1
16,1,15
19,0,19
29,29,0
9,0,9
12,2,10
6,0,6
10,1,9
18,16,2
10,2,8
11,0,11
8,14,-6
9,5,4
11,1,10
1,0,1
1,0,1
6,0,6
0,0,0
16,8,8
0,2,-2
2,0,2
0,0,0
4,4,0
4,1,3
0,0,0
3,3,0
3,0,3
13,0,13
1,8,-7
82,0,82
6,0,6
1,0,1
4,0,4
5,0,5
2,0,2
1,4,-3
28,3,25
7,1,6
2,0,2
7,0,7
14,12,2
1,0,1
0,0,0
3,0,3
3,1,2
1,0,1
2,0,2
8,4,4
1,1,0
31,0,31
2,6,-4
3,0,3
4,0,4
0,1,-1
7,1,6
13,0,13
0,2,-2
13,0,13
4,3,1
14,0,14
2,0,2
3,0,3
3,0,3
1,0,1
8,0,8
15,5,10
2,0,2
0,0,0
2,9,-7
3,1,2
5,1,4
0,0,0
2,1,1
2,2,0
5,0,5
8,7,1
0,0,0
3,2,1
2,0,2
12,0,12
2,2,0
9,0,9
1,1,0
0,0,0
2,0,2
3,1,2
0,0,0
9,0,9
0,0,0
9,1,8
4,4,0
0,0,0
1,0,1
0,0,0
3,1,2
2,0,2
6,12,-6
3,1,2
19,0,19
4,0,4
14,3,11
17,13,4
0,0,0
25,0,25
11,0,11
0,0,0
31,0,31
3,0,3
6,4,2
7,2,5
13,0,13
2,3,-1
3,2,1
15,2,13
5,5,0
10,0,10
1,0,1
0,0,0
3,2,1
2,2,0
28,0,28
32,15,17
22,8,14
8,5,3
4,0,4
2,1,1
1,0,1
24,11,13
15,10,5
1,1,0
4,1,3
5,5,0
8,7,1
0,0,0
30,0,30
7,1,6
3,0,3
5,1,4
0,0,0
2,0,2
13,4,9
5,0,5
6,1,5
2,1,1
10,0,10
0,0,0
1,0,1
4,0,4
0,0,0
12,4,8
8,0,8
0,0,0
1,0,1
0,1,-1
9,4,5
1,0,1
7,0,7
12,0,12
2,0,2
5,8,-3
12,0,12
3,0,3
9,8,1
1,0,1
3,0,3
0,21,-21
6,0,6
8,2,6
10,0,10
1,0,1
0,0,0
4,6,-2
3,0,3
2,2,0
9,6,3
4,0,4
4,1,3
2,0,2
10,12,-2
2,0,2
16,10,6
0,3,-3
4,7,-3
12,0,12
4,0,4
11,0,11
6,1,5
0,5,-5
17,18,-1
3,1,2
7,1,6
6,0,6
0,0,0
1,2,-1
0,0,0
16,0,16
0,0,0
1,0,1
0,0,0
1,0,1
1,0,1
4,5,-1
9,1,8
0,0,0
11,2,9
10,2,8
0,0,0
13,2,11
5,0,5
13,1,12
1,12,-11
4,0,4
0,0,0
0,0,0
3,0,3
3,0,3
1,2,-1
8,0,8
1,0,1
0,0,0
10,0,10
3,0,3
20,2,18
0,1,-1
11,7,4
26,0,26
5,1,4
11,9,2
1,0,1
1,0,1
2,0,2
1,0,1
1,0,1
2,0,2
16,0,16
7,1,6
18,0,18
3,2,1
2,1,1
22,1,21
7,3,4
9,1,8
0,0,0
5,0,5
3,1,2
0,0,0
3,5,-2
15,0,15
0,0,0
1,0,1
4,4,0
6,18,-12
0,0,0
22,3,19
0,0,0
0,0,0
9,2,7
14,1,13
5,3,2
0,0,0
5,0,5
4,2,2
2,0,2
2,0,2
23,0,23
1,0,1
0,0,0
37,0,37
0,1,-1
1,0,1
3,0,3
0,1,-1
14,1,13
1,0,1
9,3,6
38,8,30
0,0,0
8,0,8
4,0,4
2,0,2
7,0,7
1,0,1
19,0,19
7,1,6
28,5,23
1,0,1
18,6,12
7,4,3
9,8,1
31,3,28
38,6,32
4,0,4
14,1,13
1,0,1
7,1,6
0,0,0
2,1,1
2,2,0
5,0,5
7,1,6
32,1,31
0,0,0
0,0,0
1,0,1
15,0,15
14,5,9
2,0,2
0,1,-1
3,3,0
1,0,1
3,0,3
2,0,2
56,2,54
14,7,7
18,1,17
0,0,0
1,0,1
0,0,0
7,4,3
7,2,5
2,5,-3
23,2,21
8,1,7
0,0,0
7,7,0
6,0,6
0,2,-2
1,0,1
5,0,5
27,7,20
4,0,4
20,4,16
1,4,-3
10,0,10
4,0,4
19,1,18
10,1,9
1,0,1
3,6,-3
6,1,5
10,1,9
0,0,0
0,0,0
0,0,0
9,1,8
6,0,6
0,0,0
9,0,9
12,1,11
0,2,-2
20,1,19
3,2,1
0,10,-10
8,0,8
2,0,2
89,6,83
2,0,2
35,2,33
0,3,-3
6,9,-3
5,3,2
0,0,0
19,6,13
0,0,0
3,0,3
5,2,3
2,1,1
0,0,0
8,1,7
0,0,0
26,0,26
12,6,6
2,0,2
6,1,5
2,0,2
3,0,3
31,12,19
40,7,33
9,6,3
5,0,5
1,0,1
4,0,4
3,5,-2
26,0,26
5,3,2
0,0,0
0,0,0
3,0,3
4,1,3
8,0,8
11,1,10
15,1,14
0,1,-1
0,0,0
37,0,37
7,6,1
1,2,-1
2,4,-2
2,0,2
0,1,-1
12,4,8
0,3,-3
5,3,2
0,1,-1
2,2,0
11,0,11
4,4,0
1,0,1
0,2,-2
9,9,0
2,5,-3
50,15,35
6,6,0
0,0,0
4,0,4
0,0,0
2,6,-4
0,0,0
1,1,0
1,0,1
0,0,0
1,0,1
4,2,2
11,1,10
1,1,0
3,1,2
0,0,0
0,0,0
0,0,0
1,0,1
0,0,0
3,11,-8
0,0,0
0,1,-1
2,1,1
3,0,3
0,0,0
4,0,4
3,4,-1
27,8,19
4,0,4
2,0,2
6,0,6
7,6,1
0,0,0
1,0,1
0,0,0
1,5,-4
0,0,0
5,0,5
2,0,2
8,0,8
19,1,18
1,0,1
27,1,26
3,1,2
1,9,-8
4,3,1
12,0,12
20,2,18
1,1,0
0,0,0
7,3,4
2,8,-6
9,0,9
9,0,9
0,0,0
0,0,0
3,0,3
5,0,5
9,1,8
11,14,-3
13,5,8
12,4,8
8,0,8
2,1,1
5,0,5
19,7,12
12,5,7
3,2,1
3,2,1
2,0,2
17,0,17
17,3,14
22,10,12
15,0,15
22,7,15
4,7,-3
15,5,10
1,0,1
2,6,-4
14,5,9
7,0,7
2,0,2
6,0,6
2,1,1
9,0,9
6,0,6
6,0,6
11,4,7
1,1,0
46,0,46
4,0,4
3,1,2
4,3,1
5,0,5
17,3,14
1,0,1
1,0,1
14,0,14
3,1,2
59,9,50
11,0,11
0,0,0
4,2,2
18,6,12
1,4,-3
24,2,22
10,0,10
0,1,-1
4,0,4
1,2,-1
14,0,14
4,0,4
9,5,4
7,1,6
4,0,4
3,1,2
0,0,0
0,12,-12
17,1,16
2,0,2
2,1,1
0,0,0
4,8,-4
15,0,15
2,0,2
1,0,1
10,1,9
8,4,4
2,3,-1
0,0,0
25,0,25
9,0,9
15,2,13
1,4,-3
2,4,-2
2,3,-1
1,0,1
10,3,7
10,6,4
7,0,7
32,4,28
9,7,2
0,0,0
20,1,19
5,1,4
0,0,0
13,0,13
3,4,-1
3,0,3
4,0,4
13,0,13
15,2,13
0,0,0
3,6,-3
1,0,1
0,0,0
2,0,2
1,1,0
2,0,2
1,0,1
7,9,-2
8,0,8
1,0,1
35,0,35
21,0,21
3,6,-3
0,0,0
12,4,8
4,3,1
0,0,0
1,1,0
0,0,0
80,0,80
1,0,1
2,0,2
9,14,-5
4,0,4
1,0,1
1,9,-8
3,4,-1
0,0,0
6,2,4
6,0,6
0,0,0
5,2,3
0,0,0
1,0,1
0,0,0
0,0,0
17,0,17
0,0,0
1,2,-1
0,1,-1
28,15,13
12,3,9
7,2,5
1,1,0
7,0,7
1,0,1
3,1,2
6,0,6
0,0,0
5,2,3
11,3,8
0,0,0
6,0,6
3,0,3
2,0,2
1,0,1
32,0,32
0,0,0
1,0,1
2,0,2
2,0,2
8,0,8
13,0,13
13,6,7
0,0,0
2,2,0
5,5,0
12,1,11
2,2,0
0,0,0
0,0,0
1,4,-3
3,0,3
20,0,20
8,4,4
0,0,0
1,2,-1
11,2,9
2,5,-3
0,0,0
1,0,1
2,0,2
3,6,-3
2,0,2
7,3,4
6,0,6
2,3,-1
3,0,3
0,0,0
0,0,0
29,8,21
0,2,-2
26,5,21
2,1,1
11,10,1
17,2,15
15,2,13
1,5,-4
14,0,14
36,0,36
0,0,0
7,0,7
60,17,43
1,1,0
2,0,2
1,0,1
2,0,2
1,10,-9
1,7,-6
4,1,3
7,3,4
1,0,1
0,0,0
4,1,3
52,3,49
0,0,0
0,0,0
18,1,17
10,3,7
1,0,1
19,0,19
4,0,4
4,4,0
0,0,0
3,2,1
6,0,6
8,12,-4
1,1,0
1,0,1
6,0,6
26,0,26
5,1,4
1,0,1
4,0,4
8,0,8
0,0,0
0,0,0
18,0,18
2,0,2
10,1,9
6,1,5
7,2,5
5,0,5
5,1,4
0,0,0
12,0,12
6,15,-9
8,3,5
12,0,12
1,3,-2
8,1,7
1,0,1
1,0,1
5,3,2
10,5,5
3,4,-1
0,0,0
0,1,-1
16,9,7
14,3,11
1,0,1
2,3,-1
8,0,8
6,0,6
1,0,1
5,0,5
6,2,4
17,2,15
1,0,1
0,0,0
6,12,-6
0,4,-4
6,9,-3
2,10,-8
2,0,2
12,2,10
2,0,2
6,0,6
0,0,0
2,0,2
3,0,3
22,0,22
0,0,0
2,2,0
6,0,6
0,0,0
6,6,0
5,0,5
7,8,-1
3,0,3
9,0,9
0,0,0
34,15,19
2,1,1
6,3,3
10,2,8
19,0,19
17,0,17
0,0,0
0,0,0
34,2,32
1,0,1
10,1,9
0,0,0
16,2,14
2,0,2
1,0,1
24,0,24
0,0,0
15,5,10
1,1,0
2,0,2
1,0,1
5,2,3
1,0,1
1,5,-4
2,0,2
1,0,1
3,0,3
2,0,2
21,12,9
19,2,17
14,0,14
16,0,16
4,1,3
5,0,5
13,1,12
25,1,24
11,8,3
11,2,9
8,0,8
1,0,1
5,7,-2
1,1,0
3,0,3
2,0,2
7,2,5
0,0,0
4,1,3
0,0,0
21,0,21
20,1,19
19,0,19
1,0,1
3,0,3
0,0,0
0,0,0
1,1,0
1,0,1
10,6,4
19,1,18
3,0,3
6,3,3
0,1,-1
2,2,0
3,6,-3
19,0,19
1,2,-1
20,0,20
1,1,0
5,1,4
15,1,14
3,3,0
12,6,6
14,2,12
0,0,0
0,0,0
4,5,-1
0,0,0
4,0,4
4,0,4
1,2,-1
1,0,1
0,4,-4
0,0,0
2,0,2
0,0,0
10,0,10
0,0,0
1,0,1
0,0,0
1,0,1
1,0,1
14,2,12
11,2,9
18,0,18
7,7,0
3,0,3
2,1,1
0,0,0
10,0,10
0,0,0
1,5,-4
15,2,13
61,0,61
27,18,9
1,3,-2
7,0,7
20,3,17
11,2,9
4,0,4
18,1,17
0,1,-1
8,0,8
3,0,3
0,0,0
0,0,0
5,11,-6
5,0,5
3,4,-1
2,0,2
2,0,2
6,6,0
5,0,5
1,0,1
0,0,0
1,0,1
12,0,12
12,0,12
0,1,-1
25,0,25
39,8,31
6,1,5
7,4,3
10,0,10
18,2,16
3,1,2
0,2,-2
4,0,4
4,0,4
34,0,34
3,6,-3
0,0,0
0,1,-1
1,2,-1
1,2,-1
1,0,1
1,4,-3
2,0,2
8,0,8
0,0,0
3,0,3
3,0,3
21,0,21
1,0,1
2,0,2
0,1,-1
6,0,6
1,0,1
2,0,2
10,1,9
3,1,2
8,1,7
6,6,0
2,0,2
2,9,-7
5,4,1
0,0,0
8,0,8
9,0,9
3,0,3
0,0,0
3,0,3
1,1,0
2,0,2
9,7,2
4,0,4
4,1,3
0,0,0
7,1,6
0,0,0
4,0,4
0,0,0
4,13,-9
6,2,4
10,0,10
1,0,1
13,2,11
1,1,0
7,0,7
11,1,10
4,5,-1
2,0,2
1,6,-5
0,0,0
9,0,9
8,0,8
4,0,4
5,0,5
0,0,0
24,20,4
11,11,0
1,1,0
4,0,4
24,2,22
11,0,11
10,7,3
7,2,5
0,0,0
8,2,6
40,2,38
2,0,2
0,4,-4
4,1,3
5,1,4
1,0,1
16,0,16
17,25,-8
0,1,-1
32,0,32
9,0,9
12,0,12
8,9,-1
7,1,6
1,0,1
4,0,4
55,1,54
14,2,12
12,1,11
3,0,3
53,0,53
0,18,-18
2,0,2
17,1,16
8,8,0
6,0,6
16,9,7
11,7,4
13,0,13
3,1,2
0,4,-4
12,0,12
20,6,14
1,1,0
5,0,5
13,8,5
6,5,1
12,2,10
0,0,0
0,0,0
0,1,-1
1,0,1
2,6,-4
3,1,2
18,6,12
4,1,3
14,1,13
19,1,18
4,3,1
3,11,-8
11,1,10
23,0,23
0,0,0
0,0,0
7,5,2
0,0,0
1,0,1
0,0,0
3,2,1
5,0,5
0,0,0
1,0,1
23,11,12
7,4,3
1,1,0
31,10,21
0,0,0
5,0,5
1,0,1
2,0,2
5,0,5
1,0,1
9,0,9
4,0,4
7,2,5
12,5,7
7,2,5
16,1,15
9,3,6
0,0,0
2,2,0
24,2,22
2,2,0
4,0,4
1,0,1
16,2,14
1,0,1
2,0,2
1,0,1
0,2,-2
1,0,1
1,0,1
0,0,0
6,5,1
1,0,1
7,7,0
1,1,0
3,1,2
0,0,0
3,2,1
1,0,1
3,2,1
3,0,3
0,0,0
0,1,-1
2,10,-8
17,18,-1
0,2,-2
7,0,7
5,2,3
4,0,4
15,0,15
12,8,4
1,0,1
1,0,1
18,8,10
1,0,1
19,6,13
5,0,5
16,2,14
10,2,8
1,0,1
0,3,-3
1,2,-1
0,0,0
15,2,13
2,0,2
15,3,12
0,1,-1
9,1,8
1,0,1
3,4,-1
6,3,3
12,0,12
1,0,1
1,0,1
6,5,1
0,0,0
5,4,1
5,2,3
12,0,12
3,0,3
1,0,1
9,0,9
12,0,12
0,0,0
0,0,0
0,0,0
11,26,-15
5,9,-4
39,2,37
25,9,16
9,3,6
9,0,9
1,1,0
3,4,-1
0,0,0
0,0,0
1,0,1
1,9,-8
0,0,0
0,0,0
1,0,1
5,1,4
8,0,8
1,0,1
9,8,1
1,1,0
2,0,2
2,0,2
8,4,4
0,0,0
0,1,-1
4,0,4
4,4,0
37,11,26
28,4,24
9,3,6
6,6,0
16,4,12
0,2,-2
15,0,15
7,1,6
1,0,1
12,3,9
3,0,3
4,0,4
4,4,0
6,0,6
0,0,0
5,3,2
24,0,24
9,0,9
11,11,0
6,3,3
9,0,9
1,0,1
20,4,16
1,1,0
5,0,5
11,0,11
3,0,3
0,1,-1
0,0,0
3,0,3
0,0,0
0,0,0
1,0,1
6,5,1
12,3,9
4,7,-3
11,0,11
0,0,0
3,1,2
0,0,0
3,2,1
1,3,-2
0,0,0
3,4,-1
12,8,4
6,0,6
0,0,0
32,2,30
22,4,18
7,1,6
0,0,0
12,0,12
2,0,2
5,0,5
1,0,1
19,0,19
0,0,0
8,11,-3
3,0,3
0,0,0
2,2,0
3,5,-2
0,0,0
0,0,0
5,0,5
6,2,4
4,0,4
13,0,13
0,1,-1
1,3,-2
3,1,2
14,7,7
21,6,15
3,5,-2
1,0,1
7,4,3
5,1,4
3,0,3
0,0,0
5,1,4
15,3,12
8,0,8
13,0,13
24,24,0
36,20,16
8,0,8
2,1,1
14,0,14
14,0,14
1,3,-2
4,0,4
8,0,8
6,5,1
15,2,13
15,5,10
0,0,0
3,0,3
1,0,1
2,1,1
1,0,1
1,0,1
8,0,8
5,0,5
4,1,3
11,28,-17
23,0,23
10,0,10
14,0,14
2,0,2
7,7,0
5,9,-4
3,0,3
8,1,7
1,2,-1
5,4,1
5,0,5
9,0,9
3,0,3
9,8,1
1,1,0
2,0,2
7,3,4
1,0,1
0,4,-4
1,0,1
5,9,-4
27,4,23
4,0,4
1,3,-2
4,0,4
108,5,103
51,5,46
7,1,6
1,0,1
2,1,1
5,0,5
1,0,1
7,0,7
0,0,0
9,1,8
8,0,8
7,2,5
1,0,1
4,1,3
5,1,4
0,0,0
4,4,0
8,8,0
0,3,-3
0,0,0
15,0,15
9,2,7
12,5,7
4,3,1
0,6,-6
7,6,1
1,0,1
0,0,0
23,10,13
2,1,1
0,0,0
4,2,2
9,0,9
0,0,0
5,0,5
1,0,1
7,0,7
1,0,1
6,7,-1
1,0,1
0,0,0
0,0,0
1,0,1
9,2,7
8,3,5
0,0,0
1,0,1
4,10,-6
19,3,16
1,0,1
3,0,3
35,6,29
3,0,3
2,0,2
5,5,0
1,3,-2
25,0,25
0,0,0
4,5,-1
11,0,11
7,1,6
1,0,1
15,13,2
0,0,0
2,0,2
5,0,5
1,0,1
16,0,16
5,0,5
1,0,1
1,2,-1
1,4,-3
8,7,1
24,6,18
13,1,12
13,0,13
9,1,8
1,0,1
3,0,3
18,0,18
7,4,3
1,0,1
2,1,1
3,1,2
5,0,5
3,1,2
12,3,9
6,1,5
4,3,1
2,2,0
1,0,1
22,2,20
5,2,3
0,0,0
7,0,7
0,1,-1
8,5,3
0,0,0
1,0,1
0,1,-1
5,0,5
2,0,2
5,4,1
8,8,0
9,3,6
0,0,0
2,0,2
6,1,5
0,0,0
1,0,1
3,2,1
2,0,2
9,6,3
28,0,28
4,4,0
21,5,16
4,0,4
5,6,-1
2,0,2
0,0,0
12,17,-5
10,4,6
8,11,-3
2,1,1
4,2,2
3,0,3
9,0,9
0,0,0
4,8,-4
7,2,5
4,1,3
9,0,9
4,4,0
22,0,22
0,0,0
6,5,1
3,0,3
1,0,1
4,0,4
0,0,0
4,0,4
9,2,7
4,2,2
17,0,17
0,0,0
4,0,4
14,0,14
2,0,2
5,5,0
0,0,0
2,2,0
2,4,-2
4,0,4
5,1,4
11,0,11
2,2,0
15,0,15
2,3,-1
6,11,-5
3,4,-1
7,0,7
9,3,6
25,0,25
0,0,0
0,0,0
0,0,0
0,0,0
4,3,1
2,0,2
2,0,2
6,0,6
11,0,11
1,1,0
2,0,2
0,0,0
6,1,5
1,0,1
5,1,4
26,1,25
0,11,-11
6,0,6
7,3,4
0,0,0
3,0,3
1,1,0
8,4,4
2,1,1
1,0,1
0,0,0
0,0,0
1,0,1
0,0,0
9,20,-11
2,0,2
3,0,3
9,0,9
5,2,3
1,0,1
4,20,-16
0,0,0
5,0,5
8,9,-1
0,0,0
0,0,0
2,0,2
5,2,3
0,0,0
11,12,-1
3,1,2
2,0,2
0,0,0
1,0,1
21,0,21
0,0,0
0,3,-3
3,0,3
0,0,0
51,0,51
12,0,12
8,3,5
5,0,5
7,0,7
2,0,2
1,0,1
0,0,0
42,29,13
17,5,12
11,16,-5
7,0,7
3,2,1
3,1,2
0,0,0
8,8,0
2,0,2
0,0,0
1,0,1
4,0,4
0,1,-1
17,1,16
0,0,0
8,8,0
24,4,20
2,0,2
16,0,16
19,6,13
0,0,0
2,0,2
6,1,5
48,0,48
1,0,1
1,0,1
4,0,4
1,2,-1
13,0,13
10,4,6
7,0,7
7,0,7
0,0,0
9,2,7
3,0,3
2,0,2
2,2,0
0,0,0
5,5,0
7,7,0
4,1,3
18,6,12
23,10,13
0,0,0
19,1,18
0,0,0
0,0,0
5,0,5
13,8,5
40,13,27
7,0,7
6,12,-6
6,1,5
0,0,0
5,0,5
1,0,1
3,0,3
13,6,7
14,4,10
2,5,-3
2,0,2
0,1,-1
1,0,1
9,1,8
1,0,1
6,8,-2
8,0,8
8,4,4
12,0,12
0,2,-2
4,0,4
0,2,-2
0,0,0
8,2,6
13,9,4
1,0,1
0,0,0
2,0,2
4,3,1
9,0,9
12,3,9
0,0,0
1,4,-3
4,4,0
2,0,2
34,3,31
0,0,0
1,0,1
6,0,6
14,0,14
5,0,5
5,0,5
3,1,2
2,0,2
3,1,2
2,4,-2
17,5,12
0,3,-3
1,0,1
16,2,14
8,1,7
1,0,1
4,0,4
3,0,3
11,4,7
4,7,-3
1,0,1
15,2,13
6,6,0
19,10,9
2,0,2
0,0,0
5,0,5
4,1,3
7,0,7
2,0,2
12,6,6
0,0,0
9,14,-5
3,0,3
1,0,1
31,0,31
0,0,0
13,0,13
0,6,-6
1,0,1
1,0,1
3,1,2
0,0,0
4,0,4
5,1,4
2,0,2
26,6,20
1,2,-1
14,1,13
6,0,6
0,0,0
0,0,0
0,0,0
28,5,23
2,0,2
7,0,7
2,0,2
9,0,9
0,0,0
0,0,0
0,0,0
7,0,7
1,2,-1
8,2,6
2,3,-1
20,7,13
29,10,19
10,0,10
0,0,0
0,0,0
14,1,13
9,0,9
16,2,14
4,4,0
1,0,1
0,1,-1
0,0,0
3,0,3
0,0,0
2,0,2
1,0,1
1,0,1
18,0,18
6,3,3
4,2,2
8,0,8
1,0,1
11,9,2
0,0,0
1,1,0
0,0,0
10,6,4
5,1,4
0,2,-2
34,1,33
19,3,16
0,0,0
3,0,3
21,14,7
6,1,5
64,4,60
0,0,0
11,2,9
2,2,0
4,0,4
7,6,1
1,0,1
5,0,5
11,6,5
54,0,54
10,1,9
5,4,1
0,5,-5
0,0,0
2,0,2
4,4,0
7,2,5
6,6,0
0,0,0
1,0,1
8,12,-4
4,7,-3
4,0,4
9,0,9
0,1,-1
3,10,-7
1,0,1
1,0,1
1,0,1
1,2,-1
6,2,4
0,0,0
9,0,9
9,0,9
0,0,0
8,0,8
0,0,0
0,1,-1
5,5,0
33,1,32
2,0,2
6,0,6
47,0,47
7,0,7
2,1,1
9,1,8
2,0,2
12,12,0
0,0,0
1,2,-1
1,0,1
0,0,0
1,6,-5
12,0,12
4,0,4
3,0,3
27,0,27
0,0,0
1,0,1
9,1,8
0,1,-1
4,18,-14
1,0,1
13,0,13
6,0,6
10,5,5
1,1,0
1,0,1
5,1,4
0,1,-1
1,0,1
6,7,-1
4,3,1
14,2,12
5,0,5
1,0,1
0,0,0
1,0,1
7,2,5
4,2,2
0,0,0
5,0,5
0,2,-2
2,2,0
3,0,3
8,0,8
16,11,5
26,0,26
1,2,-1
2,9,-7
4,0,4
1,0,1
1,0,1
30,5,25
16,1,15
0,0,0
0,0,0
0,0,0
0,0,0
0,0,0
5,1,4
1,0,1
0,0,0
6,5,1
25,2,23
1,0,1
0,1,-1
4,0,4
1,0,1
2,0,2
34,2,32
4,0,4
1,1,0
3,1,2
2,0,2
1,0,1
9,5,4
1,0,1
1,0,1
6,1,5
3,0,3
43,2,41
2,0,2
10,4,6
0,0,0
1,0,1
40,2,38
18,10,8
2,0,2
20,2,18
0,0,0
4,3,1
0,0,0
4,1,3
4,4,0
0,0,0
3,0,3
2,2,0
2,0,2
2,0,2
13,1,12
1,0,1
1,0,1
8,0,8
0,0,0
24,0,24
2,0,2
7,2,5
7,2,5
29,0,29
1,1,0
29,29,0
16,17,-1
12,2,10
11,7,4
12,3,9
2,0,2
11,3,8
1,0,1
5,0,5
3,0,3
1,0,1
0,0,0
65,2,63
1,0,1
7,7,0
0,0,0
20,8,12
18,6,12
20,0,20
2,0,2
0,0,0
15,2,13
23,4,19
2,0,2
7,0,7
9,2,7
4,1,3
11,1,10
2,3,-1
2,0,2
0,0,0
3,0,3
1,0,1
45,12,33
0,3,-3
0,20,-20
2,0,2
1,0,1
2,0,2
1,1,0
3,3,0
4,0,4
0,0,0
9,1,8
11,0,11
0,0,0
5,2,3
4,1,3
8,0,8
17,7,10
17,1,16
5,4,1
0,0,0
2,0,2
11,21,-10
9,0,9
0,1,-1
0,0,0
2,0,2
1,0,1
11,7,4
7,0,7
7,0,7
0,0,0
3,3,0
0,1,-1
17,0,17
5,13,-8
15,6,9
0,3,-3
6,0,6
11,0,11
2,1,1
7,0,7
9,0,9
16,2,14
0,0,0
0,0,0
0,0,0
6,3,3
4,4,0
2,0,2
18,0,18
0,0,0
1,0,1
1,0,1
1,0,1
5,5,0
0,1,-1
0,0,0
8,10,-2
5,0,5
0,0,0
0,5,-5
0,0,0
8,2,6
19,0,19
90,5,85
10,0,10
6,2,4
1,2,-1
2,0,2
3,8,-5
7,1,6
2,2,0
2,0,2
6,0,6
0,0,0
5,2,3
12,1,11
6,7,-1
9,6,3
0,0,0
0,0,0
0,0,0
14,0,14
2,1,1
1,0,1
1,0,1
1,0,1
10,4,6
1,2,-1
1,0,1
2,0,2
10,10,0
11,1,10
9,0,9
10,2,8
10,9,1
6,4,2
10,10,0
0,0,0
5,0,5
0,2,-2
13,2,11
10,0,10
0,0,0
2,1,1
19,5,14
44,0,44
3,1,2
0,0,0
3,0,3
1,0,1
10,3,7
0,0,0
8,2,6
5,1,4
2,1,1
0,0,0
7,0,7
4,0,4
4,0,4
25,12,13
1,0,1
14,1,13
3,0,3
9,0,9
7,0,7
8,7,1
22,4,18
0,0,0
7,4,3
3,0,3
4,0,4
1,4,-3
13,1,12
23,10,13
7,0,7
11,5,6
12,0,12
6,4,2
4,3,1
3,1,2
22,2,20
4,12,-8
2,15,-13
22,1,21
22,0,22
0,0,0
1,4,-3
3,1,2
0,0,0
1,0,1
0,0,0
1,0,1
6,9,-3
6,0,6
1,0,1
6,0,6
14,6,8
3,2,1
8,0,8
1,8,-7
10,4,6
0,0,0
3,3,0
0,0,0
1,3,-2
3,0,3
3,0,3
1,0,1
2,0,2
24,8,16
6,0,6
1,0,1
0,0,0
3,3,0
5,0,5
24,5,19
8,6,2
13,7,6
6,2,4
5,1,4
10,3,7
3,1,2
10,1,9
1,0,1
1,0,1
5,1,4
8,0,8
10,0,10
14,0,14
0,0,0
22,9,13
6,0,6
1,1,0
7,0,7
8,0,8
8,0,8
11,1,10
2,2,0
0,0,0
2,0,2
1,0,1
15,0,15
12,9,3
0,0,0
14,0,14
3,0,3
8,8,0
0,0,0
4,6,-2
12,0,12
2,3,-1
5,0,5
1,0,1
3,0,3
8,0,8
2,0,2
24,1,23
1,0,1
3,5,-2
1,0,1
2,0,2
0,0,0
8,0,8
1,0,1
1,0,1
1,4,-3
4,0,4
4,0,4
1,0,1
8,3,5
8,1,7
5,3,2
10,8,2
0,0,0
7,1,6
4,0,4
4,0,4
1,2,-1
5,0,5
0,0,0
0,1,-1
1,0,1
4,1,3
0,0,0
5,0,5
7,0,7
1,1,0
3,0,3
8,0,8
0,0,0
0,0,0
4,0,4
2,3,-1
1,0,1
0,0,0
0,0,0
0,0,0
26,3,23
2,0,2
4,0,4
0,0,0
11,5,6
0,8,-8
0,0,0
5,5,0
0,0,0
11,2,9
2,0,2
7,0,7
0,0,0
52,33,19
3,0,3
8,10,-2
3,2,1
40,1,39
21,6,15
0,0,0
9,10,-1
12,2,10
0,0,0
32,6,26
4,0,4
4,0,4
1,1,0
0,0,0
16,11,5
18,0,18
8,8,0
10,5,5
1,0,1
0,0,0
16,11,5
39,0,39
1,0,1
0,8,-8
4,10,-6
14,0,14
2,0,2
4,0,4
0,4,-4
3,1,2
8,0,8
5,2,3
21,9,12
2,1,1
5,0,5
9,4,5
16,10,6
0,0,0
1,0,1
15,8,7
0,0,0
4,12,-8
0,0,0
1,3,-2
7,6,1
19,5,14
5,5,0
8,3,5
5,2,3
21,13,8
2,0,2
1,0,1
29,11,18
7,23,-16
4,4,0
0,0,0
3,0,3
0,1,-1
35,1,34
8,7,1
3,0,3
4,1,3
0,0,0
21,0,21
1,2,-1
1,0,1
3,6,-3
8,2,6
31,1,30
42,13,29
0,2,-2
2,0,2
2,1,1
2,0,2
3,3,0
9,1,8
0,0,0
0,0,0
1,2,-1
12,1,11
0,0,0
4,0,4
10,1,9
1,0,1
1,0,1
7,0,7
0,0,0
14,6,8
1,0,1
0,0,0
0,9,-9
1,0,1
0,0,0
0,0,0
17,1,16
1,0,1
0,0,0
10,18,-8
1,0,1
5,0,5
7,10,-3
11,0,11
30,22,8
2,5,-3
22,13,9
12,1,11
22,0,22
3,6,-3
9,6,3
3,6,-3
5,0,5
3,0,3
1,2,-1
5,13,-8
1,0,1
1,0,1
11,10,1
4,5,-1
8,0,8
3,0,3
1,1,0
14,13,1
1,0,1
9,0,9
9,0,9
27,2,25
1,0,1
8,4,4
9,3,6
10,0,10
12,2,10
3,0,3
3,3,0
1,0,1
60,10,50
11,0,11
2,0,2
7,7,0
5,4,1
2,3,-1
0,1,-1
4,1,3
2,0,2
0,0,0
30,0,30
7,6,1
1,1,0
0,0,0
24,0,24
1,3,-2
7,7,0
3,1,2
0,0,0
1,0,1
2,2,0
7,0,7
13,0,13
2,3,-1
6,0,6
12,10,2
0,0,0
5,3,2
1,0,1
1,1,0
2,0,2
5,17,-12
2,0,2
1,0,1
8,0,8
0,0,0
1,1,0
8,0,8
2,0,2
6,4,2
6,1,5
3,0,3
6,3,3
6,6,0
21,0,21
2,1,1
3,0,3
40,3,37
8,2,6
0,0,0
0,0,0
1,0,1
0,0,0
6,0,6
2,5,-3
4,1,3
16,0,16
0,0,0
7,3,4
2,1,1
0,2,-2
2,0,2
1,0,1
1,0,1
31,3,28
14,2,12
6,0,6
1,0,1
3,0,3
0,0,0
9,7,2
1,2,-1
10,0,10
6,2,4
31,2,29
2,0,2
19,10,9
5,0,5
3,0,3
0,0,0
2,0,2
8,0,8
0,0,0
1,5,-4
4,0,4
15,2,13
11,11,0
3,6,-3
6,0,6
7,4,3
1,0,1
0,0,0
5,8,-3
0,0,0
3,0,3
0,0,0
10,1,9
7,1,6
1,0,1
25,1,24
3,1,2
0,0,0
10,0,10
1,5,-4
14,0,14
0,0,0
10,10,0
15,2,13
11,1,10
2,0,2
4,0,4
10,0,10
4,1,3
5,0,5
0,0,0
0,0,0
0,0,0
4,18,-14
1,0,1
19,6,13
12,22,-10
22,0,22
0,4,-4
0,0,0
1,0,1
4,0,4
7,0,7
9,5,4
29,2,27
2,0,2
19,2,17
17,0,17
8,5,3
5,0,5
17,10,7
12,6,6
10,9,1
3,0,3
0,1,-1
10,10,0
0,5,-5
1,1,0
12,1,11
3,0,3
25,10,15
3,0,3
0,0,0
2,4,-2
1,0,1
3,0,3
19,0,19
1,0,1
0,0,0
0,0,0
5,0,5
1,0,1
6,0,6
15,5,10
32,0,32
3,0,3
0,0,0
17,0,17
2,2,0
0,3,-3
13,2,11
6,0,6
23,0,23
5,2,3
5,0,5
0,0,0
13,0,13
47,3,44
1,0,1
8,4,4
1,0,1
0,0,0
8,1,7
8,3,5
7,0,7
4,1,3
1,0,1
7,0,7
7,0,7
11,3,8
2,0,2
11,0,11
0,0,0
0,0,0
5,0,5
14,1,13
1,0,1
29,1,28
28,0,28
3,0,3
3,1,2
15,2,13
10,10,0
3,0,3
4,6,-2
8,0,8
7,4,3
0,0,0
16,1,15
6,0,6
7,0,7
6,0,6
1,0,1
0,0,0
54,0,54
11,1,10
1,1,0
4,0,4
3,1,2
5,0,5
10,5,5
0,2,-2
0,1,-1
4,0,4
12,0,12
1,1,0
12,1,11
1,0,1
0,0,0
2,1,1
37,0,37
4,0,4
1,1,0
11,0,11
3,0,3
0,0,0
14,2,12
15,0,15
7,1,6
2,0,2
0,0,0
30,4,26
0,0,0
0,0,0
27,0,27
4,1,3
1,0,1
0,0,0
7,1,6
26,0,26
6,0,6
0,0,0
4,0,4
3,18,-15
4,4,0
2,0,2
11,1,10
2,0,2
18,14,4
27,0,27
0,0,0
34,3,31
10,1,9
0,0,0
6,1,5
3,0,3
13,4,9
30,1,29
3,0,3
0,0,0
0,0,0
2,1,1
1,0,1
1,1,0
0,0,0
2,0,2
1,3,-2
16,1,15
1,1,0
33,11,22
1,0,1
6,2,4
1,0,1
6,7,-1
4,0,4
0,0,0
0,0,0
12,0,12
3,1,2
28,33,-5
10,0,10
39,1,38
9,4,5
6,4,2
4,4,0
5,1,4
10,8,2
0,0,0
3,0,3
7,5,2
23,8,15
0,0,0
0,0,0
7,0,7
1,0,1
0,0,0
1,0,1
7,2,5
1,9,-8
1,0,1
18,4,14
2,1,1
2,0,2
2,6,-4
0,0,0
3,1,2
0,0,0
2,1,1
4,1,3
0,0,0
1,1,0
4,0,4
2,2,0
31,7,24
0,0,0
1,0,1
6,0,6
6,0,6
3,3,0
10,0,10
4,0,4
2,0,2
19,14,5
19,0,19
8,0,8
3,3,0
5,5,0
11,5,6
12,0,12
8,0,8
10,0,10
7,0,7
6,0,6
0,0,0
7,0,7
3,1,2
43,0,43
4,3,1
7,0,7
0,0,0
8,8,0
9,0,9
0,0,0
3,0,3
3,1,2
1,0,1
0,0,0
9,0,9
0,3,-3
2,0,2
13,4,9
0,9,-9
1,0,1
8,8,0
1,0,1
6,0,6
23,4,19
7,1,6
1,0,1
1,0,1
1,2,-1
53,1,52
2,1,1
0,0,0
17,0,17
4,3,1
2,0,2
9,4,5
0,0,0
9,9,0
0,0,0
11,4,7
4,0,4
4,0,4
17,0,17
0,0,0
0,0,0
21,3,18
28,0,28
0,3,-3
1,0,1
7,1,6
0,0,0
0,0,0
9,0,9
0,0,0
21,2,19
20,0,20
38,6,32
4,1,3
0,0,0
2,0,2
12,1,11
5,5,0
6,0,6
5,0,5
1,0,1
8,1,7
2,0,2
0,0,0
18,5,13
1,0,1
6,2,4
7,12,-5
6,10,-4
0,1,-1
2,0,2
4,1,3
15,1,14
2,1,1
10,0,10
0,0,0
2,0,2
2,0,2
2,7,-5
5,1,4
1,1,0
10,0,10
16,10,6
0,0,0
4,0,4
6,0,6
13,4,9
0,0,0
1,8,-7
1,0,1
1,0,1
0,0,0
1,0,1
23,4,19
1,0,1
17,0,17
0,0,0
2,0,2
7,0,7
10,0,10
4,0,4
1,0,1
4,0,4
0,0,0
25,5,20
2,0,2
8,0,8
6,0,6
4,17,-13
1,5,-4
7,0,7
4,2,2
0,0,0
9,3,6
5,4,1
2,3,-1
16,12,4
2,2,0
4,8,-4
0,0,0
15,10,5
2,0,2
0,0,0
11,0,11
18,0,18
11,5,6
1,0,1
22,12,10
3,0,3
9,0,9
5,3,2
0,0,0
20,0,20
2,5,-3
0,0,0
5,5,0
12,2,10
13,10,3
5,0,5
4,2,2
6,0,6
2,0,2
11,6,5
0,13,-13
32,8,24
11,2,9
11,5,6
16,3,13
14,4,10
4,2,2
3,0,3
5,1,4
17,0,17
8,1,7
7,1,6
3,19,-16
12,0,12
3,1,2
0,0,0
7,3,4
2,4,-2
1,3,-2
7,1,6
8,3,5
0,0,0
5,0,5
3,0,3
0,0,0
80,13,67
3,0,3
7,10,-3
27,4,23
6,6,0
4,7,-3
2,2,0
2,0,2
0,0,0
1,0,1
10,2,8
23,0,23
2,0,2
5,16,-11
5,0,5
3,9,-6
8,0,8
0,0,0
11,5,6
0,0,0
1,28,-27
8,0,8
2,0,2
2,3,-1
1,1,0
15,0,15
0,0,0
11,0,11
10,0,10
1,9,-8
1,1,0
0,0,0
13,1,12
7,0,7
0,0,0
1,0,1
7,1,6
0,0,0
0,0,0
7,5,2
28,3,25
14,2,12
5,3,2
3,0,3
0,0,0
4,0,4
2,0,2
4,1,3
2,1,1
14,1,13
13,12,1
12,0,12
1,0,1
0,0,0
13,0,13
0,3,-3
4,9,-5
21,0,21
0,0,0
4,1,3
10,5,5
12,0,12
11,0,11
0,1,-1
5,0,5
0,0,0
0,0,0
0,9,-9
0,0,0
0,0,0
8,0,8
6,2,4
20,0,20
4,6,-2
0,8,-8
35,7,28
0,0,0
6,4,2
7,0,7
0,0,0
0,0,0
13,13,0
9,3,6
5,0,5
0,0,0
11,1,10
18,13,5
7,0,7
0,0,0
47,2,45
24,1,23
53,16,37
0,0,0
12,0,12
3,0,3
0,0,0
2,9,-7
7,2,5
1,0,1
0,0,0
5,0,5
16,0,16
3,0,3
2,2,0
4,0,4
13,4,9
13,6,7
1,0,1
5,0,5
1,8,-7
31,0,31
2,0,2
4,0,4
7,4,3
6,3,3
5,2,3
5,1,4
0,1,-1
1,1,0
12,8,4
9,12,-3
0,0,0
2,0,2
7,0,7
2,3,-1
0,0,0
2,0,2
1,1,0
5,0,5
0,1,-1
0,0,0
4,2,2
2,0,2
11,10,1
3,0,3
4,1,3
14,9,5
22,15,7
2,2,0
0,0,0
16,0,16
24,20,4
0,0,0
0,0,0
2,1,1
4,0,4
4,1,3
3,2,1
1,0,1
7,0,7
12,0,12
24,0,24
27,13,14
4,4,0
11,6,5
23,0,23
12,0,12
1,0,1
3,2,1
0,0,0
7,6,1
3,0,3
0,0,0
0,0,0
0,0,0
12,5,7
8,8,0
1,1,0
0,0,0
0,1,-1
3,2,1
16,20,-4
1,2,-1
13,0,13
1,0,1
0,0,0
12,1,11
16,2,14
24,0,24
1,1,0
6,1,5
0,0,0
0,0,0
3,0,3
5,2,3
3,2,1
1,1,0
2,0,2
0,0,0
0,1,-1
7,2,5
0,0,0
0,0,0
6,3,3
3,2,1
0,0,0
0,0,0
18,2,16
0,0,0
5,0,5
0,1,-1
10,1,9
19,5,14
2,5,-3
5,0,5
7,0,7
16,1,15
18,0,18
9,5,4
11,0,11
8,11,-3
1,0,1
0,7,-7
1,1,0
1,0,1
12,1,11
4,0,4
2,1,1
2,4,-2
1,0,1
3,0,3
9,1,8
3,3,0
4,0,4
25,0,25
12,9,3
1,0,1
0,0,0
0,2,-2
4,13,-9
0,0,0
1,0,1
8,1,7
3,0,3
2,2,0
6,0,6
2,0,2
5,0,5
18,5,13
4,0,4
40,2,38
37,10,27
10,3,7
6,0,6
2,5,-3
8,0,8
8,1,7
2,0,2
1,0,1
3,2,1
1,1,0
5,4,1
9,4,5
3,0,3
2,0,2
1,5,-4
0,0,0
37,7,30
0,0,0
6,0,6
0,1,-1
4,0,4
2,0,2
0,2,-2
0,0,0
8,3,5
1,0,1
0,0,0
1,0,1
5,0,5
0,0,0
3,0,3
0,0,0
0,2,-2
5,1,4
2,0,2
23,0,23
7,10,-3
4,5,-1
6,2,4
7,0,7
25,2,23
0,1,-1
3,4,-1
0,0,0
2,0,2
3,0,3
2,0,2
32,28,4
4,1,3
2,2,0
1,1,0
4,0,4
6,4,2
22,9,13
20,18,2
15,3,12
4,5,-1
0,0,0
4,1,3
5,3,2
6,4,2
4,0,4
0,0,0
6,0,6
7,3,4
3,1,2
7,2,5
15,0,15
2,0,2
0,1,-1
5,10,-5
2,2,0
8,0,8
3,0,3
61,0,61
7,0,7
9,1,8
3,5,-2
16,5,11
18,15,3
3,2,1
1,5,-4
5,0,5
0,2,-2
13,0,13
7,7,0
0,0,0
89,4,85
13,0,13
5,2,3
14,0,14
0,0,0
2,5,-3
20,2,18
4,0,4
18,5,13
4,5,-1
4,1,3
4,4,0
12,0,12
7,8,-1
15,7,8
4,0,4
0,0,0
0,0,0
4,0,4
0,0,0
0,0,0
2,0,2
8,0,8
35,1,34
14,7,7
16,0,16
6,2,4
0,1,-1
4,1,3
9,2,7
7,0,7
0,0,0
0,0,0
10,0,10
29,1,28
2,0,2
2,2,0
5,1,4
1,0,1
3,0,3
10,4,6
2,1,1
2,7,-5
1,3,-2
9,0,9
0,0,0
0,0,0
0,1,-1
1,4,-3
5,0,5
28,2,26
8,6,2
3,0,3
4,1,3
64,14,50
13,0,13
0,3,-3
4,5,-1
19,1,18
6,1,5
2,2,0
0,0,0
4,3,1
10,0,10
27,0,27
4,0,4
3,12,-9
6,1,5
22,4,18
15,2,13
6,6,0
0,0,0
2,2,0
3,1,2
3,0,3
10,2,8
3,0,3
22,5,17
4,3,1
18,0,18
18,5,13
1,0,1
1,4,-3
0,0,0
12,0,12
18,8,10
5,0,5
21,11,10
12,1,11
16,0,16
6,2,4
4,0,4
4,3,1
5,1,4
6,0,6
4,0,4
2,0,2
9,11,-2
7,2,5
5,0,5
3,0,3
2,0,2
8,0,8
45,12,33
4,0,4
9,1,8
0,1,-1
3,4,-1
3,7,-4
0,0,0
13,1,12
0,0,0
10,3,7
20,12,8
17,0,17
9,0,9
6,0,6
16,11,5
29,1,28
1,3,-2
2,0,2
12,0,12
11,1,10
0,0,0
10,1,9
12,2,10
12,0,12
17,0,17
0,0,0
7,1,6
13,0,13
16,0,16
0,0,0
1,0,1
8,3,5
2,6,-4
6,4,2
10,2,8
1,0,1
0,1,-1
7,0,7
0,0,0
11,2,9
1,1,0
1,1,0
3,1,2
2,20,-18
10,3,7
8,1,7
12,14,-2
16,1,15
3,0,3
1,6,-5
6,0,6
5,0,5
1,11,-10
7,0,7
0,0,0
3,0,3
0,0,0
5,6,-1
2,3,-1
0,2,-2
0,0,0
4,1,3
10,12,-2
5,5,0
0,0,0
9,0,9
4,1,3
9,1,8
0,0,0
0,0,0
7,0,7
1,0,1
2,0,2
12,3,9
3,0,3
6,2,4
44,5,39
5,0,5
3,1,2
2,0,2
2,2,0
3,5,-2
0,0,0
0,0,0
22,5,17
1,2,-1
4,0,4
1,0,1
0,0,0
6,4,2
9,0,9
0,4,-4
2,1,1
50,3,47
0,6,-6
6,0,6
0,0,0
13,0,13
19,3,16
2,0,2
0,0,0
5,0,5
25,7,18
0,0,0
5,7,-2
16,0,16
1,1,0
12,3,9
10,2,8
0,0,0
0,0,0
11,2,9
2,0,2
1,0,1
3,1,2
8,6,2
20,0,20
2,0,2
10,4,6
0,0,0
0,0,0
0,0,0
41,2,39
0,0,0
2,1,1
5,0,5
10,0,10
0,0,0
4,1,3
3,6,-3
2,1,1
6,0,6
34,6,28
3,0,3
1,0,1
8,8,0
0,1,-1
0,0,0
5,0,5
71,0,71
9,1,8
27,5,22
5,3,2
63,0,63
12,1,11
0,0,0
0,0,0
3,0,3
6,3,3
1,0,1
7,1,6
16,5,11
0,0,0
0,0,0
5,2,3
13,0,13
2,1,1
0,0,0
19,7,12
0,0,0
4,0,4
1,0,1
0,5,-5
9,2,7
0,4,-4
1,0,1
2,0,2
1,1,0
30,1,29
2,0,2
0,4,-4
3,2,1
2,0,2
18,0,18
2,0,2
33,0,33
8,9,-1
3,0,3
20,1,19
8,5,3
20,5,15
0,2,-2
53,27,26
0,0,0
15,0,15
3,0,3
11,0,11
3,8,-5
0,0,0
12,2,10
2,0,2
1,0,1
5,2,3
6,8,-2
2,0,2
3,0,3
3,3,0
0,0,0
4,0,4
9,9,0
13,15,-2
6,7,-1
1,2,-1
4,1,3
0,0,0
15,1,14
15,2,13
6,0,6
2,0,2
2,2,0
0,0,0
0,0,0
0,0,0
0,0,0
0,0,0
12,0,12
0,1,-1
0,7,-7
2,1,1
1,0,1
2,2,0
0,0,0
29,15,14
26,2,24
37,0,37
6,1,5
49,3,46
12,1,11
6,0,6
7,0,7
15,10,5
5,3,2
0,0,0
1,0,1
1,2,-1
2,1,1
15,2,13
1,1,0
1,0,1
8,8,0
2,0,2
0,0,0
1,2,-1
23,7,16
2,0,2
18,1,17
6,0,6
0,2,-2
19,1,18
5,1,4
8,8,0
6,6,0
12,4,8
2,0,2
0,1,-1
12,1,11
11,1,10
0,0,0
11,0,11
0,0,0
1,1,0
1,0,1
6,2,4
7,1,6
1,1,0
0,0,0
1,2,-1
39,4,35
6,9,-3
2,0,2
0,0,0
0,0,0
0,0,0
2,1,1
21,0,21
17,3,14
6,1,5
0,0,0
0,0,0
0,0,0
2,0,2
0,0,0
0,1,-1
3,1,2
1,7,-6
2,0,2
8,0,8
4,3,1
3,3,0
7,3,4
7,0,7
4,1,3
6,0,6
1,2,-1
0,1,-1
7,2,5
8,0,8
3,4,-1
0,0,0
5,5,0
0,0,0
14,2,12
2,0,2
3,0,3
12,4,8
3,0,3
0,0,0
1,1,0
79,0,79
19,1,18
1,1,0
1,0,1
1,1,0
5,1,4
4,5,-1
1,1,0
3,0,3
1,0,1
1,1,0
5,2,3
0,0,0
21,16,5
10,2,8
0,1,-1
1,1,0
1,0,1
16,6,10
3,0,3
0,0,0
8,0,8
15,15,0
0,0,0
4,4,0
1,7,-6
13,15,-2
5,0,5
12,4,8
6,5,1
2,17,-15
10,0,10
1,3,-2
5,5,0
0,0,0
2,0,2
1,1,0
22,6,16
0,0,0
5,0,5
0,0,0
1,18,-17
1,0,1
6,1,5
1,0,1
2,0,2
3,0,3
0,0,0
13,0,13
0,0,0
1,2,-1
2,0,2
0,0,0
1,0,1
3,0,3
19,0,19
7,0,7
3,0,3
2,3,-1
6,1,5
3,0,3
11,0,11
6,0,6
1,6,-5
0,1,-1
7,1,6
8,0,8
4,2,2
4,0,4
12,2,10
0,0,0
4,0,4
0,0,0
24,1,23
14,6,8
12,4,8
9,2,7
9,4,5
0,0,0
2,0,2
6,0,6
8,2,6
2,4,-2
0,0,0
5,16,-11
0,1,-1
4,3,1
2,0,2
14,0,14
3,0,3
2,0,2
11,0,11
14,0,14
23,1,22
0,0,0
20,5,15
24,1,23
2,0,2
3,3,0
1,0,1
3,0,3
1,0,1
4,0,4
21,1,20
2,2,0
3,0,3
3,4,-1
11,0,11
2,0,2
10,6,4
5,0,5
1,0,1
2,0,2
8,15,-7
0,6,-6
33,0,33
0,0,0
0,0,0
2,3,-1
7,0,7
14,3,11
0,0,0
0,1,-1
2,3,-1
0,7,-7
0,1,-1
0,0,0
9,6,3
0,0,0
0,0,0
16,0,16
7,2,5
20,3,17
2,0,2
4,1,3
23,5,18
1,0,1
5,3,2
0,0,0
29,0,29
3,1,2
12,0,12
13,0,13
17,1,16
9,0,9
0,0,0
8,1,7
0,0,0
4,2,2
0,0,0
5,1,4
14,3,11
0,0,0
5,0,5
4,4,0
3,0,3
0,4,-4
1,3,-2
1,0,1
4,3,1
49,0,49
2,0,2
0,0,0
2,0,2
0,2,-2
14,0,14
1,0,1
20,2,18
25,2,23
10,0,10
0,3,-3
1,0,1
7,7,0
0,0,0
3,1,2
1,0,1
1,0,1
0,0,0
4,0,4
22,0,22
2,0,2
28,23,5
3,0,3
2,0,2
2,0,2
6,10,-4
1,0,1
3,0,3
4,0,4
14,1,13
1,0,1
1,6,-5
1,13,-12
3,1,2
0,0,0
0,0,0
1,1,0
1,0,1
3,0,3
2,0,2
0,0,0
25,1,24
0,0,0
0,1,-1
6,0,6
0,0,0
6,0,6
9,0,9
10,10,0
0,0,0
5,0,5
9,0,9
7,0,7
17,10,7
0,0,0
2,6,-4
0,0,0
2,2,0
4,1,3
0,1,-1
6,2,4
28,4,24
0,0,0
18,11,7
3,0,3
5,0,5
19,0,19
0,0,0
18,0,18
1,0,1
5,0,5
7,11,-4
2,0,2
2,0,2
21,1,20
11,15,-4
1,1,0
3,0,3
0,1,-1
37,14,23
8,0,8
4,0,4
14,8,6
24,1,23
13,0,13
0,0,0
3,0,3
20,0,20
17,1,16
1,0,1
2,0,2
7,2,5
12,0,12
0,0,0
6,0,6
2,9,-7
2,0,2
7,1,6
11,0,11
5,0,5
3,0,3
1,0,1
1,1,0
0,0,0
10,3,7
11,6,5
43,5,38
13,0,13
3,1,2
0,0,0
11,5,6
7,0,7
6,6,0
1,0,1
9,6,3
0,0,0
23,0,23
1,0,1
5,0,5
1,2,-1
1,0,1
5,0,5
1,4,-3
2,5,-3
10,0,10
14,0,14
11,0,11
8,7,1
11,5,6
5,2,3
1,2,-1
51,3,48
6,0,6
9,2,7
4,6,-2
2,4,-2
0,0,0
0,0,0
78,3,75
0,0,0
3,0,3
1,1,0
0,0,0
13,0,13
0,5,-5
0,0,0
0,0,0
1,0,1
36,0,36
0,0,0
12,0,12
11,2,9
6,0,6
0,0,0
3,0,3
2,9,-7
0,0,0
6,5,1
0,0,0
6,9,-3
6,0,6
7,11,-4
2,0,2
0,7,-7
35,1,34
1,0,1
7,1,6
17,0,17
1,0,1
3,3,0
0,0,0
2,10,-8
0,3,-3
30,0,30
0,0,0
27,2,25
0,0,0
5,3,2
4,0,4
9,0,9
7,3,4
1,0,1
14,0,14
29,0,29
1,4,-3
0,0,0
1,0,1
0,0,0
3,0,3
0,0,0
12,0,12
2,1,1
1,0,1
2,0,2
5,1,4
7,0,7
6,0,6
5,1,4
24,7,17
4,5,-1
4,0,4
10,0,10
0,0,0
16,3,13
15,2,13
1,0,1
1,0,1
17,11,6
0,0,0
1,0,1
0,0,0
5,7,-2
12,6,6
2,1,1
8,8,0
19,1,18
2,0,2
3,0,3
0,0,0
2,0,2
6,1,5
1,0,1
2,2,0
7,0,7
1,0,1
2,4,-2
18,9,9
1,2,-1
22,2,20
14,12,2
2,0,2
4,0,4
0,0,0
9,11,-2
0,0,0
32,1,31
1,0,1
3,1,2
3,2,1
0,0,0
0,0,0
2,0,2
8,0,8
1,4,-3
1,0,1
3,3,0
1,2,-1
5,0,5
23,7,16
7,0,7
20,9,11
2,0,2
0,0,0
4,4,0
5,2,3
4,0,4
1,1,0
12,0,12
4,1,3
4,0,4
2,1,1
3,0,3
0,0,0
9,7,2
2,2,0
7,0,7
0,4,-4
8,2,6
3,0,3
5,0,5
2,0,2
0,1,-1
28,0,28
6,6,0
1,5,-4
4,5,-1
16,4,12
3,1,2
5,0,5
1,0,1
1,3,-2
7,6,1
5,0,5
24,0,24
0,0,0
5,5,0
1,0,1
22,10,12
1,0,1
0,0,0
5,2,3
1,0,1
10,0,10
4,4,0
5,1,4
7,0,7
17,2,15
12,9,3
5,4,1
2,9,-7
25,13,12
10,0,10
5,0,5
5,2,3
24,26,-2
7,7,0
0,0,0
0,0,0
2,1,1
0,0,0
0,0,0
6,2,4
2,0,2
9,0,9
24,13,11
16,0,16
0,18,-18
4,3,1
6,1,5
0,0,0
0,5,-5
1,4,-3
17,0,17
1,0,1
1,8,-7
7,0,7
26,5,21
2,0,2
3,2,1
10,0,10
0,0,0
1,0,1
1,4,-3
0,8,-8
2,0,2
2,0,2
13,7,6
7,7,0
0,0,0
0,0,0
2,0,2
20,10,10
3,0,3
9,0,9
0,1,-1
1,1,0
10,4,6
5,0,5
9,2,7
0,0,0
3,0,3
3,3,0
39,15,24
8,2,6
13,0,13
2,3,-1
8,1,7
7,1,6
6,10,-4
1,0,1
3,0,3
25,0,25
13,0,13
15,6,9
3,0,3
4,4,0
0,0,0
2,0,2
12,5,7
5,0,5
1,4,-3
3,0,3
6,0,6
1,2,-1
3,1,2
9,6,3
1,1,0
0,4,-4
1,1,0
0,2,-2
0,0,0
0,0,0
1,4,-3
8,0,8
4,0,4
1,0,1
1,0,1
14,0,14
29,0,29
1,0,1
5,1,4
9,2,7
4,0,4
12,1,11
3,0,3
14,1,13
2,0,2
1,0,1
1,3,-2
8,31,-23
6,0,6
16,6,10
23,1,22
54,2,52
8,0,8
20,0,20
0,1,-1
7,17,-10
5,4,1
1,0,1
1,0,1
0,0,0
1,3,-2
4,6,-2
13,1,12
9,6,3
13,7,6
11,6,5
6,2,4
4,2,2
7,5,2
1,0,1
7,0,7
1,0,1
3,0,3
2,0,2
4,0,4
19,0,19
22,0,22
18,6,12
4,0,4
4,3,1
1,0,1
9,5,4
0,0,0
5,1,4
0,0,0
4,0,4
5,5,0
0,0,0
0,4,-4
5,10,-5
6,0,6
7,0,7
0,0,0
12,0,12
2,0,2
4,1,3
2,4,-2
4,0,4
4,6,-2
0,0,0
8,8,0
8,0,8
0,0,0
5,3,2
0,5,-5
3,14,-11
2,0,2
4,2,2
1,0,1
0,0,0
6,7,-1
1,4,-3
0,0,0
4,0,4
0,0,0
2,2,0
22,0,22
0,0,0
2,0,2
9,2,7
2,0,2
4,0,4
3,2,1
18,0,18
2,2,0
0,0,0
9,2,7
6,0,6
0,0,0
21,0,21
0,1,-1
4,1,3
34,3,31
36,1,35
4,3,1
12,0,12
0,0,0
17,4,13
6,1,5
3,5,-2
15,18,-3
0,1,-1
8,0,8
4,0,4
7,0,7
5,7,-2
0,0,0
16,5,11
13,0,13
1,8,-7
41,0,41
5,0,5
5,1,4
0,0,0
2,0,2
7,4,3
1,0,1
11,6,5
9,0,9
1,4,-3
1,8,-7
3,0,3
2,1,1
12,0,12
6,2,4
5,0,5
9,1,8
1,3,-2
1,4,-3
6,3,3
27,0,27
0,1,-1
12,1,11
0,0,0
4,1,3
4,14,-10
3,0,3
0,1,-1
2,2,0
28,1,27
10,1,9
3,0,3
1,1,0
8,1,7
0,1,-1
0,0,0
4,2,2
6,1,5
10,5,5
1,2,-1
5,1,4
0,0,0
1,1,0
13,0,13
17,6,11
3,1,2
0,0,0
3,1,2
2,6,-4
5,0,5
2,1,1
4,0,4
5,10,-5
2,2,0
10,9,1
0,0,0
0,0,0
2,3,-1
7,3,4
0,0,0
0,0,0
0,0,0
11,6,5
6,0,6
0,0,0
2,0,2
0,0,0
11,15,-4
10,0,10
17,0,17
6,1,5
4,5,-1
13,12,1
7,16,-9
1,1,0
13,19,-6
0,0,0
2,2,0
1,0,1
1,1,0
15,2,13
2,0,2
6,0,6
10,0,10
4,1,3
0,0,0
5,7,-2
8,0,8
4,2,2
14,8,6
7,1,6
0,0,0
1,0,1
24,16,8
3,0,3
1,0,1
1,3,-2
10,1,9
0,0,0
1,0,1
17,2,15
0,0,0
8,0,8
5,0,5
13,2,11
14,5,9
14,1,13
0,0,0
3,0,3
3,1,2
4,1,3
32,3,29
1,0,1
3,2,1
15,5,10
11,2,9
1,0,1
2,0,2
0,0,0
5,0,5
10,8,2
0,1,-1
0,0,0
14,5,9
6,2,4
14,7,7
6,0,6
0,0,0
2,2,0
0,0,0
6,4,2
0,0,0
8,1,7
13,3,10
31,9,22
0,0,0
7,6,1
4,0,4
3,3,0
0,0,0
1,1,0
11,6,5
44,2,42
1,0,1
8,0,8
0,0,0
2,1,1
2,0,2
3,10,-7
14,3,11
0,2,-2
13,0,13
5,3,2
2,0,2
1,0,1
18,4,14
19,2,17
41,5,36
13,0,13
0,0,0
48,0,48
9,0,9
2,4,-2
5,1,4
4,2,2
2,0,2
8,3,5
12,12,0
0,1,-1
2,5,-3
2,0,2
1,0,1
16,7,9
4,1,3
13,1,12
3,0,3
14,1,13
2,2,0
7,0,7
4,19,-15
6,1,5
1,0,1
6,6,0
0,1,-1
7,3,4
1,0,1
11,0,11
4,1,3
7,0,7
2,6,-4
6,1,5
3,1,2
1,0,1
3,0,3
3,0,3
9,0,9
0,0,0
5,0,5
0,1,-1
1,2,-1
18,5,13
2,1,1
1,0,1
5,1,4
2,1,1
4,0,4
0,0,0
3,0,3
11,5,6
1,0,1
4,0,4
4,15,-11
8,0,8
0,0,0
0,0,0
4,2,2
7,5,2
15,0,15
0,0,0
10,0,10
0,0,0
27,0,27
0,0,0
3,0,3
8,0,8
13,1,12
45,0,45
0,0,0
7,14,-7
4,3,1
4,0,4
1,0,1
6,12,-6
4,0,4
5,0,5
9,8,1
3,1,2
0,0,0
1,2,-1
5,5,0
20,0,20
7,0,7
1,0,1
0,0,0
18,10,8
3,4,-1
1,0,1
3,0,3
0,0,0
0,0,0
8,5,3
6,0,6
14,6,8
0,0,0
3,0,3
16,0,16
5,1,4
12,0,12
5,8,-3
25,0,25
2,0,2
0,0,0
9,13,-4
5,0,5
0,0,0
13,0,13
12,4,8
3,1,2
0,0,0
9,1,8
0,0,0
7,2,5
34,2,32
5,0,5
4,9,-5
0,0,0
0,1,-1
7,0,7
1,5,-4
3,0,3
2,0,2
1,0,1
26,0,26
3,4,-1
0,0,0
4,1,3
9,0,9
12,0,12
0,0,0
10,9,1
8,0,8
0,0,0
0,0,0
11,0,11
12,2,10
1,1,0
0,0,0
0,0,0
11,0,11
0,0,0
13,0,13
0,0,0
8,0,8
69,20,49
28,0,28
0,0,0
0,0,0
2,0,2
1,9,-8
1,1,0
19,5,14
7,0,7
8,0,8
2,0,2
0,0,0
1,3,-2
21,0,21
0,0,0
2,1,1
1,0,1
2,2,0
0,0,0
6,3,3
0,0,0
2,0,2
8,13,-5
2,0,2
5,3,2
7,3,4
11,0,11
6,1,5
0,4,-4
0,0,0
0,0,0
2,0,2
14,9,5
21,1,20
1,2,-1
7,0,7
2,0,2
7,11,-4
21,2,19
3,0,3
5,3,2
7,4,3
23,2,21
2,0,2
19,8,11
4,0,4
8,8,0
0,3,-3
1,0,1
8,2,6
2,0,2
28,0,28
11,5,6
2,1,1
4,1,3
10,3,7
5,0,5
1,0,1
5,0,5
1,3,-2
18,3,15
4,1,3
3,0,3
7,12,-5
11,0,11
2,2,0
7,1,6
1,0,1
22,0,22
0,0,0
4,0,4
1,0,1
10,2,8
0,0,0
1,0,1
11,1,10
5,5,0
27,27,0
1,0,1
0,0,0
0,0,0
5,0,5
5,4,1
2,0,2
6,1,5
6,0,6
43,4,39
11,5,6
1,0,1
1,0,1
8,0,8
2,0,2
4,5,-1
0,0,0
0,0,0
24,3,21
8,8,0
5,3,2
5,4,1
4,4,0
11,2,9
1,0,1
0,0,0
23,8,15
7,3,4
24,3,21
31,13,18
22,14,8
0,0,0
5,0,5
2,7,-5
1,0,1
4,4,0
30,9,21
5,0,5
2,0,2
1,0,1
0,0,0
5,0,5
0,0,0
4,3,1
0,3,-3
2,1,1
1,0,1
0,0,0
12,0,12
15,13,2
13,0,13
4,4,0
1,5,-4
0,0,0
4,12,-8
1,0,1
26,1,25
1,0,1
5,0,5
2,1,1
0,0,0
2,3,-1
24,0,24
14,1,13
4,0,4
11,2,9
1,2,-1
28,5,23
31,7,24
0,0,0
4,0,4
23,0,23
0,2,-2
5,1,4
2,4,-2
5,5,0
0,0,0
4,0,4
1,0,1
0,1,-1
6,0,6
0,0,0
9,2,7
0,0,0
0,0,0
1,1,0
5,0,5
10,10,0
15,8,7
0,0,0
32,0,32
10,0,10
5,0,5
0,0,0
6,0,6
18,5,13
22,0,22
2,0,2
1,0,1
5,2,3
3,0,3
12,6,6
4,2,2
3,0,3
4,0,4
27,0,27
2,0,2
1,0,1
1,0,1
7,7,0
1,0,1
7,3,4
0,0,0
1,0,1
3,0,3
0,1,-1
2,0,2
16,15,1
0,0,0
2,0,2
1,1,0
2,0,2
29,11,18
5,1,4
24,9,15
3,0,3
0,0,0
8,4,4
3,0,3
2,0,2
6,11,-5
3,1,2
4,1,3
10,0,10
0,0,0
13,6,7
0,0,0
4,0,4
1,0,1
0,0,0
0,0,0
2,0,2
1,1,0
3,0,3
4,0,4
1,0,1
2,0,2
5,11,-6
5,4,1
2,7,-5
1,0,1
0,0,0
11,1,10
0,0,0
8,1,7
10,1,9
4,0,4
6,4,2
3,0,3
11,2,9
2,2,0
0,0,0
9,9,0
21,1,20
5,4,1
9,0,9
1,0,1
1,0,1
0,0,0
0,1,-1
31,5,26
5,0,5
29,1,28
9,0,9
23,0,23
1,0,1
3,3,0
7,0,7
3,0,3
2,0,2
8,0,8
4,2,2
0,0,0
1,2,-1
7,0,7
1,0,1
7,2,5
3,3,0
11,2,9
7,4,3
1,0,1
3,0,3
7,0,7
6,5,1
0,0,0
5,7,-2
4,0,4
1,1,0
3,1,2
1,0,1
5,0,5
13,5,8
3,10,-7
0,1,-1
6,1,5
12,2,10
34,1,33
0,0,0
16,0,16
9,0,9
3,0,3
7,2,5
2,0,2
0,1,-1
12,0,12
4,12,-8
4,6,-2
2,2,0
2,1,1
5,8,-3
9,3,6
8,1,7
0,0,0
0,0,0
15,1,14
2,2,0
0,3,-3
5,1,4
8,1,7
2,3,-1
12,0,12
2,0,2
1,0,1
1,8,-7
3,0,3
0,4,-4
13,4,9
9,7,2
7,8,-1
14,0,14
15,0,15
10,0,10
2,0,2
1,17,-16
5,0,5
14,8,6
4,0,4
0,0,0
0,0,0
78,15,63
3,0,3
0,0,0
9,1,8
6,0,6
6,0,6
0,0,0
2,3,-1
2,0,2
10,3,7
10,5,5
5,1,4
2,2,0
3,0,3
5,6,-1
2,5,-3
0,0,0
2,0,2
0,0,0
1,0,1
0,0,0
39,4,35
1,0,1
0,0,0
1,0,1
0,0,0
0,0,0
0,0,0
0,0,0
0,0,0
9,0,9
4,3,1
6,1,5
5,0,5
12,0,12
9,4,5
5,1,4
4,0,4
2,0,2
0,0,0
2,2,0
13,2,11
0,0,0
19,2,17
0,0,0
4,1,3
15,0,15
8,5,3
7,1,6
0,8,-8
8,0,8
0,0,0
0,0,0
10,0,10
10,0,10
5,1,4
2,1,1
28,0,28
2,7,-5
4,0,4
11,0,11
4,1,3
57,0,57
4,3,1
2,1,1
2,1,1
0,0,0
2,9,-7
4,0,4
0,3,-3
3,2,1
0,0,0
1,1,0
1,2,-1
1,0,1
6,2,4
6,0,6
6,1,5
3,5,-2
1,0,1
5,5,0
12,10,2
13,2,11
7,4,3
6,0,6
3,1,2
13,6,7
1,0,1
0,0,0
13,5,8
1,3,-2
4,0,4
6,6,0
2,1,1
2,4,-2
40,0,40
23,8,15
8,0,8
4,0,4
7,2,5
2,1,1
1,0,1
3,0,3
0,1,-1
27,0,27
8,5,3
10,11,-1
2,0,2
1,0,1
9,11,-2
8,1,7
11,1,10
0,0,0
3,0,3
8,0,8
43,2,41
15,15,0
5,3,2
7,0,7
2,1,1
2,3,-1
11,4,7
4,5,-1
2,0,2
4,0,4
3,0,3
31,3,28
15,0,15
0,1,-1
4,9,-5
4,1,3
9,1,8
0,0,0
0,0,0
20,6,14
12,0,12
7,0,7
23,0,23
19,7,12
5,3,2
0,1,-1
14,6,8
0,0,0
1,0,1
1,0,1
0,1,-1
18,1,17
1,0,1
11,1,10
5,0,5
0,0,0
0,1,-1
4,0,4
2,0,2
22,3,19
0,0,0
0,0,0
7,1,6
3,1,2
0,7,-7
6,3,3
17,0,17
1,0,1
4,6,-2
4,1,3
1,7,-6
3,3,0
1,0,1
2,2,0
5,0,5
2,2,0
27,1,26
14,0,14
2,3,-1
1,2,-1
19,0,19
7,0,7
1,0,1
1,0,1
3,3,0
4,0,4
5,7,-2
2,0,2
9,0,9
9,10,-1
20,6,14
0,4,-4
0,0,0
1,0,1
7,1,6
8,0,8
7,13,-6
5,3,2
9,0,9
2,0,2
24,2,22
3,0,3
4,1,3
13,0,13
9,13,-4
15,4,11
0,0,0
10,2,8
4,0,4
0,0,0
8,3,5
0,0,0
2,0,2
1,0,1
3,2,1
26,7,19
2,0,2
16,0,16
0,0,0
11,0,11
8,0,8
1,4,-3
7,0,7
6,10,-4
3,0,3
6,1,5
34,0,34
4,0,4
0,0,0
1,4,-3
0,0,0
2,0,2
8,5,3
11,0,11
9,0,9
1,6,-5
1,1,0
6,0,6
6,0,6
0,0,0
61,12,49
8,0,8
0,0,0
25,1,24
5,1,4
3,0,3
1,0,1
0,0,0
10,3,7
13,10,3
4,6,-2
0,0,0
0,0,0
14,14,0
35,12,23
1,1,0
8,0,8
5,0,5
28,24,4
6,5,1
0,0,0
2,1,1
4,0,4
13,0,13
1,0,1
1,0,1
29,0,29
2,0,2
0,0,0
2,0,2
0,0,0
16,0,16
11,3,8
3,2,1
2,1,1
0,0,0
8,14,-6
2,0,2
1,0,1
3,0,3
0,0,0
3,0,3
0,0,0
5,0,5
0,0,0
11,0,11
2,1,1
1,0,1
0,1,-1
12,0,12
17,2,15
15,5,10
19,13,6
16,3,13
3,0,3
6,2,4
11,0,11
10,3,7
20,0,20
18,17,1
14,4,10
9,4,5
2,2,0
4,11,-7
0,1,-1
13,0,13
0,0,0
1,6,-5
13,1,12
1,0,1
2,0,2
0,0,0
7,8,-1
54,14,40
9,1,8
18,7,11
2,0,2
2,0,2
0,0,0
9,1,8
3,3,0
8,1,7
4,0,4
1,8,-7
0,0,0
4,2,2
0,0,0
0,0,0
6,1,5
7,1,6
3,0,3
1,3,-2
32,10,22
5,5,0
5,2,3
29,3,26
0,0,0
1,0,1
0,0,0
21,5,16
1,0,1
17,0,17
6,0,6
1,0,1
2,10,-8
15,3,12
3,8,-5
2,1,1
16,1,15
0,0,0
0,10,-10
2,0,2
11,5,6
1,4,-3
6,0,6
2,0,2
3,0,3
11,0,11
2,0,2
8,0,8
9,2,7
3,8,-5
2,1,1
10,4,6
2,0,2
5,11,-6
0,0,0
0,1,-1
16,5,11
2,0,2
1,0,1
16,4,12
4,2,2
8,0,8
0,0,0
5,1,4
13,8,5
4,0,4
0,0,0
25,18,7
1,0,1
16,6,10
9,0,9
4,3,1
6,2,4
5,1,4
9,0,9
0,0,0
14,1,13
9,2,7
0,0,0
1,2,-1
3,0,3
6,1,5
4,0,4
0,0,0
7,3,4
20,4,16
11,3,8
3,0,3
29,14,15
1,1,0
8,0,8
1,0,1
5,0,5
4,1,3
9,0,9
0,0,0
4,2,2
9,3,6
0,0,0
2,0,2
0,0,0
2,3,-1
2,6,-4
0,1,-1
0,0,0
0,0,0
11,7,4
0,1,-1
5,0,5
12,0,12
0,3,-3
3,0,3
1,2,-1
33,10,23
7,6,1
13,4,9
9,1,8
8,0,8
1,1,0
1,0,1
10,0,10
10,3,7
0,0,0
2,2,0
12,1,11
0,0,0
9,0,9
0,0,0
6,0,6
7,0,7
10,0,10
103,2,101
4,1,3
15,12,3
6,12,-6
2,1,1
1,0,1
6,0,6
5,0,5
3,0,3
6,2,4
0,1,-1
14,1,13
9,0,9
1,0,1
0,0,0
5,0,5
8,1,7
4,0,4
3,0,3
0,0,0
4,0,4
0,1,-1
2,3,-1
0,0,0
0,0,0
4,0,4
1,1,0
18,1,17
1,0,1
1,0,1
4,4,0
32,2,30
2,3,-1
6,3,3
13,0,13
0,9,-9
0,1,-1
22,1,21
2,0,2
13,6,7
0,0,0
14,5,9
12,0,12
15,0,15
13,0,13
0,1,-1
6,0,6
2,0,2
0,0,0
0,1,-1
0,1,-1
1,0,1
4,3,1
1,1,0
1,0,1
3,1,2
17,2,15
0,0,0
0,0,0
5,0,5
22,0,22
3,0,3
10,2,8
8,2,6
13,14,-1
4,0,4
4,0,4
1,3,-2
1,0,1
7,7,0
9,0,9
0,0,0
20,0,20
1,0,1
14,0,14
5,0,5
0,0,0
5,2,3
6,8,-2
0,0,0
13,0,13
10,0,10
1,1,0
9,1,8
4,1,3
8,3,5
6,0,6
9,8,1
1,0,1
0,5,-5
0,0,0
4,6,-2
0,0,0
1,0,1
2,0,2
12,1,11
0,19,-19
4,0,4
16,1,15
14,0,14
5,0,5
0,0,0
0,0,0
34,34,0
3,3,0
9,0,9
0,3,-3
11,1,10
0,0,0
1,0,1
11,5,6
13,7,6
7,3,4
0,0,0
2,10,-8
17,0,17
1,3,-2
0,1,-1
4,5,-1
0,0,0
2,0,2
3,1,2
29,8,21
16,0,16
13,8,5
12,0,12
0,0,0
8,1,7
27,2,25
5,1,4
3,0,3
0,0,0
0,0,0
0,0,0
10,3,7
1,0,1
1,0,1
27,2,25
4,0,4
3,0,3
1,3,-2
0,7,-7
2,0,2
7,5,2
3,5,-2
1,0,1
12,2,10
8,5,3
11,0,11
5,1,4
3,3,0
0,0,0
1,1,0
6,0,6
0,0,0
1,0,1
0,1,-1
1,0,1
14,0,14
4,0,4
12,0,12
0,1,-1
1,0,1
22,0,22
0,0,0
0,0,0
0,5,-5
1,1,0
16,2,14
19,0,19
0,0,0
10,8,2
0,0,0
2,2,0
9,3,6
3,6,-3
15,0,15
3,0,3
4,3,1
2,1,1
1,0,1
7,17,-10
4,0,4
28,2,26
0,0,0
5,0,5
0,0,0
3,1,2
5,0,5
0,0,0
1,1,0
5,0,5
28,0,28
12,0,12
0,0,0
0,0,0
8,2,6
8,0,8
9,7,2
0,3,-3
1,0,1
4,0,4
1,0,1
7,12,-5
0,0,0
2,3,-1
1,0,1
2,0,2
8,0,8
3,0,3
2,12,-10
10,0,10
26,14,12
3,0,3
13,1,12
0,0,0
13,8,5
0,0,0
3,0,3
0,2,-2
2,1,1
8,0,8
4,0,4
9,2,7
0,0,0
0,0,0
29,0,29
2,0,2
0,1,-1
2,0,2
3,1,2
8,3,5
11,0,11
21,2,19
3,0,3
13,2,11
3,0,3
2,1,1
0,0,0
2,1,1
44,7,37
1,0,1
1,0,1
5,3,2
0,0,0
6,10,-4
19,2,17
3,0,3
1,0,1
11,0,11
16,0,16
0,0,0
9,0,9
7,1,6
0,0,0
9,4,5
5,0,5
1,0,1
40,0,40
1,0,1
26,1,25
4,0,4
3,13,-10
0,2,-2
1,1,0
10,7,3
11,0,11
3,1,2
5,0,5
8,6,2
1,0,1
9,5,4
11,0,11
5,1,4
0,0,0
1,0,1
9,3,6
3,4,-1
59,0,59
0,0,0
6,11,-5
2,1,1
3,2,1
2,0,2
2,0,2
5,1,4
11,1,10
4,0,4
17,0,17
0,0,0
1,0,1
13,0,13
7,1,6
1,0,1
3,2,1
1,0,1
0,0,0
3,0,3
2,0,2
0,0,0
1,0,1
0,0,0
3,0,3
6,0,6
1,0,1
3,0,3
3,3,0
17,0,17
0,0,0
6,0,6
7,0,7
3,0,3
4,0,4
3,0,3
0,0,0
2,0,2
1,0,1
2,11,-9
0,0,0
3,4,-1
8,9,-1
12,0,12
18,17,1
11,1,10
0,0,0
1,1,0
0,0,0
6,1,5
0,0,0
2,0,2
48,0,48
0,0,0
0,0,0
2,0,2
2,1,1
2,0,2
3,15,-12
0,1,-1
11,1,10
9,0,9
6,0,6
23,15,8
2,0,2
0,0,0
4,0,4
22,5,17
22,5,17
7,7,0
0,1,-1
1,5,-4
7,2,5
17,5,12
1,0,1
11,0,11
29,1,28
0,0,0
1,4,-3
0,0,0
0,0,0
0,0,0
3,0,3
4,3,1
9,1,8
0,0,0
2,0,2
16,9,7
13,12,1
3,0,3
1,0,1
37,1,36
1,0,1
15,12,3
0,0,0
0,0,0
0,0,0
1,0,1
1,0,1
1,0,1
3,1,2
9,0,9
3,1,2
0,0,0
0,1,-1
1,0,1
1,0,1
0,0,0
45,0,45
11,8,3
0,3,-3
18,0,18
5,1,4
13,0,13
15,1,14
6,1,5
8,0,8
6,3,3
35,3,32
8,1,7
2,0,2
0,0,0
1,0,1
0,0,0
5,1,4
0,0,0
1,2,-1
0,1,-1
0,1,-1
13,2,11
7,0,7
10,4,6
1,0,1
8,3,5
10,0,10
12,2,10
0,4,-4
11,1,10
11,0,11
0,0,0
1,3,-2
6,7,-1
9,3,6
15,0,15
0,0,0
3,2,1
0,0,0
0,0,0
2,5,-3
1,1,0
7,0,7
0,0,0
14,0,14
1,0,1
0,2,-2
0,0,0
7,0,7
11,3,8
0,0,0
0,0,0
0,0,0
8,0,8
32,7,25
22,6,16
6,0,6
8,0,8
1,0,1
4,0,4
0,0,0
3,0,3
6,0,6
1,0,1
9,5,4
7,4,3
10,0,10
1,0,1
3,0,3
16,10,6
2,0,2
0,0,0
0,0,0
4,6,-2
3,27,-24
0,1,-1
0,0,0
0,3,-3
1,1,0
9,0,9
2,0,2
6,4,2
11,0,11
0,0,0
1,1,0
25,4,21
4,4,0
66,1,65
18,6,12
15,1,14
8,2,6
12,1,11
6,0,6
1,2,-1
23,5,18
31,16,15
12,0,12
24,2,22
0,0,0
21,1,20
2,4,-2
0,0,0
18,0,18
0,0,0
10,1,9
9,2,7
7,0,7
7,1,6
0,1,-1
3,0,3
14,6,8
16,10,6
3,0,3
4,5,-1
15,0,15
3,0,3
15,5,10
2,0,2
11,0,11
2,0,2
1,0,1
3,0,3
6,2,4
0,0,0
2,0,2
1,0,1
2,4,-2
1,1,0
3,0,3
15,0,15
2,2,0
1,0,1
2,0,2
17,12,5
12,4,8
27,7,20
3,1,2
6,0,6
0,2,-2
8,5,3
3,4,-1
7,2,5
5,6,-1
0,0,0
3,1,2
22,12,10
12,5,7
0,0,0
0,0,0
3,1,2
4,1,3
1,0,1
1,4,-3
2,0,2
0,6,-6
1,12,-11
4,7,-3
2,1,1
0,0,0
1,0,1
0,0,0
4,0,4
12,0,12
4,0,4
3,0,3
11,0,11
1,2,-1
6,3,3
4,0,4
10,0,10
1,0,1
13,3,10
1,2,-1
10,5,5
0,0,0
19,0,19
6,6,0
5,0,5
0,0,0
13,0,13
0,0,0
6,6,0
8,8,0
0,0,0
0,0,0
9,0,9
0,1,-1
1,0,1
34,0,34
6,0,6
0,0,0
1,0,1
1,0,1
15,3,12
8,0,8
10,2,8
1,0,1
16,0,16
2,0,2
41,10,31
2,0,2
3,0,3
4,2,2
0,0,0
0,0,0
1,3,-2
0,0,0
0,0,0
40,8,32
13,0,13
5,0,5
5,1,4
3,0,3
17,1,16
2,3,-1
2,0,2
0,0,0
4,4,0
2,2,0
3,0,3
11,16,-5
4,2,2
4,0,4
0,0,0
37,3,34
11,11,0
7,0,7
2,0,2
4,1,3
3,0,3
1,0,1
0,0,0
12,4,8
0,2,-2
3,1,2
0,1,-1
0,0,0
5,0,5
4,3,1
0,0,0
1,1,0
10,1,9
5,0,5
7,4,3
0,0,0
5,0,5
2,0,2
2,4,-2
0,0,0
16,4,12
6,0,6
7,0,7
11,2,9
1,0,1
3,0,3
0,1,-1
2,4,-2
3,1,2
4,3,1
0,1,-1
23,6,17
19,1,18
0,0,0
27,4,23
2,0,2
4,0,4
8,0,8
5,0,5
1,0,1
12,1,11
15,2,13
0,0,0
2,1,1
18,0,18
0,0,0
6,0,6
0,0,0
2,0,2
3,11,-8
1,0,1
0,0,0
1,0,1
1,0,1
21,4,17
0,0,0
0,0,0
8,0,8
1,0,1
0,0,0
6,1,5
11,1,10
10,0,10
1,0,1
0,0,0
3,1,2
2,6,-4
4,0,4
0,0,0
0,2,-2
0,4,-4
6,2,4
34,21,13
0,0,0
0,0,0
9,0,9
3,1,2
8,0,8
7,2,5
1,0,1
19,0,19
0,0,0
6,5,1
0,0,0
2,0,2
2,6,-4
6,1,5
4,2,2
11,1,10
0,0,0
7,1,6
2,2,0
3,2,1
7,0,7
24,5,19
6,1,5
1,1,0
16,1,15
5,11,-6
2,3,-1
2,0,2
0,0,0
3,5,-2
10,4,6
12,8,4
3,0,3
25,3,22
8,0,8
8,0,8
0,0,0
3,0,3
0,0,0
56,4,52
0,0,0
8,2,6
1,0,1
11,1,10
5,13,-8
3,4,-1
44,6,38
0,0,0
21,0,21
24,0,24
0,0,0
0,0,0
13,0,13
0,0,0
1,3,-2
25,0,25
26,9,17
4,10,-6
9,1,8
59,1,58
4,1,3
10,1,9
4,2,2
0,0,0
8,1,7
1,0,1
10,1,9
34,0,34
6,2,4
0,0,0
0,2,-2
0,0,0
7,2,5
3,0,3
10,7,3
17,0,17
0,0,0
0,0,0
1,0,1
16,0,16
26,18,8
7,3,4
2,0,2
2,0,2
11,6,5
9,0,9
1,1,0
35,13,22
0,0,0
0,0,0
3,0,3
0,0,0
1,0,1
0,0,0
9,2,7
2,1,1
2,3,-1
5,0,5
0,0,0
0,0,0
14,0,14
6,4,2
12,0,12
12,3,9
1,0,1
5,0,5
1,0,1
1,0,1
18,0,18
3,0,3
6,5,1
3,0,3
3,3,0
4,1,3
9,4,5
9,5,4
2,0,2
0,0,0
0,0,0
2,0,2
2,0,2
5,0,5
1,0,1
4,0,4
9,3,6
13,0,13
28,4,24
26,1,25
0,0,0
2,0,2
4,2,2
1,0,1
9,4,5
1,0,1
19,20,-1
0,0,0
1,0,1
3,2,1
8,0,8
1,12,-11
16,3,13
1,1,0
10,12,-2
4,14,-10
6,3,3
0,4,-4
6,0,6
10,0,10
10,0,10
4,2,2
1,0,1
11,3,8
3,1,2
0,0,0
1,0,1
11,4,7
20,9,11
12,0,12
8,1,7
19,12,7
4,1,3
4,0,4
1,0,1
0,0,0
2,1,1
2,0,2
1,1,0
4,0,4
5,1,4
9,0,9
0,0,0
1,0,1
2,1,1
1,0,1
46,3,43
2,1,1
20,0,20
5,0,5
2,5,-3
2,0,2
1,0,1
17,0,17
5,0,5
1,2,-1
0,0,0
0,0,0
1,0,1
0,0,0
2,0,2
5,0,5
39,8,31
0,0,0
0,0,0
5,11,-6
26,7,19
2,2,0
3,0,3
2,0,2
3,1,2
6,0,6
4,2,2
5,4,1
2,1,1
10,5,5
0,3,-3
7,1,6
1,0,1
0,0,0
6,0,6
2,2,0
0,0,0
18,0,18
6,6,0
6,0,6
0,0,0
1,0,1
22,0,22
0,5,-5
8,1,7
14,3,11
0,0,0
0,0,0
0,0,0
5,3,2
1,1,0
7,4,3
38,14,24
2,0,2
19,12,7
7,0,7
2,1,1
3,0,3
1,0,1
17,0,17
13,7,6
0,0,0
37,1,36
14,0,14
10,0,10
7,2,5
10,10,0
14,7,7
6,6,0
12,0,12
0,0,0
2,0,2
14,14,0
0,0,0
0,0,0
5,1,4
6,0,6
0,1,-1
34,1,33
5,0,5
1,2,-1
0,0,0
9,0,9
3,3,0
14,0,14
14,5,9
0,8,-8
0,0,0
0,0,0
15,2,13
3,3,0
1,0,1
27,0,27
0,0,0
4,12,-8
7,0,7
13,11,2
0,0,0
0,0,0
4,0,4
1,2,-1
1,0,1
1,4,-3
9,12,-3
7,0,7
2,4,-2
11,13,-2
19,1,18
4,10,-6
0,0,0
3,0,3
2,0,2
0,0,0
8,0,8
9,0,9
2,2,0
2,3,-1
16,0,16
3,1,2
5,13,-8
15,4,11
1,0,1
4,0,4
0,0,0
0,0,0
10,1,9
7,0,7
4,3,1
2,0,2
0,0,0
13,1,12
0,0,0
7,0,7
24,0,24
4,0,4
2,0,2
5,5,0
0,7,-7
27,0,27
2,3,-1
0,0,0
1,0,1
0,0,0
4,5,-1
3,0,3
1,0,1
0,0,0
1,27,-26
11,0,11
23,0,23
0,0,0
8,0,8
25,8,17
9,2,7
1,0,1
1,0,1
7,18,-11
2,2,0
9,9,0
0,0,0
7,0,7
0,0,0
0,1,-1
7,1,6
0,2,-2
0,0,0
10,1,9
8,0,8
12,0,12
5,1,4
11,0,11
2,1,1
5,0,5
1,0,1
7,1,6
3,1,2
0,2,-2
0,2,-2
1,0,1
6,4,2
0,0,0
2,0,2
2,0,2
6,0,6
3,4,-1
9,0,9
10,0,10
1,0,1
5,0,5
1,1,0
16,0,16
5,0,5
3,3,0
22,1,21
12,3,9
1,0,1
11,1,10
1,0,1
12,1,11
1,1,0
3,0,3
4,3,1
15,2,13
16,1,15
6,0,6
8,3,5
3,2,1
3,10,-7
5,2,3
17,6,11
10,0,10
5,2,3
16,5,11
27,3,24
14,2,12
1,0,1
0,0,0
2,0,2
3,4,-1
11,6,5
11,0,11
7,0,7
33,0,33
7,0,7
1,3,-2
0,0,0
5,13,-8
4,6,-2
9,3,6
9,0,9
13,3,10
25,23,2
20,0,20
0,0,0
0,0,0
4,3,1
0,1,-1
45,4,41
10,5,5
10,1,9
5,2,3
6,5,1
6,3,3
2,0,2
0,0,0
1,2,-1
1,0,1
8,0,8
37,0,37
16,0,16
2,2,0
3,1,2
17,7,10
12,0,12
0,0,0
24,4,20
3,0,3
0,0,0
16,6,10
0,0,0
3,1,2
3,0,3
20,4,16
4,1,3
4,0,4
0,0,0
4,0,4
0,1,-1
0,0,0
0,0,0
5,6,-1
2,1,1
15,5,10
5,0,5
5,6,-1
9,0,9
4,0,4
17,11,6
3,0,3
5,4,1
18,0,18
1,0,1
8,0,8
4,0,4
0,5,-5
11,0,11
3,0,3
45,5,40
14,0,14
1,0,1
0,0,0
3,0,3
9,0,9
6,4,2
5,0,5
3,1,2
3,0,3
1,0,1
3,0,3
12,2,10
7,0,7
1,0,1
0,0,0
20,15,5
40,2,38
44,0,44
2,2,0
3,1,2
4,0,4
1,1,0
0,0,0
16,4,12
1,5,-4
13,0,13
0,0,0
9,3,6
12,0,12
1,1,0
31,0,31
4,4,0
27,0,27
14,7,7
1,0,1
2,0,2
0,0,0
1,0,1
0,1,-1
4,3,1
9,0,9
8,0,8
2,5,-3
7,0,7
5,1,4
0,0,0
11,0,11
16,1,15
25,0,25
16,12,4
0,0,0
19,1,18
0,0,0
0,0,0
21,14,7
5,0,5
3,0,3
7,0,7
2,1,1
2,9,-7
0,0,0
5,3,2
27,6,21
0,0,0
0,0,0
0,0,0
0,2,-2
1,0,1
0,0,0
3,0,3
20,11,9
3,5,-2
3,2,1
1,0,1
1,0,1
19,18,1
0,1,-1
0,0,0
3,0,3
11,2,9
0,0,0
1,1,0
5,0,5
4,0,4
3,0,3
3,1,2
19,12,7
11,7,4
44,0,44
0,0,0
4,0,4
0,0,0
6,0,6
2,5,-3
4,1,3
4,3,1
0,0,0
7,8,-1
3,0,3
6,1,5
0,0,0
2,2,0
0,0,0
0,0,0
1,0,1
1,0,1
4,0,4
36,1,35
12,0,12
3,0,3
0,0,0
0,0,0
13,0,13
20,3,17
11,5,6
5,2,3
0,0,0
11,1,10
5,0,5
7,0,7
3,0,3
0,0,0
1,2,-1
4,0,4
2,0,2
3,0,3
5,0,5
1,3,-2
15,0,15
0,4,-4
48,0,48
1,0,1
3,0,3
8,0,8
32,1,31
18,0,18
4,0,4
4,1,3
21,4,17
0,1,-1
16,0,16
0,0,0
2,3,-1
8,1,7
1,7,-6
36,1,35
17,5,12
28,5,23
2,1,1
0,1,-1
4,0,4
10,1,9
2,2,0
2,0,2
2,0,2
0,0,0
8,0,8
8,3,5
5,4,1
0,0,0
12,0,12
6,6,0
0,0,0
13,0,13
5,2,3
10,4,6
1,5,-4
0,2,-2
2,3,-1
19,0,19
2,0,2
4,1,3
1,1,0
2,0,2
16,1,15
0,0,0
0,0,0
2,2,0
0,0,0
2,0,2
3,3,0
0,0,0
0,0,0
2,0,2
0,2,-2
0,0,0
0,0,0
1,0,1
3,1,2
12,8,4
0,0,0
0,0,0
9,0,9
32,6,26
4,0,4
9,0,9
0,0,0
5,2,3
6,1,5
1,1,0
35,7,28
1,0,1
11,0,11
9,1,8
4,0,4
3,0,3
18,15,3
0,0,0
0,0,0
1,4,-3
3,1,2
3,0,3
11,5,6
0,0,0
0,0,0
3,1,2
0,0,0
7,0,7
32,0,32
3,2,1
2,2,0
10,0,10
3,0,3
2,2,0
10,2,8
9,0,9
3,0,3
3,0,3
3,5,-2
1,4,-3
2,0,2
20,1,19
0,3,-3
16,0,16
0,0,0
8,0,8
4,0,4
1,0,1
15,2,13
3,0,3
9,7,2
10,1,9
7,0,7
1,0,1
23,1,22
10,1,9
2,0,2
15,7,8
2,2,0
12,2,10
2,0,2
2,4,-2
8,3,5
2,0,2
4,0,4
3,7,-4
0,1,-1
7,0,7
0,0,0
0,0,0
0,3,-3
22,3,19
3,4,-1
8,6,2
10,0,10
8,3,5
1,3,-2
2,0,2
36,6,30
15,7,8
31,1,30
6,9,-3
6,0,6
0,1,-1
4,2,2
2,0,2
2,0,2
44,20,24
13,0,13
6,0,6
1,0,1
3,1,2
1,0,1
5,2,3
4,4,0
1,0,1
14,0,14
0,0,0
3,5,-2
5,7,-2
5,2,3
1,0,1
10,1,9
11,12,-1
0,0,0
1,2,-1
21,2,19
9,0,9
1,1,0
1,2,-1
5,2,3
2,0,2
6,1,5
4,10,-6
7,6,1
3,0,3
0,1,-1
26,5,21
0,2,-2
2,0,2
0,16,-16
0,0,0
1,0,1
60,6,54
6,0,6
3,0,3
16,1,15
39,0,39
9,1,8
9,15,-6
24,7,17
3,0,3
17,6,11
8,5,3
2,5,-3
4,6,-2
13,0,13
3,2,1
0,0,0
6,0,6
2,1,1
4,1,3
0,1,-1
2,11,-9
44,1,43
1,5,-4
11,2,9
0,0,0
3,6,-3
9,0,9
7,5,2
0,1,-1
18,0,18
11,0,11
15,0,15
0,0,0
0,0,0
1,1,0
0,0,0
2,1,1
8,2,6
3,0,3
7,2,5
0,0,0
2,0,2
5,0,5
17,0,17
5,0,5
0,0,0
7,2,5
3,2,1
13,3,10
4,0,4
0,0,0
0,0,0
0,1,-1
4,1,3
5,1,4
4,2,2
0,0,0
1,0,1
4,0,4
0,0,0
21,1,20
3,2,1
23,11,12
38,0,38
5,2,3
2,2,0
3,3,0
6,0,6
0,0,0
1,0,1
1,0,1
4,0,4
7,0,7
31,1,30
13,3,10
11,0,11
8,8,0
9,1,8
0,0,0
0,0,0
0,0,0
2,4,-2
2,0,2
4,0,4
8,12,-4
2,1,1
9,1,8
4,9,-5
4,1,3
4,1,3
30,3,27
0,1,-1
20,1,19
37,2,35
0,3,-3
6,0,6
7,1,6
3,3,0
0,0,0
0,0,0
8,0,8
0,1,-1
0,0,0
17,5,12
0,0,0
0,6,-6
22,8,14
32,0,32
3,0,3
2,1,1
0,0,0
4,0,4
14,1,13
1,10,-9
2,19,-17
2,2,0
19,0,19
0,1,-1
2,0,2
0,0,0
2,0,2
1,0,1
0,0,0
10,0,10
2,1,1
2,0,2
4,0,4
12,0,12
25,0,25
2,2,0
32,3,29
1,0,1
0,0,0
8,4,4
0,0,0
0,0,0
0,0,0
0,0,0
1,1,0
14,2,12
11,1,10
7,2,5
2,3,-1
3,2,1
5,0,5
0,0,0
6,0,6
10,2,8
6,0,6
4,0,4
5,0,5
5,4,1
0,0,0
4,3,1
5,4,1
6,0,6
1,10,-9
1,0,1
0,0,0
1,1,0
1,0,1
5,3,2
4,4,0
0,2,-2
1,0,1
3,0,3
1,0,1
3,0,3
2,3,-1
0,0,0
2,0,2
1,1,0
1,10,-9
4,2,2
5,1,4
24,1,23
3,0,3
2,1,1
8,2,6
13,13,0
0,0,0
17,0,17
0,0,0
13,0,13
28,1,27
12,0,12
0,12,-12
1,2,-1
2,0,2
2,0,2
1,0,1
4,1,3
1,10,-9
28,1,27
9,6,3
0,1,-1
0,0,0
13,5,8
17,0,17
28,0,28
0,0,0
13,7,6
7,4,3
1,1,0
4,1,3
1,0,1
1,0,1
2,1,1
15,5,10
0,1,-1
2,0,2
1,0,1
2,1,1
8,6,2
3,3,0
13,1,12
2,2,0
8,0,8
1,0,1
5,0,5
12,10,2
0,0,0
0,7,-7
0,0,0
1,0,1
16,7,9
3,2,1
0,0,0
25,0,25
10,14,-4
16,9,7
0,0,0
0,0,0
12,0,12
6,4,2
6,0,6
1,5,-4
1,0,1
0,1,-1
8,2,6
2,5,-3
4,2,2
8,1,7
7,0,7
6,0,6
6,1,5
6,1,5
0,11,-11
0,1,-1
9,0,9
2,0,2
4,2,2
1,1,0
0,0,0
7,0,7
5,5,0
4,2,2
9,0,9
6,10,-4
20,22,-2
1,0,1
0,0,0
1,1,0
1,0,1
4,0,4
0,0,0
3,0,3
1,2,-1
4,0,4
0,0,0
2,1,1
1,0,1
1,0,1
1,2,-1
33,13,20
0,0,0
1,0,1
5,3,2
4,7,-3
2,2,0
5,0,5
9,1,8
0,0,0
4,3,1
1,0,1
0,2,-2
6,0,6
47,1,46
26,13,13
2,0,2
1,0,1
0,0,0
13,1,12
0,4,-4
29,5,24
4,1,3
3,0,3
2,0,2
0,3,-3
1,0,1
0,0,0
30,1,29
0,0,0
14,5,9
11,0,11
1,0,1
31,0,31
15,3,12
20,2,18
11,0,11
0,0,0
2,5,-3
2,2,0
0,8,-8
22,2,20
2,0,2
1,1,0
0,1,-1
17,5,12
0,0,0
8,16,-8
12,0,12
0,0,0
3,0,3
1,0,1
10,1,9
0,0,0
0,0,0
7,0,7
4,2,2
16,0,16
0,0,0
5,1,4
5,5,0
7,5,2
7,0,7
9,0,9
0,2,-2
2,2,0
19,7,12
5,4,1
12,1,11
17,0,17
2,3,-1
0,0,0
0,1,-1
2,0,2
1,0,1
0,0,0
17,17,0
0,0,0
29,12,17
2,2,0
10,5,5
0,0,0
5,0,5
4,2,2
1,0,1
0,0,0
8,14,-6
9,1,8
6,5,1
8,5,3
4,2,2
0,0,0
1,0,1
2,0,2
0,4,-4
2,0,2
33,9,24
7,0,7
8,2,6
10,1,9
3,0,3
0,0,0
14,1,13
8,4,4
9,4,5
0,1,-1
0,0,0
0,0,0
2,0,2
5,0,5
0,0,0
0,0,0
0,0,0
6,0,6
11,0,11
17,0,17
41,0,41
7,5,2
2,2,0
0,0,0
0,0,0
1,0,1
1,6,-5
0,5,-5
13,0,13
0,1,-1
5,1,4
0,0,0
6,0,6
7,17,-10
6,4,2
21,17,4
35,1,34
18,0,18
11,11,0
1,5,-4
0,0,0
15,9,6
11,6,5
4,5,-1
2,0,2
9,6,3
3,0,3
1,0,1
21,4,17
9,0,9
6,0,6
2,4,-2
2,8,-6
1,2,-1
2,0,2
5,0,5
3,2,1
0,1,-1
0,0,0
9,3,6
4,2,2
6,9,-3
2,0,2
14,0,14
2,2,0
6,2,4
4,0,4
17,3,14
7,1,6
6,5,1
15,1,14
3,2,1
23,0,23
3,0,3
0,0,0
2,0,2
12,4,8
12,13,-1
1,0,1
4,6,-2
5,1,4
3,0,3
10,0,10
2,0,2
1,0,1
8,8,0
4,6,-2
1,0,1
3,0,3
3,7,-4
1,0,1
0,0,0
3,0,3
1,2,-1
1,0,1
5,2,3
5,0,5
6,0,6
12,0,12
0,0,0
22,6,16
47,0,47
12,0,12
7,1,6
8,0,8
4,0,4
3,8,-5
3,1,2
3,0,3
0,0,0
8,1,7
1,1,0
14,1,13
4,2,2
0,0,0
3,0,3
0,0,0
10,0,10
9,0,9
4,5,-1
12,2,10
10,4,6
0,0,0
8,9,-1
2,1,1
1,0,1
1,0,1
2,12,-10
1,1,0
10,3,7
3,0,3
1,3,-2
0,0,0
0,0,0
11,0,11
12,0,12
2,0,2
9,6,3
6,2,4
8,1,7
1,0,1
8,5,3
13,0,13
24,0,24
3,0,3
1,0,1
3,7,-4
7,1,6
0,4,-4
3,21,-18
0,0,0
13,0,13
0,0,0
5,0,5
3,0,3
10,6,4
1,0,1
9,2,7
6,0,6
13,12,1
18,0,18
4,9,-5
9,2,7
0,0,0
18,9,9
29,0,29
2,2,0
2,0,2
1,0,1
3,0,3
0,0,0
6,1,5
0,0,0
4,1,3
0,0,0
15,12,3
1,1,0
0,0,0
0,0,0
34,4,30
1,2,-1
2,7,-5
2,2,0
0,9,-9
0,0,0
0,0,0
6,0,6
1,0,1
1,0,1
6,0,6
0,0,0
15,8,7
0,0,0
1,0,1
0,5,-5
6,0,6
5,0,5
3,2,1
0,0,0
1,1,0
11,5,6
1,0,1
1,1,0
7,9,-2
4,3,1
2,0,2
4,0,4
0,3,-3
3,0,3
2,0,2
2,0,2
0,0,0
1,1,0
3,1,2
29,0,29
0,0,0
2,0,2
2,1,1
10,0,10
1,0,1
0,0,0
11,0,11
0,2,-2
1,0,1
0,0,0
18,7,11
12,3,9
45,0,45
0,0,0
1,0,1
4,0,4
9,7,2
14,0,14
0,0,0
59,0,59
15,6,9
2,3,-1
8,2,6
2,0,2
5,0,5
7,3,4
0,0,0
7,3,4
2,2,0
13,1,12
7,3,4
12,2,10
1,0,1
3,4,-1
2,6,-4
1,0,1
5,0,5
10,0,10
2,0,2
10,4,6
16,2,14
0,0,0
6,0,6
0,0,0
9,0,9
28,0,28
8,1,7
1,0,1
7,0,7
14,1,13
15,4,11
3,7,-4
0,0,0
4,0,4
14,0,14
0,0,0
1,0,1
14,3,11
4,0,4
0,0,0
0,0,0
5,0,5
7,0,7
15,1,14
0,0,0
3,3,0
2,0,2
10,0,10
7,0,7
32,7,25
10,0,10
0,0,0
10,0,10
0,0,0
2,0,2
9,1,8
29,8,21
2,5,-3
5,0,5
1,0,1
0,0,0
9,0,9
5,2,3
2,0,2
2,2,0
3,3,0
2,2,0
3,2,1
0,4,-4
10,0,10
2,0,2
22,0,22
27,7,20
5,0,5
0,0,0
15,0,15
6,1,5
0,1,-1
4,5,-1
2,1,1
0,0,0
7,1,6
0,0,0
2,0,2
2,5,-3
6,12,-6
9,0,9
10,6,4
7,7,0
1,0,1
0,0,0
0,1,-1
7,0,7
1,0,1
1,0,1
0,0,0
2,0,2
5,0,5
2,0,2
0,0,0
29,2,27
0,0,0
5,0,5
6,8,-2
5,0,5
12,0,12
3,0,3
18,5,13
2,0,2
1,0,1
19,10,9
14,1,13
0,0,0
5,1,4
1,0,1
5,9,-4
13,3,10
0,1,-1
2,0,2
2,0,2
0,0,0
0,0,0
6,14,-8
0,1,-1
4,5,-1
15,8,7
27,1,26
1,0,1
13,6,7
4,4,0
5,0,5
5,0,5
7,0,7
0,0,0
14,5,9
7,0,7
0,0,0
0,1,-1
1,1,0
0,0,0
2,5,-3
24,4,20
2,1,1
2,0,2
1,1,0
9,0,9
4,0,4
26,1,25
8,9,-1
1,1,0
7,0,7
1,0,1
0,0,0
18,1,17
13,4,9
17,1,16
2,0,2
6,2,4
0,3,-3
0,0,0
1,0,1
1,0,1
1,1,0
1,1,0
24,0,24
8,0,8
16,0,16
1,4,-3
9,0,9
17,1,16
12,5,7
18,12,6
3,1,2
1,0,1
0,0,0
1,0,1
2,0,2
1,0,1
10,5,5
3,1,2
0,16,-16
0,0,0
7,0,7
2,0,2
1,0,1
3,0,3
6,4,2
5,0,5
3,0,3
0,0,0
7,2,5
10,2,8
3,1,2
0,0,0
32,0,32
22,0,22
0,8,-8
14,0,14
2,0,2
3,0,3
7,3,4
1,0,1
1,4,-3
10,4,6
0,2,-2
15,0,15
0,1,-1
9,1,8
1,0,1
2,1,1
3,2,1
5,0,5
0,0,0
6,4,2
3,3,0
0,0,0
5,1,4
5,1,4
17,11,6
51,5,46
5,5,0
1,0,1
4,2,2
8,6,2
12,3,9
0,2,-2
7,7,0
15,0,15
54,0,54
4,3,1
1,0,1
0,0,0
0,0,0
3,0,3
6,0,6
4,0,4
0,0,0
14,12,2
4,2,2
26,3,23
1,0,1
0,0,0
6,0,6
0,0,0
13,2,11
1,0,1
33,8,25
1,0,1
0,0,0
0,0,0
2,2,0
8,2,6
11,7,4
9,1,8
2,3,-1
6,4,2
29,15,14
1,0,1
5,0,5
2,0,2
15,1,14
4,0,4
7,1,6
1,0,1
8,0,8
2,0,2
10,3,7
7,0,7
3,4,-1
0,1,-1
1,1,0
0,0,0
0,0,0
11,11,0
28,1,27
0,6,-6
18,1,17
2,0,2
0,0,0
0,1,-1
5,0,5
6,3,3
6,3,3
2,0,2
5,1,4
1,0,1
0,0,0
1,0,1
36,21,15
4,5,-1
3,1,2
36,1,35
0,0,0
5,0,5
3,0,3
12,0,12
2,6,-4
11,0,11
10,0,10
4,0,4
8,1,7
3,0,3
11,8,3
2,0,2
5,6,-1
2,0,2
46,2,44
0,0,0
16,3,13
12,2,10
8,0,8
28,2,26
14,2,12
10,1,9
3,0,3
6,0,6
6,0,6
16,16,0
8,4,4
15,15,0
8,0,8
1,0,1
37,4,33
8,14,-6
14,14,0
0,0,0
4,10,-6
0,0,0
2,0,2
8,12,-4
1,0,1
33,1,32
3,3,0
10,3,7
0,0,0
0,0,0
7,10,-3
74,0,74
24,0,24
12,0,12
0,0,0
1,0,1
0,0,0
13,7,6
1,7,-6
0,0,0
34,0,34
0,0,0
0,0,0
3,0,3
5,2,3
13,0,13
3,0,3
6,0,6
0,0,0
0,1,-1
0,2,-2
3,1,2
11,2,9
59,0,59
2,0,2
0,0,0
0,0,0
0,0,0
2,0,2
0,0,0
11,9,2
8,0,8
2,0,2
7,0,7
4,0,4
0,0,0
14,12,2
3,2,1
4,3,1
5,0,5
4,0,4
2,0,2
4,1,3
5,1,4
0,0,0
12,0,12
4,0,4
19,8,11
0,1,-1
1,0,1
8,9,-1
0,0,0
20,1,19
18,2,16
2,0,2
1,0,1
3,0,3
12,2,10
0,0,0
1,0,1
7,1,6
7,11,-4
0,0,0
8,2,6
8,5,3
0,0,0
9,3,6
5,0,5
2,1,1
1,1,0
31,9,22
0,0,0
1,0,1
12,0,12
3,3,0
45,5,40
1,0,1
8,2,6
2,0,2
12,0,12
7,1,6
0,3,-3
0,0,0
4,2,2
0,0,0
8,3,5
7,0,7
4,0,4
0,6,-6
2,0,2
2,0,2
1,0,1
14,2,12
3,1,2
29,0,29
6,1,5
8,2,6
20,20,0
1,0,1
1,0,1
6,1,5
19,5,14
9,0,9
6,2,4
6,0,6
1,0,1
16,7,9
0,0,0
24,5,19
2,0,2
11,3,8
0,0,0
15,0,15
5,0,5
12,8,4
10,1,9
6,5,1
3,2,1
10,9,1
4,2,2
0,1,-1
0,0,0
7,3,4
2,13,-11
1,0,1
1,0,1
1,5,-4
19,3,16
0,0,0
0,0,0
1,1,0
2,0,2
2,0,2
1,0,1
2,0,2
6,4,2
27,17,10
8,5,3
3,1,2
0,0,0
10,6,4
1,5,-4
3,0,3
0,0,0
20,0,20
9,0,9
8,0,8
2,1,1
0,0,0
1,0,1
8,6,2
8,1,7
12,7,5
19,15,4
0,0,0
1,0,1
57,0,57
8,5,3
1,1,0
1,0,1
0,0,0
13,6,7
5,0,5
6,2,4
0,0,0
2,4,-2
15,6,9
6,2,4
7,5,2
1,2,-1
0,0,0
14,0,14
0,0,0
7,2,5
2,0,2
0,0,0
5,7,-2
1,0,1
0,1,-1
10,1,9
6,5,1
15,1,14
0,0,0
11,1,10
0,0,0
0,0,0
6,0,6
5,4,1
5,0,5
1,1,0
2,1,1
0,0,0
0,0,0
16,1,15
37,1,36
5,1,4
1,0,1
1,0,1
1,9,-8
1,1,0
1,0,1
4,0,4
3,0,3
21,0,21
0,0,0
0,0,0
36,12,24
2,6,-4
1,0,1
10,0,10
46,4,42
0,0,0
4,2,2
7,6,1
5,0,5
1,1,0
21,7,14
0,0,0
1,0,1
0,3,-3
11,11,0
1,0,1
3,3,0
0,0,0
2,2,0
0,0,0
32,0,32
0,0,0
1,0,1
6,1,5
0,2,-2
0,0,0
3,3,0
2,0,2
0,5,-5
7,0,7
2,1,1
0,0,0
8,4,4
0,0,0
10,3,7
8,0,8
0,5,-5
5,4,1
1,0,1
37,0,37
2,0,2
4,3,1
4,0,4
5,0,5
2,3,-1
9,2,7
2,1,1
1,0,1
5,1,4
8,3,5
34,0,34
6,0,6
6,0,6
8,5,3
0,0,0
7,0,7
2,0,2
2,5,-3
0,0,0
36,6,30
10,0,10
3,0,3
1,4,-3
4,0,4
0,0,0
25,2,23
78,13,65
2,10,-8
65,3,62
3,2,1
2,4,-2
5,3,2
0,0,0
0,7,-7
4,2,2
7,2,5
0,0,0
34,1,33
9,3,6
8,8,0
5,4,1
0,0,0
20,0,20
0,0,0
0,2,-2
6,8,-2
1,1,0
0,0,0
24,1,23
0,9,-9
0,1,-1
1,0,1
11,0,11
3,5,-2
6,0,6
2,0,2
11,4,7
0,0,0
0,0,0
0,0,0
0,0,0
14,4,10
18,2,16
8,0,8
0,4,-4
7,0,7
9,0,9
6,0,6
14,0,14
12,2,10
0,2,-2
0,0,0
0,0,0
24,2,22
1,0,1
0,0,0
28,3,25
3,1,2
29,0,29
0,0,0
0,0,0
2,0,2
2,1,1
8,2,6
0,0,0
1,5,-4
0,0,0
0,0,0
1,0,1
4,3,1
0,1,-1
0,0,0
4,0,4
5,0,5
5,1,4
0,0,0
39,10,29
3,4,-1
15,0,15
1,0,1
0,0,0
1,2,-1
19,5,14
12,0,12
1,0,1
1,0,1
7,8,-1
8,0,8
10,8,2
12,1,11
26,2,24
1,1,0
0,0,0
0,0,0
17,0,17
6,0,6
13,0,13
9,1,8
0,0,0
0,0,0
0,0,0
7,1,6
0,0,0
0,1,-1
33,12,21
2,2,0
13,1,12
0,0,0
8,2,6
0,0,0
0,0,0
4,4,0
1,0,1
12,15,-3
2,1,1
7,0,7
0,0,0
2,0,2
10,0,10
1,0,1
6,5,1
1,0,1
12,0,12
2,0,2
1,0,1
0,1,-1
11,13,-2
41,2,39
10,1,9
5,0,5
12,7,5
1,0,1
5,0,5
10,1,9
17,1,16
2,0,2
4,0,4
0,0,0
1,3,-2
2,2,0
8,5,3
2,4,-2
11,6,5
5,0,5
0,0,0
5,1,4
4,7,-3
0,0,0
0,0,0
6,0,6
4,0,4
1,0,1
10,13,-3
1,0,1
5,5,0
7,1,6
10,11,-1
8,5,3
2,0,2
14,0,14
10,8,2
6,0,6
21,0,21
4,2,2
6,1,5
6,1,5
13,0,13
1,0,1
6,0,6
1,0,1
3,0,3
0,0,0
0,2,-2
39,14,25
6,0,6
0,1,-1
11,8,3
0,0,0
5,0,5
25,0,25
9,0,9
52,0,52
0,0,0
18,0,18
0,0,0
5,0,5
14,4,10
4,0,4
0,0,0
0,0,0
19,2,17
18,7,11
1,2,-1
8,1,7
8,2,6
7,4,3
0,5,-5
12,2,10
8,1,7
0,0,0
2,2,0
1,0,1
6,4,2
0,0,0
64,18,46
5,0,5
9,4,5
8,1,7
0,4,-4
5,0,5
7,3,4
2,1,1
8,1,7
10,4,6
9,0,9
6,5,1
1,0,1
16,16,0
4,5,-1
12,0,12
3,2,1
9,6,3
8,0,8
5,0,5
21,9,12
10,8,2
10,3,7
2,0,2
6,0,6
16,7,9
3,0,3
0,0,0
3,1,2
1,4,-3
6,5,1
54,17,37
1,0,1
1,0,1
7,0,7
3,11,-8
5,1,4
4,0,4
15,7,8
0,0,0
16,0,16
25,2,23
7,0,7
11,11,0
10,1,9
11,3,8
0,0,0
1,0,1
15,2,13
18,5,13
2,0,2
0,0,0
7,5,2
3,6,-3
1,3,-2
12,6,6
2,0,2
14,22,-8
24,2,22
9,1,8
0,1,-1
25,1,24
5,4,1
0,0,0
10,0,10
0,0,0
0,0,0
5,3,2
16,14,2
3,4,-1
3,0,3
6,7,-1
3,3,0
6,1,5
0,1,-1
1,3,-2
2,1,1
6,1,5
0,0,0
5,9,-4
13,2,11
7,9,-2
5,0,5
26,8,18
9,0,9
7,3,4
2,0,2
1,0,1
25,15,10
3,13,-10
11,2,9
9,9,0
14,12,2
26,9,17
1,0,1
0,0,0
1,0,1
6,0,6
8,5,3
0,0,0
1,7,-6
0,0,0
18,2,16
2,1,1
7,0,7
1,0,1
1,0,1
3,0,3
5,2,3
2,0,2
1,0,1
8,0,8
1,0,1
0,0,0
0,0,0
8,5,3
17,2,15
0,0,0
3,0,3
1,8,-7
10,2,8
4,4,0
1,0,1
27,15,12
2,0,2
11,0,11
8,7,1
7,5,2
42,9,33
21,0,21
3,0,3
0,0,0
4,4,0
3,1,2
3,0,3
11,0,11
1,0,1
2,0,2
18,1,17
0,3,-3
6,0,6
20,0,20
3,0,3
4,1,3
3,0,3
4,3,1
21,4,17
1,1,0
0,0,0
2,1,1
7,1,6
5,0,5
7,0,7
5,4,1
0,1,-1
29,0,29
2,1,1
9,2,7
16,0,16
43,1,42
17,0,17
0,0,0
5,2,3
23,9,14
0,2,-2
27,1,26
11,7,4
0,0,0
3,3,0
1,0,1
1,1,0
0,0,0
2,3,-1
31,1,30
2,2,0
16,0,16
0,0,0
4,0,4
1,2,-1
0,0,0
1,0,1
5,2,3
0,1,-1
1,0,1
1,0,1
3,0,3
0,0,0
3,0,3
14,1,13
3,0,3
5,3,2
0,0,0
1,0,1
0,0,0
13,1,12
1,0,1
0,0,0
2,0,2
5,2,3
10,2,8
1,0,1
0,0,0
6,2,4
6,0,6
1,1,0
5,0,5
0,0,0
0,0,0
0,3,-3
20,3,17
1,0,1
5,1,4
14,1,13
12,0,12
0,0,0
18,0,18
1,0,1
3,1,2
0,1,-1
9,0,9
0,0,0
3,0,3
2,0,2
1,0,1
14,1,13
2,1,1
16,0,16
0,1,-1
12,0,12
0,0,0
0,0,0
5,0,5
11,0,11
1,0,1
0,1,-1
1,0,1
1,0,1
20,0,20
3,0,3
8,0,8
2,3,-1
3,0,3
1,0,1
13,2,11
2,0,2
7,2,5
0,0,0
10,1,9
3,0,3
7,4,3
24,1,23
7,0,7
14,0,14
0,3,-3
1,7,-6
20,1,19
1,0,1
5,2,3
1,0,1
5,1,4
7,0,7
2,5,-3
18,4,14
27,0,27
11,4,7
10,1,9
0,0,0
0,1,-1
32,2,30
0,0,0
3,0,3
8,0,8
0,0,0
3,0,3
3,13,-10
10,0,10
8,1,7
3,3,0
10,0,10
0,0,0
3,4,-1
2,0,2
1,8,-7
2,0,2
5,0,5
11,10,1
6,1,5
3,0,3
13,0,13
17,0,17
1,0,1
3,0,3
6,0,6
6,5,1
0,0,0
7,0,7
0,0,0
61,0,61
22,0,22
15,3,12
0,0,0
5,4,1
4,1,3
7,2,5
13,6,7
6,4,2
2,0,2
5,0,5
22,1,21
34,4,30
7,8,-1
4,0,4
8,10,-2
0,0,0
25,0,25
15,3,12
0,0,0
2,3,-1
14,0,14
5,0,5
3,0,3
1,1,0
5,0,5
2,2,0
1,0,1
8,0,8
1,2,-1
9,15,-6
16,5,11
10,2,8
1,0,1
0,0,0
17,13,4
0,0,0
29,4,25
0,3,-3
6,1,5
3,0,3
7,0,7
9,1,8
11,0,11
10,0,10
0,0,0
0,0,0
22,7,15
0,2,-2
16,9,7
0,1,-1
7,3,4
0,2,-2
21,8,13
3,3,0
6,1,5
17,11,6
9,1,8
4,0,4
31,17,14
7,0,7
5,1,4
6,1,5
0,1,-1
6,4,2
0,0,0
0,1,-1
1,0,1
1,0,1
15,3,12
3,0,3
0,0,0
0,0,0
0,0,0
16,4,12
3,1,2
0,1,-1
0,0,0
10,0,10
1,2,-1
1,0,1
7,8,-1
0,0,0
20,14,6
5,0,5
5,0,5
3,0,3
2,2,0
6,5,1
3,1,2
4,2,2
0,2,-2
5,0,5
1,3,-2
0,0,0
13,0,13
0,0,0
3,4,-1
5,4,1
12,1,11
10,10,0
14,0,14
5,15,-10
14,5,9
2,2,0
10,6,4
0,14,-14
1,0,1
2,0,2
0,0,0
30,14,16
7,0,7
3,0,3
3,0,3
8,0,8
7,4,3
11,0,11
6,10,-4
4,0,4
31,4,27
14,0,14
9,9,0
0,0,0
23,4,19
5,0,5
6,0,6
3,3,0
5,4,1
2,0,2
3,0,3
4,2,2
17,2,15
3,0,3
1,0,1
39,0,39
1,0,1
1,1,0
0,0,0
8,3,5
1,0,1
1,0,1
3,3,0
8,3,5
7,0,7
0,0,0
10,3,7
1,4,-3
0,1,-1
8,0,8
2,3,-1
26,14,12
6,0,6
1,1,0
2,0,2
1,1,0
11,0,11
2,2,0
21,12,9
0,0,0
18,0,18
2,0,2
9,0,9
25,0,25
3,0,3
7,15,-8
0,0,0
2,0,2
12,0,12
0,0,0
1,1,0
9,9,0
6,0,6
5,0,5
0,1,-1
0,0,0
8,0,8
20,3,17
1,0,1
3,2,1
3,0,3
8,0,8
4,0,4
25,0,25
4,0,4
6,0,6
19,1,18
1,1,0
1,0,1
1,0,1
12,6,6
46,0,46
1,0,1
9,0,9
4,0,4
0,0,0
15,1,14
1,0,1
0,0,0
8,1,7
5,0,5
1,0,1
16,6,10
4,11,-7
17,1,16
0,0,0
19,1,18
0,0,0
0,1,-1
3,0,3
0,0,0
5,0,5
0,0,0
0,10,-10
12,0,12
0,0,0
0,0,0
13,1,12
21,0,21
27,3,24
11,3,8
29,0,29
1,0,1
5,0,5
7,0,7
10,0,10
9,1,8
15,1,14
3,0,3
7,0,7
20,20,0
1,0,1
5,9,-4
0,0,0
12,3,9
2,1,1
1,0,1
2,0,2
18,10,8
4,0,4
8,8,0
74,18,56
14,1,13
0,0,0
16,0,16
12,0,12
2,1,1
16,4,12
0,0,0
5,1,4
1,0,1
14,0,14
27,5,22
15,14,1
0,0,0
3,0,3
2,0,2
0,0,0
5,1,4
0,4,-4
2,1,1
0,0,0
0,13,-13
1,1,0
1,0,1
3,0,3
7,0,7
1,0,1
5,0,5
1,1,0
19,1,18
3,3,0
1,2,-1
9,1,8
3,7,-4
9,12,-3
9,1,8
0,0,0
1,2,-1
2,0,2
4,1,3
14,0,14
19,2,17
4,0,4
2,0,2
6,1,5
10,0,10
9,5,4
1,9,-8
9,2,7
6,0,6
0,0,0
29,10,19
7,4,3
29,3,26
5,0,5
4,5,-1
0,0,0
26,6,20
18,0,18
3,2,1
6,0,6
36,0,36
4,2,2
0,0,0
2,0,2
4,1,3
0,0,0
10,1,9
2,3,-1
8,4,4
10,0,10
23,3,20
1,0,1
1,0,1
1,14,-13
5,0,5
2,2,0
0,0,0
0,0,0
2,0,2
0,0,0
0,0,0
2,5,-3
9,6,3
10,3,7
4,0,4
5,0,5
15,2,13
5,0,5
14,5,9
4,0,4
9,8,1
35,14,21
1,0,1
30,7,23
0,0,0
5,0,5
20,18,2
10,0,10
0,4,-4
25,10,15
0,0,0
37,8,29
1,0,1
1,1,0
22,4,18
14,0,14
2,0,2
16,0,16
3,2,1
11,3,8
2,0,2
5,0,5
0,3,-3
2,0,2
7,1,6
14,1,13
7,1,6
2,0,2
2,0,2
6,0,6
1,0,1
0,0,0
7,0,7
0,0,0
0,0,0
9,9,0
15,3,12
5,5,0
9,11,-2
0,2,-2
0,0,0
6,1,5
3,1,2
2,0,2
9,4,5
9,5,4
4,4,0
14,0,14
2,0,2
10,0,10
4,0,4
4,1,3
1,1,0
18,0,18
15,0,15
5,1,4
7,14,-7
11,1,10
5,4,1
1,0,1
7,0,7
1,0,1
3,0,3
6,0,6
2,1,1
30,14,16
17,5,12
5,0,5
0,0,0
13,0,13
1,0,1
1,0,1
4,0,4
15,0,15
5,3,2
15,0,15
0,0,0
1,10,-9
2,0,2
1,0,1
15,6,9
5,0,5
5,6,-1
6,0,6
16,2,14
2,0,2
13,5,8
16,12,4
1,0,1
7,4,3
21,0,21
1,0,1
4,0,4
10,0,10
0,0,0
4,0,4
5,12,-7
0,3,-3
49,1,48
0,0,0
1,0,1
4,0,4
4,0,4
1,0,1
7,2,5
3,3,0
19,1,18
4,0,4
0,0,0
0,0,0
0,0,0
24,0,24
0,0,0
3,0,3
8,0,8
0,0,0
26,8,18
12,0,12
7,2,5
0,0,0
7,0,7
14,0,14
10,0,10
1,0,1
0,1,-1
20,11,9
1,0,1
0,0,0
0,0,0
1,0,1
1,1,0
0,0,0
3,1,2
23,0,23
3,1,2
22,2,20
7,9,-2
0,0,0
9,9,0
1,0,1
0,0,0
0,0,0
6,1,5
13,0,13
8,0,8
79,8,71
24,1,23
0,4,-4
11,0,11
12,9,3
0,2,-2
0,0,0
3,1,2
0,1,-1
5,2,3
7,3,4
42,1,41
2,0,2
5,0,5
6,10,-4
7,3,4
4,0,4
1,0,1
14,19,-5
1,0,1
4,0,4
10,8,2
14,0,14
5,0,5
5,2,3
60,10,50
6,0,6
3,10,-7
17,2,15
0,0,0
0,0,0
1,0,1
5,0,5
8,0,8
2,0,2
10,0,10
0,2,-2
33,9,24
0,0,0
12,0,12
8,0,8
51,1,50
9,9,0
3,3,0
0,0,0
7,0,7
5,0,5
10,8,2
2,0,2
6,1,5
3,2,1
2,2,0
4,4,0
12,7,5
4,6,-2
5,0,5
8,6,2
11,0,11
5,7,-2
8,2,6
2,0,2
9,0,9
4,0,4
3,0,3
10,0,10
0,0,0
0,0,0
11,1,10
0,1,-1
1,0,1
51,0,51
10,5,5
6,6,0
1,0,1
0,0,0
5,1,4
5,5,0
3,0,3
9,1,8
4,0,4
1,2,-1
14,4,10
0,0,0
0,0,0
1,1,0
3,0,3
1,0,1
3,0,3
12,4,8
13,1,12
7,1,6
1,0,1
4,1,3
26,15,11
2,0,2
6,0,6
16,0,16
0,0,0
2,0,2
10,0,10
24,5,19
0,0,0
3,1,2
32,0,32
0,0,0
7,1,6
35,0,35
2,0,2
2,9,-7
8,0,8
0,0,0
5,0,5
1,8,-7
6,3,3
19,0,19
17,0,17
6,2,4
3,2,1
0,0,0
12,1,11
11,1,10
0,0,0
2,0,2
4,0,4
0,0,0
17,0,17
3,15,-12
0,0,0
1,0,1
0,1,-1
21,0,21
4,4,0
17,0,17
1,0,1
0,0,0
15,0,15
5,3,2
8,1,7
6,0,6
8,0,8
6,4,2
0,0,0
1,0,1
2,0,2
23,1,22
2,13,-11
19,0,19
0,0,0
12,0,12
6,0,6
0,0,0
1,1,0
0,0,0
2,1,1
0,0,0
1,30,-29
5,0,5
1,0,1
9,9,0
1,0,1
0,0,0
1,1,0
12,1,11
2,0,2
2,2,0
9,1,8
21,2,19
0,3,-3
0,0,0
5,3,2
12,0,12
1,0,1
10,0,10
2,0,2
10,4,6
6,6,0
0,2,-2
3,2,1
5,1,4
14,14,0
0,0,0
0,0,0
2,6,-4
15,1,14
0,0,0
15,8,7
14,6,8
5,4,1
4,0,4
7,1,6
2,4,-2
26,0,26
4,1,3
0,0,0
3,1,2
3,0,3
21,0,21
2,1,1
0,0,0
5,0,5
4,0,4
6,0,6
10,9,1
9,8,1
6,5,1
0,0,0
1,3,-2
0,0,0
1,0,1
7,5,2
6,1,5
13,0,13
3,0,3
17,6,11
0,0,0
11,4,7
4,0,4
12,1,11
6,0,6
20,5,15
3,0,3
0,7,-7
8,0,8
5,0,5
3,5,-2
28,5,23
17,0,17
17,5,12
0,0,0
2,0,2
0,0,0
8,0,8
5,0,5
5,13,-8
8,2,6
3,2,1
7,2,5
1,0,1
2,1,1
8,3,5
9,0,9
9,1,8
30,2,28
11,1,10
3,0,3
3,0,3
6,5,1
0,0,0
2,0,2
3,5,-2
3,4,-1
5,3,2
0,1,-1
4,2,2
1,0,1
3,1,2
2,1,1
0,2,-2
7,4,3
8,2,6
0,0,0
2,2,0
1,1,0
27,2,25
12,0,12
9,0,9
5,0,5
3,0,3
2,0,2
11,5,6
2,1,1
13,7,6
4,1,3
61,0,61
7,0,7
1,0,1
1,0,1
6,6,0
14,0,14
4,0,4
5,0,5
3,0,3
2,0,2
9,2,7
1,0,1
15,11,4
0,0,0
3,1,2
0,0,0
6,0,6
2,0,2
0,0,0
2,8,-6
1,0,1
4,0,4
10,2,8
5,4,1
0,0,0
0,2,-2
5,7,-2
0,0,0
12,13,-1
0,0,0
2,0,2
1,0,1
31,7,24
0,0,0
0,1,-1
3,1,2
4,1,3
13,0,13
0,10,-10
3,0,3
3,4,-1
10,3,7
10,1,9
4,0,4
20,0,20
12,2,10
20,0,20
47,6,41
4,0,4
0,2,-2
5,1,4
1,2,-1
4,9,-5
3,1,2
3,0,3
51,2,49
17,0,17
23,0,23
1,0,1
0,0,0
3,6,-3
1,0,1
33,4,29
8,4,4
2,0,2
0,0,0
3,0,3
1,0,1
14,1,13
12,0,12
1,0,1
4,0,4
11,1,10
15,7,8
2,1,1
0,2,-2
14,6,8
1,1,0
3,0,3
2,0,2
0,0,0
0,0,0
0,0,0
0,0,0
3,0,3
7,0,7
4,2,2
2,0,2
3,0,3
7,6,1
0,0,0
4,0,4
2,0,2
7,0,7
4,3,1
14,2,12
0,1,-1
2,2,0
4,0,4
3,3,0
0,1,-1
21,1,20
9,6,3
4,0,4
0,0,0
0,0,0
1,1,0
14,0,14
19,0,19
2,0,2
5,0,5
0,0,0
111,12,99
8,0,8
2,1,1
25,8,17
3,11,-8
9,0,9
14,3,11
7,5,2
2,0,2
4,2,2
4,1,3
14,0,14
45,4,41
6,1,5
4,0,4
0,0,0
11,1,10
3,0,3
12,5,7
0,0,0
1,0,1
0,0,0
21,1,20
2,2,0
6,0,6
1,1,0
1,0,1
12,0,12
10,2,8
33,0,33
1,0,1
0,0,0
15,0,15
0,0,0
20,1,19
0,6,-6
1,0,1
4,0,4
0,8,-8
2,0,2
25,2,23
4,1,3
3,2,1
80,3,77
20,12,8
1,0,1
4,6,-2
13,1,12
4,2,2
0,0,0
0,0,0
4,4,0
4,0,4
0,0,0
5,0,5
4,1,3
16,0,16
7,0,7
3,0,3
3,1,2
3,1,2
0,0,0
0,15,-15
6,4,2
3,0,3
3,0,3
1,0,1
0,0,0
9,2,7
20,1,19
0,1,-1
10,0,10
6,5,1
16,4,12
0,0,0
1,0,1
17,5,12
3,0,3
11,0,11
0,0,0
0,0,0
16,11,5
11,8,3
3,0,3
12,2,10
0,1,-1
0,0,0
1,0,1
1,0,1
4,0,4
0,0,0
4,0,4
5,1,4
3,0,3
8,0,8
1,0,1
3,0,3
1,4,-3
3,0,3
2,0,2
0,0,0
15,1,14
0,0,0
1,2,-1
15,0,15
11,1,10
18,1,17
0,0,0
3,1,2
14,8,6
0,1,-1
1,0,1
0,0,0
0,0,0
4,0,4
56,4,52
11,0,11
7,1,6
0,0,0
36,0,36
6,0,6
0,0,0
5,0,5
2,0,2
1,0,1
3,0,3
1,15,-14
6,0,6
21,4,17
4,0,4
1,0,1
2,3,-1
10,0,10
1,0,1
7,0,7
1,0,1
4,3,1
12,5,7
15,0,15
6,0,6
8,7,1
14,1,13
52,0,52
6,10,-4
10,3,7
1,1,0
8,0,8
6,6,0
13,0,13
7,0,7
17,1,16
1,3,-2
0,1,-1
4,2,2
1,0,1
0,0,0
2,1,1
5,9,-4
13,0,13
9,1,8
12,1,11
17,0,17
36,7,29
0,0,0
11,3,8
4,0,4
3,0,3
3,0,3
4,0,4
4,0,4
2,0,2
9,1,8
1,0,1
0,2,-2
8,0,8
20,2,18
9,0,9
4,0,4
1,0,1
0,0,0
1,0,1
1,1,0
4,2,2
0,0,0
9,0,9
1,0,1
0,0,0
0,2,-2
2,0,2
2,0,2
39,2,37
1,0,1
2,0,2
3,1,2
1,0,1
2,2,0
21,0,21
1,3,-2
0,0,0
4,4,0
2,0,2
0,0,0
2,0,2
0,0,0
39,0,39
12,0,12
11,0,11
3,0,3
43,0,43
0,10,-10
0,3,-3
0,6,-6
17,1,16
1,8,-7
20,2,18
9,4,5
6,0,6
0,0,0
0,0,0
7,20,-13
9,0,9
1,0,1
11,0,11
1,0,1
3,4,-1
4,1,3
0,0,0
0,0,0
5,1,4
7,1,6
33,2,31
15,1,14
1,1,0
0,0,0
31,15,16
1,0,1
1,1,0
7,1,6
0,0,0
15,6,9
2,0,2
1,3,-2
3,5,-2
6,0,6
36,0,36
18,1,17
0,0,0
5,2,3
26,20,6
10,1,9
16,10,6
4,17,-13
0,6,-6
17,5,12
14,10,4
23,6,17
9,1,8
60,13,47
7,3,4
17,7,10
2,0,2
0,0,0
11,2,9
19,16,3
2,0,2
6,0,6
2,0,2
1,0,1
9,0,9
4,4,0
7,0,7
1,1,0
11,0,11
2,4,-2
18,0,18
0,3,-3
3,3,0
0,0,0
4,3,1
2,5,-3
0,0,0
8,9,-1
13,0,13
0,1,-1
3,0,3
5,4,1
14,13,1
5,2,3
22,0,22
0,2,-2
7,7,0
12,4,8
1,0,1
7,4,3
2,2,0
18,0,18
57,1,56
1,0,1
6,4,2
7,0,7
3,2,1
8,1,7
37,4,33
0,0,0
2,0,2
0,0,0
4,0,4
3,1,2
4,0,4
9,0,9
9,0,9
0,0,0
0,0,0
2,0,2
8,3,5
5,0,5
1,0,1
8,9,-1
10,4,6
2,1,1
1,0,1
1,0,1
8,0,8
0,0,0
9,0,9
10,0,10
7,6,1
0,2,-2
13,2,11
0,0,0
12,0,12
6,0,6
8,0,8
11,2,9
0,0,0
0,2,-2
5,3,2
9,0,9
14,2,12
4,0,4
1,2,-1
17,0,17
3,3,0
7,0,7
1,0,1
0,6,-6
2,0,2
1,0,1
2,3,-1
9,0,9
0,0,0
13,2,11
73,8,65
5,4,1
2,0,2
4,0,4
10,0,10
7,1,6
3,4,-1
9,0,9
16,6,10
1,0,1
4,0,4
1,1,0
1,0,1
0,0,0
2,0,2
0,0,0
6,0,6
24,0,24
2,0,2
8,2,6
8,2,6
3,5,-2
0,0,0
11,0,11
1,0,1
0,0,0
5,2,3
1,0,1
2,2,0
0,0,0
4,0,4
2,0,2
10,4,6
3,1,2
16,0,16
7,0,7
10,0,10
4,0,4
1,0,1
6,1,5
1,0,1
2,0,2
8,1,7
1,1,0
2,2,0
7,0,7
10,0,10
7,0,7
0,0,0
1,1,0
1,0,1
0,0,0
2,2,0
0,2,-2
26,4,22
4,3,1
3,0,3
1,1,0
8,0,8
15,5,10
2,0,2
13,1,12
15,0,15
0,6,-6
0,0,0
15,0,15
2,0,2
9,16,-7
8,7,1
1,6,-5
4,0,4
5,2,3
3,0,3
10,8,2
1,0,1
5,0,5
7,0,7
3,0,3
3,0,3
5,0,5
82,1,81
12,0,12
4,0,4
3,3,0
1,2,-1
0,0,0
7,6,1
0,0,0
8,1,7
0,0,0
0,0,0
7,0,7
0,0,0
23,3,20
4,0,4
4,4,0
7,14,-7
0,2,-2
0,0,0
3,2,1
5,0,5
1,3,-2
15,1,14
0,0,0
0,0,0
0,8,-8
10,0,10
28,28,0
0,0,0
1,0,1
7,0,7
21,3,18
48,0,48
1,0,1
39,8,31
6,0,6
2,0,2
8,1,7
6,0,6
0,0,0
0,0,0
9,0,9
4,0,4
2,0,2
2,3,-1
40,0,40
0,0,0
9,5,4
0,1,-1
6,0,6
2,2,0
5,0,5
1,2,-1
5,0,5
4,0,4
7,0,7
0,0,0
1,2,-1
18,0,18
8,0,8
26,17,9
5,1,4
2,10,-8
4,2,2
13,4,9
2,0,2
2,0,2
4,0,4
32,10,22
12,0,12
3,0,3
0,0,0
4,0,4
17,5,12
7,1,6
0,0,0
2,3,-1
4,1,3
11,0,11
1,0,1
0,4,-4
0,0,0
4,0,4
1,0,1
1,0,1
0,0,0
5,7,-2
2,0,2
0,2,-2
5,0,5
5,5,0
0,0,0
0,0,0
14,10,4
3,0,3
3,0,3
0,0,0
0,1,-1
2,0,2
14,6,8
11,0,11
3,1,2
1,0,1
5,4,1
2,0,2
25,0,25
15,3,12
6,0,6
1,0,1
2,0,2
17,5,12
6,0,6
5,0,5
12,2,10
31,8,23
0,0,0
0,0,0
1,0,1
7,0,7
27,5,22
9,0,9
4,0,4
0,0,0
0,0,0
1,5,-4
0,0,0
3,3,0
23,9,14
0,0,0
5,6,-1
6,0,6
9,1,8
50,7,43
0,4,-4
0,0,0
6,0,6
13,4,9
1,1,0
2,0,2
3,2,1
18,2,16
17,0,17
17,11,6
16,4,12
2,0,2
6,0,6
0,0,0
1,0,1
0,0,0
4,0,4
23,0,23
2,0,2
3,0,3
0,17,-17
5,2,3
0,4,-4
23,0,23
2,0,2
24,0,24
3,5,-2
0,0,0
1,1,0
7,0,7
9,2,7
7,0,7
25,6,19
1,0,1
0,0,0
1,0,1
13,0,13
13,1,12
6,0,6
4,2,2
0,0,0
34,6,28
3,0,3
2,0,2
9,0,9
1,0,1
16,7,9
2,1,1
2,1,1
2,0,2
0,0,0
11,6,5
8,2,6
9,5,4
14,13,1
77,18,59
7,0,7
9,3,6
1,0,1
8,0,8
4,0,4
1,0,1
0,0,0
0,0,0
6,0,6
4,0,4
29,29,0
12,12,0
1,0,1
14,0,14
18,6,12
15,1,14
17,4,13
6,3,3
7,0,7
1,0,1
6,1,5
6,1,5
1,0,1
22,0,22
0,0,0
25,5,20
13,9,4
30,0,30
0,0,0
6,0,6
8,6,2
0,0,0
0,0,0
5,1,4
0,0,0
25,15,10
42,1,41
19,0,19
3,16,-13
11,0,11
11,8,3
0,0,0
12,7,5
2,1,1
0,0,0
2,2,0
2,0,2
0,0,0
15,1,14
4,2,2
0,1,-1
5,0,5
15,9,6
3,0,3
0,0,0
0,0,0
1,0,1
0,0,0
0,0,0
22,2,20
2,0,2
37,1,36
7,1,6
1,3,-2
5,0,5
6,3,3
2,0,2
13,4,9
1,2,-1
2,0,2
12,3,9
5,0,5
1,0,1
5,9,-4
3,0,3
2,0,2
29,29,0
2,0,2
4,4,0
0,0,0
14,2,12
0,2,-2
4,12,-8
9,0,9
0,0,0
6,1,5
5,0,5
3,0,3
0,3,-3
9,0,9
23,10,13
0,0,0
14,1,13
1,0,1
0,0,0
0,0,0
14,6,8
0,1,-1
3,2,1
2,0,2
9,7,2
40,4,36
4,0,4
19,10,9
4,1,3
0,0,0
0,0,0
6,0,6
8,9,-1
1,3,-2
6,0,6
21,0,21
8,1,7
0,0,0
3,5,-2
2,1,1
1,0,1
0,0,0
0,0,0
5,0,5
3,6,-3
3,0,3
0,0,0
43,5,38
0,0,0
28,1,27
0,1,-1
3,0,3
4,1,3
6,2,4
21,0,21
1,0,1
8,9,-1
10,0,10
0,1,-1
5,0,5
6,0,6
4,3,1
5,3,2
1,0,1
0,0,0
0,0,0
0,0,0
8,0,8
0,0,0
6,0,6
0,0,0
3,12,-9
10,13,-3
1,0,1
17,2,15
1,0,1
2,0,2
0,0,0
8,0,8
3,0,3
9,15,-6
19,1,18
7,8,-1
4,0,4
6,3,3
4,0,4
1,0,1
6,0,6
1,0,1
1,0,1
7,0,7
0,0,0
2,0,2
8,0,8
0,1,-1
9,6,3
0,0,0
11,2,9
16,0,16
24,0,24
0,0,0
2,2,0
0,0,0
4,1,3
1,18,-17
4,2,2
0,12,-12
11,8,3
7,1,6
2,6,-4
31,12,19
0,0,0
1,0,1
5,0,5
1,0,1
0,1,-1
3,3,0
0,0,0
1,0,1
0,0,0
1,0,1
35,1,34
11,0,11
5,1,4
0,0,0
11,0,11
1,0,1
6,1,5
0,0,0
9,0,9
1,5,-4
1,1,0
4,2,2
2,2,0
0,2,-2
0,0,0
13,0,13
24,1,23
10,0,10
8,0,8
6,0,6
8,3,5
2,2,0
0,0,0
0,0,0
1,2,-1
7,0,7
2,1,1
0,4,-4
4,0,4
12,1,11
4,0,4
5,3,2
12,5,7
9,10,-1
2,2,0
4,0,4
19,7,12
1,0,1
1,0,1
4,1,3
3,4,-1
3,0,3
14,4,10
13,10,3
0,0,0
8,0,8
13,1,12
0,0,0
12,5,7
21,4,17
10,0,10
1,0,1
0,0,0
1,0,1
0,0,0
0,0,0
5,1,4
15,5,10
3,0,3
0,0,0
5,0,5
5,0,5
31,3,28
0,0,0
5,0,5
5,5,0
0,0,0
0,0,0
12,8,4
3,0,3
4,5,-1
2,0,2
4,9,-5
6,0,6
0,0,0
8,0,8
18,0,18
5,0,5
3,4,-1
0,0,0
1,0,1
4,0,4
3,1,2
7,1,6
18,3,15
8,0,8
2,0,2
0,0,0
16,1,15
5,0,5
4,0,4
3,0,3
0,0,0
0,0,0
4,3,1
8,4,4
3,3,0
3,4,-1
5,0,5
0,0,0
1,0,1
0,0,0
6,0,6
0,0,0
0,1,-1
0,2,-2
5,0,5
4,0,4
18,1,17
2,2,0
7,0,7
22,5,17
0,0,0
0,1,-1
0,0,0
23,0,23
24,0,24
3,5,-2
27,15,12
0,0,0
0,0,0
0,0,0
1,0,1
5,3,2
8,2,6
4,0,4
4,0,4
0,0,0
17,0,17
2,3,-1
8,7,1
3,0,3
38,18,20
28,0,28
1,0,1
0,0,0
8,0,8
1,0,1
5,0,5
21,2,19
4,0,4
0,0,0
1,1,0
0,0,0
10,4,6
18,6,12
4,3,1
5,3,2
2,1,1
17,1,16
1,0,1
6,2,4
8,0,8
11,0,11
1,12,-11
3,3,0
0,1,-1
25,0,25
1,0,1
5,0,5
0,0,0
2,0,2
4,0,4
9,4,5
0,0,0
2,0,2
6,0,6
4,3,1
7,1,6
1,0,1
0,0,0
4,1,3
8,2,6
0,4,-4
14,13,1
15,0,15
10,6,4
7,1,6
3,0,3
6,0,6
2,0,2
4,0,4
10,0,10
0,0,0
12,4,8
3,0,3
1,0,1
6,2,4
10,4,6
0,0,0
12,1,11
6,0,6
4,0,4
0,0,0
9,2,7
0,0,0
2,1,1
0,0,0
17,5,12
5,9,-4
0,1,-1
7,0,7
7,2,5
2,0,2
7,0,7
2,0,2
0,0,0
6,0,6
7,0,7
1,0,1
1,0,1
17,9,8
45,3,42
44,1,43
0,2,-2
0,0,0
9,0,9
3,0,3
4,1,3
13,0,13
4,0,4
33,8,25
13,0,13
3,0,3
1,4,-3
23,7,16
5,0,5
10,1,9
2,0,2
6,0,6
1,1,0
7,2,5
25,1,24
13,1,12
0,0,0
4,0,4
4,0,4
15,4,11
6,0,6
1,0,1
1,1,0
0,0,0
7,0,7
24,3,21
0,0,0
2,4,-2
0,0,0
0,0,0
0,1,-1
12,6,6
7,0,7
0,0,0
1,0,1
3,1,2
22,0,22
6,11,-5
2,0,2
0,0,0
1,0,1
2,0,2
1,0,1
2,1,1
6,0,6
24,1,23
11,3,8
6,0,6
1,0,1
1,3,-2
16,0,16
6,8,-2
2,3,-1
6,6,0
6,0,6
0,0,0
11,3,8
5,0,5
3,6,-3
11,1,10
0,2,-2
0,0,0
0,3,-3
14,0,14
5,0,5
1,2,-1
8,0,8
4,0,4
1,0,1
3,0,3
6,2,4
0,2,-2
9,0,9
1,0,1
18,22,-4
2,2,0
0,3,-3
0,0,0
8,11,-3
12,3,9
28,7,21
16,1,15
5,0,5
0,0,0
2,0,2
3,2,1
1,1,0
3,2,1
3,0,3
6,8,-2
7,5,2
6,0,6
5,0,5
5,0,5
1,0,1
20,0,20
3,0,3
15,2,13
38,4,34
6,1,5
0,0,0
8,2,6
1,0,1
0,9,-9
9,8,1
2,0,2
3,0,3
8,3,5
41,8,33
4,6,-2
2,0,2
0,0,0
4,3,1
8,0,8
2,0,2
22,2,20
20,0,20
5,5,0
21,0,21
1,2,-1
20,1,19
28,1,27
3,0,3
0,0,0
21,8,13
2,0,2
5,0,5
10,13,-3
0,0,0
70,2,68
1,4,-3
6,0,6
2,0,2
4,0,4
1,0,1
3,1,2
40,0,40
0,0,0
5,0,5
20,4,16
11,4,7
4,2,2
12,4,8
2,0,2
1,0,1
3,0,3
1,4,-3
0,0,0
4,6,-2
1,0,1
13,0,13
0,11,-11
13,7,6
0,0,0
9,0,9
1,0,1
16,0,16
0,19,-19
5,1,4
5,0,5
2,3,-1
12,2,10
3,0,3
3,2,1
2,1,1
5,1,4
0,0,0
4,1,3
0,0,0
3,0,3
26,0,26
8,2,6
0,0,0
0,0,0
0,0,0
22,0,22
27,11,16
0,1,-1
3,2,1
18,0,18
0,0,0
7,1,6
0,0,0
15,0,15
14,0,14
0,0,0
1,0,1
24,7,17
3,0,3
2,1,1
14,1,13
10,6,4
3,3,0
0,0,0
1,0,1
22,0,22
16,6,10
0,0,0
11,3,8
0,0,0
2,3,-1
11,0,11
3,0,3
10,4,6
0,0,0
0,1,-1
4,6,-2
2,0,2
1,0,1
3,0,3
16,1,15
1,1,0
10,0,10
0,0,0
10,0,10
0,0,0
4,0,4
4,6,-2
0,0,0
3,0,3
0,4,-4
10,0,10
3,0,3
2,1,1
17,0,17
0,1,-1
22,3,19
0,1,-1
4,0,4
7,5,2
21,1,20
14,5,9
1,1,0
8,0,8
2,0,2
4,1,3
0,4,-4
10,2,8
4,1,3
1,1,0
21,9,12
0,4,-4
2,0,2
3,2,1
6,7,-1
7,0,7
7,0,7
2,3,-1
1,0,1
6,0,6
5,0,5
8,1,7
7,1,6
16,0,16
0,0,0
0,0,0
4,0,4
29,0,29
0,0,0
6,1,5
0,2,-2
0,0,0
0,0,0
6,6,0
2,1,1
11,0,11
0,0,0
7,0,7
16,0,16
8,0,8
15,2,13
38,14,24
0,0,0
15,0,15
3,0,3
3,0,3
9,4,5
66,1,65
21,14,7
35,9,26
0,2,-2
55,5,50
6,0,6
3,2,1
0,1,-1
6,7,-1
2,0,2
10,1,9
9,9,0
33,0,33
1,0,1
0,0,0
0,0,0
0,0,0
29,15,14
2,2,0
0,1,-1
4,1,3
11,5,6
6,0,6
31,0,31
2,2,0
3,5,-2
6,1,5
1,8,-7
10,1,9
19,1,18
3,0,3
7,9,-2
21,6,15
12,3,9
2,0,2
6,6,0
2,4,-2
0,0,0
3,6,-3
7,0,7
0,0,0
6,10,-4
13,0,13
2,0,2
3,3,0
0,0,0
8,2,6
0,0,0
4,3,1
19,0,19
0,0,0
0,0,0
4,0,4
5,10,-5
1,0,1
14,8,6
4,0,4
19,0,19
0,2,-2
6,2,4
7,0,7
22,0,22
0,0,0
7,0,7
1,0,1
19,6,13
1,0,1
4,4,0
1,1,0
25,0,25
1,1,0
0,13,-13
35,0,35
0,0,0
14,5,9
25,5,20
1,0,1
1,2,-1
10,1,9
0,0,0
28,19,9
0,0,0
2,0,2
3,3,0
5,0,5
11,1,10
2,2,0
6,0,6
18,1,17
1,1,0
38,10,28
6,3,3
6,1,5
11,1,10
2,2,0
0,0,0
17,2,15
17,0,17
6,7,-1
1,0,1
30,18,12
4,0,4
1,1,0
2,0,2
3,0,3
0,0,0
0,1,-1
11,0,11
1,2,-1
2,0,2
8,3,5
1,0,1
0,0,0
4,0,4
1,1,0
0,0,0
2,0,2
1,9,-8
6,2,4
35,22,13
5,5,0
8,0,8
3,0,3
0,0,0
16,0,16
16,2,14
1,0,1
0,2,-2
0,0,0
7,4,3
1,1,0
2,0,2
2,0,2
14,4,10
6,0,6
3,7,-4
7,2,5
1,1,0
4,1,3
14,1,13
0,5,-5
5,0,5
6,1,5
12,19,-7
1,0,1
18,18,0
2,2,0
9,9,0
0,0,0
2,0,2
2,0,2
45,4,41
5,6,-1
11,0,11
0,0,0
64,3,61
0,0,0
0,0,0
0,0,0
7,2,5
3,1,2
0,0,0
12,2,10
10,1,9
2,0,2
23,0,23
2,2,0
0,0,0
27,7,20
2,2,0
1,0,1
0,0,0
3,0,3
0,0,0
0,1,-1
11,0,11
0,0,0
7,0,7
10,9,1
11,1,10
25,2,23
0,0,0
24,4,20
6,0,6
1,0,1
2,0,2
0,2,-2
2,0,2
11,2,9
25,9,16
2,0,2
3,0,3
7,1,6
6,6,0
1,1,0
10,1,9
3,3,0
21,8,13
9,2,7
7,0,7
1,2,-1
1,0,1
1,0,1
4,0,4
2,0,2
2,1,1
40,3,37
17,0,17
0,0,0
2,0,2
7,0,7
8,0,8
19,1,18
2,0,2
0,0,0
1,0,1
4,0,4
0,0,0
9,4,5
2,1,1
0,0,0
25,7,18
7,0,7
28,20,8
7,1,6
21,0,21
9,1,8
0,0,0
11,1,10
21,0,21
7,0,7
8,5,3
7,3,4
3,0,3
0,0,0
23,2,21
2,1,1
7,9,-2
2,9,-7
0,0,0
2,0,2
0,0,0
11,8,3
12,1,11
0,0,0
0,0,0
3,4,-1
1,1,0
0,1,-1
0,0,0
5,3,2
0,1,-1
32,7,25
25,0,25
12,4,8
19,7,12
4,5,-1
3,0,3
2,0,2
4,4,0
0,0,0
2,3,-1
1,0,1
10,11,-1
3,3,0
0,2,-2
0,1,-1
8,3,5
23,5,18
28,0,28
14,0,14
0,0,0
0,4,-4
0,0,0
3,0,3
1,0,1
2,0,2
2,0,2
5,0,5
4,0,4
0,0,0
0,0,0
0,0,0
0,0,0
0,0,0
0,0,0
0,0,0
11,0,11
5,2,3
10,2,8
6,5,1
1,0,1
5,3,2
4,0,4
1,16,-15
2,2,0
3,0,3
35,0,35
0,0,0
3,0,3
0,0,0
7,0,7
6,3,3
0,0,0
0,0,0
51,4,47
5,1,4
0,0,0
8,0,8
1,0,1
11,2,9
8,0,8
33,0,33
1,1,0
3,0,3
6,0,6
25,0,25
3,2,1
6,12,-6
11,0,11
1,1,0
8,0,8
0,0,0
2,2,0
6,3,3
1,1,0
0,0,0
0,0,0
15,6,9
1,1,0
6,10,-4
5,0,5
7,0,7
3,10,-7
1,0,1
2,1,1
13,0,13
24,0,24
9,6,3
0,0,0
2,0,2
0,0,0
0,0,0
9,3,6
0,1,-1
8,0,8
8,0,8
14,1,13
9,8,1
0,13,-13
20,0,20
1,0,1
0,0,0
4,0,4
0,0,0
1,1,0
4,2,2
1,0,1
1,0,1
9,4,5
3,0,3
5,0,5
0,0,0
4,0,4
4,6,-2
0,0,0
5,0,5
2,1,1
14,2,12
3,0,3
4,0,4
13,1,12
9,7,2
14,2,12
15,1,14
69,2,67
6,2,4
24,0,24
0,12,-12
1,0,1
0,0,0
19,0,19
1,0,1
4,0,4
4,0,4
4,2,2
0,0,0
3,3,0
0,0,0
1,0,1
14,0,14
16,4,12
1,1,0
3,0,3
3,0,3
6,5,1
24,2,22
3,0,3
1,4,-3
23,1,22
0,0,0
2,1,1
0,0,0
20,0,20
3,0,3
19,0,19
11,0,11
35,2,33
6,0,6
9,0,9
8,1,7
0,0,0
11,0,11
9,1,8
27,3,24
1,0,1
2,2,0
5,0,5
2,0,2
0,0,0
0,0,0
6,1,5
30,0,30
0,0,0
4,1,3
5,2,3
0,0,0
0,1,-1
14,1,13
3,0,3
2,0,2
6,0,6
4,0,4
0,0,0
8,14,-6
1,3,-2
2,0,2
3,1,2
22,0,22
3,0,3
3,11,-8
8,0,8
5,0,5
0,0,0
51,1,50
9,1,8
3,0,3
6,5,1
1,0,1
4,4,0
0,0,0
10,1,9
12,12,0
3,3,0
25,27,-2
31,6,25
1,1,0
31,4,27
7,0,7
4,1,3
6,0,6
32,18,14
2,1,1
15,1,14
10,0,10
1,19,-18
2,1,1
0,0,0
6,4,2
10,0,10
20,8,12
0,0,0
7,1,6
1,0,1
2,0,2
0,0,0
0,0,0
3,2,1
3,5,-2
9,4,5
27,0,27
18,3,15
1,0,1
1,0,1
11,6,5
2,3,-1
0,1,-1
3,0,3
2,3,-1
5,3,2
2,1,1
6,1,5
22,0,22
0,0,0
9,6,3
6,8,-2
17,1,16
3,0,3
1,0,1
1,1,0
0,0,0
22,8,14
11,0,11
16,5,11
0,0,0
10,1,9
6,0,6
0,0,0
28,11,17
1,1,0
6,6,0
0,0,0
5,5,0
18,2,16
3,0,3
3,1,2
12,4,8
4,1,3
6,3,3
2,0,2
0,0,0
0,2,-2
15,3,12
12,4,8
8,0,8
13,5,8
27,10,17
3,4,-1
3,0,3
26,1,25
0,0,0
1,9,-8
22,11,11
0,0,0
1,0,1
7,4,3
4,4,0
9,2,7
5,3,2
2,0,2
12,2,10
14,1,13
0,0,0
1,0,1
2,0,2
3,0,3
5,0,5
6,1,5
44,1,43
5,1,4
1,0,1
0,0,0
1,6,-5
2,0,2
6,0,6
1,1,0
1,0,1
2,3,-1
11,2,9
12,1,11
0,0,0
4,1,3
29,0,29
1,0,1
5,0,5
0,0,0
8,6,2
1,5,-4
0,0,0
22,2,20
1,0,1
2,2,0
10,0,10
18,1,17
20,9,11
11,11,0
7,0,7
10,7,3
16,4,12
0,0,0
3,0,3
0,0,0
3,4,-1
0,0,0
5,1,4
16,2,14
0,0,0
0,0,0
7,4,3
7,0,7
6,6,0
7,1,6
13,3,10
1,1,0
7,3,4
3,1,2
7,0,7
0,0,0
1,2,-1
6,3,3
2,0,2
17,0,17
3,2,1
15,4,11
0,0,0
0,3,-3
0,1,-1
20,1,19
7,1,6
24,5,19
47,11,36
19,2,17
17,2,15
0,0,0
7,0,7
3,0,3
1,0,1
0,0,0
3,3,0
15,9,6
12,12,0
3,0,3
0,0,0
7,0,7
0,0,0
5,1,4
2,0,2
6,4,2
3,0,3
52,13,39
20,0,20
8,0,8
6,1,5
1,0,1
21,12,9
8,0,8
12,3,9
1,1,0
1,0,1
15,4,11
0,0,0
2,4,-2
0,0,0
1,0,1
2,2,0
8,0,8
2,10,-8
2,1,1
18,17,1
1,0,1
1,0,1
14,5,9
4,4,0
19,14,5
8,1,7
2,0,2
1,0,1
10,3,7
8,1,7
17,5,12
3,2,1
0,0,0
1,0,1
7,8,-1
34,1,33
3,8,-5
9,0,9
7,14,-7
2,0,2
0,2,-2
12,0,12
5,1,4
0,0,0
0,0,0
1,1,0
36,18,18
4,5,-1
1,0,1
0,0,0
23,12,11
4,0,4
1,0,1
2,2,0
12,16,-4
4,4,0
4,0,4
10,1,9
14,0,14
9,2,7
1,1,0
6,1,5
0,0,0
3,0,3
1,0,1
1,2,-1
34,0,34
8,4,4
1,2,-1
1,2,-1
42,4,38
0,0,0
6,1,5
0,0,0
1,0,1
1,3,-2
6,0,6
1,0,1
5,12,-7
10,6,4
1,1,0
6,0,6
2,0,2
2,2,0
5,0,5
2,3,-1
8,0,8
1,7,-6
2,0,2
10,7,3
0,0,0
1,0,1
4,0,4
0,3,-3
8,0,8
1,3,-2
12,1,11
9,5,4
5,5,0
3,0,3
2,0,2
7,1,6
1,0,1
2,0,2
2,0,2
12,2,10
2,5,-3
4,0,4
0,0,0
5,0,5
10,7,3
11,1,10
8,4,4
15,3,12
1,0,1
3,14,-11
9,6,3
4,4,0
4,0,4
7,1,6
7,3,4
26,1,25
17,0,17
5,3,2
8,7,1
1,0,1
22,0,22
0,1,-1
3,0,3
0,0,0
1,7,-6
0,0,0
1,3,-2
1,0,1
2,2,0
6,10,-4
0,0,0
1,0,1
27,9,18
1,0,1
4,0,4
0,0,0
1,0,1
2,1,1
3,1,2
2,14,-12
12,0,12
29,0,29
0,0,0
3,0,3
8,2,6
53,8,45
1,0,1
5,0,5
16,7,9
4,3,1
6,0,6
0,0,0
9,0,9
1,6,-5
26,6,20
1,16,-15
1,0,1
6,0,6
0,1,-1
1,0,1
2,0,2
18,0,18
3,2,1
5,5,0
6,2,4
43,0,43
0,0,0
3,0,3
0,0,0
0,0,0
10,0,10
0,0,0
1,1,0
1,0,1
0,0,0
6,0,6
0,4,-4
15,7,8
1,0,1
22,0,22
6,0,6
0,0,0
4,1,3
8,3,5
0,3,-3
0,0,0
23,5,18
3,2,1
13,4,9
16,6,10
1,2,-1
0,0,0
1,0,1
9,9,0
44,0,44
14,0,14
1,0,1
3,3,0
0,0,0
0,0,0
0,1,-1
24,0,24
0,0,0
3,0,3
4,4,0
2,0,2
6,5,1
6,0,6
1,1,0
6,0,6
18,5,13
10,0,10
1,0,1
5,5,0
7,0,7
1,0,1
5,3,2
10,0,10
14,2,12
0,0,0
0,1,-1
20,8,12
0,0,0
10,0,10
0,8,-8
1,0,1
4,0,4
1,1,0
0,0,0
4,0,4
0,0,0
14,0,14
2,0,2
0,0,0
3,1,2
1,1,0
14,1,13
0,2,-2
3,0,3
3,0,3
30,13,17
1,0,1
0,3,-3
2,5,-3
0,0,0
1,11,-10
8,0,8
3,1,2
18,1,17
0,0,0
13,0,13
7,6,1
5,0,5
3,0,3
1,0,1
8,1,7
4,0,4
1,8,-7
9,0,9
15,0,15
7,0,7
1,0,1
0,0,0
0,0,0
5,0,5
3,0,3
6,0,6
8,8,0
3,12,-9
19,12,7
7,0,7
10,2,8
4,0,4
3,0,3
0,0,0
16,2,14
5,0,5
5,0,5
5,3,2
23,1,22
13,18,-5
7,6,1
35,12,23
12,12,0
5,10,-5
0,0,0
5,0,5
9,0,9
13,0,13
4,0,4
0,0,0
8,0,8
24,13,11
10,0,10
12,2,10
0,4,-4
10,2,8
8,0,8
5,0,5
16,4,12
0,1,-1
3,1,2
2,0,2
34,0,34
6,0,6
0,0,0
3,9,-6
0,0,0
10,0,10
6,0,6
0,5,-5
1,0,1
1,0,1
2,0,2
7,3,4
4,4,0
11,0,11
2,12,-10
12,0,12
4,0,4
27,0,27
26,3,23
3,0,3
9,7,2
1,0,1
0,0,0
1,0,1
0,0,0
0,0,0
2,0,2
39,11,28
11,4,7
1,0,1
11,0,11
18,1,17
8,3,5
7,0,7
1,1,0
4,1,3
12,0,12
8,3,5
0,0,0
5,1,4
3,0,3
4,1,3
0,0,0
6,0,6
2,0,2
3,0,3
5,2,3
12,2,10
4,0,4
0,0,0
0,0,0
5,1,4
8,4,4
0,3,-3
7,0,7
5,5,0
6,0,6
9,0,9
7,7,0
19,15,4
9,0,9
4,1,3
16,0,16
1,0,1
4,3,1
25,10,15
0,0,0
0,2,-2
12,0,12
17,0,17
4,5,-1
4,4,0
8,0,8
2,0,2
9,17,-8
10,2,8
8,2,6
3,1,2
4,6,-2
37,1,36
30,2,28
1,0,1
11,4,7
10,6,4
3,1,2
0,0,0
3,3,0
25,1,24
3,0,3
22,2,20
0,0,0
1,0,1
2,1,1
11,0,11
6,0,6
1,0,1
0,0,0
19,0,19
16,7,9
10,13,-3
13,8,5
11,1,10
6,9,-3
13,13,0
1,0,1
0,2,-2
37,19,18
3,1,2
6,4,2
3,0,3
1,2,-1
19,0,19
26,16,10
2,0,2
13,0,13
1,0,1
5,2,3
1,0,1
3,0,3
7,0,7
1,0,1
13,1,12
12,8,4
10,0,10
25,8,17
13,7,6
0,0,0
5,6,-1
0,0,0
0,1,-1
1,0,1
2,0,2
2,0,2
11,1,10
5,2,3
5,2,3
8,0,8
0,2,-2
0,3,-3
4,0,4
16,0,16
0,0,0
0,6,-6
6,1,5
14,3,11
12,0,12
2,5,-3
9,2,7
1,0,1
2,0,2
0,3,-3
0,0,0
15,1,14
0,0,0
22,1,21
1,2,-1
0,1,-1
0,0,0
2,13,-11
17,4,13
3,0,3
0,0,0
0,3,-3
3,1,2
1,0,1
20,7,13
5,0,5
0,0,0
3,0,3
6,6,0
5,0,5
6,0,6
7,14,-7
6,0,6
6,3,3
5,3,2
3,1,2
2,1,1
1,3,-2
4,0,4
3,0,3
0,1,-1
14,0,14
2,0,2
4,0,4
1,5,-4
1,0,1
2,0,2
4,0,4
16,0,16
0,0,0
0,0,0
32,0,32
0,0,0
7,1,6
10,3,7
2,0,2
14,1,13
10,4,6
0,0,0
5,5,0
35,1,34
8,2,6
3,0,3
4,2,2
3,6,-3
0,0,0
11,7,4
0,0,0
10,1,9
2,5,-3
3,0,3
9,8,1
8,8,0
25,0,25
5,0,5
1,0,1
0,0,0
21,7,14
19,0,19
0,0,0
0,0,0
4,4,0
1,0,1
21,11,10
0,0,0
13,0,13
7,1,6
0,0,0
7,0,7
2,0,2
0,0,0
22,0,22
5,0,5
1,0,1
0,2,-2
2,0,2
3,8,-5
1,9,-8
4,13,-9
0,0,0
28,1,27
5,0,5
2,0,2
13,16,-3
7,1,6
2,0,2
4,0,4
0,0,0
0,0,0
10,3,7
2,1,1
1,0,1
2,0,2
18,1,17
3,0,3
19,1,18
1,0,1
15,0,15
3,4,-1
1,0,1
1,0,1
5,0,5
6,0,6
4,1,3
24,11,13
1,0,1
16,1,15
3,0,3
7,3,4
15,3,12
10,8,2
14,10,4
6,3,3
3,0,3
13,1,12
5,0,5
6,6,0
0,0,0
10,0,10
0,0,0
1,0,1
6,0,6
25,29,-4
5,6,-1
6,3,3
11,0,11
0,0,0
13,0,13
0,0,0
15,4,11
1,0,1
1,0,1
1,0,1
11,0,11
0,0,0
1,4,-3
0,0,0
2,1,1
6,0,6
18,6,12
3,1,2
18,4,14
3,0,3
11,1,10
1,8,-7
30,13,17
2,4,-2
8,8,0
1,0,1
1,1,0
9,2,7
1,0,1
0,3,-3
9,11,-2
0,0,0
15,1,14
1,1,0
11,2,9
41,2,39
20,15,5
6,4,2
6,7,-1
5,0,5
10,0,10
12,0,12
0,1,-1
4,2,2
13,0,13
10,4,6
12,1,11
13,1,12
5,2,3
2,4,-2
0,0,0
8,0,8
0,0,0
11,3,8
1,1,0
20,4,16
18,7,11
3,0,3
9,3,6
1,0,1
16,0,16
12,3,9
2,4,-2
6,0,6
1,0,1
1,4,-3
2,2,0
5,9,-4
3,0,3
10,7,3
1,0,1
0,2,-2
2,2,0
5,0,5
6,13,-7
3,15,-12
0,0,0
3,3,0
0,0,0
1,0,1
6,0,6
1,1,0
5,5,0
5,0,5
3,0,3
1,0,1
2,0,2
6,0,6
0,0,0
12,0,12
8,9,-1
3,0,3
10,2,8
3,1,2
17,0,17
12,0,12
3,0,3
3,8,-5
0,0,0
1,1,0
1,0,1
12,8,4
3,2,1
4,1,3
15,1,14
0,0,0
0,0,0
14,4,10
2,7,-5
11,0,11
18,0,18
8,1,7
4,0,4
12,0,12
3,0,3
24,0,24
3,1,2
2,0,2
35,8,27
23,1,22
3,0,3
0,0,0
3,0,3
0,0,0
3,1,2
15,0,15
1,0,1
4,1,3
0,0,0
21,0,21
4,0,4
6,0,6
5,23,-18
2,0,2
27,0,27
0,0,0
0,0,0
8,1,7
1,0,1
22,0,22
0,4,-4
3,9,-6
0,6,-6
3,2,1
2,2,0
2,3,-1
3,0,3
11,1,10
1,3,-2
4,6,-2
1,2,-1
0,0,0
53,1,52
9,10,-1
0,0,0
14,1,13
2,1,1
2,1,1
4,0,4
0,0,0
2,0,2
0,0,0
5,0,5
4,0,4
10,6,4
22,0,22
4,2,2
11,6,5
5,0,5
0,0,0
5,11,-6
10,2,8
11,4,7
4,0,4
31,4,27
5,0,5
2,0,2
16,6,10
21,9,12
15,5,10
4,0,4
2,0,2
30,18,12
6,1,5
7,11,-4
16,8,8
14,8,6
26,16,10
22,0,22
2,0,2
5,0,5
10,4,6
0,0,0
1,0,1
18,13,5
4,4,0
4,2,2
0,0,0
38,9,29
8,5,3
24,6,18
2,0,2
0,0,0
14,0,14
4,0,4
0,0,0
13,0,13
2,0,2
5,0,5
0,0,0
0,0,0
1,0,1
0,0,0
0,0,0
15,19,-4
29,5,24
42,22,20
0,1,-1
6,5,1
8,2,6
1,7,-6
3,0,3
21,0,21
8,0,8
8,7,1
1,0,1
6,5,1
0,0,0
18,5,13
8,2,6
0,6,-6
2,2,0
14,3,11
1,0,1
6,0,6
13,4,9
0,0,0
11,0,11
3,1,2
3,0,3
7,6,1
0,0,0
1,4,-3
7,1,6
5,0,5
0,1,-1
3,9,-6
13,0,13
3,0,3
12,7,5
0,0,0
3,0,3
0,2,-2
16,2,14
4,17,-13
0,1,-1
20,9,11
37,6,31
6,0,6
7,0,7
1,1,0
9,2,7
1,0,1
0,0,0
0,2,-2
8,0,8
34,2,32
33,3,30
0,0,0
14,14,0
1,0,1
3,9,-6
2,0,2
0,0,0
1,0,1
4,11,-7
0,4,-4
6,0,6
5,0,5
1,0,1
0,1,-1
1,0,1
1,0,1
10,4,6
6,0,6
3,3,0
1,0,1
4,0,4
2,0,2
6,0,6
40,16,24
1,0,1
9,1,8
0,0,0
8,9,-1
0,0,0
0,0,0
5,0,5
22,3,19
6,0,6
2,0,2
9,0,9
0,0,0
0,0,0
0,1,-1
0,0,0
4,5,-1
0,0,0
1,1,0
1,1,0
5,2,3
0,1,-1
6,0,6
17,0,17
0,0,0
0,2,-2
5,6,-1
5,0,5
1,1,0
4,0,4
17,5,12
5,2,3
2,0,2
1,0,1
9,0,9
8,1,7
6,0,6
0,0,0
6,2,4
5,2,3
3,0,3
0,0,0
3,0,3
19,1,18
3,0,3
11,3,8
9,1,8
7,0,7
0,1,-1
1,1,0
5,1,4
4,3,1
5,2,3
0,0,0
1,0,1
5,1,4
0,0,0
7,0,7
1,0,1
0,0,0
3,2,1
3,0,3
1,1,0
0,0,0
2,0,2
32,32,0
1,2,-1
0,0,0
1,0,1
9,2,7
40,7,33
4,0,4
33,5,28
1,0,1
3,0,3
0,1,-1
4,3,1
9,9,0
16,2,14
3,0,3
12,9,3
9,4,5
2,1,1
1,3,-2
10,0,10
8,5,3
1,0,1
14,3,11
4,0,4
2,1,1
1,3,-2
20,0,20
18,21,-3
2,0,2
2,0,2
1,1,0
12,1,11
5,1,4
1,4,-3
24,0,24
2,0,2
0,0,0
0,0,0
4,0,4
1,0,1
0,0,0
24,0,24
10,1,9
10,6,4
1,0,1
1,0,1
1,0,1
9,0,9
0,1,-1
7,8,-1
8,17,-9
8,0,8
0,0,0
8,1,7
4,0,4
6,4,2
19,13,6
16,7,9
3,8,-5
8,5,3
8,5,3
2,5,-3
2,0,2
11,6,5
8,0,8
2,0,2
3,1,2
4,0,4
3,0,3
1,0,1
3,0,3
2,0,2
6,3,3
45,28,17
4,0,4
6,2,4
43,2,41
7,2,5
7,1,6
0,0,0
0,0,0
5,0,5
0,1,-1
8,3,5
0,0,0
9,0,9
2,0,2
6,6,0
11,0,11
1,13,-12
12,0,12
6,2,4
8,8,0
1,0,1
5,0,5
11,6,5
3,0,3
0,0,0
10,0,10
7,2,5
0,1,-1
8,15,-7
1,0,1
4,1,3
6,2,4
8,0,8
2,0,2
18,3,15
6,2,4
0,0,0
1,2,-1
3,2,1
5,5,0
2,1,1
2,6,-4
10,0,10
0,0,0
1,0,1
0,0,0
0,1,-1
0,1,-1
6,1,5
5,0,5
1,0,1
0,1,-1
5,1,4
1,0,1
0,0,0
0,0,0
2,5,-3
7,11,-4
0,0,0
39,7,32
14,4,10
18,5,13
2,0,2
7,1,6
9,8,1
12,1,11
5,5,0
3,5,-2
7,10,-3
5,5,0
3,0,3
15,2,13
8,0,8
34,8,26
8,1,7
0,0,0
9,12,-3
26,5,21
1,0,1
7,3,4
3,0,3
26,28,-2
11,0,11
9,1,8
6,2,4
6,23,-17
5,12,-7
5,5,0
2,0,2
1,0,1
0,0,0
7,1,6
1,0,1
48,0,48
9,9,0
0,2,-2
1,0,1
4,0,4
5,1,4
4,0,4
11,0,11
2,0,2
2,1,1
3,1,2
6,3,3
0,0,0
1,1,0
3,0,3
22,3,19
4,5,-1
4,18,-14
0,0,0
0,0,0
1,0,1
1,0,1
19,0,19
10,2,8
4,0,4
3,0,3
8,1,7
0,0,0
28,0,28
3,0,3
8,1,7
10,6,4
3,0,3
6,1,5
6,3,3
8,0,8
13,1,12
7,0,7
0,0,0
10,1,9
3,1,2
4,0,4
1,0,1
1,0,1
10,2,8
11,0,11
16,2,14
7,0,7
4,0,4
13,2,11
1,1,0
2,1,1
25,3,22
1,0,1
2,0,2
2,0,2
9,0,9
3,1,2
2,2,0
2,0,2
17,0,17
14,0,14
0,0,0
3,1,2
0,0,0
3,2,1
19,1,18
6,0,6
4,0,4
1,0,1
2,1,1
31,1,30
4,0,4
14,0,14
1,0,1
10,4,6
13,7,6
14,0,14
10,1,9
4,2,2
6,3,3
7,4,3
0,0,0
1,0,1
2,0,2
30,0,30
5,0,5
13,5,8
0,0,0
4,4,0
3,8,-5
0,0,0
11,2,9
1,2,-1
1,1,0
3,2,1
57,3,54
1,1,0
0,0,0
4,5,-1
5,0,5
5,0,5
2,0,2
1,0,1
0,1,-1
6,3,3
0,0,0
3,3,0
3,9,-6
0,7,-7
2,1,1
8,5,3
2,1,1
0,0,0
20,4,16
2,0,2
11,3,8
14,0,14
2,7,-5
16,0,16
2,0,2
0,0,0
1,0,1
0,0,0
2,0,2
19,1,18
21,0,21
2,6,-4
1,1,0
5,0,5
7,1,6
61,0,61
0,2,-2
2,0,2
7,2,5
0,0,0
4,5,-1
9,8,1
11,6,5
0,6,-6
10,1,9
0,0,0
1,0,1
5,7,-2
0,1,-1
8,1,7
2,0,2
4,3,1
7,2,5
6,1,5
3,1,2
0,0,0
2,1,1
2,17,-15
1,0,1
5,0,5
2,3,-1
1,0,1
0,0,0
4,0,4
3,1,2
0,0,0
1,0,1
2,6,-4
20,1,19
0,0,0
32,0,32
17,12,5
8,8,0
9,0,9
3,0,3
2,6,-4
5,1,4
3,4,-1
1,0,1
1,0,1
3,6,-3
5,12,-7
6,0,6
1,0,1
0,0,0
5,4,1
7,1,6
39,0,39
8,1,7
0,0,0
0,0,0
0,1,-1
0,0,0
12,0,12
1,0,1
4,8,-4
3,2,1
2,1,1
1,1,0
0,0,0
4,4,0
19,6,13
47,0,47
2,2,0
1,5,-4
0,0,0
0,0,0
4,2,2
1,2,-1
7,0,7
7,12,-5
4,1,3
2,0,2
12,5,7
0,0,0
0,0,0
1,1,0
0,0,0
2,1,1
7,0,7
1,1,0
2,0,2
3,1,2
2,0,2
3,0,3
1,3,-2
7,0,7
0,0,0
0,0,0
12,1,11
2,0,2
3,0,3
0,0,0
2,0,2
2,0,2
23,2,21
7,1,6
0,1,-1
1,1,0
5,1,4
14,0,14
9,4,5
6,1,5
1,1,0
9,1,8
2,0,2
0,0,0
7,2,5
6,0,6
2,0,2
3,3,0
2,0,2
5,1,4
3,0,3
0,0,0
7,1,6
4,5,-1
17,0,17
1,8,-7
0,3,-3
4,0,4
0,0,0
0,0,0
2,2,0
7,0,7
28,2,26
3,0,3
2,0,2
0,0,0
30,3,27
0,0,0
0,0,0
10,5,5
1,0,1
2,0,2
8,1,7
9,0,9
12,0,12
0,0,0
6,8,-2
26,10,16
8,1,7
5,3,2
10,0,10
2,4,-2
7,5,2
0,0,0
1,0,1
0,0,0
9,5,4
0,3,-3
0,0,0
0,0,0
0,0,0
0,2,-2
25,7,18
30,4,26
3,0,3
1,1,0
5,1,4
1,1,0
2,0,2
0,0,0
1,1,0
0,0,0
6,2,4
3,4,-1
5,0,5
0,1,-1
15,3,12
2,5,-3
0,0,0
2,5,-3
9,0,9
4,0,4
7,3,4
5,6,-1
5,10,-5
15,2,13
0,0,0
4,0,4
6,0,6
8,0,8
25,25,0
0,0,0
13,1,12
5,8,-3
0,2,-2
19,0,19
1,0,1
4,0,4
2,0,2
11,0,11
14,15,-1
0,0,0
4,0,4
0,0,0
2,0,2
3,2,1
4,0,4
34,10,24
2,1,1
0,1,-1
9,0,9
15,8,7
4,0,4
4,4,0
7,1,6
7,0,7
0,3,-3
20,6,14
8,0,8
0,0,0
12,1,11
4,1,3
7,4,3
0,1,-1
2,1,1
0,2,-2
2,2,0
2,0,2
19,0,19
3,4,-1
35,0,35
6,2,4
7,0,7
5,0,5
12,1,11
9,5,4
0,6,-6
1,1,0
15,18,-3
0,0,0
0,4,-4
4,1,3
3,0,3
2,0,2
5,2,3
6,1,5
0,0,0
7,0,7
0,4,-4
25,4,21
0,0,0
1,0,1
2,9,-7
1,0,1
2,3,-1
19,3,16
30,19,11
4,0,4
2,3,-1
0,2,-2
3,1,2
1,0,1
0,0,0
0,0,0
5,8,-3
8,0,8
1,0,1
4,6,-2
0,0,0
8,1,7
0,0,0
6,11,-5
0,2,-2
8,2,6
0,0,0
5,0,5
3,6,-3
12,3,9
0,0,0
0,0,0
0,0,0
0,0,0
20,7,13
4,0,4
3,1,2
3,0,3
7,3,4
7,8,-1
0,5,-5
14,14,0
7,1,6
0,0,0
11,0,11
4,1,3
16,5,11
25,1,24
9,0,9
4,9,-5
8,7,1
55,0,55
0,0,0
49,7,42
12,0,12
0,0,0
4,0,4
6,2,4
2,7,-5
16,0,16
5,0,5
0,1,-1
15,0,15
0,0,0
9,0,9
0,0,0
15,0,15
4,4,0
33,11,22
0,0,0
46,6,40
47,1,46
2,4,-2
2,17,-15
31,9,22
0,0,0
5,6,-1
24,5,19
0,0,0
3,0,3
1,0,1
9,1,8
1,2,-1
4,3,1
8,10,-2
0,2,-2
9,0,9
2,1,1
4,0,4
2,5,-3
0,0,0
3,3,0
0,0,0
9,0,9
9,0,9
3,1,2
8,4,4
4,1,3
16,0,16
5,1,4
1,2,-1
0,3,-3
13,0,13
10,3,7
1,0,1
3,0,3
18,6,12
2,0,2
4,0,4
2,1,1
14,0,14
0,0,0
5,0,5
3,4,-1
5,0,5
6,0,6
3,0,3
13,0,13
0,0,0
3,0,3
0,1,-1
6,3,3
18,0,18
10,10,0
1,1,0
2,0,2
11,1,10
28,8,20
8,0,8
8,1,7
3,0,3
1,0,1
1,1,0
7,0,7
1,0,1
0,2,-2
3,0,3
11,0,11
2,0,2
3,1,2
10,0,10
3,4,-1
1,0,1
5,0,5
3,0,3
1,6,-5
3,1,2
2,2,0
2,4,-2
0,0,0
0,7,-7
2,0,2
4,7,-3
4,1,3
3,3,0
15,0,15
3,3,0
7,0,7
4,4,0
34,4,30
1,0,1
3,0,3
2,3,-1
5,7,-2
5,3,2
1,7,-6
14,0,14
9,1,8
37,8,29
1,3,-2
4,7,-3
27,0,27
9,0,9
3,0,3
1,1,0
8,0,8
5,4,1
1,4,-3
8,4,4
15,0,15
13,2,11
0,0,0
1,0,1
9,0,9
3,0,3
43,2,41
10,0,10
8,0,8
0,0,0
3,3,0
1,0,1
12,4,8
5,0,5
0,0,0
51,0,51
1,0,1
5,4,1
38,13,25
6,1,5
1,0,1
0,0,0
13,0,13
2,0,2
15,11,4
0,0,0
0,0,0
12,3,9
16,15,1
2,0,2
1,3,-2
4,0,4
2,0,2
3,0,3
8,0,8
2,0,2
2,0,2
8,0,8
2,0,2
0,10,-10
4,0,4
0,0,0
24,1,23
5,0,5
5,1,4
12,0,12
1,0,1
1,0,1
11,7,4
0,0,0
0,0,0
2,0,2
3,3,0
9,1,8
3,11,-8
27,0,27
4,0,4
36,1,35
4,1,3
4,0,4
4,0,4
5,1,4
0,0,0
10,2,8
11,4,7
0,0,0
3,0,3
18,1,17
0,0,0
2,0,2
0,0,0
2,0,2
3,2,1
4,2,2
0,0,0
1,1,0
0,0,0
7,5,2
1,1,0
1,0,1
0,0,0
1,1,0
15,16,-1
0,0,0
6,1,5
18,4,14
0,0,0
3,0,3
29,0,29
0,4,-4
2,1,1
5,2,3
0,0,0
3,1,2
15,0,15
0,0,0
2,1,1
0,0,0
3,0,3
5,3,2
15,0,15
8,10,-2
4,6,-2
21,19,2
16,0,16
1,0,1
0,2,-2
7,0,7
3,0,3
1,0,1
7,8,-1
1,3,-2
3,3,0
16,0,16
4,2,2
5,0,5
8,0,8
2,1,1
8,0,8
24,0,24
6,0,6
0,0,0
0,0,0
3,0,3
0,1,-1
6,0,6
2,1,1
0,0,0
19,4,15
11,0,11
1,0,1
10,8,2
4,4,0
6,1,5
2,0,2
11,0,11
1,0,1
2,0,2
30,11,19
8,0,8
8,0,8
2,7,-5
1,2,-1
0,0,0
5,3,2
14,0,14
12,4,8
2,0,2
0,14,-14
24,12,12
25,1,24
2,1,1
2,0,2
1,1,0
13,0,13
5,7,-2
2,0,2
23,4,19
5,1,4
31,3,28
1,1,0
1,0,1
0,0,0
4,0,4
5,0,5
0,0,0
3,0,3
0,0,0
1,5,-4
33,19,14
12,4,8
9,4,5
6,2,4
1,2,-1
5,0,5
2,0,2
1,0,1
1,1,0
1,0,1
1,0,1
6,0,6
9,0,9
2,0,2
25,0,25
5,1,4
1,1,0
5,3,2
0,1,-1
7,0,7
2,0,2
11,9,2
4,6,-2
6,1,5
7,0,7
0,0,0
0,0,0
2,0,2
3,0,3
9,4,5
1,0,1
0,0,0
7,4,3
0,0,0
1,0,1
11,5,6
36,18,18
0,4,-4
4,0,4
0,12,-12
0,1,-1
11,2,9
19,0,19
3,0,3
2,0,2
0,0,0
5,1,4
11,7,4
6,5,1
3,0,3
6,1,5
0,0,0
2,0,2
0,0,0
1,2,-1
10,6,4
14,1,13
1,1,0
0,0,0
0,0,0
3,12,-9
0,0,0
1,0,1
9,0,9
0,0,0
36,19,17
1,5,-4
5,1,4
25,0,25
0,3,-3
14,1,13
13,5,8
4,1,3
1,0,1
4,8,-4
3,0,3
4,0,4
0,1,-1
1,0,1
6,6,0
2,0,2
26,2,24
13,0,13
3,3,0
3,1,2
3,0,3
0,0,0
3,0,3
41,0,41
2,1,1
0,0,0
4,3,1
4,8,-4
17,10,7
5,0,5
0,0,0
4,3,1
21,12,9
0,0,0
3,2,1
10,0,10
6,2,4
1,12,-11
7,4,3
0,0,0
0,0,0
0,0,0
10,0,10
9,0,9
1,0,1
6,1,5
0,5,-5
3,1,2
4,2,2
2,0,2
21,2,19
8,0,8
1,5,-4
1,2,-1
0,0,0
37,2,35
1,0,1
3,0,3
3,0,3
18,1,17
35,5,30
3,3,0
2,0,2
9,0,9
1,20,-19
2,2,0
8,0,8
0,1,-1
1,0,1
6,2,4
14,13,1
15,0,15
1,0,1
11,1,10
3,2,1
12,1,11
1,0,1
12,2,10
1,6,-5
0,0,0
16,9,7
27,0,27
1,0,1
0,0,0
0,0,0
16,1,15
7,3,4
0,10,-10
0,0,0
1,0,1
1,0,1
1,0,1
7,3,4
0,0,0
2,0,2
5,3,2
20,7,13
0,0,0
6,0,6
3,1,2
11,6,5
0,0,0
8,0,8
15,1,14
16,0,16
21,11,10
1,0,1
1,2,-1
4,0,4
9,0,9
2,2,0
6,12,-6
0,0,0
0,0,0
0,0,0
2,7,-5
11,2,9
0,0,0
4,0,4
25,0,25
13,11,2
0,2,-2
1,0,1
0,0,0
8,2,6
1,0,1
5,0,5
34,0,34
1,2,-1
1,2,-1
1,1,0
32,0,32
0,0,0
27,0,27
14,2,12
1,0,1
0,2,-2
0,0,0
3,0,3
1,0,1
11,2,9
0,0,0
6,0,6
13,2,11
4,0,4
2,0,2
7,3,4
3,11,-8
2,0,2
2,0,2
10,0,10
12,10,2
17,1,16
1,1,0
0,0,0
14,0,14
4,0,4
14,3,11
1,3,-2
11,8,3
1,3,-2
2,0,2
1,12,-11
20,1,19
15,0,15
25,11,14
3,0,3
0,0,0
16,0,16
4,2,2
0,0,0
4,1,3
21,10,11
6,2,4
1,0,1
1,0,1
6,1,5
8,1,7
0,1,-1
2,0,2
0,0,0
5,0,5
5,1,4
0,0,0
0,0,0
14,0,14
2,0,2
12,1,11
1,0,1
6,0,6
1,0,1
4,0,4
5,1,4
4,0,4
0,0,0
14,1,13
3,0,3
9,4,5
14,1,13
3,0,3
9,4,5
8,2,6
2,0,2
0,0,0
2,0,2
10,0,10
9,3,6
18,8,10
7,2,5
13,2,11
2,2,0
4,7,-3
3,0,3
11,7,4
34,6,28
19,1,18
2,0,2
8,0,8
2,0,2
6,1,5
1,0,1
0,1,-1
1,0,1
15,5,10
0,0,0
1,0,1
3,3,0
0,0,0
12,1,11
3,2,1
9,0,9
20,2,18
1,2,-1
7,0,7
5,1,4
3,0,3
2,0,2
0,0,0
14,2,12
15,0,15
2,0,2
2,8,-6
32,25,7
25,0,25
1,3,-2
0,0,0
4,3,1
1,5,-4
13,0,13
1,0,1
1,2,-1
2,0,2
35,5,30
7,12,-5
11,3,8
9,0,9
0,1,-1
1,2,-1
6,0,6
10,4,6
2,0,2
4,0,4
13,3,10
7,3,4
1,0,1
3,14,-11
19,0,19
9,2,7
1,0,1
14,0,14
0,0,0
15,0,15
7,2,5
0,0,0
5,0,5
7,2,5
2,0,2
0,0,0
42,3,39
8,6,2
6,0,6
2,0,2
2,2,0
6,1,5
56,2,54
6,5,1
7,1,6
0,0,0
1,6,-5
0,2,-2
0,0,0
0,0,0
5,0,5
0,0,0
3,0,3
11,2,9
3,4,-1
2,1,1
21,1,20
28,5,23
0,0,0
33,28,5
0,2,-2
8,0,8
6,0,6
4,3,1
1,0,1
0,4,-4
6,9,-3
1,0,1
10,0,10
1,0,1
20,4,16
4,0,4
2,0,2
15,1,14
19,4,15
0,0,0
0,0,0
12,0,12
2,0,2
1,1,0
3,0,3
2,15,-13
14,0,14
3,0,3
1,0,1
5,3,2
7,19,-12
10,3,7
6,3,3
1,0,1
0,0,0
10,10,0
0,0,0
6,0,6
4,0,4
4,4,0
9,1,8
3,7,-4
10,4,6
2,0,2
12,6,6
0,4,-4
6,3,3
1,1,0
9,11,-2
0,3,-3
20,4,16
14,6,8
5,2,3
5,0,5
5,0,5
0,0,0
2,1,1
14,0,14
1,1,0
0,0,0
3,0,3
5,0,5
1,0,1
1,1,0
9,0,9
0,5,-5
30,0,30
6,1,5
20,0,20
18,0,18
5,3,2
16,7,9
0,0,0
2,0,2
51,15,36
0,0,0
10,0,10
17,1,16
3,0,3
16,0,16
6,1,5
0,6,-6
4,1,3
5,0,5
4,0,4
24,12,12
12,12,0
0,0,0
8,1,7
12,0,12
19,2,17
1,0,1
9,4,5
0,0,0
10,3,7
4,2,2
1,1,0
5,0,5
1,0,1
6,3,3
3,0,3
28,3,25
0,0,0
1,0,1
1,3,-2
6,3,3
12,0,12
2,0,2
5,2,3
1,0,1
3,0,3
1,0,1
2,0,2
8,4,4
4,0,4
1,0,1
3,1,2
4,0,4
51,0,51
4,1,3
20,14,6
88,3,85
0,0,0
4,10,-6
0,0,0
5,0,5
10,3,7
8,0,8
14,0,14
0,2,-2
6,2,4
12,7,5
0,0,0
0,0,0
15,6,9
20,0,20
18,0,18
0,0,0
1,0,1
5,0,5
0,0,0
14,0,14
6,1,5
0,0,0
0,0,0
7,4,3
0,1,-1
3,16,-13
0,0,0
12,7,5
3,2,1
1,0,1
2,0,2
3,3,0
1,0,1
34,8,26
1,0,1
14,0,14
1,0,1
23,0,23
19,5,14
4,1,3
10,4,6
5,0,5
2,0,2
5,0,5
17,4,13
4,1,3
15,15,0
6,0,6
9,0,9
6,1,5
2,0,2
1,1,0
13,1,12
5,7,-2
0,1,-1
4,3,1
0,0,0
1,0,1
0,0,0
40,15,25
5,3,2
8,0,8
12,0,12
6,1,5
1,0,1
17,1,16
10,5,5
5,1,4
7,0,7
10,9,1
0,0,0
15,1,14
12,8,4
1,0,1
0,0,0
9,6,3
8,20,-12
4,4,0
1,0,1
0,0,0
16,2,14
24,4,20
0,0,0
5,4,1
17,4,13
0,0,0
6,4,2
6,1,5
1,1,0
5,6,-1
8,1,7
1,0,1
16,1,15
6,0,6
8,0,8
8,1,7
19,0,19
22,0,22
5,1,4
0,0,0
0,3,-3
0,1,-1
28,0,28
0,0,0
5,0,5
0,0,0
1,2,-1
0,0,0
1,1,0
7,0,7
3,12,-9
0,0,0
0,0,0
0,1,-1
2,0,2
1,1,0
7,7,0
2,9,-7
7,6,1
3,0,3
0,0,0
8,3,5
0,0,0
0,0,0
1,0,1
0,2,-2
1,0,1
5,9,-4
8,0,8
1,2,-1
4,0,4
16,7,9
10,4,6
2,0,2
21,0,21
36,0,36
0,0,0
25,2,23
12,0,12
0,0,0
0,0,0
16,1,15
18,5,13
22,0,22
4,3,1
2,0,2
20,1,19
3,3,0
1,0,1
42,10,32
2,0,2
13,4,9
7,10,-3
4,0,4
5,1,4
1,1,0
3,0,3
7,0,7
3,0,3
0,0,0
1,0,1
0,0,0
7,0,7
2,0,2
5,5,0
3,4,-1
32,24,8
4,0,4
3,3,0
0,0,0
11,5,6
9,0,9
2,0,2
8,6,2
9,7,2
23,14,9
3,0,3
1,0,1
3,0,3
0,0,0
1,0,1
33,8,25
12,9,3
6,0,6
0,0,0
23,1,22
0,0,0
0,0,0
7,4,3
4,0,4
6,0,6
37,0,37
0,0,0
1,4,-3
0,0,0
8,8,0
11,1,10
11,3,8
5,2,3
5,0,5
5,1,4
2,5,-3
4,4,0
47,3,44
1,0,1
3,0,3
14,0,14
10,6,4
5,0,5
5,0,5
5,1,4
4,0,4
1,0,1
3,0,3
7,0,7
2,1,1
23,0,23
1,1,0
3,0,3
16,0,16
1,2,-1
13,0,13
17,12,5
0,0,0
6,0,6
5,0,5
0,0,0
11,0,11
3,2,1
3,0,3
1,1,0
1,1,0
3,1,2
1,0,1
0,0,0
7,0,7
0,1,-1
13,0,13
4,3,1
4,0,4
9,0,9
11,6,5
6,0,6
5,0,5
2,0,2
1,0,1
1,0,1
8,1,7
9,0,9
2,0,2
0,0,0
10,6,4
5,0,5
2,4,-2
2,6,-4
1,1,0
2,2,0
0,0,0
2,2,0
12,1,11
3,0,3
4,1,3
4,2,2
0,0,0
10,0,10
1,0,1
12,1,11
4,0,4
1,1,0
2,3,-1
2,0,2
0,0,0
0,0,0
6,1,5
0,0,0
22,1,21
7,4,3
3,0,3
0,0,0
23,12,11
6,1,5
0,0,0
7,1,6
0,0,0
0,1,-1
4,2,2
7,0,7
40,22,18
0,0,0
6,2,4
5,0,5
14,0,14
1,1,0
1,0,1
14,0,14
15,9,6
0,0,0
11,0,11
0,0,0
1,0,1
4,2,2
1,0,1
4,0,4
15,0,15
9,6,3
1,0,1
3,0,3
5,0,5
0,0,0
1,0,1
43,0,43
4,1,3
0,2,-2
4,0,4
0,1,-1
12,4,8
0,0,0
4,0,4
6,1,5
0,0,0
0,7,-7
8,0,8
3,13,-10
19,2,17
6,0,6
3,0,3
11,2,9
0,0,0
3,0,3
1,0,1
1,0,1
24,2,22
0,1,-1
2,0,2
0,0,0
1,0,1
19,0,19
9,0,9
2,0,2
2,0,2
0,0,0
0,0,0
0,0,0
9,2,7
28,4,24
1,6,-5
13,8,5
5,0,5
14,0,14
0,0,0
6,1,5
0,0,0
0,0,0
4,2,2
1,0,1
2,0,2
3,0,3
4,0,4
0,0,0
15,20,-5
12,0,12
0,0,0
5,0,5
7,0,7
6,2,4
3,5,-2
3,5,-2
0,2,-2
1,0,1
8,1,7
2,6,-4
34,5,29
0,0,0
35,2,33
18,0,18
5,2,3
6,4,2
15,6,9
8,6,2
9,6,3
9,5,4
0,0,0
1,3,-2
2,2,0
5,2,3
1,0,1
1,1,0
0,0,0
0,0,0
2,0,2
4,1,3
6,1,5
43,4,39
1,0,1
22,1,21
5,0,5
14,8,6
10,0,10
3,0,3
20,5,15
0,1,-1
0,0,0
14,13,1
10,2,8
2,11,-9
2,0,2
5,0,5
6,0,6
4,1,3
2,0,2
2,3,-1
3,0,3
2,0,2
15,0,15
6,0,6
16,7,9
61,0,61
17,1,16
20,2,18
23,0,23
5,0,5
0,0,0
6,1,5
1,0,1
6,6,0
0,0,0
8,2,6
0,0,0
10,0,10
14,9,5
19,0,19
7,0,7
9,4,5
46,8,38
0,0,0
0,0,0
3,1,2
6,0,6
5,0,5
1,0,1
4,0,4
7,2,5
13,7,6
65,0,65
3,2,1
0,0,0
3,0,3
4,0,4
47,0,47
1,0,1
0,0,0
0,6,-6
1,1,0
64,6,58
9,0,9
8,2,6
5,0,5
2,3,-1
1,6,-5
1,0,1
0,2,-2
2,0,2
0,0,0
12,0,12
6,1,5
4,0,4
0,1,-1
12,2,10
3,1,2
1,0,1
1,6,-5
0,0,0
9,0,9
1,0,1
5,0,5
2,0,2
7,8,-1
2,0,2
3,2,1
8,0,8
7,1,6
11,6,5
4,1,3
0,0,0
2,4,-2
2,2,0
8,1,7
14,8,6
17,0,17
8,9,-1
18,13,5
3,0,3
5,1,4
1,0,1
24,0,24
15,5,10
7,1,6
3,1,2
5,0,5
5,0,5
0,1,-1
0,0,0
8,3,5
19,12,7
0,0,0
0,0,0
15,3,12
6,15,-9
1,0,1
0,0,0
0,0,0
1,0,1
1,0,1
6,6,0
0,0,0
0,0,0
0,0,0
0,0,0
0,0,0
8,0,8
6,6,0
6,0,6
0,1,-1
9,0,9
1,7,-6
1,0,1
6,1,5
13,0,13
3,0,3
0,0,0
1,0,1
6,1,5
8,1,7
5,5,0
20,12,8
1,0,1
1,0,1
3,2,1
19,1,18
3,0,3
0,4,-4
1,0,1
2,2,0
0,0,0
12,1,11
1,0,1
9,1,8
3,0,3
0,0,0
4,0,4
4,6,-2
4,0,4
8,1,7
4,15,-11
7,9,-2
0,1,-1
1,0,1
1,0,1
2,2,0
0,2,-2
1,0,1
0,1,-1
0,2,-2
15,0,15
4,0,4
5,0,5
10,10,0
7,6,1
0,13,-13
0,0,0
0,0,0
6,0,6
53,0,53
4,0,4
4,0,4
0,2,-2
0,0,0
0,0,0
5,5,0
6,0,6
10,10,0
1,0,1
11,0,11
1,0,1
2,0,2
3,2,1
1,0,1
54,27,27
14,2,12
0,9,-9
16,1,15
5,1,4
2,3,-1
9,3,6
0,0,0
2,0,2
0,0,0
0,1,-1
2,0,2
9,0,9
11,0,11
0,0,0
1,9,-8
3,10,-7
2,0,2
2,2,0
2,3,-1
1,0,1
1,0,1
10,2,8
9,11,-2
18,4,14
1,6,-5
3,0,3
0,1,-1
26,9,17
0,1,-1
0,0,0
1,0,1
0,0,0
2,2,0
0,0,0
9,0,9
11,1,10
2,0,2
2,0,2
2,0,2
9,0,9
7,1,6
0,0,0
0,5,-5
11,3,8
0,0,0
20,1,19
9,0,9
4,0,4
11,11,0
5,0,5
18,13,5
3,4,-1
5,0,5
5,0,5
0,0,0
0,0,0
2,0,2
1,1,0
2,0,2
18,1,17
0,3,-3
7,3,4
0,3,-3
5,1,4
7,0,7
0,0,0
4,0,4
7,1,6
4,0,4
3,0,3
7,7,0
1,0,1
5,0,5
0,0,0
0,0,0
0,0,0
10,0,10
1,6,-5
2,0,2
0,8,-8
1,0,1
14,2,12
0,0,0
4,5,-1
8,0,8
0,0,0
1,6,-5
0,0,0
3,0,3
2,0,2
2,0,2
4,1,3
4,0,4
0,0,0
3,1,2
33,12,21
6,5,1
6,6,0
4,5,-1
0,0,0
7,2,5
1,0,1
6,1,5
9,2,7
1,0,1
2,1,1
17,3,14
7,0,7
13,1,12
6,3,3
0,0,0
0,0,0
3,1,2
6,6,0
0,0,0
3,3,0
0,0,0
0,0,0
23,0,23
7,0,7
0,0,0
9,1,8
0,1,-1
1,0,1
2,3,-1
19,6,13
8,7,1
28,9,19
1,3,-2
2,5,-3
17,17,0
7,0,7
5,0,5
4,0,4
1,0,1
16,9,7
4,1,3
1,1,0
7,0,7
0,0,0
3,0,3
0,3,-3
15,0,15
8,0,8
19,1,18
7,0,7
0,0,0
8,0,8
8,3,5
3,0,3
0,0,0
0,0,0
3,0,3
0,0,0
7,7,0
3,1,2
14,9,5
14,6,8
5,0,5
0,0,0
9,0,9
3,0,3
2,0,2
0,0,0
4,0,4
15,15,0
5,3,2
5,4,1
61,0,61
28,0,28
21,3,18
5,2,3
11,0,11
19,5,14
0,0,0
0,0,0
4,2,2
10,1,9
0,0,0
4,6,-2
7,7,0
6,1,5
3,2,1
2,3,-1
14,14,0
4,0,4
10,6,4
0,1,-1
3,1,2
7,6,1
2,1,1
1,0,1
4,1,3
1,3,-2
16,11,5
0,0,0
17,0,17
10,0,10
1,0,1
2,0,2
34,14,20
29,24,5
1,3,-2
4,3,1
1,0,1
0,0,0
16,7,9
14,0,14
8,2,6
2,1,1
4,0,4
0,0,0
2,9,-7
10,0,10
0,0,0
0,0,0
1,0,1
1,2,-1
15,12,3
30,0,30
9,0,9
12,3,9
1,1,0
0,0,0
1,1,0
24,4,20
0,0,0
10,10,0
0,0,0
18,15,3
0,1,-1
3,0,3
17,3,14
14,10,4
2,1,1
3,0,3
23,6,17
0,2,-2
3,0,3
2,0,2
5,0,5
3,8,-5
5,1,4
4,1,3
5,9,-4
24,2,22
1,0,1
7,0,7
52,7,45
3,3,0
0,3,-3
1,1,0
2,8,-6
10,0,10
10,0,10
2,0,2
0,6,-6
19,0,19
1,0,1
0,6,-6
6,1,5
12,6,6
17,0,17
1,3,-2
4,4,0
2,1,1
2,1,1
0,0,0
8,0,8
6,6,0
4,3,1
3,3,0
14,0,14
3,0,3
15,1,14
0,0,0
1,0,1
4,4,0
0,0,0
8,0,8
1,1,0
2,0,2
5,1,4
1,0,1
10,3,7
2,0,2
0,1,-1
1,1,0
1,0,1
1,0,1
36,13,23
21,0,21
0,0,0
2,1,1
4,5,-1
2,0,2
6,1,5
5,2,3
38,1,37
1,0,1
0,0,0
3,0,3
14,0,14
5,0,5
1,3,-2
11,1,10
1,1,0
1,2,-1
2,0,2
8,0,8
6,1,5
1,0,1
0,0,0
0,0,0
5,1,4
7,10,-3
1,0,1
1,1,0
7,6,1
1,1,0
6,0,6
11,0,11
2,1,1
4,3,1
1,3,-2
17,0,17
9,4,5
7,4,3
5,0,5
3,0,3
2,1,1
51,10,41
7,0,7
0,0,0
8,5,3
6,10,-4
2,1,1
0,0,0
7,0,7
4,0,4
16,0,16
0,0,0
4,0,4
0,0,0
5,5,0
4,0,4
7,5,2
10,0,10
2,2,0
4,25,-21
10,0,10
9,3,6
8,0,8
32,8,24
28,6,22
0,0,0
0,0,0
5,2,3
1,0,1
30,15,15
0,0,0
0,0,0
4,0,4
1,0,1
7,7,0
8,0,8
7,0,7
4,1,3
1,2,-1
23,9,14
0,1,-1
2,7,-5
0,0,0
0,0,0
0,0,0
0,0,0
0,1,-1
7,13,-6
0,0,0
12,0,12
2,1,1
0,0,0
0,1,-1
13,13,0
4,0,4
17,11,6
7,17,-10
4,8,-4
11,0,11
12,2,10
1,6,-5
12,0,12
0,3,-3
24,5,19
0,0,0
34,2,32
0,0,0
0,0,0
2,0,2
11,11,0
5,0,5
0,0,0
4,0,4
10,0,10
5,0,5
4,0,4
6,0,6
1,0,1
0,0,0
40,2,38
12,0,12
36,3,33
6,0,6
3,5,-2
2,0,2
9,0,9
7,3,4
13,1,12
0,0,0
1,0,1
5,2,3
11,1,10
0,0,0
1,3,-2
1,0,1
5,2,3
10,5,5
0,0,0
18,0,18
3,0,3
1,0,1
0,0,0
0,0,0
3,0,3
6,5,1
3,0,3
3,0,3
0,0,0
2,0,2
8,3,5
0,0,0
0,0,0
6,3,3
2,0,2
19,3,16
0,4,-4
7,5,2
0,1,-1
0,0,0
0,0,0
8,0,8
20,1,19
4,0,4
85,1,84
0,0,0
3,0,3
1,0,1
2,1,1
10,0,10
1,8,-7
5,9,-4
0,0,0
8,2,6
4,2,2
33,4,29
2,1,1
2,4,-2
15,12,3
11,1,10
2,4,-2
0,0,0
1,3,-2
0,0,0
7,1,6
12,6,6
2,0,2
1,0,1
0,0,0
2,0,2
0,3,-3
1,2,-1
0,0,0
24,9,15
3,2,1
33,27,6
0,0,0
13,0,13
2,0,2
4,0,4
1,1,0
5,0,5
16,10,6
1,1,0
0,0,0
1,0,1
7,1,6
3,0,3
77,2,75
19,2,17
20,5,15
1,1,0
1,0,1
51,1,50
13,0,13
14,1,13
10,0,10
18,9,9
6,7,-1
3,0,3
10,13,-3
4,5,-1
9,0,9
0,0,0
0,0,0
2,0,2
9,9,0
1,0,1
0,0,0
9,0,9
15,2,13
2,5,-3
2,0,2
23,11,12
6,1,5
14,0,14
0,1,-1
3,1,2
1,10,-9
2,0,2
19,5,14
0,0,0
2,1,1
5,0,5
15,5,10
3,0,3
83,1,82
14,5,9
3,0,3
3,0,3
17,3,14
4,0,4
1,0,1
1,0,1
15,0,15
1,0,1
8,6,2
0,0,0
4,0,4
10,2,8
0,1,-1
21,0,21
9,4,5
1,0,1
0,0,0
0,3,-3
15,0,15
1,0,1
0,0,0
2,0,2
0,0,0
17,0,17
0,0,0
4,0,4
32,26,6
2,5,-3
11,0,11
1,0,1
15,1,14
0,1,-1
12,2,10
5,1,4
1,0,1
0,0,0
9,0,9
1,5,-4
6,3,3
0,0,0
0,0,0
1,0,1
0,1,-1
2,0,2
1,0,1
3,11,-8
4,0,4
6,1,5
9,6,3
19,3,16
7,6,1
1,0,1
10,1,9
0,0,0
15,1,14
11,0,11
0,0,0
2,1,1
6,0,6
0,0,0
0,0,0
21,1,20
0,0,0
4,0,4
17,0,17
0,0,0
6,0,6
9,2,7
15,10,5
7,1,6
3,3,0
1,0,1
2,0,2
8,1,7
1,0,1
0,9,-9
0,0,0
29,0,29
13,0,13
1,1,0
0,0,0
36,5,31
0,0,0
5,33,-28
4,0,4
0,0,0
14,0,14
8,1,7
1,1,0
2,2,0
19,1,18
2,0,2
2,0,2
8,1,7
11,1,10
7,1,6
12,14,-2
2,0,2
0,0,0
5,0,5
5,2,3
0,0,0
6,0,6
0,0,0
1,3,-2
8,0,8
3,0,3
0,0,0
1,1,0
1,0,1
0,0,0
3,1,2
8,0,8
11,0,11
13,5,8
0,4,-4
21,1,20
2,5,-3
1,0,1
4,0,4
6,2,4
1,1,0
2,3,-1
6,1,5
2,0,2
0,0,0
18,0,18
17,3,14
8,4,4
1,2,-1
20,0,20
2,2,0
3,0,3
10,0,10
0,1,-1
3,0,3
6,0,6
4,3,1
2,0,2
0,0,0
4,0,4
11,3,8
1,8,-7
0,0,0
1,0,1
18,1,17
15,1,14
0,0,0
9,8,1
2,1,1
0,0,0
15,0,15
12,1,11
5,0,5
6,6,0
6,2,4
12,5,7
16,7,9
1,0,1
13,7,6
5,0,5
1,0,1
43,1,42
2,1,1
0,2,-2
0,0,0
5,15,-10
12,0,12
8,3,5
0,0,0
0,3,-3
9,3,6
3,2,1
11,0,11
4,1,3
2,0,2
7,0,7
6,0,6
12,1,11
1,1,0
20,0,20
5,4,1
0,0,0
2,1,1
7,0,7
4,1,3
7,11,-4
1,0,1
2,0,2
7,2,5
1,0,1
28,1,27
3,0,3
4,0,4
25,12,13
5,3,2
0,0,0
6,0,6
5,0,5
5,0,5
0,0,0
10,0,10
2,1,1
3,0,3
10,6,4
2,0,2
0,0,0
5,0,5
21,0,21
10,0,10
2,3,-1
13,5,8
5,6,-1
0,5,-5
2,1,1
8,0,8
6,0,6
5,0,5
0,3,-3
2,0,2
0,0,0
0,0,0
42,0,42
1,2,-1
5,1,4
11,0,11
0,0,0
0,0,0
0,0,0
1,0,1
0,0,0
35,9,26
9,8,1
14,0,14
1,0,1
2,0,2
0,0,0
6,7,-1
15,3,12
0,0,0
0,0,0
0,0,0
11,11,0
3,0,3
0,0,0
3,0,3
1,2,-1
5,1,4
10,1,9
36,36,0
2,0,2
21,22,-1
0,0,0
6,1,5
5,0,5
8,0,8
4,0,4
0,0,0
7,1,6
0,0,0
8,4,4
0,2,-2
25,3,22
8,0,8
3,0,3
0,0,0
0,0,0
0,0,0
0,0,0
56,9,47
13,14,-1
21,0,21
0,0,0
1,1,0
0,0,0
11,0,11
4,0,4
16,0,16
3,0,3
2,2,0
0,0,0
6,6,0
0,0,0
2,0,2
14,3,11
2,0,2
4,1,3
16,2,14
2,0,2
10,3,7
0,0,0
12,14,-2
14,6,8
1,1,0
18,0,18
11,2,9
1,3,-2
3,0,3
1,0,1
15,0,15
9,0,9
9,1,8
12,10,2
0,0,0
15,1,14
1,0,1
7,0,7
18,0,18
8,1,7
2,2,0
7,3,4
4,2,2
12,0,12
2,0,2
0,0,0
0,0,0
0,2,-2
0,4,-4
4,0,4
21,1,20
0,0,0
11,0,11
5,1,4
15,0,15
3,0,3
8,5,3
3,0,3
9,0,9
1,0,1
17,16,1
10,2,8
2,0,2
0,0,0
2,2,0
11,1,10
5,0,5
21,5,16
0,0,0
0,0,0
4,1,3
16,0,16
3,15,-12
3,0,3
11,12,-1
9,6,3
1,0,1
2,0,2
6,4,2
5,0,5
10,1,9
9,0,9
0,0,0
0,0,0
6,0,6
12,22,-10
3,8,-5
5,5,0
0,2,-2
0,0,0
2,2,0
10,6,4
4,0,4
3,5,-2
3,0,3
8,5,3
0,0,0
0,1,-1
1,0,1
1,5,-4
3,4,-1
20,5,15
1,0,1
0,0,0
11,2,9
5,0,5
14,6,8
1,0,1
0,0,0
29,5,24
13,0,13
7,8,-1
11,2,9
16,0,16
3,3,0
1,0,1
3,0,3
2,1,1
7,5,2
1,1,0
12,9,3
4,11,-7
1,1,0
18,0,18
14,4,10
5,0,5
2,1,1
9,0,9
0,0,0
0,1,-1
3,0,3
1,0,1
1,0,1
2,0,2
3,0,3
0,0,0
0,0,0
0,0,0
0,1,-1
0,0,0
3,3,0
5,0,5
2,2,0
1,0,1
0,0,0
1,0,1
0,0,0
15,7,8
10,0,10
6,3,3
18,4,14
9,3,6
17,1,16
6,4,2
2,0,2
1,0,1
0,0,0
5,1,4
0,0,0
7,2,5
1,0,1
5,2,3
19,6,13
0,1,-1
3,9,-6
4,0,4
3,4,-1
1,0,1
4,14,-10
16,20,-4
6,14,-8
9,12,-3
0,1,-1
0,1,-1
1,0,1
13,3,10
3,0,3
0,0,0
6,0,6
9,0,9
12,5,7
81,3,78
0,0,0
7,7,0
15,1,14
3,3,0
0,0,0
2,1,1
13,0,13
0,1,-1
2,0,2
1,3,-2
9,0,9
1,0,1
0,0,0
2,0,2
2,6,-4
23,2,21
2,0,2
12,2,10
2,0,2
1,0,1
11,11,0
1,2,-1
0,0,0
1,0,1
12,0,12
10,0,10
14,13,1
2,2,0
2,1,1
1,0,1
9,9,0
0,1,-1
4,0,4
16,6,10
3,4,-1
0,0,0
4,1,3
17,9,8
2,0,2
1,2,-1
2,0,2
6,0,6
3,2,1
1,0,1
2,1,1
4,1,3
15,2,13
1,0,1
5,0,5
2,0,2
0,0,0
0,0,0
15,2,13
0,0,0
0,0,0
8,6,2
8,8,0
0,0,0
11,2,9
0,0,0
4,0,4
0,0,0
2,0,2
6,4,2
19,18,1
2,16,-14
0,8,-8
16,0,16
0,0,0
3,0,3
5,0,5
2,0,2
0,0,0
11,0,11
4,2,2
1,0,1
3,0,3
1,2,-1
5,0,5
0,1,-1
1,0,1
16,0,16
12,0,12
23,19,4
0,1,-1
16,11,5
6,0,6
6,1,5
6,0,6
0,0,0
3,0,3
1,0,1
0,2,-2
10,2,8
3,0,3
16,1,15
6,0,6
7,2,5
4,1,3
12,0,12
3,0,3
0,0,0
4,0,4
17,4,13
42,1,41
3,3,0
15,1,14
6,0,6
6,0,6
0,0,0
4,0,4
1,0,1
4,0,4
0,0,0
0,0,0
4,7,-3
1,1,0
16,0,16
0,0,0
1,1,0
0,0,0
1,0,1
6,1,5
7,2,5
4,0,4
0,0,0
5,4,1
31,11,20
1,1,0
1,0,1
0,0,0
5,0,5
1,0,1
8,1,7
6,3,3
6,0,6
4,0,4
8,0,8
24,12,12
7,3,4
5,0,5
8,5,3
71,8,63
21,0,21
10,1,9
12,4,8
0,0,0
9,3,6
7,1,6
1,0,1
10,6,4
2,0,2
12,3,9
13,2,11
18,3,15
4,0,4
6,0,6
1,2,-1
8,2,6
0,0,0
0,0,0
1,0,1
11,5,6
6,1,5
8,0,8
1,0,1
7,3,4
4,0,4
2,9,-7
0,1,-1
4,1,3
11,0,11
11,0,11
6,0,6
0,0,0
16,0,16
1,1,0
0,0,0
1,0,1
0,1,-1
13,2,11
20,0,20
0,0,0
13,0,13
8,0,8
0,0,0
9,5,4
1,0,1
13,0,13
1,0,1
19,3,16
0,0,0
1,0,1
23,4,19
0,0,0
17,1,16
28,2,26
3,0,3
8,2,6
2,0,2
2,1,1
0,0,0
18,6,12
17,0,17
0,0,0
2,8,-6
0,1,-1
0,6,-6
1,0,1
32,1,31
52,0,52
11,1,10
0,0,0
1,0,1
5,7,-2
6,0,6
1,0,1
15,1,14
2,0,2
1,0,1
0,0,0
0,1,-1
2,3,-1
0,0,0
8,4,4
23,0,23
0,0,0
0,4,-4
11,1,10
5,8,-3
36,12,24
2,0,2
5,3,2
1,0,1
13,9,4
39,0,39
0,0,0
1,0,1
24,1,23
6,14,-8
1,0,1
0,0,0
24,1,23
10,2,8
7,13,-6
1,1,0
16,0,16
0,0,0
0,0,0
9,0,9
28,0,28
1,0,1
0,0,0
7,0,7
7,7,0
1,0,1
20,11,9
29,3,26
8,0,8
1,0,1
1,0,1
9,6,3
11,5,6
2,0,2
0,0,0
35,0,35
10,0,10
4,0,4
0,0,0
0,0,0
11,0,11
4,0,4
14,0,14
5,0,5
1,11,-10
0,0,0
3,4,-1
7,7,0
0,4,-4
13,2,11
2,1,1
1,0,1
1,0,1
3,5,-2
34,1,33
1,0,1
5,1,4
2,0,2
3,0,3
7,8,-1
1,1,0
0,1,-1
12,4,8
21,11,10
5,4,1
0,0,0
25,0,25
13,0,13
1,0,1
3,3,0
1,0,1
0,0,0
4,3,1
0,0,0
0,0,0
2,1,1
4,0,4
12,9,3
1,2,-1
12,4,8
7,10,-3
4,0,4
5,0,5
9,1,8
30,1,29
6,2,4
6,0,6
6,0,6
8,0,8
58,1,57
16,9,7
10,0,10
4,0,4
7,0,7
8,5,3
5,0,5
4,0,4
5,0,5
11,1,10
0,0,0
3,0,3
1,1,0
4,0,4
49,3,46
11,1,10
0,0,0
3,0,3
3,1,2
1,1,0
3,8,-5
8,1,7
2,0,2
1,0,1
1,2,-1
7,8,-1
0,2,-2
8,2,6
1,8,-7
0,0,0
0,0,0
8,4,4
1,0,1
2,0,2
60,2,58
4,1,3
4,2,2
16,0,16
3,2,1
10,2,8
1,1,0
0,0,0
6,8,-2
12,6,6
4,1,3
4,10,-6
8,0,8
5,0,5
2,0,2
4,1,3
16,10,6
17,1,16
4,1,3
2,0,2
0,0,0
28,9,19
0,0,0
14,2,12
0,0,0
11,0,11
6,4,2
4,0,4
1,1,0
9,3,6
5,4,1
10,0,10
21,2,19
8,1,7
10,0,10
0,1,-1
9,5,4
8,18,-10
3,0,3
9,1,8
16,16,0
2,0,2
10,2,8
0,1,-1
1,0,1
13,6,7
2,0,2
1,0,1
5,1,4
0,0,0
0,0,0
17,7,10
2,0,2
9,4,5
2,0,2
4,5,-1
1,2,-1
2,0,2
3,0,3
0,0,0
4,1,3
2,0,2
0,3,-3
1,0,1
4,0,4
1,5,-4
0,0,0
0,2,-2
10,5,5
9,4,5
2,0,2
8,8,0
11,2,9
9,6,3
12,7,5
3,1,2
1,0,1
3,1,2
2,0,2
19,5,14
11,4,7
22,1,21
1,5,-4
2,0,2
17,1,16
19,0,19
31,3,28
1,0,1
0,0,0
2,2,0
5,1,4
0,0,0
1,0,1
8,0,8
0,0,0
1,2,-1
0,0,0
2,1,1
17,1,16
7,0,7
3,0,3
11,5,6
1,4,-3
12,1,11
2,2,0
0,0,0
6,6,0
8,0,8
7,13,-6
0,1,-1
1,0,1
1,0,1
2,0,2
6,4,2
39,1,38
6,0,6
0,0,0
0,0,0
1,1,0
55,0,55
2,0,2
5,0,5
2,0,2
35,9,26
12,0,12
3,3,0
9,8,1
6,0,6
18,5,13
13,3,10
2,2,0
1,1,0
4,0,4
0,0,0
12,33,-21
4,0,4
5,2,3
4,0,4
4,0,4
2,1,1
4,0,4
0,0,0
0,2,-2
3,0,3
8,0,8
1,0,1
3,1,2
2,1,1
4,0,4
14,0,14
0,0,0
0,0,0
7,2,5
32,0,32
0,0,0
3,1,2
0,0,0
0,1,-1
4,2,2
21,4,17
0,0,0
0,0,0
0,0,0
7,1,6
4,3,1
0,0,0
3,2,1
7,1,6
0,2,-2
9,5,4
5,7,-2
0,0,0
2,0,2
2,4,-2
3,0,3
0,0,0
2,0,2
0,2,-2
1,0,1
0,0,0
72,8,64
0,0,0
2,3,-1
6,16,-10
2,0,2
5,0,5
0,0,0
4,0,4
5,0,5
0,0,0
6,0,6
0,0,0
2,0,2
10,0,10
0,0,0
1,1,0
1,0,1
1,0,1
18,12,6
2,0,2
18,0,18
8,2,6
4,7,-3
23,1,22
1,0,1
19,0,19
8,10,-2
2,0,2
2,0,2
0,0,0
0,0,0
19,1,18
9,0,9
2,0,2
4,0,4
8,3,5
24,0,24
13,1,12
10,1,9
2,0,2
13,0,13
5,4,1
0,0,0
8,4,4
20,1,19
2,0,2
21,0,21
9,2,7
9,0,9
0,0,0
1,0,1
11,0,11
20,12,8
0,0,0
3,0,3
0,1,-1
20,6,14
12,10,2
0,0,0
4,4,0
0,0,0
3,3,0
25,0,25
2,0,2
0,0,0
0,0,0
9,0,9
2,2,0
0,0,0
11,0,11
0,0,0
1,0,1
1,0,1
1,1,0
1,4,-3
3,0,3
3,0,3
3,3,0
1,2,-1
0,0,0
2,7,-5
2,0,2
15,4,11
14,0,14
18,1,17
12,4,8
3,1,2
14,1,13
24,4,20
1,7,-6
0,0,0
10,0,10
0,0,0
5,0,5
11,1,10
8,4,4
6,1,5
3,0,3
4,8,-4
9,1,8
2,1,1
2,1,1
0,0,0
16,0,16
0,0,0
5,1,4
13,0,13
1,5,-4
1,0,1
12,6,6
7,4,3
0,0,0
0,0,0
2,0,2
1,0,1
15,8,7
2,0,2
3,0,3
18,1,17
8,10,-2
0,1,-1
4,0,4
0,0,0
16,3,13
38,3,35
10,0,10
1,3,-2
8,12,-4
2,0,2
0,0,0
9,0,9
0,3,-3
5,2,3
2,2,0
0,0,0
3,0,3
1,6,-5
8,0,8
0,0,0
7,2,5
2,2,0
6,5,1
3,0,3
9,0,9
3,0,3
0,0,0
6,1,5
0,2,-2
2,3,-1
12,0,12
26,1,25
0,1,-1
3,1,2
4,7,-3
16,8,8
1,10,-9
12,1,11
16,2,14
11,1,10
0,0,0
3,0,3
6,6,0
14,14,0
0,2,-2
3,0,3
6,2,4
10,0,10
2,0,2
11,7,4
2,0,2
2,1,1
4,0,4
2,0,2
6,0,6
16,1,15
16,5,11
1,5,-4
1,0,1
3,0,3
0,3,-3
0,0,0
4,0,4
6,3,3
13,1,12
2,0,2
2,5,-3
16,0,16
11,0,11
13,0,13
5,5,0
7,1,6
21,5,16
0,0,0
30,1,29
14,3,11
11,3,8
2,1,1
2,4,-2
4,8,-4
16,6,10
18,0,18
0,0,0
2,1,1
0,2,-2
6,4,2
11,0,11
0,0,0
0,0,0
0,0,0
0,4,-4
9,0,9
3,8,-5
11,1,10
29,14,15
2,0,2
2,0,2
0,0,0
3,2,1
26,0,26
3,0,3
0,0,0
0,2,-2
10,0,10
5,0,5
2,2,0
10,2,8
23,10,13
20,0,20
14,0,14
5,0,5
0,4,-4
9,10,-1
10,0,10
12,2,10
5,0,5
1,0,1
1,0,1
26,8,18
12,0,12
1,1,0
2,5,-3
0,0,0
33,17,16
27,0,27
2,0,2
39,0,39
14,6,8
0,0,0
0,0,0
6,5,1
1,0,1
0,0,0
4,1,3
2,0,2
2,0,2
1,3,-2
2,0,2
51,4,47
2,0,2
5,0,5
0,0,0
1,0,1
2,2,0
0,0,0
3,0,3
31,8,23
2,2,0
17,11,6
5,4,1
10,0,10
0,1,-1
6,5,1
0,0,0
12,0,12
7,0,7
2,1,1
0,0,0
1,0,1
0,0,0
5,0,5
0,2,-2
0,0,0
13,6,7
60,22,38
13,0,13
6,1,5
0,0,0
10,0,10
0,0,0
14,0,14
6,1,5
10,1,9
1,0,1
14,0,14
5,1,4
18,0,18
22,0,22
16,9,7
1,0,1
3,0,3
5,0,5
21,2,19
2,0,2
5,0,5
11,8,3
0,0,0
2,2,0
2,1,1
9,1,8
16,1,15
1,1,0
0,0,0
5,0,5
3,0,3
20,14,6
2,1,1
3,0,3
0,1,-1
0,0,0
9,0,9
1,0,1
2,0,2
3,0,3
3,0,3
16,2,14
2,0,2
4,3,1
1,0,1
1,1,0
3,2,1
7,0,7
0,2,-2
1,0,1
7,0,7
11,0,11
2,2,0
8,8,0
0,0,0
2,2,0
43,1,42
5,0,5
1,0,1
2,0,2
1,0,1
1,0,1
9,1,8
12,0,12
1,0,1
0,0,0
2,7,-5
2,1,1
5,1,4
11,0,11
35,0,35
10,23,-13
2,0,2
0,0,0
17,2,15
4,0,4
0,0,0
4,0,4
1,0,1
3,0,3
1,0,1
1,0,1
7,1,6
23,0,23
0,0,0
57,4,53
1,0,1
5,7,-2
16,7,9
0,0,0
10,5,5
0,0,0
35,5,30
6,11,-5
1,0,1
7,5,2
12,4,8
3,1,2
3,0,3
8,13,-5
3,0,3
4,2,2
1,2,-1
0,0,0
24,0,24
4,0,4
3,2,1
1,6,-5
11,1,10
2,0,2
0,0,0
8,2,6
1,2,-1
9,1,8
10,4,6
0,0,0
23,0,23
8,4,4
7,3,4
4,0,4
2,1,1
1,0,1
3,1,2
6,9,-3
2,0,2
4,2,2
3,0,3
35,0,35
0,0,0
15,8,7
8,8,0
0,0,0
1,3,-2
7,1,6
5,2,3
5,0,5
7,0,7
0,0,0
2,0,2
2,1,1
0,0,0
0,0,0
19,0,19
9,7,2
20,0,20
1,3,-2
0,0,0
3,0,3
13,8,5
15,14,1
1,0,1
4,1,3
0,0,0
9,1,8
6,0,6
1,0,1
12,3,9
5,1,4
2,1,1
2,0,2
9,0,9
17,3,14
5,5,0
13,2,11
22,10,12
16,7,9
3,1,2
14,0,14
0,2,-2
13,2,11
0,0,0
0,0,0
13,0,13
2,0,2
3,2,1
2,1,1
2,1,1
3,2,1
0,0,0
1,0,1
0,0,0
0,0,0
6,5,1
2,2,0
22,7,15
0,0,0
17,0,17
1,0,1
3,1,2
2,2,0
10,5,5
2,0,2
7,0,7
4,2,2
15,0,15
8,0,8
0,0,0
8,1,7
24,10,14
4,0,4
21,15,6
4,0,4
5,5,0
5,0,5
0,1,-1
1,2,-1
9,8,1
5,1,4
6,0,6
1,6,-5
3,6,-3
5,18,-13
22,0,22
0,0,0
0,0,0
0,1,-1
0,0,0
2,0,2
0,0,0
25,25,0
7,3,4
3,0,3
4,0,4
4,0,4
0,0,0
7,3,4
1,1,0
0,0,0
1,1,0
0,8,-8
7,12,-5
7,0,7
14,0,14
12,0,12
4,8,-4
0,0,0
0,13,-13
9,0,9
13,0,13
12,0,12
0,0,0
8,2,6
0,0,0
1,6,-5
7,0,7
21,5,16
2,0,2
0,1,-1
2,2,0
4,0,4
0,1,-1
0,2,-2
1,3,-2
7,0,7
5,0,5
10,3,7
1,0,1
3,4,-1
3,1,2
0,1,-1
1,0,1
1,0,1
1,0,1
3,6,-3
1,2,-1
10,0,10
0,0,0
8,16,-8
9,1,8
3,2,1
1,1,0
2,1,1
13,9,4
5,5,0
37,0,37
12,0,12
6,2,4
32,1,31
10,0,10
7,7,0
9,13,-4
41,0,41
11,9,2
5,0,5
0,2,-2
0,1,-1
1,0,1
13,0,13
20,5,15
7,0,7
8,2,6
2,0,2
3,6,-3
13,10,3
0,0,0
0,1,-1
1,0,1
0,0,0
1,12,-11
0,0,0
3,0,3
13,2,11
2,0,2
1,0,1
0,0,0
5,0,5
9,0,9
0,0,0
1,0,1
5,0,5
15,6,9
109,8,101
2,0,2
34,0,34
1,0,1
4,0,4
13,0,13
0,0,0
0,1,-1
5,0,5
5,0,5
1,0,1
2,1,1
1,0,1
1,2,-1
1,0,1
6,3,3
1,4,-3
11,0,11
12,0,12
4,2,2
2,0,2
8,0,8
2,2,0
6,0,6
0,0,0
7,0,7
0,0,0
12,1,11
35,0,35
1,3,-2
5,3,2
2,1,1
0,0,0
16,4,12
0,1,-1
5,3,2
5,5,0
16,4,12
14,1,13
17,0,17
17,0,17
2,2,0
12,4,8
0,0,0
2,0,2
7,1,6
5,1,4
1,0,1
8,0,8
20,0,20
6,0,6
13,2,11
16,0,16
1,0,1
9,0,9
16,1,15
1,9,-8
1,0,1
0,0,0
2,1,1
24,0,24
0,1,-1
0,0,0
0,0,0
20,1,19
7,3,4
11,3,8
0,0,0
2,2,0
1,10,-9
12,11,1
2,1,1
2,1,1
26,3,23
4,3,1
8,6,2
0,1,-1
10,4,6
1,0,1
6,10,-4
7,3,4
10,2,8
3,11,-8
11,6,5
0,1,-1
7,2,5
8,10,-2
34,12,22
4,0,4
7,4,3
14,0,14
0,0,0
10,0,10
5,3,2
0,1,-1
3,0,3
0,0,0
15,0,15
3,2,1
5,0,5
2,2,0
28,1,27
12,18,-6
0,8,-8
1,0,1
4,4,0
9,0,9
13,10,3
1,0,1
1,0,1
11,0,11
2,2,0
9,5,4
0,0,0
0,0,0
3,0,3
4,1,3
23,0,23
11,1,10
7,0,7
24,0,24
4,0,4
17,0,17
0,0,0
13,12,1
0,0,0
0,0,0
7,1,6
4,0,4
31,0,31
15,5,10
31,8,23
6,0,6
5,1,4
16,2,14
1,0,1
0,0,0
2,0,2
5,4,1
0,0,0
0,0,0
10,8,2
0,0,0
1,0,1
1,1,0
0,0,0
4,0,4
7,3,4
4,0,4
0,1,-1
0,0,0
4,1,3
15,1,14
0,0,0
0,0,0
10,0,10
7,0,7
23,0,23
35,1,34
0,0,0
0,0,0
6,6,0
0,0,0
30,1,29
9,5,4
4,1,3
5,0,5
10,6,4
7,6,1
0,0,0
18,3,15
7,0,7
1,0,1
3,0,3
0,0,0
3,0,3
70,4,66
3,1,2
6,0,6
28,15,13
14,0,14
0,0,0
5,2,3
1,0,1
6,0,6
5,0,5
0,0,0
11,1,10
0,0,0
1,1,0
5,1,4
0,0,0
0,10,-10
10,0,10
16,0,16
1,2,-1
2,2,0
2,0,2
7,8,-1
1,0,1
3,0,3
1,0,1
0,0,0
1,0,1
7,5,2
8,0,8
6,0,6
13,0,13
14,0,14
4,0,4
0,0,0
18,0,18
1,0,1
9,2,7
3,0,3
20,3,17
1,0,1
2,0,2
0,0,0
18,0,18
0,0,0
4,0,4
30,2,28
0,0,0
0,1,-1
15,0,15
3,0,3
15,0,15
0,6,-6
14,0,14
1,0,1
4,0,4
14,0,14
11,1,10
31,7,24
16,20,-4
0,0,0
32,6,26
15,2,13
12,0,12
0,0,0
1,3,-2
3,3,0
0,0,0
4,0,4
6,0,6
6,0,6
4,11,-7
54,4,50
1,1,0
0,0,0
0,0,0
20,0,20
22,2,20
18,0,18
14,6,8
4,3,1
0,7,-7
13,0,13
0,0,0
2,0,2
5,12,-7
1,1,0
20,0,20
4,0,4
2,2,0
2,0,2
8,1,7
7,0,7
2,0,2
2,8,-6
1,0,1
16,10,6
21,0,21
4,0,4
18,1,17
18,1,17
13,4,9
5,5,0
0,1,-1
2,2,0
0,1,-1
3,0,3
3,0,3
25,2,23
15,0,15
2,3,-1
1,2,-1
3,2,1
5,0,5
1,7,-6
0,8,-8
10,1,9
1,0,1
22,3,19
1,0,1
16,11,5
3,3,0
2,1,1
3,5,-2
1,0,1
0,0,0
0,1,-1
2,0,2
15,0,15
28,0,28
10,0,10
15,0,15
29,6,23
0,4,-4
9,0,9
6,0,6
0,6,-6
0,0,0
7,0,7
1,0,1
16,0,16
4,0,4
3,3,0
3,0,3
6,10,-4
0,0,0
12,3,9
13,7,6
15,0,15
16,2,14
10,9,1
0,0,0
0,0,0
0,0,0
19,8,11
27,10,17
59,1,58
0,0,0
0,0,0
0,1,-1
0,1,-1
5,0,5
10,4,6
22,0,22
12,6,6
4,0,4
7,0,7
9,9,0
20,2,18
2,0,2
1,4,-3
4,5,-1
8,4,4
18,3,15
2,0,2
1,13,-12
12,0,12
1,0,1
5,0,5
1,0,1
19,13,6
1,3,-2
0,0,0
22,4,18
19,5,14
26,4,22
10,0,10
4,0,4
5,0,5
0,0,0
9,3,6
8,0,8
6,0,6
1,0,1
10,1,9
7,0,7
13,2,11
7,1,6
14,5,9
3,1,2
16,0,16
0,0,0
13,8,5
19,1,18
12,3,9
0,0,0
2,3,-1
0,0,0
1,0,1
6,1,5
0,4,-4
7,5,2
13,4,9
6,0,6
11,4,7
8,7,1
3,0,3
18,2,16
0,0,0
2,1,1
7,0,7
8,0,8
6,0,6
2,0,2
4,1,3
6,0,6
0,0,0
33,4,29
8,3,5
6,0,6
4,1,3
5,2,3
0,0,0
16,1,15
1,0,1
19,4,15
4,0,4
0,0,0
4,0,4
0,0,0
1,0,1
1,0,1
0,0,0
9,0,9
11,0,11
5,0,5
4,0,4
6,0,6
2,1,1
3,0,3
1,1,0
10,1,9
0,3,-3
1,18,-17
3,1,2
10,1,9
6,0,6
15,0,15
0,0,0
0,0,0
7,1,6
3,0,3
0,0,0
1,0,1
1,1,0
7,0,7
1,0,1
5,1,4
1,0,1
0,0,0
0,0,0
5,0,5
9,3,6
0,0,0
2,1,1
5,0,5
1,0,1
10,3,7
5,3,2
4,1,3
1,1,0
5,4,1
6,2,4
2,0,2
1,0,1
2,0,2
2,0,2
26,17,9
17,2,15
1,1,0
4,9,-5
21,0,21
5,0,5
0,0,0
0,0,0
10,3,7
3,0,3
0,0,0
4,0,4
1,0,1
0,0,0
1,0,1
18,14,4
8,10,-2
0,0,0
15,4,11
2,0,2
2,0,2
10,1,9
3,1,2
0,0,0
5,8,-3
12,7,5
31,11,20
52,5,47
3,0,3
6,1,5
15,2,13
0,0,0
7,7,0
6,1,5
0,0,0
2,0,2
2,0,2
2,0,2
1,0,1
0,0,0
6,0,6
2,3,-1
3,4,-1
0,5,-5
6,5,1
5,0,5
4,2,2
0,0,0
5,0,5
28,2,26
22,20,2
3,1,2
7,2,5
0,0,0
8,12,-4
32,0,32
2,0,2
2,0,2
0,0,0
1,0,1
0,0,0
11,0,11
6,0,6
0,0,0
27,2,25
3,0,3
1,0,1
3,0,3
3,0,3
9,7,2
3,1,2
5,10,-5
4,0,4
1,0,1
5,0,5
11,0,11
50,4,46
11,7,4
3,0,3
0,0,0
18,12,6
14,3,11
2,0,2
31,0,31
3,1,2
0,0,0
11,0,11
0,0,0
2,2,0
2,0,2
3,2,1
1,0,1
0,0,0
7,4,3
21,7,14
0,3,-3
17,0,17
6,0,6
0,0,0
0,0,0
0,5,-5
7,3,4
1,0,1
8,1,7
6,0,6
0,0,0
36,5,31
1,0,1
0,1,-1
7,0,7
2,0,2
2,0,2
0,0,0
17,1,16
10,0,10
0,0,0
3,4,-1
1,0,1
0,0,0
17,1,16
7,5,2
0,0,0
0,0,0
7,0,7
20,0,20
2,1,1
22,11,11
1,3,-2
0,0,0
22,2,20
23,2,21
2,0,2
8,8,0
20,4,16
0,0,0
0,0,0
0,0,0
7,3,4
12,2,10
1,5,-4
21,0,21
3,0,3
1,2,-1
2,1,1
1,3,-2
5,0,5
29,0,29
1,3,-2
1,1,0
3,1,2
6,2,4
0,0,0
0,0,0
0,1,-1
2,0,2
13,5,8
2,1,1
1,5,-4
8,1,7
35,0,35
13,1,12
0,0,0
2,0,2
0,0,0
4,0,4
21,2,19
9,9,0
29,29,0
2,3,-1
4,0,4
1,0,1
4,2,2
11,8,3
0,0,0
4,0,4
7,3,4
0,0,0
0,0,0
4,1,3
1,0,1
1,0,1
6,6,0
3,0,3
7,0,7
1,0,1
1,1,0
0,0,0
20,8,12
2,1,1
3,0,3
5,8,-3
4,1,3
19,2,17
5,7,-2
24,11,13
8,1,7
1,4,-3
1,0,1
8,0,8
3,3,0
1,0,1
0,5,-5
17,9,8
0,0,0
2,0,2
0,0,0
10,0,10
0,0,0
10,10,0
1,2,-1
0,0,0
30,0,30
0,0,0
3,0,3
4,0,4
3,7,-4
3,1,2
8,4,4
2,0,2
13,1,12
0,1,-1
18,7,11
0,1,-1
5,2,3
23,10,13
10,8,2
7,0,7
22,5,17
10,0,10
7,0,7
0,0,0
0,0,0
5,0,5
5,5,0
12,4,8
8,0,8
1,3,-2
9,2,7
2,0,2
3,0,3
1,1,0
21,1,20
7,6,1
1,0,1
13,7,6
12,5,7
5,0,5
2,0,2
2,0,2
21,0,21
13,1,12
2,4,-2
10,6,4
2,10,-8
7,2,5
1,0,1
5,5,0
1,0,1
0,0,0
20,0,20
0,0,0
1,0,1
8,0,8
6,9,-3
0,0,0
40,13,27
0,11,-11
0,0,0
19,9,10
0,0,0
0,0,0
1,0,1
4,0,4
0,0,0
4,7,-3
0,0,0
1,2,-1
1,1,0
13,1,12
6,0,6
11,1,10
0,0,0
0,0,0
8,0,8
5,2,3
1,1,0
4,1,3
34,5,29
0,0,0
20,20,0
8,0,8
7,2,5
0,0,0
1,0,1
1,0,1
2,1,1
8,15,-7
1,0,1
14,4,10
0,12,-12
4,0,4
2,0,2
3,0,3
0,2,-2
14,2,12
1,9,-8
4,0,4
0,0,0
15,3,12
3,1,2
2,0,2
2,0,2
1,0,1
5,0,5
10,16,-6
16,7,9
15,0,15
6,1,5
3,0,3
7,0,7
46,3,43
35,0,35
2,2,0
6,0,6
0,0,0
3,0,3
11,3,8
3,0,3
15,1,14
20,10,10
1,0,1
5,0,5
8,6,2
0,0,0
13,0,13
8,5,3
48,1,47
10,0,10
0,0,0
0,0,0
11,19,-8
0,0,0
1,1,0
17,11,6
0,0,0
0,0,0
7,0,7
4,0,4
1,1,0
9,5,4
2,2,0
2,0,2
0,0,0
3,4,-1
4,0,4
0,0,0
9,10,-1
12,3,9
16,13,3
4,1,3
6,6,0
2,1,1
0,0,0
0,0,0
3,0,3
1,1,0
0,0,0
0,0,0
28,4,24
6,14,-8
0,0,0
0,0,0
1,0,1
9,1,8
1,1,0
0,0,0
8,5,3
0,0,0
6,18,-12
13,0,13
6,0,6
4,0,4
3,0,3
2,2,0
15,3,12
2,0,2
1,1,0
1,0,1
30,0,30
0,0,0
8,0,8
4,0,4
0,0,0
1,1,0
5,0,5
6,0,6
11,0,11
17,4,13
1,0,1
0,3,-3
1,0,1
0,0,0
4,0,4
35,4,31
0,0,0
11,0,11
11,2,9
16,6,10
0,0,0
2,1,1
2,0,2
27,4,23
7,0,7
0,0,0
11,0,11
8,1,7
5,8,-3
0,1,-1
0,0,0
7,0,7
0,3,-3
20,4,16
9,0,9
10,1,9
6,2,4
0,0,0
4,1,3
2,0,2
4,2,2
0,0,0
3,0,3
0,0,0
4,0,4
0,0,0
2,0,2
0,0,0
3,2,1
4,1,3
2,0,2
2,0,2
2,4,-2
3,0,3
8,10,-2
14,2,12
79,2,77
13,3,10
9,5,4
3,14,-11
0,0,0
0,3,-3
44,4,40
1,0,1
11,0,11
12,0,12
0,0,0
0,0,0
3,0,3
18,4,14
9,0,9
2,0,2
0,0,0
9,1,8
0,0,0
4,3,1
1,0,1
6,9,-3
6,0,6
7,0,7
7,1,6
2,3,-1
1,1,0
3,0,3
2,1,1
3,0,3
1,0,1
7,0,7
2,2,0
18,7,11
0,2,-2
3,0,3
4,0,4
0,0,0
0,0,0
26,0,26
11,3,8
5,0,5
4,2,2
1,3,-2
0,0,0
1,0,1
13,2,11
2,2,0
6,0,6
27,2,25
32,9,23
4,0,4
30,14,16
14,15,-1
2,0,2
1,1,0
4,0,4
7,5,2
5,6,-1
12,10,2
0,0,0
5,0,5
2,3,-1
12,1,11
3,0,3
6,0,6
7,2,5
17,5,12
8,0,8
2,1,1
1,0,1
0,0,0
0,0,0
76,2,74
1,6,-5
3,0,3
10,0,10
4,0,4
14,8,6
10,2,8
0,0,0
1,0,1
5,0,5
10,2,8
2,0,2
5,1,4
18,0,18
4,2,2
9,13,-4
14,1,13
4,1,3
0,0,0
9,2,7
4,4,0
14,10,4
36,6,30
3,0,3
1,3,-2
6,0,6
0,0,0
2,2,0
0,0,0
24,0,24
27,1,26
24,1,23
10,7,3
5,0,5
0,1,-1
8,0,8
1,1,0
3,4,-1
0,1,-1
3,1,2
5,0,5
13,5,8
3,0,3
0,1,-1
1,0,1
3,0,3
1,1,0
0,0,0
11,1,10
1,3,-2
3,1,2
2,11,-9
1,3,-2
11,0,11
2,0,2
1,1,0
4,0,4
1,0,1
0,0,0
0,0,0
0,0,0
1,0,1
1,1,0
1,0,1
1,0,1
3,1,2
8,4,4
23,0,23
9,0,9
24,5,19
9,2,7
7,4,3
1,0,1
10,0,10
1,1,0
8,0,8
4,1,3
17,2,15
2,0,2
6,0,6
1,2,-1
6,2,4
3,2,1
0,0,0
9,1,8
0,0,0
7,5,2
4,2,2
10,10,0
1,16,-15
4,1,3
4,0,4
1,0,1
2,2,0
3,1,2
20,0,20
6,0,6
8,1,7
1,3,-2
1,0,1
7,6,1
14,0,14
0,3,-3
10,1,9
1,0,1
56,0,56
0,0,0
0,0,0
1,0,1
1,0,1
27,0,27
56,0,56
1,0,1
5,2,3
35,0,35
2,0,2
1,0,1
0,1,-1
7,0,7
11,8,3
0,0,0
1,1,0
1,1,0
1,0,1
16,5,11
0,0,0
7,0,7
1,6,-5
24,0,24
0,0,0
0,3,-3
13,0,13
6,0,6
2,3,-1
25,25,0
2,16,-14
5,0,5
6,5,1
2,1,1
1,0,1
8,0,8
3,0,3
2,3,-1
8,6,2
14,0,14
7,8,-1
9,0,9
0,0,0
4,0,4
8,0,8
78,27,51
3,0,3
8,1,7
1,0,1
2,0,2
20,0,20
0,0,0
3,0,3
19,0,19
0,8,-8
0,0,0
7,12,-5
1,0,1
2,0,2
18,0,18
0,0,0
6,2,4
0,0,0
3,6,-3
0,2,-2
7,0,7
0,1,-1
7,7,0
54,2,52
7,0,7
15,3,12
7,1,6
11,2,9
4,0,4
18,5,13
2,0,2
6,0,6
15,3,12
5,5,0
4,0,4
1,0,1
0,0,0
0,0,0
11,4,7
1,0,1
7,7,0
0,0,0
2,2,0
3,0,3
17,13,4
33,0,33
11,1,10
2,0,2
5,0,5
4,0,4
1,1,0
3,4,-1
0,2,-2
6,0,6
22,4,18
1,0,1
0,0,0
0,0,0
4,2,2
17,0,17
12,1,11
7,3,4
7,3,4
7,0,7
3,1,2
0,0,0
36,0,36
2,2,0
3,1,2
8,1,7
11,0,11
8,0,8
6,0,6
10,2,8
8,1,7
7,0,7
0,0,0
0,0,0
3,0,3
7,0,7
3,6,-3
1,1,0
2,0,2
4,1,3
10,1,9
2,0,2
2,0,2
4,0,4
3,9,-6
0,0,0
0,0,0
8,1,7
15,0,15
4,2,2
11,2,9
2,1,1
25,11,14
1,0,1
4,0,4
2,0,2
6,2,4
3,0,3
6,0,6
1,0,1
4,2,2
0,0,0
0,0,0
0,2,-2
5,4,1
8,0,8
0,0,0
3,0,3
0,0,0
24,2,22
6,2,4
4,3,1
6,4,2
13,10,3
2,8,-6
2,0,2
0,0,0
18,8,10
1,0,1
0,0,0
0,1,-1
2,6,-4
4,0,4
1,12,-11
19,8,11
0,3,-3
1,0,1
1,0,1
1,0,1
0,0,0
1,1,0
7,0,7
1,0,1
36,7,29
1,3,-2
21,6,15
5,5,0
14,1,13
2,0,2
0,1,-1
9,4,5
12,3,9
9,0,9
5,5,0
1,1,0
4,0,4
8,2,6
9,11,-2
1,0,1
1,0,1
3,0,3
0,0,0
0,0,0
0,0,0
0,0,0
3,0,3
12,2,10
6,1,5
0,0,0
8,2,6
3,0,3
7,2,5
7,2,5
2,7,-5
3,5,-2
0,0,0
11,4,7
0,1,-1
2,1,1
7,1,6
0,0,0
3,1,2
16,12,4
2,0,2
9,0,9
1,8,-7
0,1,-1
0,0,0
19,0,19
5,0,5
5,5,0
7,1,6
6,0,6
4,0,4
3,2,1
0,0,0
1,2,-1
2,0,2
0,1,-1
3,0,3
9,0,9
0,0,0
5,0,5
5,2,3
13,0,13
8,0,8
0,0,0
0,0,0
1,0,1
1,0,1
4,0,4
12,2,10
15,3,12
17,5,12
1,0,1
2,0,2
0,0,0
4,4,0
0,0,0
14,0,14
7,4,3
0,27,-27
5,2,3
3,0,3
11,2,9
0,0,0
30,8,22
0,0,0
3,0,3
3,0,3
0,2,-2
3,0,3
2,1,1
4,2,2
4,0,4
11,7,4
0,2,-2
1,0,1
0,2,-2
3,2,1
0,5,-5
10,0,10
4,0,4
1,0,1
1,0,1
1,2,-1
1,2,-1
0,0,0
0,0,0
15,0,15
12,1,11
1,1,0
0,0,0
7,0,7
3,7,-4
0,0,0
2,2,0
35,0,35
11,0,11
0,0,0
9,0,9
14,5,9
6,1,5
1,0,1
2,1,1
1,4,-3
0,0,0
1,0,1
8,13,-5
1,1,0
47,0,47
0,0,0
6,0,6
15,0,15
15,15,0
2,0,2
15,7,8
25,14,11
24,1,23
5,0,5
19,0,19
1,6,-5
11,0,11
0,3,-3
0,0,0
20,16,4
2,0,2
1,0,1
8,10,-2
0,0,0
10,7,3
6,8,-2
22,6,16
2,0,2
8,2,6
0,0,0
20,1,19
13,3,10
12,0,12
0,0,0
0,1,-1
3,0,3
16,13,3
2,7,-5
0,0,0
4,1,3
11,0,11
4,0,4
0,0,0
0,0,0
2,0,2
34,0,34
4,0,4
2,0,2
0,0,0
0,0,0
53,9,44
1,0,1
5,0,5
0,0,0
1,0,1
1,1,0
0,0,0
1,0,1
22,0,22
4,2,2
4,1,3
4,4,0
0,2,-2
6,0,6
4,4,0
31,0,31
0,0,0
3,0,3
4,1,3
14,2,12
22,3,19
4,2,2
2,0,2
0,0,0
7,7,0
45,0,45
5,0,5
5,0,5
5,0,5
17,0,17
0,0,0
1,0,1
10,0,10
1,9,-8
24,0,24
21,2,19
7,1,6
10,9,1
4,3,1
1,0,1
0,0,0
3,0,3
13,1,12
3,0,3
0,0,0
8,9,-1
9,1,8
39,17,22
9,0,9
3,4,-1
0,0,0
10,0,10
12,2,10
25,0,25
1,10,-9
12,4,8
0,5,-5
6,0,6
9,2,7
2,11,-9
1,0,1
0,0,0
2,1,1
15,0,15
4,1,3
7,5,2
1,0,1
1,0,1
10,1,9
0,4,-4
0,0,0
30,0,30
1,0,1
1,0,1
0,2,-2
1,0,1
38,1,37
8,1,7
6,0,6
6,0,6
0,0,0
12,0,12
6,10,-4
13,0,13
18,7,11
9,7,2
9,3,6
3,8,-5
0,0,0
1,0,1
10,2,8
0,0,0
0,0,0
6,0,6
17,0,17
9,1,8
22,0,22
0,0,0
4,0,4
3,0,3
5,0,5
1,0,1
1,0,1
4,1,3
2,0,2
5,5,0
4,0,4
0,0,0
1,1,0
6,1,5
4,0,4
8,0,8
2,2,0
0,0,0
3,1,2
10,2,8
20,12,8
1,0,1
6,0,6
8,1,7
2,0,2
1,13,-12
2,1,1
7,0,7
9,4,5
9,0,9
7,3,4
0,0,0
3,1,2
6,2,4
5,0,5
3,0,3
7,0,7
9,5,4
2,0,2
23,1,22
1,2,-1
7,2,5
7,0,7
1,0,1
1,0,1
7,1,6
4,0,4
8,3,5
0,0,0
2,0,2
12,4,8
7,8,-1
5,4,1
16,0,16
10,3,7
0,0,0
2,0,2
0,1,-1
13,2,11
1,0,1
13,5,8
17,0,17
3,0,3
0,0,0
0,0,0
0,0,0
25,10,15
15,0,15
4,4,0
8,0,8
5,0,5
2,0,2
1,0,1
4,0,4
14,7,7
0,0,0
11,1,10
2,2,0
1,0,1
22,0,22
12,1,11
0,1,-1
0,0,0
0,0,0
0,4,-4
18,0,18
8,1,7
0,4,-4
16,2,14
1,0,1
3,0,3
0,0,0
15,0,15
0,0,0
0,0,0
10,3,7
13,0,13
3,0,3
1,0,1
5,0,5
2,0,2
0,0,0
7,0,7
6,0,6
1,0,1
4,5,-1
6,0,6
10,1,9
17,6,11
10,3,7
16,0,16
11,11,0
12,0,12
25,0,25
5,0,5
1,2,-1
4,0,4
0,1,-1
18,1,17
1,0,1
7,0,7
20,2,18
0,0,0
19,1,18
0,0,0
1,12,-11
0,0,0
7,2,5
1,0,1
76,0,76
1,0,1
1,1,0
2,2,0
0,0,0
6,2,4
8,0,8
7,3,4
6,0,6
4,10,-6
8,1,7
5,0,5
0,0,0
0,0,0
8,4,4
1,0,1
1,0,1
0,0,0
23,9,14
5,0,5
1,0,1
0,0,0
14,0,14
2,0,2
14,0,14
8,0,8
0,0,0
3,0,3
1,0,1
1,1,0
9,0,9
1,0,1
1,0,1
1,9,-8
7,0,7
15,5,10
15,0,15
11,4,7
6,0,6
2,1,1
3,0,3
2,3,-1
0,1,-1
11,1,10
4,5,-1
9,0,9
6,2,4
0,0,0
2,0,2
1,0,1
5,0,5
6,0,6
7,4,3
62,0,62
0,5,-5
4,3,1
1,1,0
5,4,1
13,0,13
6,0,6
8,0,8
16,0,16
9,10,-1
4,1,3
0,0,0
1,0,1
1,0,1
1,1,0
1,0,1
2,0,2
7,1,6
9,3,6
0,0,0
1,0,1
4,1,3
3,1,2
1,0,1
3,0,3
0,0,0
4,1,3
1,1,0
8,8,0
0,1,-1
2,1,1
4,9,-5
1,0,1
9,0,9
0,0,0
2,4,-2
3,0,3
0,13,-13
5,2,3
31,2,29
5,4,1
0,0,0
1,1,0
4,1,3
3,1,2
2,1,1
18,2,16
0,0,0
1,8,-7
1,0,1
10,5,5
13,0,13
2,0,2
7,5,2
0,3,-3
11,2,9
0,0,0
6,1,5
2,2,0
8,0,8
17,9,8
2,1,1
4,4,0
1,0,1
0,0,0
20,1,19
2,0,2
3,3,0
0,0,0
0,0,0
2,5,-3
17,0,17
0,0,0
16,0,16
3,0,3
15,6,9
0,0,0
12,1,11
0,0,0
3,0,3
19,5,14
3,0,3
7,7,0
2,0,2
5,12,-7
0,0,0
3,0,3
5,0,5
18,0,18
0,1,-1
18,0,18
7,0,7
1,0,1
0,0,0
0,0,0
1,0,1
3,1,2
11,0,11
3,6,-3
0,0,0
4,0,4
0,0,0
21,0,21
4,1,3
0,0,0
7,0,7
15,2,13
3,4,-1
2,0,2
20,1,19
4,1,3
7,5,2
1,0,1
1,0,1
0,0,0
0,0,0
1,0,1
4,1,3
0,0,0
3,0,3
2,0,2
0,0,0
6,6,0
0,0,0
10,0,10
7,5,2
4,0,4
1,3,-2
6,4,2
13,0,13
0,0,0
11,6,5
6,2,4
28,3,25
8,0,8
0,0,0
4,0,4
26,5,21
9,0,9
3,0,3
0,0,0
1,1,0
3,1,2
3,0,3
32,0,32
10,2,8
10,1,9
0,0,0
3,0,3
3,1,2
9,13,-4
5,0,5
2,2,0
3,4,-1
3,6,-3
4,4,0
3,0,3
35,1,34
5,5,0
7,0,7
10,10,0
9,1,8
1,0,1
6,5,1
10,0,10
0,1,-1
0,0,0
4,0,4
2,0,2
0,0,0
2,2,0
3,4,-1
1,0,1
1,0,1
0,0,0
3,2,1
9,0,9
2,0,2
8,0,8
2,0,2
0,0,0
5,0,5
0,0,0
0,0,0
42,4,38
2,0,2
15,0,15
23,16,7
12,0,12
3,0,3
0,2,-2
8,3,5
2,1,1
7,0,7
5,2,3
0,0,0
0,4,-4
3,5,-2
9,12,-3
15,1,14
0,0,0
11,0,11
5,7,-2
13,13,0
7,9,-2
0,0,0
0,0,0
3,0,3
1,0,1
3,1,2
6,12,-6
4,0,4
0,2,-2
1,0,1
2,2,0
0,2,-2
0,0,0
1,5,-4
5,0,5
2,2,0
10,8,2
7,1,6
0,0,0
3,1,2
6,4,2
4,1,3
1,0,1
1,0,1
0,2,-2
0,1,-1
2,3,-1
0,0,0
19,0,19
0,0,0
0,1,-1
5,5,0
19,14,5
13,0,13
9,1,8
1,2,-1
10,1,9
10,0,10
8,1,7
12,5,7
1,8,-7
0,0,0
5,4,1
7,9,-2
5,2,3
0,0,0
9,1,8
3,0,3
8,1,7
0,0,0
5,1,4
5,0,5
9,1,8
5,0,5
11,7,4
6,14,-8
33,0,33
0,0,0
5,3,2
4,5,-1
27,1,26
0,8,-8
3,0,3
14,1,13
1,1,0
20,2,18
0,0,0
13,7,6
6,1,5
7,2,5
8,8,0
0,0,0
11,5,6
26,2,24
2,20,-18
5,1,4
1,0,1
0,0,0
0,0,0
0,0,0
13,0,13
0,0,0
1,0,1
37,4,33
10,5,5
6,1,5
0,0,0
2,6,-4
15,0,15
6,4,2
11,2,9
1,0,1
0,0,0
0,0,0
44,2,42
2,0,2
24,16,8
5,1,4
4,4,0
0,10,-10
0,0,0
1,1,0
5,1,4
13,10,3
0,0,0
4,0,4
38,1,37
0,0,0
4,0,4
10,10,0
9,2,7
14,0,14
1,0,1
27,21,6
1,1,0
5,0,5
18,13,5
5,2,3
13,7,6
5,3,2
3,0,3
7,3,4
1,0,1
2,0,2
3,6,-3
2,0,2
3,0,3
3,0,3
2,0,2
0,0,0
0,0,0
7,3,4
7,0,7
0,0,0
14,3,11
15,1,14
18,0,18
15,1,14
3,0,3
2,0,2
6,1,5
5,0,5
8,0,8
2,1,1
0,2,-2
0,5,-5
9,0,9
13,3,10
8,2,6
3,9,-6
18,1,17
4,0,4
1,1,0
22,0,22
0,0,0
6,0,6
2,0,2
21,2,19
2,0,2
44,5,39
0,0,0
2,1,1
1,0,1
0,0,0
5,3,2
4,0,4
1,3,-2
28,8,20
12,0,12
19,1,18
2,0,2
7,0,7
1,1,0
0,0,0
0,0,0
23,0,23
2,0,2
0,4,-4
0,0,0
6,0,6
10,12,-2
1,0,1
0,1,-1
0,0,0
2,0,2
5,4,1
20,0,20
8,8,0
9,5,4
10,10,0
3,1,2
3,0,3
2,3,-1
3,0,3
6,0,6
8,0,8
6,1,5
3,0,3
10,2,8
5,4,1
0,0,0
0,0,0
22,2,20
3,0,3
0,0,0
5,1,4
16,5,11
0,0,0
21,0,21
4,0,4
6,1,5
8,0,8
21,6,15
1,0,1
1,0,1
13,0,13
0,0,0
1,2,-1
1,5,-4
12,0,12
30,0,30
1,1,0
17,0,17
9,5,4
36,1,35
15,0,15
3,0,3
6,1,5
3,0,3
5,1,4
2,0,2
6,14,-8
18,1,17
0,2,-2
5,1,4
0,0,0
0,5,-5
1,0,1
1,2,-1
10,0,10
3,0,3
14,1,13
5,0,5
16,5,11
9,1,8
8,0,8
42,0,42
36,0,36
10,3,7
5,1,4
1,0,1
7,0,7
16,3,13
19,1,18
4,1,3
3,6,-3
6,5,1
3,5,-2
5,1,4
3,1,2
80,0,80
15,0,15
16,0,16
1,5,-4
7,0,7
0,0,0
0,2,-2
1,0,1
4,2,2
0,0,0
17,2,15
14,6,8
15,15,0
23,0,23
1,0,1
23,0,23
2,0,2
25,33,-8
8,0,8
4,2,2
4,0,4
1,2,-1
2,1,1
14,1,13
9,0,9
5,1,4
1,1,0
1,0,1
5,0,5
1,0,1
10,0,10
6,1,5
1,1,0
32,1,31
0,0,0
2,2,0
0,0,0
0,0,0
2,0,2
9,1,8
4,0,4
1,4,-3
11,1,10
0,0,0
0,1,-1
5,5,0
18,0,18
0,0,0
4,5,-1
3,3,0
0,2,-2
1,0,1
12,0,12
16,1,15
2,0,2
7,0,7
3,0,3
1,0,1
23,1,22
5,1,4
3,0,3
0,0,0
5,0,5
0,1,-1
4,0,4
4,0,4
4,4,0
3,0,3
10,4,6
5,3,2
7,0,7
4,15,-11
2,2,0
0,0,0
2,0,2
6,0,6
4,0,4
5,4,1
8,4,4
3,1,2
0,1,-1
3,5,-2
0,0,0
0,0,0
5,0,5
1,0,1
8,1,7
0,1,-1
1,2,-1
4,0,4
2,2,0
34,0,34
2,0,2
1,0,1
29,0,29
0,1,-1
1,3,-2
3,0,3
17,1,16
5,3,2
2,0,2
0,0,0
0,1,-1
0,0,0
7,5,2
0,3,-3
0,5,-5
7,0,7
8,0,8
20,2,18
5,0,5
2,0,2
6,0,6
2,1,1
26,0,26
6,0,6
3,0,3
0,0,0
5,6,-1
0,0,0
0,1,-1
7,2,5
6,1,5
12,1,11
0,0,0
1,1,0
0,0,0
0,0,0
1,0,1
0,0,0
6,0,6
1,0,1
3,8,-5
1,5,-4
6,0,6
45,0,45
2,1,1
1,0,1
3,0,3
17,5,12
6,1,5
5,0,5
13,0,13
2,1,1
6,1,5
0,0,0
5,0,5
3,0,3
0,1,-1
60,6,54
7,0,7
0,0,0
5,3,2
8,9,-1
1,0,1
4,0,4
5,1,4
3,6,-3
2,0,2
12,6,6
3,0,3
0,0,0
25,1,24
4,0,4
3,9,-6
1,0,1
1,0,1
3,0,3
0,0,0
9,7,2
3,0,3
1,0,1
17,2,15
0,1,-1
4,1,3
2,8,-6
22,8,14
0,0,0
25,0,25
9,2,7
1,0,1
0,0,0
5,0,5
20,20,0
0,2,-2
7,1,6
2,0,2
0,0,0
6,3,3
6,8,-2
21,0,21
1,0,1
2,0,2
0,0,0
6,0,6
18,3,15
15,0,15
0,0,0
1,0,1
2,1,1
0,0,0
6,6,0
10,6,4
11,0,11
0,0,0
6,0,6
3,0,3
9,0,9
5,0,5
3,0,3
1,0,1
1,0,1
7,7,0
0,0,0
2,1,1
26,3,23
0,0,0
0,0,0
7,0,7
6,0,6
11,1,10
3,3,0
7,0,7
8,1,7
0,1,-1
5,0,5
2,2,0
1,3,-2
9,1,8
17,2,15
1,2,-1
2,0,2
0,0,0
0,1,-1
10,5,5
6,0,6
1,1,0
1,0,1
0,0,0
12,2,10
4,0,4
1,0,1
4,0,4
0,0,0
19,0,19
7,2,5
0,0,0
14,0,14
1,0,1
5,1,4
5,0,5
20,0,20
9,0,9
0,0,0
1,0,1
1,14,-13
4,0,4
9,0,9
0,0,0
11,0,11
8,0,8
32,0,32
1,10,-9
0,0,0
7,0,7
10,8,2
28,4,24
17,1,16
2,3,-1
3,2,1
6,2,4
2,0,2
0,0,0
2,0,2
0,0,0
1,0,1
0,0,0
0,0,0
3,0,3
13,2,11
15,1,14
10,1,9
8,1,7
13,0,13
10,0,10
3,5,-2
4,1,3
6,0,6
2,0,2
5,1,4
7,7,0
7,0,7
1,0,1
2,0,2
7,1,6
18,0,18
3,0,3
8,0,8
0,0,0
7,0,7
4,0,4
1,0,1
0,0,0
2,1,1
9,5,4
8,3,5
6,3,3
2,2,0
10,0,10
2,0,2
17,0,17
5,1,4
0,2,-2
0,0,0
5,2,3
0,9,-9
0,1,-1
7,5,2
1,0,1
0,0,0
5,1,4
2,0,2
1,0,1
25,2,23
19,0,19
0,0,0
0,6,-6
1,0,1
0,0,0
77,10,67
3,0,3
1,1,0
2,0,2
0,0,0
1,0,1
4,5,-1
19,9,10
6,0,6
5,0,5
3,0,3
13,1,12
15,6,9
9,0,9
0,4,-4
1,0,1
2,1,1
15,19,-4
3,1,2
4,0,4
6,8,-2
37,0,37
9,2,7
1,0,1
16,0,16
11,0,11
13,6,7
1,4,-3
5,4,1
9,1,8
2,0,2
19,1,18
14,4,10
8,1,7
0,0,0
23,13,10
5,0,5
11,7,4
5,0,5
3,1,2
0,1,-1
0,1,-1
0,0,0
5,0,5
1,3,-2
8,0,8
0,0,0
11,6,5
2,1,1
20,1,19
0,0,0
8,8,0
3,3,0
5,3,2
1,0,1
1,0,1
0,0,0
4,0,4
18,0,18
2,5,-3
0,0,0
2,1,1
2,0,2
1,0,1
0,0,0
1,0,1
4,8,-4
24,0,24
2,1,1
0,0,0
0,0,0
0,0,0
10,2,8
3,0,3
9,1,8
2,0,2
9,1,8
7,0,7
1,0,1
15,0,15
0,0,0
0,0,0
3,2,1
0,1,-1
0,0,0
0,0,0
4,13,-9
1,0,1
3,0,3
26,2,24
6,5,1
5,1,4
2,0,2
3,2,1
8,0,8
1,0,1
26,1,25
0,0,0
0,0,0
0,0,0
0,1,-1
8,3,5
1,0,1
6,0,6
5,4,1
7,0,7
2,0,2
1,0,1
2,4,-2
45,16,29
7,0,7
4,1,3
2,0,2
0,0,0
7,1,6
18,0,18
4,6,-2
10,0,10
3,1,2
7,1,6
5,0,5
70,13,57
0,1,-1
10,0,10
11,0,11
18,3,15
10,4,6
7,3,4
3,0,3
4,0,4
1,0,1
0,0,0
34,8,26
18,3,15
6,1,5
6,1,5
4,0,4
2,16,-14
1,0,1
9,1,8
1,3,-2
4,0,4
10,1,9
3,0,3
8,1,7
5,0,5
8,2,6
18,11,7
1,0,1
8,12,-4
19,8,11
0,0,0
5,0,5
0,0,0
4,1,3
4,1,3
5,6,-1
3,0,3
18,2,16
9,0,9
2,0,2
7,2,5
4,1,3
2,1,1
0,0,0
0,0,0
0,0,0
9,2,7
13,1,12
8,1,7
9,0,9
5,4,1
3,6,-3
8,8,0
10,1,9
4,0,4
0,8,-8
3,0,3
2,0,2
1,0,1
9,3,6
29,0,29
2,3,-1
1,4,-3
7,1,6
6,0,6
7,0,7
2,0,2
17,8,9
8,1,7
1,1,0
1,0,1
5,0,5
34,4,30
13,0,13
1,0,1
0,0,0
33,3,30
5,2,3
3,7,-4
12,12,0
11,6,5
14,1,13
1,5,-4
2,2,0
3,0,3
3,0,3
0,0,0
3,1,2
4,1,3
8,8,0
7,0,7
10,0,10
15,0,15
0,0,0
4,0,4
15,4,11
26,2,24
1,3,-2
1,1,0
0,0,0
0,0,0
0,0,0
0,0,0
6,0,6
3,0,3
2,0,2
1,0,1
3,3,0
0,0,0
1,0,1
2,1,1
6,0,6
1,0,1
1,1,0
3,0,3
5,1,4
8,5,3
2,0,2
12,8,4
0,4,-4
0,1,-1
8,1,7
20,5,15
11,2,9
0,0,0
8,0,8
3,0,3
1,22,-21
3,1,2
19,7,12
5,0,5
0,0,0
2,0,2
1,0,1
3,0,3
2,0,2
2,12,-10
21,14,7
0,0,0
17,0,17
7,2,5
0,0,0
13,0,13
0,0,0
17,0,17
0,0,0
3,0,3
4,1,3
0,0,0
0,0,0
3,0,3
5,2,3
8,0,8
3,3,0
0,0,0
5,1,4
0,0,0
2,0,2
4,2,2
1,0,1
12,1,11
1,1,0
0,0,0
16,3,13
38,3,35
13,4,9
2,0,2
13,7,6
3,0,3
8,2,6
6,2,4
0,0,0
10,4,6
2,0,2
9,7,2
11,5,6
18,7,11
2,3,-1
5,2,3
0,2,-2
3,3,0
8,11,-3
3,0,3
0,0,0
21,0,21
16,5,11
7,0,7
0,0,0
1,0,1
6,5,1
0,2,-2
1,0,1
0,0,0
1,6,-5
0,0,0
2,6,-4
0,0,0
1,1,0
15,5,10
4,0,4
12,5,7
9,1,8
11,3,8
2,0,2
1,0,1
6,4,2
25,0,25
4,0,4
0,0,0
1,0,1
1,0,1
0,0,0
1,0,1
6,1,5
3,1,2
1,1,0
7,1,6
7,3,4
28,0,28
7,0,7
5,8,-3
0,0,0
2,3,-1
2,0,2
1,0,1
4,0,4
1,1,0
0,0,0
16,0,16
0,0,0
21,4,17
2,1,1
4,1,3
11,6,5
4,0,4
7,1,6
9,12,-3
5,0,5
8,0,8
1,4,-3
1,0,1
75,7,68
5,3,2
5,0,5
4,0,4
1,1,0
0,0,0
5,1,4
3,3,0
0,0,0
0,0,0
0,0,0
7,0,7
1,0,1
8,0,8
27,29,-2
11,3,8
0,0,0
3,1,2
13,0,13
10,1,9
0,0,0
0,0,0
13,1,12
10,0,10
0,0,0
1,0,1
7,5,2
20,0,20
0,3,-3
23,1,22
19,12,7
2,1,1
14,14,0
1,0,1
18,1,17
11,0,11
4,3,1
3,4,-1
17,0,17
4,0,4
3,0,3
1,0,1
0,0,0
0,4,-4
3,0,3
10,14,-4
7,0,7
4,4,0
0,1,-1
1,1,0
2,1,1
3,0,3
2,1,1
11,2,9
1,4,-3
1,20,-19
0,0,0
0,0,0
14,0,14
13,6,7
2,2,0
4,0,4
12,2,10
1,0,1
20,0,20
1,1,0
9,8,1
21,2,19
9,0,9
0,0,0
2,1,1
1,3,-2
5,7,-2
0,0,0
7,1,6
0,0,0
2,1,1
0,0,0
0,0,0
0,0,0
8,0,8
0,0,0
4,1,3
4,0,4
1,7,-6
18,8,10
3,0,3
1,1,0
4,3,1
14,9,5
11,0,11
0,0,0
0,4,-4
3,0,3
2,1,1
3,6,-3
24,4,20
3,5,-2
19,9,10
1,2,-1
0,0,0
3,4,-1
0,0,0
0,0,0
3,0,3
1,0,1
16,1,15
1,0,1
14,2,12
1,3,-2
1,1,0
4,5,-1
4,0,4
45,5,40
2,3,-1
0,1,-1
8,1,7
0,0,0
1,0,1
0,0,0
1,1,0
0,0,0
0,5,-5
0,1,-1
1,7,-6
8,4,4
38,1,37
2,1,1
5,0,5
1,0,1
1,5,-4
2,1,1
14,0,14
2,1,1
0,0,0
0,1,-1
0,0,0
3,0,3
6,1,5
0,0,0
20,6,14
15,1,14
2,1,1
15,0,15
2,0,2
0,0,0
1,0,1
12,0,12
15,1,14
0,0,0
0,0,0
25,1,24
2,2,0
0,0,0
3,0,3
12,0,12
76,17,59
0,0,0
15,0,15
9,5,4
1,0,1
13,3,10
2,0,2
21,3,18
14,8,6
0,0,0
6,0,6
9,0,9
0,0,0
29,1,28
1,1,0
0,0,0
13,4,9
0,0,0
41,9,32
4,0,4
0,0,0
0,1,-1
1,0,1
11,0,11
0,0,0
0,0,0
18,0,18
3,0,3
29,1,28
0,0,0
2,0,2
0,0,0
3,0,3
33,1,32
8,2,6
18,5,13
8,1,7
1,0,1
1,1,0
2,0,2
3,0,3
2,0,2
1,0,1
2,0,2
30,9,21
1,0,1
0,0,0
0,0,0
11,0,11
14,0,14
7,0,7
0,0,0
24,18,6
0,0,0
1,9,-8
8,4,4
3,0,3
11,2,9
2,0,2
17,11,6
16,1,15
8,0,8
9,1,8
37,0,37
0,0,0
11,2,9
15,7,8
0,0,0
2,0,2
2,0,2
14,8,6
5,2,3
1,0,1
0,0,0
0,0,0
4,0,4
11,0,11
2,2,0
29,2,27
6,4,2
2,0,2
1,0,1
14,1,13
0,1,-1
0,0,0
3,0,3
5,5,0
7,4,3
0,1,-1
3,0,3
6,0,6
1,0,1
2,0,2
0,0,0
5,7,-2
27,8,19
5,1,4
1,0,1
3,5,-2
4,0,4
4,4,0
0,0,0
10,4,6
11,1,10
3,0,3
60,15,45
1,0,1
33,20,13
4,0,4
5,0,5
7,0,7
25,0,25
5,0,5
0,3,-3
2,2,0
1,0,1
3,0,3
1,0,1
1,9,-8
11,0,11
0,0,0
0,0,0
1,2,-1
2,0,2
3,0,3
20,4,16
1,0,1
9,2,7
9,0,9
0,0,0
0,0,0
14,1,13
3,2,1
16,1,15
3,0,3
26,1,25
20,0,20
4,0,4
15,7,8
3,3,0
3,2,1
4,0,4
4,0,4
3,0,3
11,0,11
0,1,-1
7,0,7
2,0,2
7,1,6
7,7,0
7,2,5
2,3,-1
2,0,2
6,0,6
1,1,0
0,0,0
0,0,0
6,2,4
30,0,30
0,3,-3
1,0,1
51,0,51
6,0,6
2,0,2
0,6,-6
4,4,0
5,0,5
2,0,2
1,0,1
0,0,0
0,0,0
7,0,7
30,27,3
0,2,-2
1,0,1
0,0,0
0,0,0
0,0,0
25,9,16
2,1,1
15,19,-4
1,0,1
0,0,0
11,9,2
1,1,0
4,0,4
36,9,27
3,0,3
6,2,4
4,1,3
9,4,5
1,0,1
4,0,4
4,0,4
9,19,-10
2,0,2
3,2,1
0,0,0
9,0,9
3,0,3
6,0,6
17,5,12
7,5,2
0,0,0
6,0,6
1,2,-1
14,4,10
0,0,0
14,2,12
14,1,13
0,0,0
0,1,-1
8,0,8
25,4,21
3,1,2
4,0,4
0,0,0
4,0,4
0,0,0
10,0,10
0,9,-9
1,4,-3
0,0,0
10,2,8
1,0,1
0,0,0
0,0,0
0,0,0
2,5,-3
0,0,0
23,0,23
14,0,14
20,16,4
44,7,37
2,0,2
17,0,17
0,0,0
4,12,-8
5,1,4
8,0,8
1,4,-3
5,2,3
23,5,18
30,6,24
0,0,0
14,5,9
7,0,7
5,0,5
5,0,5
27,1,26
3,0,3
3,0,3
1,8,-7
5,8,-3
4,3,1
0,0,0
0,0,0
0,14,-14
1,0,1
1,1,0
6,0,6
12,2,10
19,13,6
0,0,0
0,1,-1
12,4,8
50,8,42
4,0,4
7,2,5
2,1,1
5,0,5
38,1,37
22,0,22
1,0,1
4,0,4
7,0,7
1,0,1
15,0,15
4,0,4
2,0,2
14,2,12
2,2,0
2,8,-6
4,0,4
3,0,3
7,7,0
1,3,-2
1,2,-1
21,0,21
4,2,2
3,1,2
0,0,0
2,2,0
3,0,3
12,2,10
4,0,4
14,0,14
1,0,1
5,0,5
3,0,3
2,0,2
6,6,0
1,0,1
4,0,4
0,0,0
0,0,0
2,0,2
28,0,28
0,0,0
14,0,14
0,0,0
3,0,3
2,0,2
0,0,0
8,4,4
3,8,-5
12,0,12
4,3,1
13,0,13
1,0,1
1,0,1
10,7,3
16,2,14
2,2,0
6,0,6
5,0,5
1,0,1
8,2,6
4,13,-9
1,0,1
19,0,19
11,2,9
4,1,3
19,10,9
27,1,26
0,0,0
14,3,11
0,0,0
2,0,2
0,0,0
5,0,5
11,0,11
14,11,3
3,0,3
18,14,4
1,4,-3
7,0,7
1,0,1
14,1,13
3,2,1
7,1,6
2,0,2
2,0,2
0,0,0
13,10,3
1,0,1
6,0,6
4,0,4
5,0,5
9,3,6
3,3,0
4,2,2
1,0,1
9,0,9
29,9,20
2,0,2
37,6,31
13,0,13
1,0,1
31,4,27
43,4,39
9,0,9
9,3,6
2,0,2
1,0,1
0,0,0
3,3,0
0,0,0
2,0,2
2,0,2
9,0,9
2,0,2
3,5,-2
1,1,0
3,0,3
10,1,9
1,1,0
2,2,0
3,1,2
1,2,-1
1,0,1
2,2,0
9,2,7
0,2,-2
7,4,3
9,0,9
3,1,2
15,1,14
5,0,5
3,1,2
10,0,10
1,0,1
35,18,17
4,14,-10
0,0,0
2,4,-2
2,0,2
1,0,1
1,0,1
3,0,3
2,0,2
0,0,0
1,0,1
2,0,2
12,2,10
6,1,5
2,1,1
25,7,18
37,37,0
44,0,44
1,2,-1
4,0,4
13,0,13
13,0,13
53,2,51
0,1,-1
1,0,1
20,11,9
1,0,1
13,1,12
1,0,1
5,0,5
1,0,1
0,0,0
24,0,24
6,3,3
6,3,3
14,0,14
17,0,17
7,5,2
6,0,6
1,0,1
10,0,10
1,1,0
3,0,3
1,0,1
54,0,54
11,1,10
2,0,2
0,0,0
4,3,1
1,1,0
1,5,-4
5,0,5
5,3,2
10,7,3
6,0,6
1,5,-4
0,9,-9
6,0,6
1,0,1
1,1,0
9,0,9
9,0,9
2,1,1
8,2,6
1,0,1
8,9,-1
2,2,0
0,5,-5
4,2,2
6,0,6
3,2,1
0,0,0
0,0,0
0,0,0
0,0,0
6,0,6
0,0,0
0,0,0
34,0,34
4,0,4
10,6,4
0,4,-4
2,1,1
24,7,17
8,1,7
3,0,3
9,2,7
50,24,26
8,1,7
15,1,14
6,3,3
2,0,2
6,0,6
2,0,2
7,2,5
11,0,11
4,0,4
57,7,50
0,0,0
6,3,3
3,0,3
10,4,6
0,0,0
16,0,16
10,1,9
3,0,3
19,0,19
2,0,2
1,2,-1
1,1,0
0,0,0
7,2,5
12,2,10
0,0,0
3,1,2
2,0,2
18,12,6
62,0,62
54,1,53
3,0,3
5,0,5
3,0,3
9,3,6
2,0,2
12,6,6
10,0,10
3,0,3
1,0,1
13,3,10
0,0,0
24,5,19
2,0,2
11,0,11
5,7,-2
2,1,1
0,0,0
18,8,10
5,0,5
2,1,1
1,2,-1
2,0,2
0,1,-1
6,6,0
1,0,1
1,0,1
18,2,16
10,3,7
9,0,9
4,4,0
1,1,0
14,0,14
0,0,0
4,1,3
4,0,4
1,0,1
1,1,0
20,1,19
1,0,1
16,14,2
31,31,0
26,16,10
2,0,2
4,6,-2
14,4,10
0,0,0
5,0,5
5,0,5
3,1,2
3,0,3
0,12,-12
5,0,5
3,0,3
0,0,0
1,0,1
21,0,21
1,1,0
0,0,0
6,3,3
11,3,8
0,0,0
0,0,0
0,0,0
6,3,3
5,0,5
4,0,4
6,0,6
5,6,-1
4,5,-1
4,7,-3
5,0,5
1,0,1
0,0,0
0,0,0
2,2,0
15,2,13
0,0,0
7,5,2
0,0,0
2,0,2
9,0,9
0,0,0
4,0,4
9,1,8
33,16,17
0,0,0
2,1,1
0,0,0
0,1,-1
4,0,4
0,1,-1
4,0,4
3,0,3
1,0,1
0,0,0
0,0,0
1,0,1
2,0,2
34,15,19
5,0,5
30,0,30
3,2,1
0,0,0
4,0,4
3,0,3
5,18,-13
3,0,3
1,1,0
3,3,0
0,0,0
4,1,3
5,6,-1
7,0,7
0,0,0
1,0,1
2,0,2
25,0,25
6,3,3
4,3,1
5,0,5
0,1,-1
1,0,1
1,0,1
12,7,5
0,1,-1
26,3,23
1,0,1
14,5,9
1,11,-10
5,0,5
2,0,2
0,0,0
12,0,12
0,0,0
28,0,28
0,0,0
0,0,0
4,0,4
7,0,7
22,9,13
15,0,15
0,0,0
3,9,-6
3,3,0
3,0,3
0,2,-2
0,0,0
17,11,6
5,0,5
9,11,-2
3,0,3
0,1,-1
12,2,10
4,0,4
34,3,31
9,1,8
4,0,4
3,0,3
21,8,13
10,1,9
12,4,8
9,1,8
21,13,8
13,0,13
11,1,10
1,2,-1
0,0,0
17,0,17
14,9,5
5,4,1
0,0,0
11,2,9
7,5,2
41,27,14
5,2,3
0,0,0
24,5,19
0,0,0
6,5,1
5,6,-1
22,1,21
1,1,0
3,1,2
18,3,15
0,0,0
2,0,2
0,0,0
7,0,7
0,0,0
5,3,2
5,2,3
26,7,19
23,1,22
4,1,3
2,0,2
1,0,1
8,0,8
4,0,4
0,0,0
0,1,-1
1,1,0
1,0,1
8,0,8
0,0,0
5,0,5
1,2,-1
8,0,8
9,0,9
9,4,5
3,0,3
1,0,1
3,0,3
3,1,2
2,0,2
0,0,0
4,0,4
0,0,0
6,0,6
0,0,0
1,2,-1
2,0,2
10,0,10
9,1,8
2,0,2
6,0,6
10,3,7
1,5,-4
26,2,24
1,0,1
24,1,23
0,0,0
7,2,5
7,4,3
5,0,5
16,6,10
20,5,15
5,4,1
28,10,18
11,1,10
31,1,30
1,0,1
0,0,0
4,0,4
12,0,12
0,8,-8
0,0,0
2,0,2
11,0,11
1,0,1
3,0,3
2,2,0
0,0,0
0,0,0
1,0,1
0,1,-1
4,2,2
5,1,4
0,0,0
3,0,3
2,3,-1
0,0,0
4,1,3
1,1,0
19,2,17
2,0,2
9,4,5
0,0,0
0,1,-1
16,0,16
0,0,0
1,0,1
2,4,-2
16,0,16
9,9,0
0,0,0
2,0,2
0,0,0
0,1,-1
0,0,0
5,0,5
9,6,3
8,0,8
0,0,0
18,7,11
24,1,23
2,0,2
12,2,10
9,1,8
6,10,-4
1,0,1
4,1,3
5,1,4
0,2,-2
4,0,4
0,0,0
14,0,14
4,12,-8
24,4,20
2,0,2
4,0,4
0,1,-1
31,2,29
2,24,-22
9,0,9
4,0,4
1,0,1
0,0,0
20,1,19
0,0,0
12,0,12
2,1,1
7,11,-4
0,0,0
0,0,0
4,0,4
2,1,1
11,0,11
3,1,2
2,0,2
1,0,1
2,0,2
0,0,0
10,0,10
0,0,0
0,9,-9
7,0,7
2,0,2
9,3,6
0,6,-6
3,1,2
30,0,30
3,0,3
1,6,-5
2,0,2
23,2,21
1,1,0
5,4,1
6,16,-10
18,0,18
2,0,2
3,0,3
0,0,0
3,0,3
7,2,5
0,0,0
2,1,1
2,0,2
4,3,1
3,7,-4
3,7,-4
0,0,0
14,2,12
1,0,1
0,0,0
46,0,46
3,0,3
11,0,11
8,1,7
0,0,0
1,2,-1
0,6,-6
2,0,2
0,0,0
8,1,7
3,3,0
1,1,0
11,10,1
6,0,6
1,0,1
0,0,0
6,5,1
25,0,25
1,0,1
1,0,1
0,3,-3
1,0,1
5,2,3
0,0,0
21,1,20
5,5,0
0,0,0
0,0,0
4,1,3
7,0,7
2,0,2
10,3,7
33,2,31
0,0,0
2,3,-1
4,0,4
1,0,1
7,0,7
0,0,0
0,0,0
2,6,-4
3,11,-8
0,0,0
28,0,28
0,0,0
2,1,1
7,1,6
0,0,0
0,0,0
6,1,5
0,0,0
7,0,7
0,1,-1
5,0,5
1,2,-1
7,0,7
4,3,1
0,0,0
7,3,4
1,0,1
0,0,0
5,0,5
0,0,0
2,0,2
5,5,0
0,0,0
0,0,0
2,0,2
3,6,-3
6,6,0
10,0,10
3,0,3
2,1,1
1,1,0
0,0,0
5,0,5
3,2,1
8,2,6
5,0,5
0,0,0
0,0,0
0,7,-7
12,4,8
18,6,12
2,0,2
2,0,2
2,0,2
41,14,27
12,0,12
1,0,1
1,0,1
1,1,0
4,0,4
0,0,0
41,0,41
2,1,1
0,0,0
5,3,2
3,4,-1
0,0,0
7,7,0
12,0,12
0,3,-3
3,0,3
18,14,4
6,0,6
0,0,0
1,0,1
0,0,0
0,0,0
1,0,1
3,1,2
2,1,1
25,5,20
20,0,20
0,0,0
9,3,6
1,2,-1
0,0,0
2,2,0
0,0,0
18,0,18
9,2,7
6,1,5
16,1,15
3,0,3
8,5,3
35,2,33
2,1,1
6,1,5
2,2,0
0,0,0
1,2,-1
9,0,9
11,3,8
7,2,5
0,0,0
8,0,8
3,1,2
3,0,3
18,3,15
4,0,4
7,2,5
1,0,1
0,0,0
9,1,8
1,0,1
5,1,4
0,0,0
1,1,0
11,0,11
3,8,-5
8,0,8
3,0,3
1,0,1
1,0,1
6,0,6
2,2,0
7,0,7
0,0,0
0,0,0
0,0,0
0,0,0
5,3,2
27,1,26
1,0,1
1,0,1
14,7,7
11,2,9
45,4,41
0,2,-2
0,0,0
1,1,0
12,0,12
1,1,0
1,0,1
0,0,0
1,0,1
0,0,0
0,0,0
0,0,0
12,0,12
5,0,5
12,0,12
0,0,0
11,0,11
3,3,0
27,6,21
4,0,4
12,0,12
0,1,-1
6,4,2
24,11,13
2,3,-1
0,0,0
22,1,21
1,0,1
9,0,9
0,0,0
4,0,4
22,11,11
0,2,-2
14,5,9
11,0,11
3,0,3
6,7,-1
12,1,11
0,0,0
18,0,18
5,0,5
3,1,2
2,1,1
3,0,3
0,0,0
2,9,-7
0,0,0
3,0,3
2,4,-2
19,0,19
20,8,12
0,0,0
10,3,7
9,0,9
15,14,1
2,4,-2
9,1,8
0,0,0
16,5,11
13,2,11
24,0,24
0,0,0
6,1,5
2,2,0
3,15,-12
2,1,1
0,0,0
3,0,3
0,0,0
1,0,1
0,0,0
9,0,9
53,0,53
4,0,4
9,0,9
6,0,6
0,1,-1
0,1,-1
1,1,0
2,7,-5
5,0,5
10,1,9
17,0,17
4,0,4
16,8,8
4,4,0
1,1,0
3,0,3
0,0,0
58,6,52
3,0,3
0,0,0
1,0,1
0,0,0
0,0,0
4,0,4
1,1,0
1,0,1
0,1,-1
0,0,0
8,0,8
0,0,0
1,0,1
5,6,-1
3,0,3
23,8,15
2,0,2
1,0,1
0,0,0
2,0,2
10,0,10
1,0,1
11,3,8
3,0,3
13,4,9
1,0,1
11,4,7
1,0,1
1,0,1
11,1,10
0,0,0
2,1,1
2,0,2
7,0,7
2,0,2
13,0,13
15,2,13
15,5,10
21,4,17
1,3,-2
0,0,0
6,0,6
2,1,1
0,0,0
4,0,4
2,0,2
11,0,11
4,2,2
14,0,14
12,0,12
0,4,-4
0,0,0
0,0,0
22,12,10
33,0,33
4,0,4
8,4,4
2,0,2
2,0,2
9,0,9
1,5,-4
0,0,0
0,1,-1
10,1,9
5,5,0
1,0,1
2,3,-1
2,0,2
5,0,5
0,1,-1
13,6,7
1,7,-6
20,5,15
15,0,15
10,2,8
10,0,10
1,0,1
0,0,0
0,0,0
0,1,-1
4,0,4
2,0,2
10,0,10
0,0,0
3,8,-5
4,0,4
0,0,0
0,0,0
2,2,0
3,2,1
20,3,17
0,3,-3
5,0,5
6,0,6
11,0,11
0,0,0
0,0,0
2,3,-1
0,0,0
39,17,22
12,3,9
26,0,26
2,0,2
33,5,28
0,0,0
1,0,1
4,6,-2
1,0,1
3,1,2
0,1,-1
6,10,-4
2,0,2
10,10,0
0,0,0
4,0,4
17,12,5
8,0,8
3,0,3
5,0,5
0,0,0
4,2,2
7,8,-1
8,0,8
10,0,10
1,1,0
0,0,0
8,0,8
12,1,11
13,7,6
1,0,1
19,1,18
8,0,8
6,0,6
13,0,13
0,0,0
5,5,0
2,0,2
3,0,3
0,3,-3
0,0,0
5,7,-2
4,0,4
2,0,2
9,1,8
1,0,1
8,4,4
3,0,3
5,1,4
7,0,7
4,2,2
0,0,0
27,4,23
0,0,0
0,0,0
13,1,12
1,0,1
4,0,4
6,0,6
0,0,0
7,1,6
1,0,1
14,9,5
3,0,3
0,3,-3
0,0,0
4,0,4
3,0,3
3,9,-6
0,0,0
52,0,52
4,0,4
63,22,41
2,0,2
9,0,9
21,0,21
2,16,-14
3,1,2
48,4,44
4,0,4
0,0,0
15,0,15
10,1,9
16,4,12
11,6,5
1,0,1
13,0,13
28,0,28
23,7,16
2,2,0
0,0,0
0,0,0
11,1,10
13,9,4
10,1,9
21,16,5
11,2,9
6,4,2
1,0,1
10,0,10
3,0,3
28,0,28
19,5,14
6,0,6
7,0,7
1,3,-2
1,0,1
9,5,4
1,0,1
1,2,-1
8,1,7
0,0,0
7,1,6
8,0,8
0,0,0
1,0,1
5,2,3
5,7,-2
1,3,-2
37,2,35
0,0,0
1,0,1
0,2,-2
7,9,-2
1,1,0
11,2,9
8,2,6
1,0,1
2,0,2
10,5,5
7,1,6
6,5,1
33,11,22
3,1,2
5,8,-3
23,0,23
0,0,0
3,2,1
0,4,-4
4,1,3
3,1,2
0,1,-1
0,0,0
33,3,30
10,1,9
1,0,1
1,0,1
0,3,-3
4,0,4
0,0,0
7,5,2
0,0,0
1,0,1
1,12,-11
8,0,8
5,0,5
3,4,-1
7,16,-9
2,1,1
36,0,36
62,6,56
3,0,3
13,0,13
10,0,10
0,0,0
0,0,0
50,2,48
14,2,12
17,2,15
2,0,2
2,0,2
3,0,3
2,1,1
28,0,28
3,5,-2
2,0,2
5,0,5
0,1,-1
0,0,0
6,0,6
2,0,2
1,0,1
14,1,13
2,1,1
2,0,2
0,1,-1
0,0,0
5,3,2
0,0,0
2,0,2
19,4,15
1,0,1
19,3,16
6,0,6
4,0,4
7,0,7
3,9,-6
6,0,6
22,8,14
7,6,1
1,0,1
12,7,5
15,2,13
30,4,26
9,4,5
11,1,10
4,1,3
7,13,-6
7,7,0
0,0,0
1,0,1
0,2,-2
0,0,0
11,1,10
1,0,1
0,2,-2
0,3,-3
2,0,2
0,0,0
2,1,1
1,0,1
9,1,8
3,5,-2
0,2,-2
2,1,1
2,0,2
19,7,12
1,0,1
10,7,3
5,6,-1
5,0,5
3,0,3
0,0,0
14,2,12
0,0,0
22,0,22
9,0,9
17,12,5
7,11,-4
5,5,0
23,0,23
55,3,52
17,0,17
8,1,7
1,3,-2
14,0,14
3,0,3
12,0,12
0,0,0
9,7,2
0,3,-3
11,0,11
31,9,22
34,34,0
2,0,2
1,2,-1
2,1,1
5,3,2
9,0,9
12,12,0
2,0,2
9,0,9
3,0,3
2,3,-1
0,0,0
7,0,7
2,2,0
0,0,0
3,0,3
5,0,5
6,1,5
2,0,2
34,0,34
16,0,16
12,12,0
2,0,2
20,2,18
5,0,5
2,1,1
6,4,2
12,4,8
1,2,-1
0,0,0
5,0,5
2,0,2
5,1,4
2,1,1
2,0,2
0,0,0
12,5,7
1,0,1
6,0,6
15,0,15
3,0,3
0,0,0
6,0,6
6,6,0
11,5,6
35,5,30
6,2,4
12,7,5
0,0,0
5,5,0
0,0,0
21,2,19
4,3,1
4,3,1
6,0,6
21,2,19
3,1,2
0,0,0
15,0,15
1,0,1
15,0,15
1,0,1
2,1,1
11,3,8
0,0,0
5,4,1
10,0,10
12,0,12
9,0,9
0,0,0
2,0,2
1,0,1
8,0,8
2,3,-1
21,4,17
1,0,1
1,1,0
3,0,3
19,0,19
3,0,3
0,0,0
35,0,35
7,0,7
0,1,-1
0,2,-2
8,5,3
0,0,0
3,2,1
3,0,3
0,0,0
11,1,10
3,0,3
2,0,2
1,0,1
8,9,-1
5,0,5
0,0,0
0,0,0
13,0,13
1,0,1
4,0,4
10,0,10
14,15,-1
2,0,2
3,11,-8
20,6,14
3,4,-1
2,0,2
3,0,3
4,2,2
1,0,1
1,0,1
1,0,1
0,0,0
3,1,2
1,0,1
2,0,2
7,0,7
44,0,44
3,1,2
0,0,0
7,4,3
4,7,-3
6,3,3
0,0,0
6,0,6
0,0,0
31,10,21
13,6,7
0,1,-1
0,3,-3
69,4,65
6,0,6
0,0,0
0,0,0
5,0,5
1,0,1
12,2,10
2,4,-2
5,1,4
4,6,-2
1,1,0
38,0,38
6,2,4
2,0,2
13,5,8
4,5,-1
6,3,3
14,1,13
0,0,0
19,0,19
1,0,1
1,0,1
1,5,-4
5,6,-1
0,0,0
3,5,-2
3,0,3
0,0,0
4,1,3
4,3,1
6,0,6
3,0,3
6,0,6
0,0,0
0,0,0
1,0,1
2,20,-18
1,1,0
1,0,1
3,3,0
0,0,0
32,6,26
0,0,0
3,2,1
1,0,1
2,0,2
3,0,3
7,0,7
16,1,15
4,0,4
0,0,0
1,0,1
1,3,-2
0,2,-2
6,0,6
13,1,12
1,2,-1
7,0,7
10,0,10
6,5,1
9,0,9
1,1,0
10,11,-1
4,0,4
5,0,5
3,0,3
1,5,-4
0,0,0
32,9,23
4,0,4
6,2,4
30,4,26
10,0,10
1,1,0
14,1,13
10,8,2
10,10,0
0,0,0
8,0,8
8,8,0
6,6,0
60,6,54
17,1,16
18,0,18
1,3,-2
7,0,7
1,0,1
12,1,11
7,1,6
7,0,7
26,9,17
0,1,-1
0,0,0
5,7,-2
8,8,0
3,3,0
0,0,0
12,2,10
28,0,28
6,0,6
16,4,12
4,1,3
4,0,4
2,1,1
1,7,-6
9,0,9
0,0,0
5,6,-1
4,5,-1
7,0,7
5,0,5
12,2,10
13,13,0
0,0,0
0,1,-1
11,5,6
16,5,11
6,1,5
2,0,2
12,6,6
18,0,18
6,0,6
2,1,1
4,0,4
3,0,3
29,1,28
3,0,3
11,5,6
0,0,0
0,0,0
2,0,2
0,1,-1
8,7,1
5,0,5
14,0,14
3,1,2
3,9,-6
1,0,1
1,1,0
5,9,-4
44,2,42
6,1,5
13,19,-6
21,0,21
0,0,0
11,1,10
0,0,0
0,0,0
9,5,4
0,0,0
3,0,3
0,0,0
0,2,-2
6,3,3
6,0,6
5,5,0
0,0,0
0,0,0
7,2,5
16,0,16
0,0,0
9,8,1
3,5,-2
18,8,10
42,0,42
35,10,25
0,0,0
0,0,0
0,0,0
0,0,0
6,4,2
1,1,0
3,6,-3
1,0,1
15,0,15
15,0,15
1,3,-2
7,0,7
3,0,3
3,1,2
6,2,4
19,11,8
1,0,1
10,1,9
0,0,0
11,1,10
17,1,16
17,8,9
3,1,2
9,7,2
0,0,0
1,0,1
4,0,4
0,0,0
7,4,3
2,4,-2
18,4,14
3,1,2
0,12,-12
2,0,2
5,0,5
29,1,28
10,1,9
8,9,-1
16,7,9
12,1,11
0,1,-1
21,13,8
2,0,2
9,0,9
1,3,-2
11,0,11
0,0,0
4,3,1
14,1,13
1,0,1
0,0,0
14,0,14
6,0,6
7,0,7
6,0,6
0,0,0
1,0,1
2,6,-4
9,6,3
22,10,12
1,0,1
29,0,29
5,0,5
22,0,22
18,0,18
13,5,8
0,0,0
8,1,7
75,5,70
2,6,-4
0,0,0
3,0,3
11,2,9
9,4,5
3,0,3
0,0,0
22,0,22
19,1,18
6,3,3
0,1,-1
10,4,6
7,0,7
1,0,1
9,1,8
13,2,11
5,5,0
2,3,-1
21,8,13
9,0,9
1,3,-2
0,0,0
1,6,-5
2,5,-3
6,2,4
10,1,9
27,1,26
1,0,1
1,2,-1
16,0,16
4,4,0
11,0,11
1,0,1
5,0,5
15,1,14
1,4,-3
0,0,0
1,0,1
7,2,5
0,0,0
1,7,-6
0,1,-1
1,0,1
0,0,0
6,1,5
0,0,0
5,1,4
2,0,2
3,3,0
1,1,0
2,0,2
2,6,-4
2,5,-3
4,1,3
3,1,2
0,0,0
0,0,0
9,1,8
4,0,4
3,2,1
32,0,32
3,2,1
9,1,8
2,1,1
11,5,6
13,1,12
7,0,7
8,0,8
5,0,5
8,6,2
6,0,6
1,0,1
3,5,-2
0,3,-3
10,2,8
0,0,0
2,9,-7
5,2,3
6,0,6
11,2,9
6,2,4
2,0,2
6,6,0
0,0,0
2,1,1
2,2,0
13,0,13
0,3,-3
4,0,4
18,0,18
16,4,12
1,3,-2
7,0,7
8,0,8
2,3,-1
0,0,0
9,0,9
0,0,0
0,0,0
0,0,0
0,0,0
1,2,-1
4,0,4
2,0,2
3,0,3
14,1,13
4,1,3
21,5,16
8,37,-29
38,0,38
6,0,6
25,2,23
27,1,26
17,3,14
9,0,9
1,2,-1
1,7,-6
1,0,1
0,1,-1
1,2,-1
38,9,29
3,0,3
4,2,2
33,0,33
36,0,36
0,0,0
0,0,0
0,0,0
1,7,-6
0,9,-9
8,0,8
0,0,0
5,0,5
3,0,3
3,0,3
9,1,8
0,0,0
13,0,13
3,1,2
2,0,2
1,2,-1
7,3,4
0,0,0
10,3,7
0,0,0
23,17,6
0,0,0
6,5,1
19,9,10
35,15,20
7,1,6
14,1,13
2,4,-2
0,0,0
10,0,10
4,1,3
1,1,0
1,0,1
0,1,-1
67,10,57
1,0,1
0,0,0
0,1,-1
3,3,0
3,0,3
2,0,2
0,0,0
36,0,36
7,2,5
2,2,0
1,0,1
2,0,2
5,0,5
22,2,20
2,0,2
1,1,0
3,0,3
5,1,4
3,0,3
10,3,7
6,2,4
29,2,27
0,0,0
0,1,-1
0,0,0
5,0,5
0,0,0
2,2,0
14,4,10
0,0,0
1,1,0
14,0,14
2,0,2
45,0,45
0,0,0
5,0,5
5,6,-1
4,1,3
5,0,5
0,0,0
8,0,8
0,0,0
18,18,0
0,0,0
9,8,1
6,0,6
35,0,35
6,0,6
11,6,5
2,1,1
1,0,1
5,9,-4
3,0,3
6,0,6
5,0,5
2,2,0
9,0,9
1,0,1
17,1,16
3,3,0
12,0,12
0,0,0
0,0,0
3,0,3
13,8,5
9,5,4
2,3,-1
6,0,6
0,0,0
0,7,-7
26,11,15
9,0,9
7,0,7
3,1,2
3,0,3
12,1,11
5,5,0
13,0,13
15,0,15
2,0,2
6,0,6
7,0,7
20,31,-11
1,5,-4
6,0,6
1,2,-1
1,0,1
0,0,0
1,0,1
3,0,3
3,0,3
27,6,21
0,4,-4
0,2,-2
6,2,4
11,3,8
19,3,16
0,3,-3
13,8,5
6,0,6
14,0,14
13,0,13
1,0,1
0,0,0
2,0,2
1,0,1
2,0,2
1,4,-3
7,1,6
33,1,32
1,0,1
11,2,9
9,0,9
58,10,48
28,0,28
1,1,0
6,0,6
0,0,0
0,0,0
13,11,2
1,3,-2
0,4,-4
2,0,2
6,5,1
1,1,0
1,0,1
17,2,15
1,5,-4
3,0,3
1,0,1
2,0,2
2,0,2
23,4,19
14,1,13
10,1,9
14,6,8
6,0,6
5,11,-6
8,0,8
4,0,4
4,8,-4
2,4,-2
0,0,0
30,5,25
7,1,6
14,3,11
22,0,22
0,3,-3
9,4,5
0,0,0
0,8,-8
0,0,0
2,0,2
4,2,2
2,0,2
0,0,0
16,0,16
1,0,1
12,7,5
0,2,-2
0,0,0
3,0,3
10,0,10
2,0,2
4,0,4
5,0,5
3,9,-6
8,1,7
1,0,1
1,0,1
4,0,4
0,0,0
5,5,0
2,2,0
3,0,3
1,0,1
0,0,0
1,0,1
7,0,7
24,0,24
27,7,20
12,0,12
3,0,3
1,0,1
7,14,-7
11,0,11
8,0,8
20,7,13
7,5,2
7,5,2
2,0,2
0,7,-7
26,0,26
3,0,3
6,0,6
3,2,1
2,2,0
0,0,0
1,0,1
6,8,-2
3,0,3
5,5,0
4,3,1
0,0,0
4,3,1
11,0,11
3,5,-2
0,0,0
27,1,26
16,0,16
0,0,0
17,1,16
10,4,6
0,0,0
1,0,1
2,0,2
16,0,16
10,1,9
0,0,0
6,0,6
6,0,6
1,3,-2
9,0,9
3,8,-5
1,0,1
2,5,-3
0,0,0
17,12,5
8,12,-4
16,0,16
2,0,2
7,0,7
0,0,0
8,0,8
2,0,2
8,13,-5
0,1,-1
26,0,26
0,0,0
8,13,-5
0,0,0
1,1,0
1,0,1
2,0,2
4,0,4
3,0,3
0,0,0
11,0,11
0,0,0
6,12,-6
21,1,20
0,1,-1
3,4,-1
3,0,3
3,5,-2
9,0,9
22,10,12
0,0,0
2,0,2
18,6,12
1,0,1
1,0,1
1,1,0
0,0,0
1,12,-11
3,0,3
0,0,0
0,1,-1
13,0,13
2,2,0
0,1,-1
5,0,5
1,1,0
25,0,25
11,1,10
0,0,0
8,2,6
0,0,0
4,0,4
13,0,13
5,0,5
2,0,2
40,1,39
0,0,0
2,1,1
0,0,0
15,0,15
2,2,0
7,0,7
3,0,3
21,0,21
2,0,2
10,0,10
9,2,7
0,0,0
6,2,4
2,0,2
11,1,10
5,0,5
11,1,10
13,0,13
16,2,14
9,0,9
0,0,0
0,0,0
0,17,-17
0,0,0
0,1,-1
0,0,0
2,0,2
15,8,7
2,0,2
0,28,-28
20,0,20
0,0,0
15,0,15
13,0,13
0,0,0
2,0,2
3,0,3
8,7,1
30,6,24
9,1,8
1,1,0
3,1,2
0,0,0
12,4,8
0,0,0
7,9,-2
23,6,17
5,0,5
1,3,-2
0,0,0
1,0,1
10,0,10
6,0,6
10,0,10
0,2,-2
5,0,5
0,1,-1
2,0,2
8,0,8
2,0,2
1,0,1
1,1,0
2,0,2
9,0,9
4,0,4
1,0,1
0,0,0
24,5,19
0,0,0
8,2,6
3,2,1
3,0,3
15,1,14
19,11,8
0,0,0
15,8,7
0,0,0
24,1,23
0,0,0
3,6,-3
10,2,8
0,2,-2
0,0,0
14,0,14
2,0,2
13,0,13
4,3,1
1,0,1
10,3,7
17,0,17
5,0,5
4,3,1
1,0,1
2,1,1
1,1,0
26,16,10
42,1,41
14,6,8
11,3,8
4,5,-1
13,2,11
26,3,23
2,1,1
12,8,4
10,1,9
0,1,-1
8,0,8
6,9,-3
0,1,-1
1,0,1
4,0,4
13,0,13
0,0,0
1,1,0
1,0,1
13,0,13
17,27,-10
1,2,-1
0,0,0
2,0,2
0,14,-14
1,0,1
1,0,1
6,0,6
0,0,0
25,4,21
4,0,4
1,0,1
0,0,0
2,0,2
1,0,1
0,0,0
5,0,5
1,0,1
6,4,2
0,0,0
0,0,0
2,1,1
0,0,0
4,0,4
9,6,3
5,14,-9
15,2,13
20,4,16
1,0,1
12,0,12
0,0,0
0,0,0
0,0,0
5,0,5
10,9,1
0,0,0
16,5,11
0,0,0
6,9,-3
1,0,1
6,0,6
20,16,4
2,0,2
3,3,0
4,2,2
0,1,-1
7,0,7
0,1,-1
10,2,8
1,0,1
0,0,0
9,0,9
9,5,4
20,0,20
4,0,4
0,0,0
5,0,5
8,0,8
12,0,12
0,3,-3
1,0,1
1,1,0
0,1,-1
0,0,0
0,1,-1
13,1,12
9,0,9
1,0,1
0,0,0
16,1,15
4,1,3
0,0,0
1,1,0
0,1,-1
5,6,-1
3,0,3
16,6,10
19,5,14
0,0,0
11,1,10
13,1,12
1,1,0
4,4,0
10,1,9
0,1,-1
17,5,12
9,1,8
5,0,5
10,1,9
2,4,-2
4,0,4
1,0,1
7,3,4
8,1,7
10,0,10
9,6,3
0,0,0
45,17,28
0,0,0
2,0,2
0,0,0
1,0,1
19,10,9
4,15,-11
2,0,2
0,1,-1
0,0,0
0,1,-1
9,9,0
3,1,2
4,2,2
31,18,13
13,0,13
5,0,5
0,0,0
9,11,-2
3,1,2
0,0,0
4,0,4
9,10,-1
0,0,0
7,5,2
6,1,5
0,1,-1
3,1,2
0,0,0
4,5,-1
4,0,4
2,2,0
5,0,5
2,1,1
1,1,0
2,0,2
0,1,-1
41,0,41
3,0,3
2,0,2
1,0,1
0,1,-1
3,0,3
1,0,1
0,1,-1
0,0,0
7,1,6
2,0,2
0,0,0
1,0,1
10,1,9
9,6,3
0,0,0
1,0,1
1,0,1
6,0,6
14,0,14
4,2,2
0,1,-1
9,0,9
14,0,14
0,5,-5
16,1,15
1,0,1
9,1,8
14,0,14
1,0,1
14,1,13
5,4,1
13,10,3
5,2,3
7,0,7
19,2,17
0,2,-2
0,0,0
28,11,17
0,0,0
19,9,10
3,0,3
21,16,5
2,1,1
2,0,2
7,3,4
0,1,-1
11,3,8
1,1,0
0,0,0
15,5,10
4,7,-3
4,0,4
40,0,40
12,0,12
0,0,0
0,0,0
1,7,-6
4,1,3
4,1,3
31,3,28
1,0,1
6,1,5
1,0,1
11,0,11
2,1,1
8,5,3
13,0,13
21,12,9
1,0,1
8,9,-1
6,3,3
1,0,1
1,0,1
4,1,3
14,1,13
1,0,1
0,0,0
10,10,0
15,2,13
1,0,1
6,8,-2
5,0,5
15,0,15
10,0,10
0,0,0
1,1,0
12,2,10
1,0,1
17,4,13
1,2,-1
0,1,-1
4,6,-2
7,2,5
0,0,0
1,0,1
32,1,31
5,3,2
2,0,2
4,0,4
4,0,4
0,0,0
0,3,-3
2,0,2
5,2,3
15,1,14
0,14,-14
9,0,9
10,0,10
1,1,0
7,0,7
9,1,8
0,0,0
1,0,1
1,0,1
0,0,0
8,6,2
1,13,-12
5,0,5
2,1,1
4,1,3
5,9,-4
0,0,0
2,1,1
4,1,3
16,7,9
0,0,0
2,1,1
5,1,4
2,0,2
5,5,0
1,0,1
3,0,3
0,0,0
11,0,11
31,5,26
1,0,1
9,12,-3
0,0,0
5,0,5
0,0,0
5,1,4
5,0,5
0,0,0
1,0,1
0,0,0
7,0,7
12,3,9
13,1,12
4,2,2
8,6,2
5,0,5
4,0,4
2,0,2
0,0,0
0,0,0
3,0,3
8,13,-5
3,3,0
5,5,0
12,0,12
1,0,1
9,0,9
0,0,0
0,0,0
6,0,6
4,1,3
4,3,1
3,0,3
3,0,3
3,0,3
9,3,6
2,0,2
3,0,3
5,8,-3
1,4,-3
1,0,1
5,1,4
4,0,4
20,0,20
5,1,4
16,15,1
8,9,-1
14,0,14
10,5,5
28,1,27
10,1,9
3,3,0
0,0,0
3,3,0
31,1,30
0,0,0
7,0,7
4,1,3
2,0,2
35,0,35
1,5,-4
2,0,2
3,0,3
22,0,22
5,2,3
0,0,0
6,0,6
12,8,4
0,0,0
1,0,1
2,0,2
44,1,43
0,5,-5
0,0,0
8,1,7
2,0,2
45,3,42
5,0,5
1,11,-10
6,4,2
6,0,6
0,0,0
12,0,12
1,0,1
0,1,-1
0,0,0
13,4,9
2,0,2
3,1,2
0,0,0
4,1,3
0,0,0
1,1,0
7,3,4
2,0,2
1,2,-1
13,0,13
0,0,0
0,0,0
28,14,14
25,1,24
7,2,5
12,6,6
10,12,-2
2,1,1
8,0,8
3,0,3
7,0,7
2,0,2
7,2,5
2,2,0
11,8,3
3,1,2
1,1,0
8,0,8
15,0,15
1,3,-2
6,5,1
2,3,-1
0,0,0
0,0,0
0,1,-1
2,0,2
1,0,1
2,0,2
7,4,3
2,0,2
31,0,31
9,7,2
0,0,0
0,3,-3
12,6,6
7,0,7
6,0,6
0,0,0
38,14,24
6,0,6
37,1,36
5,0,5
0,0,0
49,0,49
12,0,12
20,0,20
7,0,7
0,0,0
14,6,8
2,5,-3
4,1,3
3,0,3
0,0,0
9,0,9
2,1,1
5,0,5
2,0,2
7,4,3
2,0,2
2,0,2
4,2,2
1,0,1
0,0,0
0,0,0
0,1,-1
9,6,3
29,4,25
0,0,0
6,0,6
10,0,10
0,0,0
2,0,2
39,17,22
2,2,0
1,0,1
9,8,1
4,11,-7
3,0,3
5,0,5
3,0,3
0,0,0
1,0,1
2,0,2
2,0,2
4,0,4
0,0,0
7,0,7
1,0,1
8,0,8
4,2,2
2,1,1
0,2,-2
1,0,1
0,0,0
9,2,7
2,2,0
1,0,1
20,0,20
3,0,3
7,0,7
2,0,2
10,3,7
20,0,20
8,2,6
1,1,0
2,2,0
0,0,0
7,0,7
1,0,1
1,4,-3
5,6,-1
5,2,3
14,3,11
5,0,5
7,5,2
7,0,7
3,1,2
2,0,2
5,7,-2
11,0,11
2,0,2
25,0,25
3,9,-6
5,0,5
11,0,11
17,17,0
0,4,-4
2,0,2
0,0,0
9,0,9
2,1,1
12,0,12
2,1,1
1,1,0
0,0,0
0,13,-13
24,0,24
1,0,1
5,0,5
12,8,4
0,0,0
29,29,0
3,0,3
8,2,6
0,0,0
15,3,12
16,0,16
0,0,0
3,0,3
2,0,2
9,7,2
0,0,0
13,15,-2
12,0,12
1,0,1
3,0,3
4,1,3
0,0,0
1,0,1
2,0,2
25,3,22
8,0,8
6,0,6
8,0,8
0,0,0
12,0,12
11,0,11
6,0,6
4,1,3
14,2,12
16,1,15
19,0,19
19,2,17
0,0,0
3,4,-1
4,4,0
33,1,32
0,0,0
0,0,0
8,2,6
5,1,4
0,3,-3
20,9,11
9,1,8
2,4,-2
5,1,4
3,1,2
11,7,4
0,0,0
25,1,24
10,0,10
7,5,2
0,1,-1
0,1,-1
2,0,2
0,2,-2
1,0,1
3,1,2
5,0,5
4,0,4
0,10,-10
4,3,1
18,5,13
3,3,0
44,2,42
3,2,1
0,0,0
0,0,0
0,0,0
5,0,5
1,0,1
0,0,0
17,0,17
4,11,-7
3,6,-3
3,7,-4
3,0,3
3,0,3
3,3,0
11,4,7
1,0,1
5,4,1
4,0,4
35,4,31
0,2,-2
15,0,15
22,3,19
2,1,1
4,2,2
1,0,1
2,0,2
10,1,9
0,0,0
1,0,1
0,0,0
4,3,1
3,0,3
5,0,5
4,0,4
1,0,1
0,2,-2
14,1,13
0,0,0
0,0,0
0,0,0
0,0,0
1,4,-3
5,0,5
1,0,1
49,1,48
19,1,18
78,27,51
1,0,1
0,0,0
4,1,3
7,1,6
15,14,1
11,0,11
17,19,-2
5,2,3
5,0,5
19,3,16
3,3,0
0,4,-4
0,0,0
1,0,1
1,0,1
4,11,-7
25,0,25
0,0,0
0,0,0
0,1,-1
0,0,0
0,0,0
16,5,11
0,0,0
12,4,8
26,0,26
47,3,44
7,0,7
5,0,5
10,0,10
3,0,3
2,0,2
6,1,5
1,0,1
2,0,2
3,0,3
0,0,0
3,0,3
15,5,10
4,6,-2
16,9,7
3,1,2
48,0,48
8,10,-2
7,2,5
3,2,1
6,3,3
1,5,-4
2,0,2
14,6,8
8,4,4
0,0,0
0,0,0
0,3,-3
1,2,-1
40,2,38
24,0,24
7,0,7
0,0,0
0,0,0
1,0,1
18,3,15
8,0,8
3,0,3
9,5,4
1,0,1
2,2,0
11,0,11
2,4,-2
1,4,-3
1,2,-1
3,0,3
3,3,0
33,0,33
12,0,12
2,0,2
9,5,4
2,1,1
2,0,2
17,9,8
2,0,2
5,2,3
1,1,0
1,1,0
4,0,4
3,0,3
4,0,4
12,1,11
0,0,0
1,0,1
0,0,0
57,2,55
47,3,44
51,10,41
0,0,0
4,0,4
6,2,4
1,0,1
7,2,5
0,4,-4
16,2,14
2,1,1
3,2,1
13,2,11
5,7,-2
10,9,1
1,0,1
3,0,3
4,2,2
0,4,-4
12,2,10
0,0,0
3,1,2
5,1,4
2,0,2
15,1,14
6,9,-3
2,0,2
15,0,15
0,0,0
6,1,5
5,0,5
5,3,2
1,0,1
5,6,-1
6,0,6
19,0,19
2,1,1
0,0,0
1,1,0
4,1,3
4,0,4
8,8,0
13,2,11
0,0,0
2,1,1
14,14,0
9,1,8
0,0,0
1,1,0
4,1,3
1,2,-1
7,0,7
7,0,7
3,0,3
6,0,6
1,1,0
12,6,6
5,0,5
4,0,4
0,0,0
0,0,0
2,3,-1
3,1,2
15,6,9
1,0,1
1,0,1
10,0,10
0,0,0
21,19,2
2,0,2
4,1,3
0,0,0
13,13,0
5,3,2
6,0,6
0,0,0
7,3,4
3,11,-8
8,2,6
7,1,6
16,7,9
28,1,27
22,1,21
4,0,4
4,0,4
4,5,-1
3,1,2
16,0,16
10,4,6
0,0,0
8,2,6
5,0,5
9,9,0
4,5,-1
1,0,1
0,0,0
3,9,-6
12,1,11
7,0,7
3,0,3
23,12,11
4,0,4
3,1,2
1,4,-3
0,2,-2
9,9,0
14,0,14
0,0,0
23,0,23
13,4,9
2,6,-4
17,1,16
4,4,0
9,0,9
2,0,2
3,0,3
0,0,0
3,0,3
20,3,17
3,3,0
14,6,8
0,0,0
0,0,0
12,3,9
8,3,5
54,12,42
2,0,2
5,2,3
6,2,4
1,0,1
0,0,0
12,1,11
26,0,26
3,0,3
10,9,1
2,3,-1
10,0,10
3,13,-10
11,5,6
8,3,5
1,0,1
0,5,-5
0,0,0
1,0,1
0,0,0
5,0,5
1,0,1
8,2,6
5,0,5
1,0,1
1,0,1
3,1,2
6,16,-10
9,3,6
7,0,7
3,0,3
3,0,3
6,0,6
1,0,1
4,7,-3
11,0,11
8,5,3
5,4,1
0,0,0
3,0,3
59,0,59
11,1,10
13,1,12
14,0,14
4,0,4
13,1,12
0,0,0
10,0,10
0,0,0
11,4,7
4,3,1
5,3,2
1,0,1
4,0,4
11,0,11
0,0,0
0,1,-1
9,0,9
12,2,10
3,1,2
4,8,-4
0,0,0
0,0,0
42,3,39
3,0,3
5,0,5
2,0,2
0,2,-2
1,2,-1
14,1,13
2,0,2
1,1,0
2,1,1
3,0,3
10,0,10
7,0,7
71,4,67
28,1,27
0,0,0
8,0,8
1,0,1
6,1,5
3,2,1
6,0,6
8,8,0
0,0,0
3,1,2
5,1,4
0,1,-1
1,0,1
12,6,6
19,4,15
0,0,0
18,2,16
5,1,4
36,3,33
3,2,1
12,0,12
0,0,0
11,2,9
0,0,0
3,12,-9
22,1,21
0,0,0
0,0,0
14,5,9
4,4,0
23,0,23
2,0,2
7,4,3
3,0,3
6,5,1
21,1,20
1,0,1
9,6,3
3,1,2
1,0,1
13,0,13
2,1,1
4,7,-3
15,7,8
0,0,0
35,19,16
5,0,5
5,0,5
1,3,-2
17,1,16
0,0,0
1,0,1
34,0,34
1,9,-8
19,4,15
7,0,7
24,2,22
0,1,-1
8,1,7
2,0,2
0,0,0
8,8,0
12,4,8
13,2,11
23,0,23
1,0,1
11,0,11
2,0,2
39,8,31
8,0,8
3,14,-11
0,0,0
4,0,4
3,10,-7
0,0,0
5,0,5
7,7,0
5,1,4
0,2,-2
4,0,4
3,2,1
11,4,7
12,0,12
3,0,3
7,2,5
0,0,0
3,0,3
1,0,1
1,0,1
0,0,0
0,1,-1
2,1,1
2,0,2
30,3,27
0,0,0
5,3,2
4,3,1
2,0,2
6,0,6
5,10,-5
6,1,5
24,5,19
4,0,4
5,28,-23
2,0,2
2,2,0
27,0,27
2,14,-12
17,9,8
0,1,-1
1,5,-4
7,16,-9
3,6,-3
0,0,0
7,9,-2
0,0,0
24,1,23
0,0,0
0,0,0
2,2,0
0,0,0
0,0,0
2,0,2
1,0,1
0,0,0
1,0,1
14,0,14
9,0,9
6,0,6
0,0,0
0,1,-1
0,0,0
18,18,0
37,37,0
5,2,3
5,5,0
0,0,0
4,0,4
2,0,2
1,1,0
10,0,10
0,17,-17
9,0,9
11,8,3
3,0,3
20,5,15
7,2,5
6,0,6
2,0,2
0,0,0
1,0,1
26,2,24
21,0,21
2,0,2
8,0,8
0,0,0
3,2,1
12,6,6
0,0,0
6,1,5
6,0,6
10,0,10
0,0,0
3,5,-2
11,7,4
0,0,0
7,5,2
2,7,-5
28,8,20
4,0,4
1,5,-4
6,0,6
2,10,-8
4,0,4
0,0,0
1,0,1
0,0,0
1,1,0
19,6,13
0,0,0
0,0,0
2,3,-1
1,7,-6
0,0,0
0,0,0
1,1,0
17,4,13
0,1,-1
8,0,8
14,1,13
2,0,2
5,2,3
16,0,16
10,2,8
1,0,1
1,0,1
10,11,-1
7,0,7
22,0,22
2,0,2
12,0,12
25,1,24
0,1,-1
5,0,5
8,0,8
11,3,8
0,0,0
0,0,0
9,0,9
3,2,1
9,4,5
0,0,0
42,2,40
6,2,4
0,0,0
11,0,11
2,0,2
18,13,5
2,0,2
11,0,11
7,2,5
0,1,-1
8,0,8
5,4,1
0,0,0
14,0,14
1,0,1
8,10,-2
3,1,2
0,0,0
12,7,5
9,19,-10
2,2,0
10,1,9
7,1,6
5,1,4
3,0,3
2,0,2
12,0,12
2,0,2
0,0,0
1,0,1
3,0,3
2,1,1
6,0,6
1,0,1
0,7,-7
0,0,0
1,1,0
1,0,1
0,0,0
3,0,3
10,6,4
30,6,24
2,0,2
0,0,0
0,0,0
2,0,2
10,2,8
5,1,4
0,0,0
1,0,1
6,0,6
15,5,10
8,0,8
0,0,0
3,3,0
4,5,-1
2,0,2
16,2,14
1,0,1
0,1,-1
0,0,0
2,1,1
3,1,2
1,3,-2
9,2,7
15,8,7
6,18,-12
3,1,2
16,2,14
8,0,8
9,12,-3
9,1,8
0,0,0
3,0,3
1,0,1
7,13,-6
31,2,29
0,1,-1
3,0,3
15,0,15
1,0,1
9,0,9
14,0,14
6,1,5
1,3,-2
0,0,0
9,5,4
9,2,7
11,2,9
1,0,1
0,0,0
15,5,10
0,0,0
12,5,7
1,1,0
2,9,-7
1,0,1
3,0,3
12,1,11
1,0,1
24,9,15
0,0,0
2,1,1
1,3,-2
33,0,33
4,0,4
4,2,2
12,1,11
1,0,1
1,1,0
0,10,-10
2,2,0
1,0,1
10,5,5
10,3,7
2,0,2
14,1,13
7,0,7
6,1,5
0,0,0
1,0,1
5,0,5
0,0,0
15,0,15
17,3,14
7,0,7
0,1,-1
9,11,-2
0,0,0
7,0,7
6,2,4
8,5,3
5,4,1
0,0,0
0,0,0
0,0,0
2,0,2
4,0,4
2,10,-8
9,1,8
0,0,0
3,0,3
3,0,3
1,0,1
1,4,-3
1,0,1
4,0,4
0,0,0
8,1,7
1,0,1
4,0,4
12,1,11
0,0,0
2,0,2
0,0,0
0,0,0
4,3,1
24,0,24
0,0,0
8,1,7
5,1,4
0,0,0
14,14,0
2,0,2
0,0,0
3,1,2
1,0,1
5,0,5
1,4,-3
13,11,2
1,2,-1
6,0,6
16,0,16
4,0,4
4,2,2
1,0,1
2,2,0
4,3,1
1,0,1
1,0,1
0,1,-1
0,0,0
6,2,4
2,0,2
1,0,1
17,1,16
1,0,1
2,0,2
5,13,-8
16,0,16
5,0,5
1,15,-14
0,1,-1
6,6,0
4,4,0
8,1,7
0,0,0
42,0,42
0,0,0
0,1,-1
31,17,14
0,0,0
0,0,0
12,1,11
1,0,1
6,7,-1
10,0,10
8,1,7
8,2,6
34,0,34
0,0,0
13,6,7
11,0,11
1,0,1
10,2,8
3,2,1
5,0,5
7,3,4
3,4,-1
0,8,-8
0,3,-3
4,6,-2
3,0,3
3,0,3
3,0,3
1,1,0
2,6,-4
9,11,-2
1,0,1
10,0,10
5,0,5
0,0,0
11,1,10
5,4,1
0,4,-4
12,8,4
6,1,5
1,0,1
8,0,8
3,0,3
7,3,4
1,0,1
0,0,0
1,0,1
10,4,6
1,0,1
6,8,-2
4,0,4
0,0,0
9,2,7
8,1,7
0,0,0
0,1,-1
2,0,2
0,1,-1
1,0,1
0,0,0
0,0,0
9,0,9
15,4,11
9,1,8
3,3,0
2,0,2
42,1,41
1,0,1
1,0,1
6,1,5
5,1,4
1,0,1
3,1,2
1,0,1
0,0,0
15,1,14
1,0,1
7,18,-11
3,0,3
6,0,6
6,2,4
1,2,-1
0,0,0
19,2,17
2,8,-6
4,0,4
7,11,-4
5,0,5
0,0,0
6,0,6
0,0,0
0,0,0
11,4,7
7,6,1
8,11,-3
12,1,11
0,0,0
9,0,9
4,2,2
6,0,6
11,8,3
5,0,5
0,0,0
3,0,3
14,10,4
0,0,0
3,0,3
0,8,-8
0,0,0
1,2,-1
24,2,22
0,0,0
2,0,2
0,0,0
2,0,2
1,0,1
0,7,-7
5,6,-1
3,2,1
5,0,5
0,2,-2
6,0,6
10,2,8
12,0,12
1,1,0
1,1,0
5,1,4
6,14,-8
1,0,1
2,10,-8
29,0,29
0,0,0
0,0,0
4,0,4
0,0,0
2,0,2
7,0,7
5,6,-1
7,4,3
3,0,3
2,0,2
1,4,-3
27,0,27
5,2,3
1,8,-7
2,0,2
7,0,7
11,4,7
10,7,3
1,4,-3
18,14,4
6,0,6
7,7,0
13,7,6
1,1,0
0,7,-7
1,1,0
3,1,2
6,1,5
1,1,0
9,11,-2
1,0,1
5,7,-2
12,1,11
0,0,0
4,3,1
1,0,1
0,2,-2
4,9,-5
0,0,0
20,11,9
1,0,1
9,0,9
7,2,5
3,2,1
5,4,1
0,0,0
12,1,11
9,8,1
8,3,5
0,0,0
1,2,-1
4,3,1
1,0,1
8,0,8
2,0,2
15,6,9
4,0,4
10,19,-9
2,0,2
21,0,21
0,0,0
5,0,5
0,0,0
1,1,0
30,3,27
1,0,1
3,0,3
2,1,1
3,0,3
2,0,2
3,3,0
7,3,4
38,4,34
17,0,17
5,3,2
2,1,1
4,1,3
36,1,35
3,16,-13
0,2,-2
3,1,2
2,1,1
3,0,3
4,1,3
2,0,2
8,0,8
4,4,0
10,4,6
20,0,20
0,0,0
7,0,7
6,0,6
4,0,4
6,1,5
7,0,7
0,1,-1
8,2,6
0,0,0
30,0,30
2,5,-3
1,0,1
1,3,-2
6,1,5
2,0,2
9,0,9
2,0,2
4,0,4
5,3,2
1,0,1
1,0,1
4,0,4
6,6,0
4,0,4
15,9,6
4,0,4
39,23,16
4,0,4
25,2,23
2,0,2
11,0,11
2,1,1
13,0,13
12,6,6
16,4,12
5,0,5
7,0,7
8,6,2
1,0,1
7,2,5
3,0,3
0,0,0
7,1,6
6,1,5
2,0,2
1,1,0
0,0,0
0,0,0
14,0,14
4,5,-1
24,0,24
0,0,0
5,5,0
0,2,-2
0,0,0
11,0,11
6,0,6
15,5,10
3,0,3
5,1,4
5,4,1
7,1,6
13,2,11
3,0,3
13,7,6
3,0,3
0,0,0
5,0,5
4,0,4
8,1,7
6,8,-2
0,0,0
3,0,3
6,0,6
4,0,4
5,5,0
1,1,0
0,2,-2
7,0,7
0,0,0
4,1,3
0,0,0
7,9,-2
8,8,0
0,0,0
3,0,3
31,0,31
2,0,2
3,3,0
14,0,14
3,0,3
5,4,1
2,0,2
1,0,1
9,7,2
2,0,2
9,0,9
1,3,-2
1,1,0
0,1,-1
3,5,-2
3,0,3
7,4,3
4,0,4
12,0,12
2,0,2
15,0,15
0,0,0
11,0,11
0,0,0
4,2,2
3,0,3
10,7,3
12,16,-4
16,0,16
8,5,3
25,0,25
0,0,0
2,0,2
8,2,6
0,0,0
0,0,0
5,5,0
4,0,4
6,2,4
0,0,0
0,0,0
4,0,4
8,4,4
1,9,-8
1,0,1
6,6,0
3,0,3
17,1,16
36,2,34
3,4,-1
0,0,0
5,1,4
1,0,1
4,0,4
10,0,10
2,1,1
1,0,1
2,0,2
13,8,5
58,21,37
11,12,-1
30,1,29
6,3,3
9,1,8
13,8,5
1,0,1
3,4,-1
11,4,7
12,0,12
7,0,7
0,2,-2
2,5,-3
0,0,0
15,0,15
2,6,-4
4,0,4
6,4,2
12,4,8
59,0,59
5,2,3
9,2,7
4,0,4
2,2,0
0,0,0
1,4,-3
1,1,0
8,0,8
7,3,4
0,1,-1
6,0,6
9,0,9
14,0,14
23,1,22
7,1,6
5,9,-4
1,1,0
4,5,-1
0,1,-1
0,0,0
23,21,2
0,0,0
6,0,6
0,7,-7
0,0,0
7,4,3
4,1,3
3,0,3
15,7,8
21,1,20
0,0,0
1,0,1
1,0,1
3,0,3
13,1,12
8,0,8
5,6,-1
2,3,-1
7,0,7
1,2,-1
2,0,2
6,0,6
18,5,13
7,0,7
8,7,1
1,0,1
13,4,9
20,0,20
4,0,4
2,0,2
2,0,2
5,3,2
12,2,10
4,6,-2
2,0,2
5,10,-5
34,2,32
17,2,15
7,6,1
2,0,2
1,1,0
0,0,0
5,0,5
13,0,13
8,2,6
7,0,7
1,0,1
1,0,1
3,4,-1
21,5,16
0,0,0
9,1,8
0,0,0
9,5,4
3,0,3
10,0,10
0,0,0
4,1,3
0,0,0
5,9,-4
18,10,8
3,3,0
14,7,7
0,0,0
3,2,1
1,3,-2
2,0,2
0,0,0
2,2,0
0,0,0
63,1,62
12,0,12
5,2,3
5,3,2
9,5,4
10,6,4
2,1,1
2,0,2
12,8,4
0,0,0
13,1,12
5,0,5
1,5,-4
27,2,25
12,2,10
0,0,0
2,0,2
10,3,7
5,0,5
1,0,1
2,2,0
20,16,4
0,0,0
8,3,5
2,2,0
1,0,1
7,0,7
4,1,3
3,0,3
3,1,2
0,1,-1
0,1,-1
3,4,-1
10,2,8
16,0,16
3,7,-4
33,1,32
0,8,-8
2,0,2
1,0,1
3,0,3
0,0,0
5,1,4
8,3,5
12,2,10
2,2,0
0,0,0
15,2,13
2,0,2
0,0,0
3,0,3
1,1,0
4,0,4
0,0,0
17,3,14
2,2,0
45,3,42
19,0,19
0,0,0
3,1,2
8,0,8
4,0,4
0,0,0
10,0,10
9,1,8
17,2,15
4,1,3
7,2,5
0,0,0
43,0,43
7,0,7
0,4,-4
8,0,8
1,1,0
45,3,42
7,1,6
1,1,0
18,0,18
26,10,16
13,0,13
7,7,0
2,0,2
14,6,8
2,2,0
7,0,7
6,0,6
17,5,12
0,0,0
2,1,1
11,1,10
6,1,5
20,0,20
2,17,-15
0,0,0
0,0,0
2,0,2
2,8,-6
3,0,3
0,0,0
3,0,3
1,0,1
19,0,19
1,1,0
6,0,6
0,0,0
5,4,1
0,0,0
2,0,2
0,0,0
6,6,0
11,12,-1
9,3,6
0,0,0
6,0,6
8,4,4
10,0,10
6,0,6
8,2,6
1,0,1
6,5,1
2,1,1
7,4,3
2,0,2
6,6,0
15,0,15
38,2,36
2,0,2
6,4,2
21,3,18
2,0,2
3,1,2
0,4,-4
4,2,2
1,0,1
10,4,6
1,20,-19
5,3,2
12,0,12
1,0,1
18,5,13
0,0,0
1,2,-1
0,0,0
2,0,2
2,1,1
4,0,4
2,0,2
1,0,1
1,0,1
4,0,4
8,12,-4
44,4,40
0,0,0
1,2,-1
1,0,1
36,33,3
1,0,1
0,0,0
5,0,5
1,0,1
0,3,-3
5,2,3
9,9,0
0,0,0
5,0,5
1,4,-3
5,0,5
11,7,4
0,0,0
8,1,7
0,0,0
1,0,1
0,0,0
11,0,11
13,9,4
18,0,18
4,1,3
1,1,0
3,2,1
1,0,1
0,0,0
14,11,3
34,0,34
1,8,-7
3,0,3
0,0,0
25,3,22
4,1,3
3,1,2
1,0,1
0,0,0
0,0,0
10,0,10
21,0,21
22,0,22
0,0,0
26,21,5
29,2,27
24,7,17
1,0,1
3,0,3
4,3,1
12,7,5
2,0,2
5,2,3
8,1,7
15,0,15
1,1,0
27,1,26
13,3,10
27,10,17
2,0,2
3,1,2
12,8,4
12,1,11
11,1,10
2,0,2
3,0,3
3,1,2
1,2,-1
3,3,0
54,12,42
4,9,-5
0,0,0
2,3,-1
1,2,-1
6,0,6
7,0,7
0,0,0
0,0,0
2,0,2
19,0,19
9,10,-1
6,6,0
21,6,15
0,0,0
6,1,5
2,0,2
1,0,1
33,0,33
14,0,14
2,2,0
2,0,2
1,0,1
3,0,3
13,1,12
0,0,0
9,0,9
2,0,2
21,0,21
0,1,-1
3,0,3
13,3,10
4,1,3
12,1,11
4,12,-8
0,0,0
8,2,6
2,3,-1
1,1,0
15,0,15
0,0,0
1,0,1
4,1,3
1,3,-2
10,0,10
15,3,12
1,0,1
10,0,10
4,0,4
4,0,4
20,1,19
0,1,-1
10,2,8
2,0,2
10,1,9
11,0,11
0,0,0
2,0,2
5,4,1
14,1,13
3,1,2
2,0,2
7,0,7
10,2,8
5,1,4
2,2,0
1,0,1
0,6,-6
22,1,21
3,0,3
8,0,8
1,1,0
5,0,5
11,3,8
0,0,0
0,0,0
2,0,2
0,4,-4
8,3,5
4,2,2
3,16,-13
6,0,6
11,0,11
12,0,12
17,3,14
0,0,0
5,0,5
0,0,0
14,0,14
11,1,10
0,0,0
1,0,1
11,0,11
1,0,1
5,5,0
3,5,-2
13,3,10
1,0,1
3,1,2
16,2,14
5,4,1
9,2,7
2,8,-6
2,6,-4
32,9,23
16,11,5
3,0,3
0,0,0
20,5,15
1,0,1
7,0,7
4,0,4
4,4,0
2,0,2
8,0,8
0,1,-1
5,0,5
5,0,5
20,15,5
7,0,7
13,0,13
2,0,2
3,4,-1
8,7,1
5,4,1
3,1,2
8,8,0
0,0,0
8,2,6
0,0,0
16,0,16
1,0,1
3,4,-1
24,5,19
17,0,17
3,0,3
1,0,1
1,0,1
0,0,0
3,5,-2
2,0,2
0,21,-21
21,0,21
16,0,16
1,0,1
1,1,0
7,4,3
4,1,3
0,0,0
0,0,0
20,0,20
2,0,2
1,0,1
4,0,4
0,0,0
4,0,4
6,0,6
2,3,-1
0,0,0
12,0,12
35,5,30
0,0,0
5,5,0
2,0,2
2,0,2
8,0,8
7,5,2
2,0,2
14,0,14
1,0,1
6,0,6
2,0,2
7,1,6
4,0,4
1,0,1
9,2,7
3,2,1
12,0,12
2,0,2
0,0,0
3,15,-12
1,0,1
0,0,0
32,0,32
2,0,2
1,0,1
4,0,4
3,0,3
17,11,6
5,0,5
9,12,-3
10,8,2
17,0,17
0,5,-5
0,0,0
2,0,2
6,0,6
0,2,-2
28,0,28
3,0,3
4,1,3
0,0,0
0,0,0
7,0,7
22,0,22
11,5,6
10,2,8
19,13,6
1,1,0
0,0,0
4,0,4
0,0,0
2,0,2
1,0,1
8,3,5
2,3,-1
4,6,-2
0,0,0
9,1,8
6,0,6
6,0,6
1,0,1
1,0,1
9,4,5
0,3,-3
1,2,-1
1,0,1
7,6,1
0,3,-3
0,1,-1
10,8,2
16,0,16
7,0,7
0,2,-2
9,1,8
21,5,16
15,3,12
2,0,2
7,4,3
1,0,1
11,2,9
4,0,4
2,0,2
5,0,5
0,0,0
3,0,3
34,2,32
1,1,0
18,2,16
5,6,-1
0,0,0
0,1,-1
22,13,9
1,0,1
14,0,14
0,0,0
5,0,5
43,7,36
8,0,8
15,0,15
9,0,9
2,0,2
1,0,1
12,0,12
3,2,1
8,0,8
0,0,0
3,0,3
3,0,3
0,1,-1
6,3,3
5,0,5
0,0,0
6,2,4
2,2,0
1,0,1
1,2,-1
1,0,1
10,1,9
0,2,-2
5,0,5
4,6,-2
3,0,3
3,2,1
3,6,-3
0,4,-4
7,4,3
3,0,3
0,0,0
1,3,-2
3,0,3
2,0,2
5,0,5
24,11,13
6,0,6
3,0,3
2,0,2
0,1,-1
0,0,0
10,4,6
1,0,1
0,0,0
15,20,-5
2,0,2
7,1,6
8,3,5
1,0,1
5,0,5
55,7,48
0,0,0
1,2,-1
2,0,2
3,3,0
1,1,0
6,1,5
2,0,2
2,0,2
4,7,-3
3,2,1
5,0,5
2,0,2
1,1,0
0,0,0
0,0,0
3,0,3
3,11,-8
0,4,-4
5,0,5
0,0,0
9,8,1
5,0,5
1,5,-4
23,1,22
0,0,0
28,0,28
15,0,15
10,0,10
0,0,0
10,16,-6
11,0,11
3,4,-1
3,3,0
7,1,6
7,9,-2
1,0,1
8,8,0
5,1,4
0,0,0
3,10,-7
1,0,1
3,0,3
1,1,0
26,28,-2
1,1,0
6,0,6
0,3,-3
2,0,2
8,11,-3
1,0,1
4,1,3
4,5,-1
4,0,4
7,0,7
2,0,2
12,3,9
1,0,1
3,1,2
20,0,20
0,2,-2
9,9,0
13,0,13
23,0,23
5,0,5
4,2,2
0,0,0
8,8,0
7,0,7
1,0,1
5,3,2
11,4,7
4,0,4
4,5,-1
1,0,1
6,0,6
35,11,24
3,0,3
1,1,0
2,0,2
51,0,51
0,6,-6
6,6,0
2,2,0
5,0,5
6,0,6
0,6,-6
0,1,-1
3,0,3
11,0,11
8,0,8
2,0,2
1,0,1
14,3,11
20,0,20
0,1,-1
1,0,1
0,0,0
3,2,1
2,2,0
0,0,0
1,2,-1
24,10,14
13,0,13
5,0,5
2,1,1
1,0,1
1,0,1
19,13,6
3,0,3
0,0,0
4,0,4
1,0,1
2,0,2
6,5,1
4,1,3
23,1,22
3,0,3
26,1,25
7,1,6
1,1,0
5,1,4
0,0,0
7,0,7
0,0,0
1,0,1
0,1,-1
5,0,5
1,0,1
0,0,0
5,0,5
4,8,-4
8,3,5
1,0,1
4,2,2
9,3,6
1,0,1
9,0,9
0,0,0
0,0,0
14,0,14
5,0,5
19,1,18
2,0,2
70,0,70
2,1,1
2,0,2
0,0,0
2,2,0
15,1,14
5,0,5
0,0,0
7,0,7
0,1,-1
2,2,0
6,4,2
18,6,12
3,1,2
3,0,3
12,0,12
4,0,4
10,5,5
6,0,6
0,0,0
0,0,0
1,1,0
4,0,4
19,9,10
10,1,9
8,0,8
14,2,12
17,0,17
3,0,3
4,4,0
8,2,6
23,12,11
1,0,1
5,0,5
5,0,5
4,0,4
3,9,-6
1,0,1
4,0,4
1,0,1
5,2,3
2,0,2
5,0,5
9,3,6
18,1,17
0,1,-1
9,7,2
10,0,10
1,0,1
5,0,5
9,0,9
1,5,-4
2,0,2
4,3,1
11,1,10
15,11,4
3,0,3
10,0,10
27,13,14
0,2,-2
1,0,1
1,0,1
1,0,1
5,2,3
10,1,9
24,4,20
0,0,0
63,10,53
9,0,9
53,8,45
1,0,1
1,0,1
14,3,11
8,2,6
0,0,0
4,0,4
3,0,3
4,0,4
1,2,-1
0,0,0
5,1,4
1,1,0
3,10,-7
0,0,0
35,31,4
3,10,-7
0,0,0
1,0,1
11,1,10
2,0,2
0,0,0
2,2,0
6,6,0
23,0,23
6,0,6
2,0,2
18,7,11
1,0,1
11,1,10
31,21,10
0,0,0
4,1,3
1,1,0
0,0,0
12,1,11
1,0,1
2,1,1
0,0,0
1,1,0
2,0,2
0,0,0
5,6,-1
9,0,9
20,2,18
23,18,5
14,5,9
10,2,8
32,13,19
1,0,1
0,0,0
2,0,2
3,3,0
12,1,11
1,0,1
2,0,2
15,7,8
47,0,47
5,2,3
3,0,3
4,0,4
3,0,3
0,0,0
18,3,15
4,1,3
0,0,0
15,0,15
18,1,17
7,0,7
16,0,16
0,0,0
3,0,3
1,0,1
9,0,9
0,0,0
17,12,5
11,10,1
3,3,0
21,4,17
21,1,20
32,13,19
3,4,-1
2,1,1
2,2,0
0,0,0
0,0,0
5,5,0
12,2,10
0,0,0
0,0,0
2,0,2
20,5,15
6,3,3
6,2,4
3,0,3
68,11,57
1,0,1
2,0,2
9,1,8
1,0,1
2,3,-1
9,7,2
0,0,0
0,0,0
0,0,0
10,10,0
6,0,6
20,1,19
1,0,1
1,6,-5
1,0,1
7,3,4
0,1,-1
1,7,-6
42,27,15
5,0,5
1,0,1
1,1,0
0,1,-1
3,0,3
0,0,0
1,0,1
2,2,0
2,1,1
35,0,35
9,0,9
0,0,0
7,11,-4
4,0,4
0,0,0
66,2,64
13,3,10
50,1,49
6,1,5
15,2,13
17,0,17
45,2,43
7,4,3
5,0,5
13,9,4
0,0,0
47,2,45
0,8,-8
1,5,-4
7,0,7
35,0,35
5,9,-4
99,0,99
2,1,1
3,2,1
2,0,2
0,3,-3
1,0,1
0,0,0
10,9,1
0,0,0
4,2,2
0,0,0
0,0,0
0,0,0
0,0,0
7,2,5
0,0,0
2,0,2
8,2,6
2,0,2
5,0,5
3,4,-1
1,0,1
4,0,4
0,0,0
1,0,1
13,3,10
0,0,0
3,2,1
1,1,0
26,3,23
0,0,0
0,0,0
1,1,0
0,0,0
10,3,7
28,9,19
24,12,12
4,0,4
1,1,0
0,0,0
2,0,2
2,2,0
4,0,4
5,0,5
13,6,7
8,5,3
12,0,12
6,0,6
17,0,17
3,0,3
43,1,42
13,9,4
28,17,11
6,2,4
25,10,15
4,6,-2
14,1,13
34,0,34
7,12,-5
0,0,0
13,7,6
0,0,0
40,14,26
5,0,5
0,0,0
3,0,3
0,0,0
0,0,0
16,0,16
1,0,1
1,5,-4
5,7,-2
26,2,24
5,0,5
0,0,0
0,0,0
0,0,0
3,0,3
3,2,1
4,0,4
7,0,7
9,3,6
17,6,11
8,0,8
13,3,10
9,1,8
1,4,-3
0,1,-1
3,5,-2
0,0,0
14,0,14
3,4,-1
1,1,0
13,2,11
1,0,1
10,1,9
4,29,-25
12,4,8
8,0,8
3,0,3
0,0,0
7,1,6
7,0,7
38,3,35
5,0,5
0,0,0
2,0,2
1,0,1
4,2,2
34,3,31
1,0,1
5,2,3
0,0,0
1,0,1
1,0,1
4,0,4
0,0,0
0,0,0
2,0,2
3,6,-3
7,0,7
1,27,-26
10,1,9
9,4,5
2,1,1
14,0,14
13,7,6
24,1,23
0,10,-10
0,2,-2
0,0,0
5,6,-1
9,0,9
1,1,0
1,2,-1
6,6,0
17,3,14
2,4,-2
0,0,0
3,0,3
2,2,0
8,0,8
0,0,0
1,0,1
2,2,0
14,5,9
14,0,14
6,4,2
0,0,0
3,14,-11
1,0,1
19,0,19
2,0,2
3,0,3
13,0,13
0,0,0
0,0,0
0,0,0
5,0,5
0,0,0
4,0,4
2,0,2
13,7,6
17,1,16
29,9,20
9,0,9
22,0,22
7,0,7
8,1,7
8,0,8
0,0,0
28,8,20
0,0,0
6,7,-1
0,0,0
2,7,-5
1,9,-8
0,1,-1
7,5,2
12,2,10
12,0,12
5,0,5
0,5,-5
1,0,1
0,0,0
5,2,3
0,1,-1
18,15,3
4,14,-10
19,10,9
0,0,0
1,1,0
2,0,2
10,0,10
2,1,1
2,0,2
12,0,12
3,19,-16
8,4,4
6,6,0
0,0,0
0,0,0
0,6,-6
9,1,8
1,2,-1
6,0,6
6,1,5
45,10,35
0,0,0
24,0,24
6,1,5
2,0,2
23,1,22
26,1,25
0,13,-13
0,0,0
6,1,5
0,0,0
12,1,11
4,9,-5
2,0,2
15,0,15
0,0,0
19,1,18
2,1,1
7,11,-4
1,0,1
0,0,0
17,0,17
0,0,0
9,1,8
7,1,6
2,0,2
5,3,2
18,0,18
4,0,4
17,0,17
2,0,2
23,0,23
4,3,1
11,8,3
0,0,0
9,5,4
9,0,9
30,1,29
1,0,1
6,0,6
0,1,-1
14,1,13
0,0,0
2,0,2
29,8,21
5,0,5
11,2,9
2,1,1
0,0,0
19,4,15
0,0,0
2,1,1
1,0,1
10,0,10
1,0,1
1,0,1
3,0,3
6,0,6
1,2,-1
7,5,2
1,0,1
2,0,2
46,1,45
36,3,33
18,10,8
0,0,0
0,0,0
7,0,7
3,1,2
1,0,1
10,2,8
1,0,1
30,1,29
11,0,11
3,1,2
3,1,2
16,0,16
0,0,0
0,0,0
5,1,4
30,0,30
4,0,4
2,0,2
26,14,12
8,0,8
2,0,2
12,10,2
2,10,-8
0,3,-3
6,6,0
3,0,3
8,2,6
3,0,3
13,1,12
12,12,0
1,0,1
2,0,2
10,1,9
1,1,0
0,0,0
0,0,0
6,0,6
1,0,1
4,0,4
0,2,-2
0,2,-2
24,10,14
0,0,0
1,1,0
2,0,2
4,1,3
9,0,9
2,0,2
5,5,0
2,0,2
0,0,0
0,0,0
0,0,0
4,1,3
6,1,5
1,0,1
3,1,2
4,0,4
9,1,8
11,6,5
0,0,0
13,2,11
2,1,1
0,0,0
3,2,1
6,0,6
0,0,0
5,0,5
8,9,-1
0,0,0
21,7,14
14,9,5
20,0,20
59,4,55
11,6,5
6,0,6
12,0,12
2,0,2
30,3,27
2,0,2
0,0,0
2,0,2
12,2,10
0,2,-2
0,0,0
6,6,0
0,0,0
1,0,1
0,1,-1
16,1,15
31,11,20
1,1,0
0,0,0
8,5,3
3,1,2
2,0,2
10,0,10
24,0,24
10,0,10
1,1,0
8,0,8
13,1,12
27,8,19
15,0,15
0,0,0
9,3,6
45,14,31
9,0,9
3,0,3
0,0,0
21,2,19
2,0,2
0,1,-1
0,0,0
1,1,0
3,1,2
15,4,11
0,0,0
0,0,0
0,0,0
0,1,-1
9,12,-3
3,11,-8
3,0,3
16,4,12
0,0,0
5,1,4
0,0,0
1,2,-1
1,0,1
4,0,4
0,0,0
1,0,1
1,0,1
0,0,0
19,0,19
19,0,19
5,8,-3
17,7,10
7,4,3
5,0,5
9,13,-4
10,3,7
2,0,2
8,0,8
5,7,-2
12,0,12
10,2,8
30,11,19
2,0,2
1,2,-1
0,15,-15
6,0,6
0,1,-1
3,0,3
2,0,2
1,0,1
0,0,0
0,0,0
1,2,-1
1,0,1
5,6,-1
4,0,4
5,9,-4
0,0,0
20,0,20
3,0,3
8,4,4
0,1,-1
0,0,0
0,0,0
1,0,1
1,0,1
7,0,7
16,2,14
26,0,26
1,0,1
6,22,-16
3,0,3
0,0,0
11,0,11
1,1,0
0,0,0
10,2,8
13,0,13
16,6,10
2,0,2
1,2,-1
4,0,4
0,1,-1
9,3,6
19,0,19
6,0,6
5,1,4
14,4,10
5,2,3
8,2,6
16,0,16
1,0,1
22,13,9
4,0,4
3,2,1
3,3,0
0,0,0
14,0,14
0,0,0
1,0,1
1,1,0
0,0,0
0,0,0
5,0,5
4,2,2
2,0,2
3,15,-12
0,0,0
30,16,14
0,0,0
2,0,2
8,1,7
0,0,0
15,0,15
15,0,15
1,3,-2
1,0,1
1,1,0
1,0,1
61,9,52
8,1,7
2,0,2
4,0,4
11,13,-2
11,5,6
0,0,0
43,0,43
16,1,15
22,8,14
0,0,0
13,2,11
8,0,8
7,12,-5
0,0,0
33,6,27
5,1,4
0,0,0
7,0,7
4,0,4
9,0,9
1,1,0
1,0,1
0,0,0
0,2,-2
10,0,10
0,0,0
7,1,6
0,0,0
11,3,8
4,7,-3
20,18,2
6,2,4
4,0,4
5,0,5
1,1,0
12,0,12
0,1,-1
7,3,4
25,1,24
13,5,8
2,0,2
21,8,13
0,0,0
4,0,4
0,0,0
1,2,-1
1,19,-18
2,1,1
5,1,4
18,8,10
3,0,3
22,5,17
0,1,-1
2,1,1
8,2,6
1,0,1
0,0,0
1,0,1
6,0,6
4,0,4
10,3,7
16,0,16
5,3,2
17,1,16
0,0,0
3,6,-3
0,0,0
0,3,-3
1,0,1
10,4,6
13,1,12
12,0,12
1,0,1
3,10,-7
0,0,0
7,5,2
1,1,0
16,12,4
0,0,0
45,5,40
6,0,6
1,0,1
0,0,0
3,0,3
4,2,2
12,3,9
0,0,0
0,0,0
1,0,1
5,0,5
0,0,0
0,0,0
30,1,29
3,0,3
0,0,0
0,5,-5
1,0,1
3,0,3
6,0,6
0,0,0
8,0,8
5,0,5
15,1,14
2,0,2
0,0,0
1,1,0
4,0,4
4,9,-5
6,0,6
11,7,4
0,0,0
14,2,12
1,7,-6
6,0,6
2,7,-5
4,1,3
3,2,1
26,10,16
5,5,0
3,3,0
7,1,6
27,0,27
0,0,0
19,4,15
1,0,1
10,1,9
15,0,15
5,5,0
5,7,-2
10,0,10
13,0,13
3,0,3
11,1,10
0,1,-1
5,5,0
2,0,2
3,0,3
4,0,4
6,4,2
1,0,1
1,0,1
10,0,10
22,3,19
28,4,24
0,1,-1
3,0,3
23,7,16
3,7,-4
5,1,4
3,1,2
71,2,69
5,0,5
0,0,0
1,0,1
27,8,19
1,1,0
1,10,-9
4,2,2
0,0,0
3,2,1
1,1,0
1,10,-9
18,1,17
16,0,16
0,0,0
5,0,5
0,0,0
5,7,-2
0,1,-1
8,0,8
2,0,2
14,1,13
9,3,6
4,0,4
61,8,53
0,0,0
5,0,5
3,0,3
5,0,5
1,0,1
12,0,12
0,0,0
0,0,0
6,2,4
3,0,3
0,0,0
5,4,1
8,1,7
12,0,12
2,1,1
4,7,-3
0,1,-1
1,0,1
5,2,3
15,0,15
4,0,4
0,0,0
28,4,24
8,0,8
4,0,4
7,7,0
6,2,4
9,0,9
4,1,3
29,1,28
0,0,0
10,6,4
0,0,0
3,4,-1
26,0,26
3,1,2
0,0,0
7,6,1
14,0,14
11,0,11
5,0,5
19,2,17
9,0,9
27,1,26
3,1,2
0,0,0
0,0,0
2,0,2
1,0,1
5,0,5
7,1,6
1,0,1
30,0,30
5,1,4
2,10,-8
4,1,3
11,11,0
19,2,17
4,1,3
8,0,8
6,0,6
0,0,0
3,0,3
3,0,3
19,8,11
12,2,10
7,0,7
1,0,1
4,0,4
14,1,13
0,6,-6
0,0,0
4,0,4
17,0,17
1,0,1
6,0,6
7,0,7
0,0,0
2,3,-1
0,0,0
13,5,8
2,4,-2
13,0,13
1,0,1
2,1,1
0,0,0
2,5,-3
3,1,2
5,12,-7
13,6,7
21,0,21
0,0,0
0,12,-12
0,0,0
0,0,0
1,0,1
9,5,4
4,0,4
3,2,1
12,3,9
5,0,5
3,2,1
13,0,13
14,6,8
11,8,3
0,1,-1
16,2,14
1,0,1
1,0,1
0,5,-5
0,0,0
0,0,0
1,0,1
8,0,8
3,7,-4
31,14,17
0,1,-1
0,1,-1
31,1,30
2,11,-9
8,1,7
0,0,0
3,6,-3
23,1,22
4,4,0
5,0,5
0,0,0
35,0,35
1,2,-1
0,0,0
6,7,-1
23,0,23
5,1,4
1,4,-3
9,8,1
12,0,12
7,0,7
1,0,1
0,0,0
3,2,1
2,2,0
8,0,8
4,0,4
0,0,0
1,0,1
2,0,2
3,0,3
9,0,9
4,0,4
4,0,4
3,6,-3
11,0,11
14,10,4
3,0,3
7,7,0
46,6,40
6,0,6
10,3,7
7,4,3
0,0,0
10,0,10
15,3,12
0,0,0
1,1,0
26,5,21
2,1,1
1,0,1
4,1,3
1,0,1
11,5,6
2,0,2
1,8,-7
4,0,4
4,1,3
2,2,0
10,0,10
17,0,17
0,0,0
3,2,1
1,0,1
0,0,0
3,0,3
1,0,1
4,0,4
8,0,8
0,0,0
54,4,50
0,0,0
0,0,0
7,0,7
10,0,10
2,0,2
18,0,18
3,3,0
6,2,4
1,1,0
29,0,29
6,9,-3
1,0,1
7,0,7
13,0,13
1,0,1
18,6,12
0,0,0
1,0,1
2,0,2
0,0,0
0,1,-1
5,1,4
2,0,2
2,0,2
2,0,2
47,8,39
75,0,75
0,0,0
9,5,4
7,0,7
9,1,8
0,0,0
5,5,0
11,0,11
0,0,0
18,1,17
12,4,8
0,1,-1
29,1,28
5,0,5
7,1,6
0,1,-1
0,1,-1
12,6,6
8,0,8
20,14,6
2,0,2
2,5,-3
9,2,7
0,0,0
4,1,3
1,6,-5
13,7,6
2,0,2
9,0,9
5,0,5
1,0,1
25,0,25
13,0,13
3,0,3
21,0,21
1,6,-5
0,0,0
5,3,2
0,2,-2
0,1,-1
0,1,-1
7,0,7
2,5,-3
4,0,4
14,0,14
3,1,2
0,0,0
0,6,-6
7,1,6
0,1,-1
12,4,8
37,0,37
0,0,0
6,3,3
5,0,5
1,0,1
1,0,1
1,0,1
12,1,11
17,9,8
0,1,-1
0,9,-9
0,0,0
16,6,10
0,0,0
15,0,15
9,4,5
13,0,13
13,7,6
4,2,2
4,0,4
6,6,0
2,1,1
5,1,4
21,3,18
1,0,1
7,12,-5
29,1,28
1,0,1
13,2,11
2,2,0
1,1,0
6,0,6
5,0,5
1,1,0
4,1,3
0,0,0
13,3,10
15,3,12
0,0,0
13,5,8
12,4,8
12,0,12
11,1,10
1,0,1
1,0,1
3,0,3
1,0,1
0,0,0
1,0,1
13,0,13
4,1,3
2,0,2
17,0,17
2,0,2
12,7,5
45,0,45
3,5,-2
2,0,2
11,0,11
3,0,3
10,6,4
2,0,2
17,1,16
11,0,11
2,2,0
1,6,-5
1,0,1
16,1,15
3,0,3
1,1,0
8,1,7
4,0,4
22,6,16
1,0,1
23,0,23
2,0,2
20,0,20
2,0,2
15,2,13
2,0,2
17,6,11
0,0,0
4,3,1
3,0,3
6,2,4
22,2,20
7,5,2
1,1,0
1,4,-3
2,0,2
0,0,0
4,6,-2
3,3,0
3,2,1
3,0,3
0,0,0
0,0,0
6,0,6
18,6,12
0,7,-7
8,8,0
4,0,4
0,0,0
2,7,-5
0,0,0
0,0,0
5,2,3
5,0,5
4,4,0
13,1,12
5,3,2
0,0,0
0,0,0
17,7,10
22,1,21
3,0,3
2,4,-2
15,0,15
5,0,5
0,1,-1
21,3,18
1,1,0
3,1,2
13,9,4
3,1,2
2,2,0
1,0,1
0,0,0
1,0,1
16,0,16
0,0,0
11,3,8
5,0,5
0,0,0
8,1,7
6,7,-1
5,0,5
1,0,1
3,0,3
4,1,3
0,1,-1
10,0,10
0,3,-3
8,8,0
3,0,3
5,4,1
16,0,16
5,2,3
21,8,13
26,3,23
3,0,3
7,6,1
33,0,33
8,1,7
3,5,-2
21,3,18
17,0,17
2,14,-12
1,0,1
4,5,-1
0,0,0
19,6,13
4,0,4
5,0,5
2,0,2
4,17,-13
15,0,15
3,1,2
6,0,6
1,0,1
1,0,1
3,0,3
6,0,6
5,0,5
5,0,5
0,0,0
8,3,5
9,6,3
1,0,1
23,0,23
1,0,1
3,8,-5
37,0,37
0,0,0
0,0,0
22,3,19
9,2,7
3,0,3
8,4,4
0,0,0
9,4,5
2,3,-1
2,0,2
0,2,-2
1,0,1
0,0,0
0,0,0
0,0,0
48,5,43
9,3,6
0,0,0
0,0,0
0,0,0
5,5,0
27,1,26
3,0,3
6,0,6
0,0,0
20,3,17
3,0,3
31,1,30
6,3,3
5,9,-4
0,0,0
0,0,0
2,0,2
0,1,-1
2,1,1
0,1,-1
5,0,5
1,19,-18
11,3,8
0,0,0
22,5,17
9,0,9
2,0,2
3,1,2
10,4,6
1,0,1
1,0,1
1,0,1
3,5,-2
1,0,1
0,0,0
12,9,3
0,0,0
1,0,1
3,4,-1
11,6,5
41,0,41
10,0,10
0,1,-1
4,3,1
3,0,3
9,4,5
1,0,1
4,4,0
6,3,3
0,0,0
2,0,2
1,0,1
50,15,35
6,0,6
6,3,3
14,5,9
1,1,0
1,0,1
32,5,27
4,0,4
2,2,0
7,1,6
2,5,-3
0,0,0
11,4,7
5,0,5
2,0,2
2,1,1
1,0,1
5,0,5
2,0,2
1,0,1
14,1,13
4,3,1
14,4,10
1,29,-28
0,0,0
1,1,0
14,3,11
2,0,2
0,0,0
8,5,3
10,1,9
2,0,2
0,0,0
7,0,7
2,0,2
0,0,0
9,0,9
2,0,2
3,2,1
5,0,5
13,5,8
6,2,4
2,5,-3
3,4,-1
8,2,6
3,0,3
0,0,0
5,0,5
2,0,2
10,0,10
6,1,5
11,4,7
0,3,-3
9,2,7
2,0,2
1,0,1
3,2,1
11,6,5
16,0,16
4,0,4
6,0,6
5,0,5
0,0,0
0,0,0
0,8,-8
9,0,9
3,0,3
0,0,0
2,3,-1
13,0,13
14,0,14
4,2,2
3,4,-1
6,0,6
2,0,2
1,0,1
21,2,19
1,0,1
4,2,2
1,2,-1
1,0,1
15,3,12
1,2,-1
5,0,5
0,0,0
6,0,6
2,0,2
13,6,7
14,0,14
1,0,1
0,0,0
1,0,1
0,0,0
0,0,0
11,8,3
2,0,2
14,13,1
36,0,36
33,0,33
0,0,0
37,1,36
8,2,6
7,0,7
0,0,0
1,1,0
7,0,7
16,11,5
15,0,15
4,0,4
1,2,-1
0,0,0
0,0,0
68,6,62
19,11,8
1,0,1
10,16,-6
10,4,6
16,6,10
4,0,4
2,0,2
4,0,4
0,0,0
0,0,0
1,0,1
5,0,5
2,2,0
1,0,1
0,1,-1
4,0,4
0,0,0
26,0,26
8,1,7
12,0,12
0,0,0
1,0,1
1,0,1
3,0,3
2,4,-2
17,9,8
3,4,-1
12,5,7
4,0,4
2,0,2
1,1,0
7,4,3
19,3,16
12,1,11
3,0,3
1,0,1
3,0,3
15,10,5
0,0,0
0,0,0
6,1,5
3,0,3
5,0,5
8,0,8
21,2,19
2,0,2
6,3,3
10,2,8
0,4,-4
8,2,6
0,0,0
8,0,8
1,1,0
0,9,-9
0,0,0
24,11,13
4,0,4
3,0,3
3,21,-18
18,0,18
4,0,4
3,0,3
4,0,4
0,0,0
9,0,9
23,4,19
0,3,-3
0,0,0
0,2,-2
14,1,13
0,0,0
1,1,0
11,8,3
8,1,7
1,0,1
4,1,3
0,2,-2
0,0,0
0,0,0
18,0,18
0,0,0
28,17,11
3,2,1
5,25,-20
5,8,-3
9,0,9
5,14,-9
3,1,2
21,1,20
1,3,-2
2,0,2
20,0,20
0,1,-1
1,0,1
4,0,4
0,0,0
1,0,1
12,4,8
3,2,1
0,0,0
7,0,7
2,0,2
2,0,2
47,0,47
7,11,-4
12,0,12
3,0,3
3,0,3
4,3,1
4,0,4
0,5,-5
5,0,5
10,0,10
0,0,0
0,2,-2
10,1,9
12,1,11
4,0,4
1,0,1
2,4,-2
2,0,2
6,5,1
3,3,0
6,0,6
2,8,-6
13,5,8
4,2,2
13,1,12
0,0,0
6,1,5
0,6,-6
19,0,19
3,12,-9
3,0,3
4,0,4
34,8,26
10,2,8
8,2,6
2,0,2
0,3,-3
17,1,16
3,2,1
10,5,5
9,2,7
1,0,1
3,0,3
4,7,-3
0,0,0
0,0,0
6,0,6
2,1,1
3,0,3
1,1,0
4,6,-2
2,1,1
16,12,4
2,5,-3
0,0,0
2,1,1
9,0,9
6,1,5
0,3,-3
6,2,4
12,0,12
2,0,2
2,0,2
1,0,1
4,0,4
3,4,-1
2,2,0
2,0,2
7,1,6
1,0,1
2,0,2
29,0,29
14,0,14
0,0,0
0,0,0
1,0,1
1,1,0
1,6,-5
2,0,2
10,6,4
1,0,1
0,0,0
4,3,1
2,3,-1
0,0,0
13,0,13
0,0,0
10,2,8
11,7,4
8,0,8
28,5,23
2,1,1
3,10,-7
4,0,4
11,0,11
39,1,38
5,1,4
4,0,4
5,0,5
8,1,7
0,1,-1
8,8,0
2,2,0
0,0,0
0,1,-1
1,0,1
2,6,-4
8,6,2
0,0,0
0,0,0
3,2,1
2,1,1
6,5,1
4,2,2
2,8,-6
4,0,4
1,0,1
1,2,-1
21,21,0
0,1,-1
9,1,8
18,0,18
0,11,-11
7,0,7
13,2,11
6,10,-4
0,0,0
4,0,4
2,0,2
3,4,-1
3,0,3
0,0,0
16,15,1
8,0,8
5,1,4
34,0,34
8,0,8
11,0,11
1,2,-1
4,0,4
3,1,2
84,9,75
6,0,6
24,1,23
0,0,0
1,6,-5
20,1,19
1,0,1
0,0,0
7,0,7
2,1,1
14,1,13
11,6,5
1,0,1
7,0,7
1,4,-3
21,0,21
3,2,1
15,1,14
17,0,17
1,0,1
13,13,0
13,0,13
10,10,0
12,6,6
5,10,-5
0,0,0
7,7,0
0,0,0
10,0,10
0,0,0
5,3,2
2,1,1
16,7,9
3,1,2
6,1,5
5,1,4
10,1,9
7,7,0
2,8,-6
2,2,0
0,0,0
1,16,-15
3,0,3
0,0,0
20,5,15
4,3,1
2,4,-2
0,1,-1
0,0,0
13,0,13
33,4,29
3,4,-1
20,5,15
5,4,1
5,0,5
12,18,-6
1,3,-2
6,2,4
4,0,4
5,0,5
3,0,3
26,0,26
3,0,3
54,32,22
13,15,-2
4,0,4
1,0,1
19,7,12
2,3,-1
9,7,2
4,0,4
13,0,13
5,1,4
15,7,8
0,0,0
13,2,11
3,2,1
3,0,3
1,0,1
1,0,1
45,28,17
13,2,11
0,0,0
11,0,11
2,0,2
8,3,5
5,2,3
5,0,5
0,0,0
0,0,0
4,1,3
3,0,3
3,0,3
0,0,0
3,3,0
6,0,6
4,2,2
0,3,-3
2,1,1
8,6,2
5,1,4
2,1,1
3,0,3
12,0,12
2,14,-12
10,4,6
10,7,3
6,0,6
3,0,3
30,0,30
1,1,0
10,2,8
4,0,4
0,0,0
3,0,3
3,0,3
0,0,0
8,0,8
1,2,-1
0,0,0
1,3,-2
1,0,1
11,1,10
3,1,2
0,0,0
4,1,3
13,3,10
10,6,4
2,1,1
1,0,1
0,0,0
0,14,-14
12,8,4
2,6,-4
3,0,3
15,0,15
6,7,-1
2,0,2
21,0,21
1,1,0
5,0,5
9,8,1
12,11,1
12,7,5
0,0,0
3,8,-5
5,1,4
0,0,0
0,0,0
14,1,13
0,0,0
29,0,29
0,0,0
0,4,-4
17,15,2
1,2,-1
5,0,5
0,5,-5
0,0,0
0,0,0
2,0,2
8,2,6
4,0,4
13,11,2
0,0,0
7,0,7
3,2,1
0,0,0
6,0,6
2,1,1
1,0,1
2,0,2
0,1,-1
14,1,13
1,0,1
26,1,25
4,0,4
14,0,14
5,0,5
3,2,1
1,3,-2
3,0,3
13,1,12
5,9,-4
0,0,0
10,0,10
7,0,7
7,0,7
14,18,-4
0,0,0
1,0,1
6,0,6
2,13,-11
1,0,1
0,0,0
4,0,4
1,0,1
44,5,39
3,1,2
0,0,0
0,0,0
20,0,20
9,3,6
18,1,17
6,7,-1
0,0,0
2,0,2
5,0,5
7,1,6
6,0,6
5,2,3
18,7,11
1,0,1
0,1,-1
17,2,15
39,12,27
0,0,0
15,1,14
48,2,46
4,4,0
3,0,3
5,0,5
8,0,8
11,6,5
8,0,8
20,2,18
8,6,2
10,2,8
60,2,58
2,2,0
0,0,0
7,8,-1
6,0,6
0,0,0
2,2,0
1,1,0
10,2,8
5,0,5
1,1,0
5,1,4
0,0,0
6,12,-6
7,4,3
2,0,2
31,0,31
0,0,0
14,5,9
23,7,16
10,0,10
1,5,-4
2,1,1
2,1,1
2,0,2
0,0,0
0,0,0
1,0,1
1,5,-4
12,0,12
8,0,8
6,0,6
5,0,5
0,0,0
16,0,16
2,1,1
0,0,0
4,1,3
2,0,2
9,7,2
1,0,1
73,8,65
4,11,-7
5,0,5
6,6,0
0,0,0
0,1,-1
16,13,3
13,1,12
27,0,27
17,0,17
0,2,-2
12,8,4
0,1,-1
13,0,13
12,0,12
2,5,-3
1,1,0
0,0,0
0,0,0
2,0,2
3,0,3
9,7,2
0,0,0
0,0,0
2,0,2
1,3,-2
3,0,3
6,1,5
2,0,2
2,3,-1
0,0,0
14,2,12
25,0,25
5,0,5
2,0,2
21,0,21
51,1,50
0,0,0
38,12,26
0,0,0
0,0,0
11,1,10
0,0,0
1,0,1
0,0,0
26,1,25
58,27,31
0,6,-6
36,7,29
17,0,17
5,2,3
15,3,12
4,1,3
43,0,43
4,0,4
10,3,7
3,0,3
10,4,6
9,10,-1
10,0,10
4,1,3
1,1,0
1,0,1
4,0,4
37,1,36
1,0,1
2,0,2
8,0,8
0,0,0
0,0,0
27,9,18
29,2,27
2,0,2
4,0,4
0,0,0
0,0,0
2,1,1
7,0,7
2,0,2
9,2,7
47,14,33
1,0,1
6,0,6
0,5,-5
4,1,3
1,0,1
8,13,-5
0,0,0
5,4,1
4,1,3
1,0,1
1,0,1
7,1,6
14,1,13
3,7,-4
12,0,12
44,0,44
2,6,-4
2,0,2
0,0,0
3,3,0
3,0,3
1,0,1
3,6,-3
2,0,2
5,0,5
7,2,5
5,0,5
29,4,25
4,0,4
3,0,3
17,1,16
3,0,3
0,4,-4
0,0,0
13,9,4
4,0,4
13,13,0
0,0,0
2,0,2
9,1,8
6,0,6
5,12,-7
12,1,11
0,0,0
3,1,2
4,4,0
0,0,0
1,1,0
2,0,2
2,2,0
0,1,-1
1,1,0
1,0,1
7,0,7
0,1,-1
4,0,4
0,0,0
3,0,3
0,0,0
0,0,0
33,8,25
0,1,-1
16,0,16
5,1,4
3,0,3
0,0,0
1,0,1
1,1,0
0,0,0
1,0,1
10,0,10
0,0,0
3,0,3
6,3,3
2,0,2
0,0,0
3,0,3
51,1,50
10,0,10
2,0,2
11,7,4
9,3,6
0,0,0
7,9,-2
1,2,-1
21,14,7
0,9,-9
0,0,0
10,2,8
4,1,3
20,4,16
1,0,1
15,2,13
0,0,0
4,4,0
2,1,1
6,8,-2
17,0,17
1,16,-15
8,0,8
19,0,19
16,2,14
0,0,0
15,4,11
0,0,0
4,0,4
0,0,0
0,0,0
3,0,3
59,1,58
11,6,5
0,3,-3
4,2,2
1,1,0
0,0,0
0,0,0
0,1,-1
1,4,-3
1,0,1
2,8,-6
0,0,0
8,8,0
0,0,0
34,0,34
3,2,1
3,4,-1
0,0,0
0,0,0
4,0,4
6,5,1
9,0,9
0,0,0
1,0,1
9,0,9
9,14,-5
9,0,9
8,1,7
3,0,3
5,1,4
3,0,3
31,0,31
2,0,2
2,0,2
22,0,22
6,2,4
0,2,-2
7,0,7
25,0,25
6,0,6
8,4,4
0,0,0
7,9,-2
2,0,2
9,0,9
0,0,0
11,7,4
0,0,0
5,1,4
18,0,18
1,1,0
16,6,10
4,0,4
3,0,3
0,0,0
15,1,14
5,5,0
19,0,19
1,0,1
12,0,12
3,2,1
0,1,-1
11,1,10
0,3,-3
0,0,0
1,2,-1
2,0,2
38,0,38
12,8,4
7,0,7
1,0,1
6,0,6
3,0,3
10,0,10
2,0,2
32,7,25
2,0,2
8,0,8
18,0,18
1,0,1
5,0,5
11,5,6
0,0,0
10,3,7
6,2,4
22,12,10
6,1,5
8,1,7
5,1,4
15,1,14
8,0,8
0,4,-4
17,28,-11
0,0,0
0,0,0
5,7,-2
1,0,1
16,2,14
3,3,0
1,0,1
2,0,2
20,7,13
3,0,3
7,1,6
0,0,0
0,0,0
4,4,0
7,10,-3
0,2,-2
4,3,1
5,0,5
4,0,4
0,0,0
0,0,0
25,0,25
4,0,4
8,0,8
16,8,8
15,0,15
4,0,4
5,0,5
9,19,-10
6,0,6
0,0,0
0,0,0
46,2,44
3,4,-1
0,0,0
3,0,3
9,2,7
2,1,1
1,0,1
1,0,1
4,4,0
3,0,3
0,0,0
0,0,0
3,1,2
0,1,-1
1,0,1
7,0,7
4,1,3
10,3,7
4,6,-2
15,2,13
0,4,-4
34,7,27
20,8,12
0,0,0
23,0,23
0,0,0
4,0,4
5,1,4
17,1,16
6,2,4
0,1,-1
2,0,2
1,0,1
0,6,-6
0,0,0
1,0,1
2,1,1
1,0,1
4,2,2
2,10,-8
18,0,18
10,0,10
11,2,9
6,7,-1
1,1,0
0,0,0
12,8,4
9,2,7
5,4,1
0,0,0
14,0,14
6,1,5
3,0,3
0,0,0
13,2,11
16,0,16
1,4,-3
1,0,1
2,0,2
8,1,7
6,0,6
42,1,41
3,0,3
8,2,6
7,1,6
7,1,6
4,10,-6
5,11,-6
7,8,-1
0,0,0
3,0,3
14,12,2
6,0,6
1,5,-4
0,0,0
8,2,6
13,0,13
0,5,-5
4,3,1
27,0,27
3,0,3
35,2,33
25,2,23
15,0,15
4,0,4
8,7,1
1,1,0
2,0,2
5,0,5
5,18,-13
1,0,1
0,3,-3
17,6,11
6,0,6
0,2,-2
1,0,1
1,3,-2
0,0,0
5,1,4
2,0,2
0,1,-1
0,0,0
6,0,6
5,0,5
3,1,2
7,0,7
22,0,22
0,1,-1
32,2,30
1,2,-1
0,1,-1
6,4,2
0,0,0
14,0,14
5,0,5
0,0,0
0,0,0
1,1,0
9,0,9
3,2,1
2,0,2
1,0,1
13,0,13
2,1,1
24,4,20
0,1,-1
1,0,1
0,0,0
9,0,9
11,0,11
0,0,0
17,3,14
2,0,2
2,3,-1
37,0,37
17,6,11
7,6,1
14,0,14
2,0,2
5,2,3
0,0,0
1,2,-1
13,0,13
9,0,9
4,0,4
1,0,1
0,0,0
9,1,8
44,0,44
2,1,1
4,21,-17
0,21,-21
0,0,0
3,0,3
6,6,0
9,3,6
3,0,3
5,6,-1
11,8,3
0,2,-2
0,0,0
4,0,4
1,1,0
2,5,-3
10,0,10
2,0,2
2,0,2
22,1,21
4,0,4
2,9,-7
6,1,5
25,10,15
2,0,2
0,2,-2
0,0,0
14,0,14
2,4,-2
0,1,-1
5,0,5
0,1,-1
13,6,7
11,0,11
2,0,2
6,2,4
1,0,1
0,0,0
8,3,5
7,0,7
14,3,11
1,0,1
4,1,3
0,19,-19
2,0,2
1,0,1
0,0,0
1,0,1
0,0,0
0,1,-1
0,0,0
4,1,3
17,2,15
1,0,1
0,0,0
1,0,1
0,2,-2
1,0,1
1,0,1
3,0,3
6,1,5
29,5,24
0,0,0
4,0,4
11,3,8
0,0,0
0,0,0
0,0,0
8,2,6
18,8,10
1,2,-1
17,0,17
2,1,1
7,0,7
1,0,1
2,6,-4
0,0,0
4,7,-3
4,0,4
10,6,4
8,3,5
8,2,6
0,0,0
13,0,13
27,9,18
5,0,5
6,14,-8
1,0,1
0,0,0
25,7,18
2,1,1
11,2,9
4,0,4
5,0,5
6,6,0
7,0,7
8,0,8
7,9,-2
32,4,28
4,0,4
11,0,11
16,0,16
14,1,13
20,0,20
1,1,0
2,9,-7
2,0,2
0,1,-1
17,4,13
0,0,0
9,0,9
2,0,2
5,0,5
4,0,4
0,0,0
2,0,2
3,6,-3
6,5,1
0,0,0
1,0,1
13,0,13
3,0,3
4,0,4
2,0,2
11,0,11
23,0,23
14,0,14
3,3,0
0,0,0
0,0,0
18,1,17
3,0,3
0,0,0
0,0,0
2,0,2
7,0,7
3,0,3
1,1,0
0,0,0
3,1,2
4,0,4
7,1,6
10,1,9
13,0,13
0,2,-2
2,1,1
6,6,0
8,4,4
6,6,0
7,0,7
9,0,9
16,0,16
1,6,-5
0,0,0
6,3,3
13,0,13
0,0,0
4,0,4
6,0,6
0,0,0
13,0,13
1,0,1
12,9,3
5,10,-5
28,7,21
6,9,-3
25,12,13
34,2,32
3,3,0
0,0,0
0,0,0
16,0,16
4,0,4
8,4,4
11,16,-5
0,0,0
3,2,1
10,2,8
16,1,15
2,0,2
1,0,1
9,4,5
4,0,4
20,7,13
1,0,1
3,0,3
0,0,0
0,0,0
0,0,0
2,5,-3
9,8,1
5,0,5
0,5,-5
3,0,3
1,0,1
7,1,6
1,0,1
2,3,-1
0,0,0
31,0,31
1,2,-1
19,0,19
2,0,2
0,0,0
2,0,2
3,0,3
0,0,0
4,1,3
0,0,0
0,0,0
1,0,1
3,4,-1
1,10,-9
16,0,16
8,12,-4
4,0,4
1,0,1
0,0,0
9,5,4
0,3,-3
8,0,8
23,1,22
0,0,0
19,4,15
10,4,6
3,0,3
27,3,24
0,0,0
11,0,11
6,1,5
0,0,0
1,0,1
11,0,11
0,0,0
22,0,22
1,2,-1
0,0,0
2,16,-14
1,0,1
20,4,16
1,0,1
0,0,0
6,1,5
6,0,6
8,2,6
9,0,9
43,5,38
7,5,2
0,0,0
10,1,9
16,9,7
2,0,2
0,0,0
0,0,0
6,0,6
18,6,12
0,0,0
18,0,18
4,0,4
4,1,3
0,0,0
4,3,1
3,4,-1
15,0,15
13,0,13
0,0,0
16,0,16
0,0,0
0,1,-1
0,0,0
6,2,4
2,0,2
11,3,8
5,2,3
0,6,-6
0,0,0
16,0,16
2,0,2
5,9,-4
13,0,13
10,0,10
7,0,7
32,6,26
3,0,3
1,0,1
3,4,-1
4,0,4
1,0,1
3,0,3
4,2,2
0,0,0
3,1,2
2,0,2
23,0,23
0,0,0
21,20,1
5,0,5
8,2,6
12,6,6
5,0,5
12,7,5
0,0,0
3,3,0
11,8,3
0,0,0
22,5,17
2,0,2
0,0,0
21,4,17
6,4,2
9,2,7
10,3,7
11,2,9
5,0,5
1,0,1
0,1,-1
1,19,-18
21,2,19
0,0,0
0,0,0
11,0,11
1,0,1
36,1,35
3,6,-3
21,1,20
14,8,6
0,3,-3
9,0,9
3,0,3
2,0,2
5,2,3
0,0,0
14,0,14
16,0,16
6,1,5
0,1,-1
2,0,2
2,8,-6
32,1,31
0,0,0
3,1,2
7,0,7
13,0,13
15,0,15
1,4,-3
31,0,31
5,3,2
7,5,2
0,0,0
18,8,10
2,0,2
2,0,2
4,0,4
1,0,1
3,0,3
4,2,2
10,5,5
2,0,2
7,7,0
7,1,6
0,0,0
6,0,6
5,10,-5
15,2,13
0,1,-1
0,0,0
7,1,6
65,10,55
7,3,4
24,1,23
6,1,5
3,0,3
22,0,22
3,3,0
0,0,0
2,1,1
14,1,13
3,0,3
12,5,7
5,0,5
2,0,2
1,0,1
5,0,5
5,0,5
7,0,7
1,0,1
3,3,0
0,0,0
4,0,4
4,2,2
1,3,-2
9,9,0
0,0,0
37,0,37
0,0,0
17,0,17
0,0,0
3,1,2
5,1,4
0,0,0
2,0,2
12,2,10
4,0,4
19,0,19
1,1,0
8,0,8
0,0,0
3,1,2
0,0,0
0,1,-1
13,0,13
6,5,1
2,0,2
2,0,2
1,0,1
0,0,0
0,0,0
5,0,5
16,0,16
6,7,-1
4,0,4
7,0,7
9,1,8
10,12,-2
8,1,7
6,2,4
3,3,0
3,5,-2
2,0,2
22,17,5
0,0,0
6,4,2
2,0,2
18,1,17
10,1,9
2,0,2
3,0,3
62,10,52
5,0,5
3,2,1
15,0,15
2,0,2
0,0,0
6,0,6
4,4,0
3,5,-2
1,2,-1
20,8,12
4,3,1
5,0,5
13,0,13
0,0,0
2,1,1
8,0,8
0,0,0
7,2,5
0,0,0
6,1,5
1,9,-8
3,1,2
1,0,1
0,0,0
4,2,2
6,0,6
5,0,5
2,0,2
2,0,2
0,0,0
5,1,4
5,0,5
0,0,0
0,0,0
1,0,1
4,0,4
2,0,2
12,10,2
10,2,8
11,1,10
0,0,0
2,0,2
0,0,0
3,0,3
5,3,2
1,0,1
2,6,-4
2,1,1
23,0,23
8,8,0
1,0,1
2,0,2
3,0,3
3,0,3
2,5,-3
8,10,-2
10,2,8
2,2,0
9,0,9
1,2,-1
6,0,6
0,0,0
6,0,6
8,4,4
1,0,1
2,2,0
3,3,0
2,0,2
0,0,0
0,0,0
4,2,2
21,0,21
17,0,17
10,5,5
3,1,2
1,4,-3
2,1,1
6,1,5
5,0,5
0,0,0
0,0,0
19,11,8
12,0,12
11,0,11
4,0,4
18,0,18
0,0,0
5,0,5
12,7,5
0,0,0
25,2,23
4,8,-4
6,2,4
0,0,0
9,1,8
5,2,3
12,1,11
15,12,3
0,0,0
6,0,6
3,0,3
2,0,2
90,9,81
4,0,4
0,0,0
15,0,15
0,6,-6
8,3,5
5,4,1
5,0,5
0,0,0
2,2,0
5,0,5
11,0,11
6,0,6
0,1,-1
1,1,0
0,0,0
1,1,0
0,0,0
1,0,1
5,12,-7
2,0,2
7,4,3
13,4,9
5,10,-5
9,9,0
4,6,-2
4,2,2
4,13,-9
9,11,-2
0,1,-1
7,0,7
2,0,2
2,2,0
1,0,1
7,0,7
37,2,35
0,0,0
9,3,6
11,0,11
2,4,-2
2,0,2
14,0,14
1,1,0
3,5,-2
2,0,2
8,0,8
1,7,-6
2,5,-3
5,1,4
14,12,2
0,0,0
9,1,8
2,1,1
3,0,3
19,1,18
0,0,0
4,3,1
5,0,5
0,2,-2
0,0,0
18,0,18
11,6,5
4,0,4
23,2,21
1,0,1
0,0,0
4,0,4
18,1,17
14,8,6
3,17,-14
5,0,5
1,0,1
2,5,-3
0,11,-11
13,5,8
9,1,8
4,3,1
74,1,73
6,1,5
24,6,18
0,0,0
11,3,8
25,0,25
37,37,0
5,6,-1
12,3,9
0,0,0
0,0,0
1,0,1
0,0,0
1,0,1
1,3,-2
21,2,19
0,0,0
4,1,3
1,0,1
6,3,3
0,0,0
0,1,-1
6,0,6
4,0,4
16,4,12
5,0,5
8,0,8
0,0,0
32,0,32
0,0,0
7,7,0
11,5,6
3,1,2
0,0,0
11,0,11
1,0,1
0,2,-2
14,11,3
10,5,5
5,0,5
5,0,5
4,4,0
0,0,0
3,0,3
8,1,7
14,5,9
32,0,32
48,6,42
7,0,7
2,0,2
18,1,17
8,1,7
19,5,14
6,0,6
0,0,0
13,4,9
0,0,0
8,1,7
1,0,1
0,1,-1
3,14,-11
4,1,3
14,3,11
6,1,5
0,0,0
2,2,0
12,1,11
1,0,1
5,10,-5
0,0,0
9,3,6
0,0,0
7,1,6
24,0,24
0,0,0
0,0,0
16,6,10
1,0,1
38,0,38
0,3,-3
0,2,-2
9,2,7
6,0,6
2,0,2
3,0,3
0,0,0
3,3,0
1,1,0
2,5,-3
5,14,-9
2,0,2
7,4,3
3,0,3
19,1,18
0,0,0
1,2,-1
13,2,11
1,0,1
4,9,-5
16,2,14
6,0,6
11,0,11
14,6,8
0,1,-1
2,0,2
10,2,8
9,6,3
5,1,4
0,1,-1
6,1,5
0,2,-2
2,1,1
14,4,10
19,12,7
74,1,73
1,0,1
2,1,1
3,0,3
3,0,3
2,10,-8
9,8,1
0,0,0
0,0,0
5,0,5
3,0,3
4,1,3
5,2,3
0,0,0
6,0,6
9,2,7
4,2,2
4,3,1
0,0,0
1,4,-3
1,3,-2
0,0,0
3,0,3
1,0,1
1,0,1
1,6,-5
2,0,2
12,1,11
14,0,14
2,0,2
10,4,6
0,0,0
3,0,3
3,0,3
6,4,2
0,2,-2
5,2,3
3,0,3
0,2,-2
1,2,-1
7,0,7
1,0,1
4,3,1
6,0,6
7,1,6
0,0,0
0,0,0
0,0,0
44,1,43
1,2,-1
14,2,12
4,2,2
3,0,3
5,0,5
7,10,-3
6,9,-3
3,0,3
3,0,3
7,0,7
32,0,32
1,0,1
16,1,15
0,1,-1
5,0,5
2,0,2
0,0,0
5,5,0
2,0,2
6,2,4
4,3,1
4,4,0
8,5,3
6,0,6
3,0,3
1,1,0
12,0,12
1,0,1
5,4,1
35,0,35
1,0,1
7,1,6
1,0,1
1,1,0
1,3,-2
4,1,3
0,0,0
1,0,1
1,0,1
9,0,9
7,0,7
9,0,9
0,0,0
4,0,4
0,0,0
0,0,0
14,0,14
2,0,2
9,0,9
70,0,70
10,5,5
11,4,7
2,17,-15
4,6,-2
8,3,5
1,2,-1
9,1,8
0,6,-6
16,4,12
1,0,1
5,7,-2
0,0,0
1,0,1
34,4,30
15,0,15
4,6,-2
21,3,18
0,0,0
4,4,0
16,8,8
12,5,7
20,6,14
1,1,0
2,0,2
3,12,-9
9,0,9
3,0,3
32,0,32
5,0,5
27,8,19
12,0,12
0,0,0
1,0,1
0,0,0
5,0,5
1,5,-4
0,0,0
24,24,0
2,0,2
1,0,1
0,3,-3
1,1,0
3,0,3
5,5,0
6,0,6
15,10,5
6,6,0
1,0,1
4,0,4
1,0,1
1,7,-6
6,6,0
4,0,4
3,4,-1
39,2,37
1,0,1
0,0,0
5,1,4
2,0,2
7,1,6
0,0,0
3,7,-4
3,11,-8
1,2,-1
1,0,1
1,0,1
16,3,13
0,0,0
6,1,5
3,4,-1
10,2,8
0,1,-1
2,0,2
5,3,2
0,0,0
0,0,0
13,0,13
0,0,0
2,0,2
4,3,1
2,4,-2
0,0,0
0,1,-1
0,0,0
5,10,-5
2,2,0
11,0,11
0,0,0
0,0,0
0,0,0
13,8,5
1,0,1
1,0,1
0,0,0
1,0,1
3,0,3
32,0,32
8,0,8
5,6,-1
16,1,15
0,1,-1
1,0,1
5,0,5
20,2,18
4,0,4
2,2,0
0,0,0
1,0,1
1,4,-3
6,2,4
3,1,2
2,0,2
0,0,0
7,0,7
0,0,0
0,0,0
8,0,8
12,0,12
2,2,0
0,0,0
56,4,52
9,1,8
3,0,3
9,6,3
0,0,0
1,0,1
2,1,1
1,0,1
0,0,0
1,0,1
1,0,1
3,12,-9
4,0,4
2,1,1
1,0,1
15,3,12
8,0,8
0,0,0
9,0,9
2,0,2
2,0,2
2,0,2
10,1,9
21,0,21
20,6,14
9,8,1
2,0,2
5,4,1
31,3,28
14,0,14
15,2,13
6,1,5
3,3,0
10,2,8
8,2,6
1,0,1
14,1,13
28,1,27
7,0,7
2,0,2
1,1,0
0,0,0
2,1,1
31,8,23
0,0,0
12,2,10
1,0,1
0,0,0
0,0,0
6,0,6
0,0,0
14,5,9
1,0,1
2,0,2
7,17,-10
5,0,5
1,2,-1
1,1,0
6,0,6
0,0,0
0,0,0
14,0,14
24,2,22
0,0,0
0,0,0
7,2,5
11,3,8
0,0,0
15,0,15
3,0,3
23,0,23
10,11,-1
0,0,0
64,2,62
2,3,-1
5,0,5
28,3,25
6,2,4
4,0,4
13,2,11
1,0,1
5,2,3
1,1,0
7,0,7
1,1,0
